34
35
27
20
29
31
26
21
19
27
12
8
-1
-13
-9
-6
7
9
7
6
-4
-11
-20
-35
-37
-42
-53
-56
-52
-55
-59
-58
-56
-59
-59
-60
-55
-54
-49
-38
-35
-30
-21
-20
-18
-12
-7
-6
-17
-27
-35
-26
-21
-10
5
-2
4
5
1
-1
5
8
9
10
16
13
8
11
10
2
6
12
-2
-16
-23
-27
-40
-37
-36
-39
-38
-42
-51
-57
-48
-40
-29
-26
-19
-8
-1
11
18
21
16
19
25
25
24
25
23
21
15
14
19
21
13
15
20
28
34
39
41
34
38
35
34
44
43
49
45
38
31
26
21
6
-2
-17
-25
-30
-30
-27
-28
-30
-27
-18
-26
-28
-24
-18
-18
-20
-16
-21
-32
-29
-31
-35
-37
-47
-47
-51
-56
-61
-53
-39
-31
-26
-15
-11
-9
-11
-8
-3
-5
-8
-14
-11
-19
-15
-1
8
17
21
25
32
41
47
50
56
57
53
55
53
44
43
33
26
31
28
30
32
39
41
53
54
57
56
54
58
49
49
44
41
37
31
26
19
14
4
4
-3
-1
-1
-14
-28
-35
-43
-44
-43
-35
-29
-29
-22
-18
-16
-20
-22
-21
-25
-26
-29
-30
-36
-44
-46
-41
-48
-53
-48
-54
-60
-59
-51
-43
-32
-22
-28
-28
-24
-17
-15
-3
11
17
21
16
17
12
9
4
-2
-7
-8
-7
-8
-2
7
20
29
43
55
60
67
65
50
45
52
45
43
44
28
16
10
-8
-15
-20
-20
-22
-14
-5
1
3
-2
-2
-5
-5
-9
-19
-25
-22
-30
-27
-20
-29
-32
-40
-54
-67
-67
-59
-49
-37
-28
-20
-19
-7
0
7
11
8
12
10
9
12
14
11
14
20
29
31
35
44
47
50
54
58
53
59
64
65
61
67
70
69
69
71
73
69
66
53
41
32
15
12
6
-12
-29
-35
-43
-43
-46
-40
-43
-50
-41
-44
-46
-44
-38
-37
-33
-36
-44
-50
-50
-67
-72
-70
-67
-64
-66
-62
-62
-72
-76
-67
-61
-61
-54
-49
-57
-56
-58
-49
-51
-42
-31
-21
-20
-28
-23
-21
-17
-14
-5
-5
-2
-2
-2
8
15
17
26
41
56
61
66
70
63
62
59
62
69
69
65
65
53
47
44
42
47
44
48
58
66
71
67
58
51
51
58
58
60
73
70
61
61
59
50
41
48
49
44
52
50
48
48
35
31
27
13
12
5
-2
-6
-6
-9
-7
-4
-6
-8
-7
-18
-29
-38
-24
-26
-28
-21
-25
-26
-29
-40
-48
-51
-60
-53
-45
-39
-34
-32
-28
-26
-33
-36
-40
-39
-30
-19
-18
-18
-18
-28
-34
-30
-27
-18
-16
-22
-19
-17
-21
-22
-27
-23
-21
-21
-16
-10
-13
-9
-13
-8
-8
-17
-6
-14
-34
-43
-47
-57
-56
-59
-56
-55
-67
-64
-54
-45
-39
-32
-29
-37
-42
-52
-66
-69
-67
-65
-62
-57
-59
-59
-52
-48
-41
-44
-42
-44
-40
-40
-37
-34
-33
-20
-15
-11
-2
-4
5
16
16
28
27
39
45
46
41
40
37
29
38
39
41
54
59
60
75
88
98
117
134
133
138
133
130
129
123
120
105
90
82
93
92
101
108
107
110
105
105
100
93
91
85
81
83
85
89
82
77
71
63
55
53
54
50
47
31
25
20
8
4
-2
-10
-28
-33
-37
-39
-46
-49
-60
-68
-69
-70
-69
-77
-81
-90
-100
-99
-91
-81
-65
-59
-53
-49
-46
-41
-45
-58
-61
-70
-79
-85
-87
-87
-93
-85
-83
-82
-85
-90
-91
-86
-94
-95
-98
-100
-95
-95
-82
-73
-69
-71
-63
-56
-50
-36
-22
-3
10
16
12
-2
-6
-1
0
1
-1
1
0
4
11
12
20
36
51
59
67
67
59
53
52
37
28
25
3
-11
-12
-24
-30
-32
-32
-28
-23
-19
-9
-3
-4
2
5
1
-1
-17
-21
-21
-25
-22
-11
3
3
7
14
14
7
4
6
21
36
39
47
46
40
43
34
28
35
30
26
39
39
45
54
53
57
56
44
41
40
44
43
34
40
39
37
40
52
49
48
56
56
66
70
75
77
68
65
72
78
77
79
83
77
83
86
78
81
88
91
89
95
90
80
63
43
26
9
-13
-9
-20
-27
-30
-38
-47
-65
-66
-71
-73
-82
-86
-92
-109
-129
-141
-154
-160
-159
-157
-156
-159
-164
-166
-171
-171
-168
-167
-165
-160
-154
-149
-136
-130
-115
-97
-91
-75
-75
-69
-55
-53
-44
-27
-22
-8
1
7
24
36
55
72
86
97
95
82
91
93
94
98
101
110
114
127
131
128
128
124
124
125
121
107
99
85
72
67
70
65
65
65
56
62
63
60
62
59
52
43
36
30
27
21
15
9
-3
-9
-12
-15
-23
-30
-31
-39
-55
-57
-64
-57
-67
-70
-76
-80
-81
-75
-65
-68
-69
-61
-59
-56
-55
-57
-64
-68
-75
-72
-72
-77
-77
-70
-63
-56
-44
-37
-28
-20
-6
0
9
20
23
28
23
26
27
26
43
50
59
72
84
84
77
71
75
72
67
81
82
79
79
79
70
67
63
61
51
33
32
34
32
28
38
40
33
27
22
12
-3
-20
-32
-38
-45
-57
-66
-70
-83
-102
-99
-95
-97
-79
-71
-62
-54
-47
-28
-24
-29
-22
-16
-20
-28
-32
-32
-40
-36
-31
-26
-14
-14
-4
-1
3
-1
-13
-20
-17
-11
-12
-9
-10
-22
-45
-58
-65
-59
-49
-49
-38
-32
-37
-41
-38
-37
-38
-31
-21
-31
-31
-28
-29
-24
-20
-12
0
0
7
11
10
18
16
29
29
23
26
28
39
32
45
62
62
66
79
91
88
97
102
98
101
108
115
135
142
136
127
120
110
108
113
109
107
107
101
101
92
90
84
69
66
66
63
50
43
28
15
15
8
1
-4
-3
-3
-4
1
-2
-5
-19
-15
-12
-18
-15
-33
-45
-42
-51
-51
-55
-69
-78
-90
-95
-96
-96
-89
-96
-100
-105
-103
-103
-107
-98
-94
-105
-122
-136
-157
-169
-174
-168
-163
-160
-151
-155
-137
-127
-116
-105
-92
-79
-70
-61
-62
-44
-44
-30
-14
-27
-22
-14
-18
-11
-5
-3
7
3
13
35
45
57
65
65
71
71
76
87
87
77
64
62
53
53
71
72
68
71
69
70
67
65
65
58
48
53
56
53
60
60
55
54
56
56
56
65
74
79
78
85
94
81
85
89
86
77
70
69
72
67
75
89
99
96
89
88
75
65
63
56
53
38
32
34
22
21
20
10
-10
-29
-44
-57
-70
-66
-68
-69
-60
-62
-60
-52
-54
-54
-56
-64
-71
-86
-102
-114
-125
-134
-145
-157
-161
-159
-154
-146
-142
-144
-126
-120
-112
-90
-84
-75
-65
-62
-57
-39
-28
-19
-9
-9
-3
2
5
17
24
30
38
37
48
52
52
65
72
65
76
81
83
99
101
104
100
97
93
102
111
113
98
86
67
62
57
36
30
25
22
28
21
20
13
2
-14
-19
-16
-19
-5
0
-1
-14
-35
-41
-42
-63
-74
-87
-107
-116
-106
-99
-106
-99
-115
-124
-111
-101
-96
-99
-100
-103
-107
-87
-82
-80
-70
-58
-48
-38
2
14
25
29
27
37
31
29
35
49
51
43
36
42
44
58
80
111
129
146
171
192
199
188
169
141
117
120
111
103
107
100
96
81
72
56
48
55
75
77
70
70
54
20
23
10
6
24
11
-18
-48
-83
-113
-127
-134
-125
-111
-95
-90
-86
-90
-98
-95
-98
-91
-88
-92
-100
-109
-112
-113
-115
-100
-100
-84
-49
-47
-36
-40
-32
-39
-43
-26
-16
-19
-4
13
28
39
51
48
39
19
-2
7
20
39
65
73
78
92
75
61
71
63
56
58
29
3
2
-39
-55
-53
-83
-88
-92
-100
-99
-57
4
39
72
113
113
105
109
72
32
14
-36
-52
-54
-44
-19
-16
-21
-5
-21
-12
-8
-20
-2
15
37
51
47
45
31
-5
-20
0
-5
-4
1
8
10
18
51
53
56
54
57
47
33
33
51
86
109
109
126
129
103
111
91
76
72
33
24
-7
-26
-48
-50
-32
-53
-58
-51
-39
-22
-9
4
4
3
-7
-34
-25
-15
-17
-16
-35
-34
-55
-87
-118
-124
-110
-102
-101
-90
-84
-114
-137
-121
-96
-105
-79
-31
-17
-35
-40
-17
-3
2
8
10
31
29
42
53
48
43
32
15
2
-1
-2
-1
14
41
23
12
-8
5
27
16
20
8
-6
-35
-57
-53
-46
-47
-47
-48
-41
-50
-65
-46
-39
-44
-19
-14
-35
-54
-85
-80
-118
-62
177
207
-140
-594
-472
127
469
359
-6
-319
-565
-469
135
665
490
-241
-675
-527
-186
-42
-29
30
-17
-211
-317
-175
8
16
77
314
501
382
55
88
432
763
855
797
647
460
449
585
794
841
629
365
313
429
483
388
211
63
4
-10
38
-6
-188
-359
-412
-216
-20
-127
-495
-767
-526
-208
-208
-399
-521
-624
-763
-559
-59
166
-260
-789
-712
-364
-230
-240
-148
-183
-484
-436
4
393
299
26
114
398
629
604
471
358
207
252
520
773
702
372
111
110
225
197
68
1
-37
-83
-138
-170
-257
-401
-469
-360
-155
-128
-347
-563
-625
-505
-383
-175
184
165
-392
-988
-656
441
1111
491
-560
-1102
-951
-470
270
749
36
-1522
-2257
-1439
-373
-454
-1201
-1502
-1440
-1544
-1566
-1395
-1308
-1470
-1226
-391
62
92
-14
284
832
1730
2860
3525
3215
2218
1906
2740
4038
4982
4734
3433
2048
1984
2915
3488
3178
2057
829
-140
-353
-198
-617
-1483
-2158
-2207
-2124
-2434
-3080
-3898
-4032
-3377
-2293
-1714
-2059
-2694
-2965
-2336
-1041
145
490
69
-290
-182
552
1294
1766
1468
1456
1827
2000
1367
462
663
840
828
991
1433
189
-1989
-2426
-847
-79
-1084
-1887
-2247
-3230
-3913
-3030
-1518
-1703
-2712
-2998
-2822
-2920
-2975
-2347
-1558
-121
1730
3272
3307
3028
3481
3663
3815
5025
7353
8496
7100
4582
2582
2454
4123
6466
7250
4985
1050
-2071
-2756
-1790
-784
-849
-2069
-3669
-5411
-6639
-6745
-5920
-4900
-4403
-4088
-4355
-5128
-6015
-5741
-3841
-1265
599
641
-633
-1887
-1654
329
2790
4324
4043
2559
1084
708
1439
2364
2822
2576
1542
227
-742
-155
1530
1815
-221
-2576
-2823
-2314
-1937
-1220
-928
-3009
-5796
-5325
-2114
-284
-844
-1765
-2237
-3038
-2785
-1127
190
-131
-875
-703
-671
-1168
-1829
-522
2145
4969
5803
4656
3494
2605
2400
3491
6893
10131
9356
5026
720
-30
2403
6153
8722
7242
2274
-2842
-4328
-2580
-237
693
-257
-2083
-4113
-5778
-6475
-5704
-3694
-2157
-1423
-1644
-2923
-5033
-6180
-4124
17
3183
3139
655
-2173
-3303
-1435
1960
4512
4450
2204
-267
-1653
-1247
77
1387
1758
1034
-729
-2255
-2716
-1689
-298
-245
-1103
-2398
-3086
-3366
-2709
-1471
-1285
-2191
-2798
-1951
-802
-355
-320
-517
-776
-1006
-469
205
34
-473
-778
-593
-811
-1468
-2380
-1844
580
3200
4237
3802
3021
1308
-483
461
5125
9667
9259
4324
-799
-2247
719
6072
9758
8030
2028
-3566
-4781
-2439
105
868
-61
-1693
-3393
-5090
-6094
-5891
-4393
-2576
-1010
-633
-2383
-5616
-7461
-5394
-575
3303
3500
441
-3309
-4854
-2659
1757
4967
4879
1966
-929
-1973
-956
739
2131
2546
1793
208
-1200
-1338
-903
142
1787
3300
2212
-1210
-3405
-2475
-45
1630
2280
1175
-1659
-3363
-1906
1119
2351
1512
248
-827
-1458
-1533
-963
-478
-372
-759
-1752
-3032
-3938
-4114
-2030
1885
5190
4800
2064
-397
-1121
490
4350
9148
10395
6416
492
-2140
331
5241
9235
9587
5751
89
-3735
-3589
-1052
1310
1882
760
-1508
-4343
-6821
-7508
-5630
-2397
-490
-879
-3312
-6401
-8232
-6950
-2573
1802
2978
469
-3302
-5364
-4237
-536
3214
4673
3198
158
-2277
-2615
-902
1235
2842
2991
1622
-797
-2796
-2509
-176
2908
4142
2690
-748
-3833
-4021
-1256
2358
3313
879
-2484
-4011
-3101
-965
1181
1801
565
-1391
-2638
-2585
-1995
-1210
-438
-147
-759
-2403
-4107
-4779
-4255
-2484
516
3498
4253
2441
461
-203
700
3022
6987
10296
9707
5016
64
-889
2722
8087
11351
9683
4018
-1889
-4027
-2056
1268
2997
2044
-642
-3818
-6224
-7143
-6198
-3876
-1775
-1392
-2975
-5731
-8209
-8731
-6066
-1489
2063
1944
-1515
-5341
-6332
-3287
1688
5194
5069
1958
-1427
-2624
-1009
2002
4310
4672
3157
763
-1062
-1378
727
3925
5512
4133
806
-1807
-2723
-1263
1780
3526
1848
-1922
-4290
-4022
-1925
433
1623
755
-1576
-3291
-3411
-2465
-1380
-489
-110
-761
-2107
-3520
-4395
-3990
-2437
-1025
-134
1028
2554
3680
3746
3010
2078
2057
4740
9174
11299
8281
2250
-1394
251
5733
10566
10702
5608
-1153
-4673
-3576
-335
1811
1180
-1414
-4329
-6278
-7107
-6894
-5800
-4235
-3033
-3053
-4589
-7180
-9032
-8012
-3789
922
2516
-10
-4287
-6618
-4592
590
5178
5979
2863
-1258
-3149
-1444
2105
4709
4648
2645
243
-1046
-1168
438
3123
4130
2843
61
-1784
-2949
-2617
-232
1869
1096
-2146
-4285
-4238
-2840
-711
1004
1166
-877
-2785
-3213
-2437
-975
468
1266
466
-1120
-2347
-2965
-2515
-1276
-280
-510
-1710
-1514
718
3563
5645
5739
3578
521
350
5051
10747
12143
7423
727
-2189
842
7128
11253
9712
3569
-2496
-4320
-2067
933
1629
119
-1849
-3493
-4639
-5758
-6499
-6164
-4540
-2337
-1595
-3410
-6947
-9165
-7559
-2601
2180
2810
-601
-4852
-6094
-3123
1677
4876
4538
1572
-1304
-1790
-14
2165
3107
2581
1386
442
-16
100
993
2362
2986
2153
684
-791
-1820
-1881
-302
1238
283
-2334
-3544
-2498
-691
537
836
-65
-1590
-2432
-1842
-697
-180
-206
-492
-771
-1350
-2064
-2467
-2259
-1707
-1591
-2117
-2696
-2694
-1168
1720
4652
6471
5132
1537
-1377
129
6241
11754
11794
5661
-1213
-2961
1631
8685
11948
8835
1578
-4117
-4699
-1777
1059
1419
-242
-2608
-4621
-5800
-6676
-7147
-6573
-4510
-2196
-1809
-4211
-8054
-9756
-7209
-1701
2579
2254
-1830
-5992
-6523
-2770
2374
5241
4096
689
-2024
-2074
264
2930
4089
3148
1381
545
805
1654
2013
2537
3137
3128
1812
-274
-1326
-1107
136
1185
1081
-291
-1831
-1903
-597
913
1360
613
-628
-1571
-1706
-1234
-522
-183
-473
-1175
-1872
-2288
-2138
-1939
-1816
-1928
-2078
-2383
-2608
-2576
-1386
1453
4288
6243
5536
2512
-523
-130
5396
11655
13076
7699
225
-2823
597
7656
12108
10285
3530
-2934
-4750
-2347
773
1596
31
-2347
-4339
-5581
-6604
-7224
-6749
-4861
-2460
-1771
-3958
-8043
-10492
-8647
-3198
1980
2825
-855
-5747
-7553
-4552
850
4837
4955
2086
-1087
-2205
-682
2067
4012
4095
3046
1889
1105
1378
1751
1469
1403
2585
3270
1196
-1356
-2022
-1615
-1375
-99
1814
1163
-1810
-3446
-2132
-265
198
-132
-1052
-2368
-3187
-2463
-1163
-783
-1288
-1849
-1970
-1858
-1731
-1900
-2120
-1916
-1379
-1332
-1558
-1516
-1299
111
2861
6119
7691
5750
1976
-459
1818
8034
13073
12160
5224
-1599
-2785
2322
9323
12098
8363
737
-4863
-5347
-2437
332
632
-1121
-3776
-5873
-7126
-7976
-8004
-6740
-4291
-2363
-2725
-5680
-9406
-10380
-6881
-793
3172
2090
-2494
-6561
-6464
-2040
3579
6651
5159
1010
-2267
-2050
963
4204
5581
4703
2951
1719
2772
3395
1989
766
2917
5786
4706
1513
-954
-2647
-3407
-336
4840
5157
-378
-5613
-5700
-2761
-92
1374
526
-2360
-5023
-4837
-2611
-755
-254
-742
-1503
-1943
-2014
-2402
-2650
-1354
364
617
-612
-1961
-2440
-2635
-823
3212
6628
7639
5656
2368
-614
-392
4980
11618
13829
8733
338
-4598
-2256
5422
11450
10900
4165
-3741
-7514
-5878
-1500
1179
365
-2465
-5347
-7224
-8388
-8348
-6957
-4788
-2682
-2047
-3948
-7932
-10723
-9228
-3587
2291
3795
181
-5396
-8163
-5504
678
6135
7264
4006
-665
-3046
-1553
2496
6172
7028
5167
2636
2042
2735
2177
1467
2971
5495
5103
1993
-1165
-3687
-4659
-2024
2975
4475
98
-5328
-6801
-4211
-566
1965
1988
-659
-3738
-4388
-2377
51
1351
1192
22
-1012
-1328
-1125
-758
246
1390
1233
-314
-1976
-2646
-2513
-1420
936
3762
5328
5900
5118
2687
-94
149
5204
11240
12676
7304
-833
-4935
-1770
6179
12040
10931
3480
-4830
-7971
-5123
-241
2170
1014
-2079
-5435
-7798
-8608
-7831
-5954
-3813
-2200
-2470
-4991
-8671
-10579
-8402
-2681
2851
3755
-621
-6455
-8620
-4905
1984
7262
7494
3208
-2040
-4149
-1794
2991
6581
6847
4210
1916
1946
1493
-70
-118
3169
5629
4228
858
-2788
-5878
-5777
-311
5709
5376
-766
-6399
-6885
-3436
882
3428
2565
-949
-4182
-4494
-2238
482
1939
1309
-201
-1177
-1739
-2364
-2257
-502
1217
1026
-947
-2936
-4336
-4297
-2121
1291
4026
4667
4591
4320
3125
1380
907
4366
9833
12654
9323
1878
-3138
-1696
5172
11699
12417
6248
-2688
-7465
-5804
-783
2741
2349
-1028
-5353
-8314
-8901
-7471
-5284
-3686
-3229
-4075
-5947
-8433
-10151
-8723
-3851
1404
2737
-750
-5703
-7852
-5082
1028
6480
7422
3517
-1741
-3903
-1382
3755
7556
7676
4445
1650
1923
2562
2328
2134
3771
5053
4144
2153
-871
-4119
-4927
-730
4660
4955
-135
-5750
-7175
-4509
-129
2768
1837
-2076
-5731
-6060
-3220
134
1678
618
-1309
-2202
-1885
-1219
-461
630
1311
898
-429
-1786
-2725
-2719
-1269
830
2572
3640
4632
5789
5559
3303
592
1267
6487
12102
12476
6131
-1686
-4491
-75
7883
12490
9338
412
-7122
-8034
-3727
854
1897
-749
-4846
-7896
-8721
-8163
-7306
-6448
-5456
-4456
-4419
-6094
-8980
-10289
-7582
-1846
2674
2369
-2003
-6568
-7061
-2417
4135
7897
6406
1525
-2482
-2419
1386
5795
7565
5873
2971
2371
3273
2754
1510
2420
4893
5206
3148
341
-2854
-4956
-3002
2468
5379
2121
-3790
-6812
-5212
-1498
1437
1630
-916
-3987
-4947
-3183
-639
821
607
-437
-871
-786
-847
-1118
-383
1523
2255
1131
-531
-1540
-1848
-1339
250
1281
553
-569
147
3901
7793
7425
2082
-3271
-2232
5293
12954
13599
5946
-3830
-7381
-1038
9504
14340
9199
-984
-7616
-7099
-2134
1976
2188
-871
-4657
-6829
-7088
-6751
-6917
-6949
-5377
-2735
-1698
-4369
-9019
-11117
-7930
-1259
3932
3741
-1592
-7506
-8403
-2716
5291
9298
6799
850
-3320
-2626
1910
6594
8238
6118
3355
2777
3367
2501
952
1808
4315
5397
3607
-93
-4211
-6311
-3629
2067
4990
1777
-4571
-8395
-7335
-2968
1002
1719
-1012
-4525
-5854
-4300
-1365
952
1378
476
-315
-513
-745
-959
-18
1907
3053
2187
-7
-2121
-3026
-2006
115
1390
593
-903
-796
1549
5258
7465
5847
1477
-949
2186
8496
12393
9577
1761
-4375
-3307
4342
11370
11225
3850
-4732
-7879
-4530
854
2663
-328
-4992
-7824
-7714
-6257
-5301
-5491
-5906
-5156
-3719
-3449
-5608
-8274
-7906
-3394
2261
4272
989
-4407
-6539
-2757
4142
8710
7530
2301
-2064
-1904
2327
6649
7653
5124
1645
195
2767
5577
4318
662
-618
1046
2162
1976
593
-2336
-5039
-4119
-66
1622
-1149
-4864
-5609
-3446
-958
157
-838
-2955
-3821
-2170
646
1826
586
-1431
-1985
-156
2100
2330
510
-873
-626
111
233
-87
-764
-1936
-2548
-1874
-1315
-1815
-1978
-312
2305
4706
5581
3898
293
-1841
1055
7387
11884
9962
2653
-3812
-3819
2712
10008
11974
6992
-1064
-6005
-5036
-619
2262
1374
-1716
-4551
-6136
-6719
-6543
-5735
-4425
-2860
-2006
-2964
-5723
-8268
-7906
-3972
1016
3159
863
-3694
-6522
-4974
84
5012
6319
3469
-699
-2734
-1105
2445
5258
5527
3676
1091
233
1780
2992
2393
1625
2252
2303
894
-216
-534
-1417
-2220
-954
1061
600
-2043
-3637
-2669
-901
95
106
-641
-1654
-2030
-1163
277
1015
759
-169
-633
-162
395
61
-540
-291
397
96
-1096
-1956
-2744
-3157
-2679
-1479
-1296
-2645
-3151
-1327
1943
5034
6584
5295
1473
-1480
355
6683
12574
12613
6291
-1154
-3353
1442
9058
13104
10183
2258
-4664
-6011
-2453
1558
2508
502
-2299
-4437
-5693
-6450
-6567
-5737
-3791
-1667
-1518
-4466
-8977
-11029
-7771
-1171
3498
2732
-2429
-7275
-7531
-2831
3347
6636
5155
831
-2620
-2778
157
3687
5376
4477
2157
3
-54
1336
2244
2485
2477
2148
305
-1561
-1723
-1106
-1087
-1203
-559
-671
-2196
-3308
-2454
-512
132
-488
-1496
-2089
-1881
-883
402
815
19
-1077
-1500
-890
9
255
-305
-885
-1009
-1382
-1757
-1830
-1467
-1186
-1388
-1726
-2108
-2501
-2519
-1352
1097
3447
5133
5815
4551
1607
-551
1790
7985
12791
11392
4226
-2527
-3234
2735
10672
13835
9230
20
-6471
-5966
-707
3646
3571
39
-4107
-6741
-7190
-6281
-5064
-4211
-3628
-3247
-3763
-5984
-8888
-9444
-5866
-5
3568
1984
-3090
-7288
-6850
-1794
4184
6796
4482
-377
-3741
-3032
900
4727
5934
4285
819
-1949
-2340
757
4113
4884
3439
1422
-513
-2239
-1370
1492
3148
1683
-1080
-2741
-3413
-2534
-82
2249
2057
-542
-2836
-3233
-1988
-317
1053
1366
407
-1376
-2816
-2928
-1226
1013
1862
632
-1338
-2687
-2842
-1672
247
1520
870
-1249
-3194
-3943
-3195
-1450
707
2433
3260
4011
4726
4129
1917
339
2820
8572
12443
10270
3419
-2166
-2173
3472
10377
12769
8120
-390
-5977
-5395
-973
2550
2489
-313
-3901
-6322
-7029
-6471
-5437
-4355
-3107
-2273
-2994
-5913
-9215
-9452
-5125
860
3559
1072
-4119
-7704
-6630
-1401
4375
6659
3969
-1158
-4455
-3464
540
4275
5037
2888
-212
-1988
-1939
267
3124
4316
3534
1341
-739
-2333
-2120
-6
2150
2290
36
-2489
-3796
-3106
-736
1459
1976
304
-2022
-3632
-3429
-1451
974
2065
1108
-1015
-2763
-3226
-1917
341
1853
1438
-432
-2121
-2594
-1570
49
1470
1507
180
-1589
-2521
-1977
-587
1134
2822
4221
4948
5373
5063
3590
1949
2805
7292
11740
11758
6469
127
-2085
1269
7722
11737
9508
2116
-4884
-6548
-3245
996
2279
-50
-3990
-6957
-7736
-7028
-5867
-4834
-4192
-3788
-4015
-5261
-7296
-8316
-6312
-1872
1826
1754
-1928
-6097
-7047
-3587
1912
5527
4571
182
-3871
-4193
-659
3660
5486
3761
421
-1917
-1732
113
2906
5013
4534
1841
-1035
-2047
-1334
665
2617
2714
253
-3151
-4559
-3383
-772
1350
1470
-545
-3342
-4690
-3765
-1456
572
1364
699
-1161
-2939
-3222
-1763
639
2386
2432
810
-1170
-1890
-690
1450
2799
2523
614
-1694
-2593
-1850
-244
947
1130
955
1369
3023
5648
7117
5396
1612
-171
3193
9033
11847
8484
1670
-2816
-1521
4580
10311
10529
4602
-2916
-6212
-4177
-177
1730
515
-2362
-5056
-6396
-6355
-5683
-5052
-4492
-3630
-2880
-3518
-6021
-8348
-7665
-3747
584
1948
-445
-4416
-6664
-4905
-13
4421
5072
1928
-1716
-2752
-812
2185
4206
4281
2669
594
-781
-362
858
3569
6184
5154
1169
-2476
-2515
-843
1826
4229
3300
-1364
-5994
-5469
-1213
2296
2752
533
-2387
-4640
-4107
-1340
1317
1929
684
-784
-1501
-1472
-904
-189
1017
2108
1708
-412
-2104
-1732
-179
1201
1699
1126
-933
-3270
-3519
-1414
617
774
-965
-2136
-1010
1965
5195
6861
5420
1422
-1654
534
7059
11950
10120
3431
-1995
-2302
2512
8602
10810
6653
-985
-5808
-4926
-739
2051
1380
-1557
-4394
-5670
-5774
-5325
-4767
-4322
-3928
-3488
-3559
-4996
-7397
-8214
-5537
-957
1486
-60
-3859
-6534
-5785
-1773
2846
4572
2281
-1539
-3139
-1231
2123
4050
3604
1833
283
-305
511
1706
2877
4228
3887
1891
-380
-1091
-622
541
2499
2926
179
-3933
-4970
-2233
1013
2387
1267
-1130
-3490
-3736
-1275
1743
2812
1740
111
-876
-1064
-527
662
2078
3000
2343
235
-1687
-1723
-121
1668
2608
1973
-459
-3306
-4001
-2173
6
636
-439
-1946
-2534
-1090
2215
6113
7345
4246
-756
-2136
2691
9506
12187
8386
1660
-2714
-1424
4711
10510
10661
4715
-2175
-4809
-2843
405
1654
523
-1590
-3615
-5094
-6042
-6329
-5780
-4452
-2746
-1976
-3484
-6961
-9481
-8160
-3381
1030
1499
-1918
-6287
-7927
-5232
34
4180
4332
972
-2686
-3485
-1021
2377
3999
3113
1240
-174
-662
-214
740
2691
4683
4515
1903
-1097
-2388
-1561
1095
4036
4147
321
-4262
-5196
-2048
1999
3892
2728
-364
-3223
-3597
-1215
1883
3280
2192
-150
-1966
-2255
-1368
-84
966
1287
659
-908
-2291
-2556
-1588
45
1333
1175
-893
-3377
-4225
-2723
-329
926
355
-937
-1390
-33
2806
6122
7369
4956
822
-412
3595
9395
11829
8701
2717
-1418
-377
5243
10524
10338
4517
-2093
-4628
-2654
602
1855
413
-2354
-4591
-5522
-5469
-5081
-4649
-4187
-3396
-2879
-3882
-6428
-8345
-7233
-3295
332
530
-2627
-6331
-7433
-4600
379
3831
3295
-301
-3435
-3482
-642
2640
4196
3181
841
-1120
-1266
156
2247
3340
4419
5009
2564
-1076
-2951
-987
1952
4250
4704
1511
-3898
-7084
-4144
1695
4831
3480
-764
-4406
-5437
-2874
1008
2987
1954
-466
-2180
-2609
-2057
-920
243
1203
1417
47
-2280
-3344
-1922
672
2332
2254
384
-2566
-4304
-2951
234
2446
2152
114
-1786
-1536
1344
5388
8230
7021
2759
-882
464
6007
10659
10238
5181
139
-1156
2216
7485
9716
6846
1044
-2785
-2692
-521
939
561
-1116
-2828
-3884
-4416
-4919
-5530
-5731
-4828
-3221
-2705
-4467
-7489
-8795
-6661
-2738
-322
-931
-3551
-5887
-5696
-2709
912
2580
1387
-821
-1944
-1171
734
2517
2918
2053
810
295
676
1830
2864
2907
2318
1780
1516
702
50
426
1160
918
-165
-955
-1110
-987
-639
-147
64
-627
-1382
-1352
-543
348
872
835
300
-293
-384
169
910
1214
957
429
73
242
516
700
1118
1420
773
-673
-1533
-1268
-577
-493
-888
-1332
-1879
-1791
-794
1066
3196
4906
4476
1566
-1586
-963
4035
9358
10431
6242
387
-2302
372
6471
10677
9187
2955
-2935
-4371
-1590
1834
2826
987
-2064
-4339
-4834
-4332
-4189
-4511
-4576
-3828
-3219
-4054
-6397
-8063
-7272
-4224
-1364
-988
-3218
-5934
-6625
-4286
-370
2248
1778
-868
-3091
-2936
-678
1854
2924
2038
329
-574
190
1459
2116
1685
2442
3690
3243
977
-874
-313
1244
3219
4096
2552
-1032
-3397
-1833
1585
3622
2840
345
-1823
-2443
-917
1489
2876
2270
594
-647
-629
146
620
460
624
1208
1261
-4
-1458
-1748
-948
31
601
154
-1678
-3722
-4064
-2634
-816
-371
-1267
-2176
-2039
-300
2521
5318
5358
2279
-965
46
5361
10243
10447
6058
1118
-382
2535
7677
10489
8137
2383
-2068
-2457
-60
2072
2038
52
-2451
-4247
-4772
-4636
-4501
-4591
-4652
-4389
-4442
-5579
-7581
-8622
-7176
-3980
-1715
-2140
-4527
-6624
-6597
-4055
-641
1516
1125
-1100
-2992
-2692
-226
2607
3788
2917
1411
510
811
1821
2971
4159
4423
3250
1497
803
1023
1535
2741
3745
2934
315
-1452
-771
1005
2155
2059
1232
-40
-942
-701
298
1162
1034
339
-385
-845
-973
-858
-596
-227
-205
-860
-1846
-2315
-2055
-1566
-1195
-988
-1529
-2838
-3688
-3253
-1926
-1216
-1403
-2108
-2412
-1697
-87
1836
3452
5046
5248
3440
1217
1445
5176
9483
10990
8342
3562
422
1329
5776
9750
9352
4467
-1243
-3603
-2065
578
1593
304
-2248
-4842
-6253
-6260
-5511
-5037
-5175
-5184
-5044
-5433
-6679
-7602
-6855
-4764
-2842
-2226
-2858
-3977
-4506
-3654
-1465
949
1774
723
-732
-756
768
2344
2871
2708
2399
2355
2610
3162
3271
3598
4248
4281
3366
1929
1580
1548
2017
2874
2963
1379
-892
-1222
37
1187
1232
431
-491
-1480
-1529
-582
464
478
-363
-1101
-1345
-1232
-1076
-1130
-1092
-865
-716
-1170
-1825
-2086
-2114
-2003
-1614
-1045
-1349
-2475
-3278
-3108
-2072
-1269
-929
-1207
-1489
-889
302
1953
3604
5333
5764
4239
2429
2881
5915
9006
9691
7211
3336
1033
2048
5588
8302
7333
3038
-1480
-3177
-1918
34
646
-698
-3039
-5120
-6032
-5990
-5686
-5618
-5521
-4893
-4621
-5635
-7422
-8177
-6984
-4497
-2396
-1796
-2798
-4610
-5589
-4005
-484
2577
3147
1373
-684
-1027
674
3257
5156
5129
3600
1901
1490
2334
3926
4926
4336
2551
968
888
1341
1859
2192
1793
529
-725
-683
56
183
-282
-635
-456
-507
-809
-1124
-1223
-950
-475
-176
-531
-1369
-1975
-1834
-1177
-249
217
-354
-1604
-2371
-2076
-1146
-345
-148
-642
-1473
-1959
-1662
-927
-147
233
-8
-634
-903
-313
907
2201
3724
5462
5710
3745
1193
1425
5048
9008
9927
6935
2354
-420
754
5111
8723
8077
3133
-2126
-3874
-2190
201
857
-384
-2443
-4438
-5781
-6338
-6184
-5679
-5013
-4223
-4172
-5536
-7835
-8922
-7412
-4137
-1495
-1261
-3142
-5342
-5796
-3596
89
2883
3070
1179
-508
-188
1787
3893
4823
4416
3453
2829
2791
3191
3954
4147
3915
3397
3180
2482
1390
1035
1290
1371
560
-177
-583
-1148
-1675
-1778
-1157
-668
-874
-1467
-1924
-1764
-1312
-907
-870
-1031
-1233
-1391
-1406
-1234
-1020
-1001
-1074
-891
-700
-909
-1377
-1490
-1004
-433
-273
-491
-922
-1112
-1004
-699
-323
-254
-429
-269
436
1615
2227
2975
4512
5738
5271
3102
2433
4396
7413
8866
7275
4071
1330
1424
4123
6611
6426
3183
-653
-2834
-2629
-1328
-520
-1195
-3110
-5074
-6146
-6148
-5821
-6003
-6435
-6451
-5895
-5539
-5862
-6307
-6198
-5092
-3373
-1640
-907
-1491
-2339
-2069
-281
1988
3348
3162
2229
1789
2331
3499
4527
4676
3948
2968
3153
3987
3705
2311
1159
1625
2495
2653
1837
-66
-2110
-2780
-1038
1070
1043
-1129
-3360
-3685
-2422
-708
193
-236
-1508
-2563
-2640
-1897
-955
-541
-788
-1015
-961
-1092
-1492
-1342
-354
631
650
-140
-1026
-1637
-1310
221
1731
1700
47
-1614
-1838
-729
482
1006
681
192
48
441
1527
2852
4508
5525
5106
3116
1379
2243
5023
7608
7563
4995
1807
154
1316
3981
5587
4237
725
-2429
-3440
-2661
-1755
-1768
-2682
-3949
-5010
-5896
-6603
-6998
-6670
-5494
-4147
-3701
-4573
-5864
-6161
-4648
-2132
-37
489
-721
-2218
-2272
-538
2029
3577
3360
2168
1316
1561
2625
3707
4025
3597
2895
3049
3339
2909
1685
1244
2084
2579
2480
1752
589
-1062
-1657
-253
1330
1188
-559
-2049
-2477
-2042
-1001
-277
-570
-1623
-2284
-2009
-1189
-471
-265
-458
-595
-471
-361
-513
-476
30
519
391
5
-371
-737
-764
-186
642
747
-40
-1127
-1661
-1281
-342
303
250
-199
-274
261
998
1680
2128
3220
4660
5334
4212
2254
2072
3986
6531
7326
5606
2642
253
275
2429
4590
4301
1407
-1893
-3748
-3541
-2363
-1904
-2775
-4337
-5439
-5869
-6119
-6240
-6021
-5554
-5030
-4509
-4504
-5066
-5818
-5587
-3994
-1962
-588
-499
-1249
-1886
-1352
380
2473
3769
3570
2427
1760
2269
3384
4115
4104
3686
3164
3126
3076
2444
1378
1149
1890
2163
1577
405
-905
-2084
-1971
-244
886
-241
-2530
-3637
-3093
-1865
-918
-792
-1373
-2086
-2063
-1371
-649
-300
-268
-166
9
257
54
-465
-244
802
1578
1134
120
-525
-543
113
1233
1917
1218
-499
-1625
-1250
223
1453
1496
430
-712
-662
602
2249
3198
2968
2493
3277
4839
5400
4013
2411
2926
5103
6813
6258
3776
910
-251
1158
3540
4211
1874
-1925
-4327
-4211
-2726
-1966
-2873
-4664
-6038
-6261
-5763
-5319
-5484
-5855
-5675
-4711
-3734
-3647
-4231
-4306
-3142
-1269
182
560
98
-358
45
1545
3257
3942
3383
2319
2028
2764
3679
3855
3262
2308
2151
2742
2658
1727
408
121
218
236
-28
-819
-2157
-3505
-3350
-2023
-1135
-1715
-2977
-3650
-3510
-2691
-1762
-1172
-1115
-1205
-1190
-1087
-887
-471
231
857
1226
1168
567
-92
102
1213
2215
2224
1425
363
-223
-35
801
1697
1794
978
51
-266
233
1104
1639
1716
1334
774
335
383
1027
1915
2645
2834
2789
3049
3224
2787
2030
2059
3216
4242
4109
2753
1145
-37
-282
711
1875
1580
-519
-3084
-4303
-3800
-2742
-2268
-2828
-4049
-5137
-5489
-5161
-4391
-3763
-3525
-3471
-3290
-3028
-2773
-2282
-1408
-306
453
652
690
777
1117
1716
2538
3237
3331
2754
1981
1701
2033
2361
2194
1968
1896
1497
410
-392
-456
-307
-384
-591
-873
-1805
-2803
-2962
-2215
-1601
-1672
-1984
-2433
-2711
-2526
-1839
-1165
-936
-966
-883
-489
-113
204
404
642
1163
1702
1706
1341
1166
1416
1873
2228
2332
1967
1297
810
922
1283
1336
998
246
-389
-521
-320
-75
-210
-535
-805
-773
-537
-261
-33
212
567
936
1407
2119
2984
3186
2286
1034
1019
2579
4106
4141
2516
371
-909
-405
1446
2783
2027
-598
-3015
-3620
-2625
-1449
-1273
-1995
-2886
-3485
-3510
-3110
-2686
-2405
-1987
-1427
-1106
-1379
-2062
-2089
-1031
513
1456
1141
107
-662
-451
729
2085
2692
2051
784
-104
210
1139
1850
2005
1112
-53
-1081
-1190
-658
-241
-267
-826
-1343
-1885
-2196
-2259
-1860
-1301
-1056
-1214
-1612
-1731
-1404
-657
163
817
1198
1163
876
781
1183
1822
2322
2427
2081
1600
1220
1110
1357
1666
1659
1107
295
-402
-639
-389
-253
-551
-1054
-1511
-1820
-1917
-1598
-1006
-741
-925
-1213
-1166
-836
-449
-235
81
470
829
963
1050
1367
1942
2787
3343
3220
2266
1600
2055
3112
3582
2852
1539
549
397
842
1168
799
-178
-1224
-1726
-1729
-1579
-1626
-2117
-2576
-2688
-2569
-2470
-2522
-2533
-2404
-2172
-1957
-1810
-1763
-1666
-1378
-1017
-578
-252
-67
-91
-143
-43
172
354
333
267
270
718
1113
871
110
-300
109
619
889
622
-198
-1260
-1664
-907
20
248
-337
-948
-966
-459
244
729
910
935
1019
1092
1184
1312
1457
1658
1798
1764
1345
780
565
823
1085
991
700
273
-156
-501
-614
-442
-356
-571
-979
-1295
-1295
-1186
-998
-768
-485
-368
-590
-804
-788
-464
-25
448
603
298
73
357
1157
1913
2195
2126
2099
3034
4043
3654
2035
1321
2502
3552
3244
2355
1699
663
-491
-71
1552
1663
-497
-2455
-2380
-1448
-1551
-2419
-2782
-2799
-2853
-2823
-2522
-2343
-2747
-3176
-2658
-1388
-783
-1381
-2143
-1945
-1028
-235
-10
-140
-576
-1041
-977
-206
512
671
419
-122
-443
-390
50
348
141
-178
-573
-900
-1193
-1141
-941
-695
-544
-615
-778
-1118
-1011
-631
-77
389
720
745
415
211
407
989
1523
1781
1638
1259
942
871
970
1090
1114
957
517
34
-134
2
131
223
239
98
-239
-601
-708
-595
-322
-110
-171
-552
-961
-1019
-698
-225
170
141
-153
-297
-72
540
1138
1641
1828
1720
1619
1863
2649
3482
3863
3415
2616
2275
2610
3321
3397
2858
1943
938
285
156
336
245
-321
-1171
-1854
-2402
-2660
-2636
-2460
-2240
-2244
-2528
-2920
-3087
-2913
-2551
-2098
-1769
-1808
-2134
-2437
-2268
-1537
-583
-66
-258
-642
-637
-94
830
1641
1481
535
-238
-79
675
1189
1321
763
-197
-856
-432
535
942
593
-42
-255
-96
200
400
411
422
660
1022
991
580
270
359
777
1173
1165
572
-10
-232
-64
281
589
654
199
-467
-837
-685
-489
-466
-665
-1075
-1480
-1744
-1675
-1423
-1121
-956
-980
-1068
-1071
-951
-728
-432
-38
390
656
711
747
963
1387
1918
2430
2666
2582
2413
2315
2518
2874
3065
2932
2482
1921
1420
1249
1442
1530
1043
7
-1002
-1483
-1416
-1268
-1246
-1555
-2157
-2808
-3113
-2903
-2600
-2538
-2689
-2846
-2820
-2652
-2431
-2144
-1802
-1455
-1294
-1201
-1037
-819
-541
-272
-68
68
121
254
781
1036
710
334
481
998
1238
1421
1342
779
-4
-89
741
1235
948
316
-92
-274
-201
148
505
657
567
473
359
183
159
290
471
716
855
541
126
118
437
782
994
921
445
-208
-481
-174
184
229
2
-386
-719
-707
-423
-150
-163
-218
-315
-408
-407
-324
23
258
400
481
498
572
687
850
982
1185
1424
1591
1643
1568
1448
1371
1420
1660
1788
1753
1568
1218
721
394
501
637
456
52
-326
-824
-1335
-1518
-1306
-1041
-1148
-1639
-2104
-2298
-2242
-1960
-1715
-1655
-1815
-2088
-2226
-2102
-1814
-1482
-1249
-1202
-1232
-1312
-1178
-895
-610
-369
-209
-211
-245
-230
-117
87
313
518
419
180
46
189
452
630
690
640
534
473
537
665
792
897
927
773
570
539
609
635
543
454
428
317
242
289
308
300
211
62
-60
-86
38
114
2
-139
-89
172
230
155
160
280
358
355
400
489
555
603
702
814
949
1110
1231
1301
1278
1331
1494
1500
1398
1221
1194
1260
1240
1036
956
1083
1191
957
453
141
20
-47
-236
-594
-1097
-1612
-1816
-1734
-1624
-1697
-2039
-2395
-2522
-2339
-2094
-1961
-1897
-1893
-1893
-1771
-1507
-1354
-1353
-1362
-1313
-1127
-900
-711
-615
-549
-451
-253
143
540
781
726
556
532
552
613
795
928
920
723
526
434
415
396
408
408
382
150
-175
-302
-152
41
-39
-202
-313
-400
-608
-710
-498
-136
4
-150
-314
-428
-479
-436
-176
167
270
103
-122
-190
-72
248
669
934
908
670
410
494
902
1314
1522
1410
1202
1071
1179
1529
1934
2138
1838
1331
901
860
1212
1532
1477
1121
764
548
483
439
464
436
284
9
-297
-552
-757
-948
-1057
-1185
-1362
-1604
-1900
-2103
-2071
-1900
-1712
-1577
-1648
-1823
-1864
-1600
-1161
-789
-711
-786
-740
-510
-229
119
424
606
619
598
739
991
1171
1260
1277
1214
1150
1097
1147
1197
1115
888
699
622
597
524
292
23
-142
-180
-220
-279
-414
-569
-654
-704
-730
-825
-930
-994
-962
-885
-847
-1004
-1171
-1153
-925
-635
-548
-616
-769
-792
-643
-347
30
220
246
130
87
271
624
968
1116
1097
924
878
951
1073
1233
1280
1268
1069
692
446
462
714
945
988
707
285
-53
-96
118
428
517
331
-48
-341
-362
-291
-119
-67
-214
-673
-1158
-1420
-1415
-1290
-1212
-1151
-1363
-1721
-2006
-1980
-1636
-1265
-1042
-1130
-1340
-1412
-1203
-847
-440
-61
100
64
-25
28
325
707
957
1056
991
736
533
612
955
1294
1432
1335
1120
892
833
968
1126
1228
1142
815
357
82
33
130
212
134
-155
-538
-784
-785
-553
-312
-196
-367
-620
-700
-549
-358
-282
-257
-175
-20
55
73
107
316
581
753
844
846
833
832
906
1047
1184
1255
1238
1156
1048
1001
1004
1026
1044
919
762
662
650
625
559
545
599
568
390
247
202
132
-3
-127
-294
-402
-446
-522
-715
-938
-1114
-1192
-1225
-1270
-1324
-1458
-1558
-1548
-1518
-1605
-1796
-1889
-1790
-1537
-1457
-1568
-1711
-1707
-1502
-1199
-887
-712
-626
-680
-708
-527
-229
45
200
217
313
451
557
637
702
860
1039
1158
1085
910
693
520
563
742
801
583
201
-205
-452
-487
-397
-259
-261
-483
-767
-892
-751
-572
-475
-403
-348
-354
-422
-520
-522
-353
-116
149
322
261
147
175
395
814
1158
1279
1137
1010
1161
1424
1673
1688
1558
1380
1233
1191
1300
1541
1694
1637
1434
1238
1106
1102
1123
1169
1103
925
682
381
164
50
110
179
159
-67
-450
-695
-709
-528
-418
-461
-611
-852
-1067
-1233
-1241
-1114
-1047
-1128
-1363
-1559
-1590
-1441
-1207
-1036
-950
-949
-978
-900
-762
-616
-441
-339
-363
-334
-299
-294
-182
-30
139
187
136
115
205
340
384
416
460
445
407
318
262
281
260
148
6
-152
-302
-491
-536
-446
-443
-602
-872
-1034
-1047
-978
-958
-890
-812
-799
-855
-826
-629
-368
-177
-107
54
262
464
589
763
943
1107
1246
1330
1363
1303
1297
1379
1549
1622
1529
1343
1266
1298
1343
1345
1218
1062
913
866
858
706
453
115
-125
-267
-234
-184
-279
-580
-971
-1136
-996
-711
-567
-646
-842
-983
-1010
-861
-695
-577
-643
-776
-880
-839
-791
-747
-725
-744
-742
-820
-864
-764
-638
-492
-417
-359
-337
-361
-237
2
159
231
245
245
300
431
613
739
749
702
618
554
547
640
699
716
687
519
253
89
132
189
110
-43
-230
-351
-455
-481
-358
-304
-351
-542
-640
-625
-574
-492
-456
-408
-374
-277
-215
-192
-134
46
232
332
346
306
369
500
745
1035
1144
1109
1126
1172
1184
1183
1247
1255
1122
948
742
598
500
479
445
335
180
-38
-189
-279
-304
-353
-410
-485
-567
-669
-777
-740
-638
-626
-707
-755
-692
-607
-547
-549
-472
-444
-517
-571
-460
-246
-134
-203
-392
-447
-377
-240
-187
-299
-485
-558
-466
-267
-72
-127
-310
-419
-289
-36
89
96
28
-86
-80
75
265
306
161
81
142
211
150
9
-53
39
172
199
221
154
-48
-143
46
389
496
243
-47
-160
-62
134
250
202
4
-165
-189
-106
-17
5
35
104
148
172
105
20
98
289
517
661
658
516
310
386
662
921
949
789
530
372
407
596
792
734
473
173
12
-63
-57
6
5
-51
-58
-127
-181
-244
-244
-152
-36
67
-136
-398
-512
-444
-306
-268
-267
-321
-411
-540
-583
-598
-616
-576
-569
-551
-604
-705
-826
-940
-865
-611
-439
-424
-451
-448
-339
-221
-74
91
72
-28
-33
46
175
162
111
104
174
222
268
244
256
321
383
444
547
561
471
344
253
328
403
426
360
263
238
221
182
106
-11
-53
-77
-56
-58
-154
-290
-334
-320
-374
-405
-431
-485
-576
-591
-524
-376
-299
-382
-536
-601
-512
-347
-265
-280
-318
-391
-294
-88
107
232
289
347
419
475
549
699
895
1048
1007
922
819
836
946
1045
1076
925
658
380
319
416
611
660
416
69
-134
-181
-108
-79
-207
-443
-671
-688
-541
-372
-291
-400
-511
-527
-357
-139
-88
-191
-333
-377
-282
-111
-81
-192
-303
-353
-349
-277
-205
-146
-98
-39
77
113
119
153
164
185
231
349
446
477
377
276
231
307
444
454
341
238
193
209
250
331
421
339
104
-139
-254
-249
-221
-234
-275
-360
-466
-560
-593
-563
-635
-691
-773
-952
-1097
-1124
-1008
-826
-784
-773
-749
-797
-781
-659
-469
-256
-92
-33
-53
-34
158
544
917
1018
937
754
623
665
852
1050
1045
894
737
622
583
651
682
615
412
167
-68
-161
-91
22
116
115
35
-119
-230
-211
-139
-17
45
-52
-204
-318
-388
-377
-184
30
20
-127
-197
-241
-184
-6
168
213
118
-45
-95
33
190
310
286
162
73
71
76
110
121
154
98
-44
-74
-41
-9
-73
-88
-5
11
-94
-146
-65
0
48
75
10
6
37
-29
-134
-187
-154
-106
-132
-186
-283
-373
-339
-171
-79
-76
-131
-223
-291
-281
-193
-180
-205
-302
-411
-356
-202
-27
57
-13
-150
-100
22
141
202
213
250
289
300
296
369
460
446
396
360
395
449
488
468
353
231
163
136
74
131
141
63
-51
-146
-117
-79
-10
13
-51
-162
-290
-366
-384
-354
-324
-351
-370
-404
-394
-341
-284
-231
-230
-271
-330
-282
-209
-135
-126
-176
-205
-205
-140
-57
-13
-5
-57
-84
-39
17
72
67
2
-42
-122
-211
-146
62
241
328
217
85
35
63
170
186
227
258
215
98
13
77
166
273
375
366
203
64
126
283
311
219
121
70
47
11
-17
-34
-50
-120
-203
-262
-268
-246
-244
-184
-83
-1
-9
-31
-42
-59
46
248
421
469
354
312
436
648
869
929
827
699
601
621
685
722
747
662
544
433
401
373
307
268
190
18
-208
-341
-363
-355
-312
-313
-493
-725
-858
-774
-612
-504
-512
-692
-826
-814
-645
-453
-363
-356
-423
-455
-370
-209
-89
-93
-117
-107
-99
-136
-193
-161
-74
-60
-71
-140
-272
-425
-483
-371
-181
-74
-198
-392
-546
-543
-459
-371
-306
-297
-329
-370
-360
-267
-157
-112
-72
-6
35
18
-52
-113
-62
47
67
-33
-231
-402
-449
-451
-338
-290
-319
-373
-451
-395
-248
-34
101
114
101
88
100
120
225
402
549
678
767
779
764
799
900
1038
1158
1178
1081
1042
1071
1175
1217
1201
1153
1037
847
632
548
478
418
301
187
53
-87
-176
-238
-231
-232
-196
-258
-365
-407
-421
-427
-326
-219
-134
-96
-89
-30
77
164
190
234
211
229
270
314
329
282
189
141
235
255
191
47
-30
-77
-120
-129
-137
-136
-159
-214
-302
-357
-442
-537
-627
-638
-563
-495
-494
-528
-613
-668
-652
-531
-368
-281
-347
-488
-545
-520
-415
-316
-241
-232
-312
-463
-553
-457
-305
-227
-223
-299
-327
-333
-356
-337
-226
-156
-182
-232
-279
-273
-200
16
168
238
256
271
329
376
454
515
567
652
685
649
595
568
677
718
663
555
390
229
127
50
9
-36
-140
-175
-196
-277
-357
-348
-338
-350
-367
-417
-428
-341
-265
-228
-227
-200
-199
-191
-146
-71
32
92
143
222
279
293
274
312
331
270
200
226
243
253
286
237
215
113
-8
-80
-83
6
57
-38
-180
-232
-232
-132
-26
17
-6
-66
-69
-63
-11
20
62
145
200
274
327
407
414
380
357
272
213
212
247
252
275
307
221
74
-16
-2
24
103
69
26
-57
-75
21
75
139
117
112
74
111
159
169
136
123
110
86
101
92
76
27
-40
-83
-144
-206
-238
-213
-194
-209
-249
-266
-273
-286
-289
-363
-404
-385
-367
-379
-391
-340
-319
-400
-443
-367
-261
-198
-151
-73
-16
28
104
207
245
250
284
297
309
331
343
320
304
302
337
293
173
63
-19
-26
42
41
-102
-265
-375
-414
-346
-282
-279
-352
-499
-523
-436
-350
-264
-190
-222
-249
-210
-163
-137
-97
-55
-22
-22
-20
55
82
49
-7
-46
-48
-84
-45
-2
-64
-161
-170
-107
-26
5
-31
-50
-86
-73
-82
-104
-111
-105
-87
-77
-72
-71
-66
-23
72
211
238
160
146
164
232
353
413
395
273
145
124
191
285
285
191
69
-19
15
120
215
299
312
311
328
355
398
416
428
469
499
532
552
577
608
587
573
561
556
488
430
389
344
313
267
251
201
195
122
68
79
37
-42
-152
-169
-171
-225
-280
-308
-310
-345
-360
-367
-427
-494
-516
-561
-579
-576
-651
-701
-697
-607
-516
-525
-631
-696
-595
-456
-337
-318
-337
-401
-429
-375
-303
-259
-283
-358
-407
-410
-412
-408
-320
-247
-215
-187
-153
-149
-129
-62
63
209
254
228
162
108
132
219
303
308
164
-5
-101
-41
62
151
167
50
-59
-49
16
70
136
181
228
288
360
406
434
445
534
607
569
504
450
394
364
397
519
605
561
491
379
393
441
490
464
373
296
264
236
227
246
189
162
158
127
59
-3
-59
-45
-25
-37
-104
-143
-118
-127
-125
-73
-24
-112
-192
-196
-175
-111
-117
-169
-181
-190
-210
-225
-236
-325
-372
-322
-265
-300
-337
-387
-441
-427
-342
-272
-313
-374
-409
-346
-252
-152
-122
-118
-157
-153
-52
5
-2
-2
-10
-46
-43
-64
-93
-169
-204
-170
-173
-224
-256
-234
-143
-54
-10
-9
-60
-99
-138
-139
-121
-101
-133
-175
-150
-149
-149
-112
-113
-105
-46
6
60
85
116
222
332
413
469
445
341
198
148
187
263
368
359
249
128
137
193
285
365
325
295
254
168
134
167
207
220
195
107
16
7
-14
-29
25
131
165
140
128
122
165
208
293
305
203
91
72
127
176
131
-5
-144
-215
-236
-278
-325
-374
-381
-356
-377
-371
-353
-380
-384
-314
-195
-167
-253
-278
-221
-111
-31
9
-7
-107
-157
-113
-6
87
150
131
95
76
119
155
124
89
65
12
-42
-52
-64
-28
57
103
124
80
50
67
90
149
228
204
178
199
244
303
317
340
345
327
298
278
282
272
271
264
210
175
122
99
50
56
72
37
-26
-62
-44
-1
59
-33
-173
-277
-373
-396
-334
-279
-289
-345
-385
-352
-273
-170
-104
-131
-149
-96
-66
-7
78
112
56
2
-53
-106
-190
-259
-338
-365
-356
-334
-376
-413
-401
-393
-349
-363
-399
-432
-454
-453
-358
-311
-307
-307
-291
-234
-169
-148
-190
-286
-344
-339
-264
-203
-198
-185
-143
-39
64
139
177
162
163
238
315
356
415
513
533
524
535
566
566
486
489
523
509
521
514
461
426
445
508
513
476
456
464
454
431
366
322
288
219
216
201
217
263
305
290
241
245
193
132
154
181
146
36
-81
-130
-110
-51
65
120
48
-59
-90
-25
50
136
195
194
113
33
2
-20
-23
-14
-52
-163
-266
-324
-353
-324
-279
-282
-313
-336
-403
-410
-407
-481
-563
-660
-689
-703
-688
-693
-704
-687
-706
-697
-659
-635
-668
-676
-659
-617
-524
-397
-276
-232
-256
-285
-266
-198
-107
-34
37
71
82
127
204
270
320
374
430
457
470
455
417
432
485
578
618
603
536
484
491
534
579
613
585
522
464
379
314
288
258
220
202
170
143
121
69
53
44
23
20
35
6
-53
-50
-16
41
69
44
18
-4
-3
17
48
62
104
139
131
77
84
92
22
-48
-45
-42
-20
-2
-10
-58
-99
-129
-123
-95
-80
-108
-154
-174
-185
-215
-253
-294
-322
-324
-363
-356
-390
-401
-401
-404
-362
-296
-248
-184
-107
-63
-63
-61
-53
-53
-15
-32
-72
-69
-59
5
81
106
129
94
10
-75
-80
-21
23
45
46
35
23
26
57
74
51
6
-31
-62
-69
-70
-135
-145
-133
-164
-184
-184
-165
-169
-183
-133
-113
-132
-213
-230
-201
-191
-144
-124
-184
-215
-188
-160
-70
-1
40
10
61
138
151
180
215
264
345
385
400
355
322
371
427
499
503
453
380
304
281
310
377
355
287
238
199
206
171
170
185
145
86
9
-41
-61
-62
-97
-116
-166
-257
-306
-274
-167
-137
-156
-154
-170
-173
-161
-156
-104
-56
-64
-8
47
31
3
10
82
142
151
106
74
40
71
121
190
219
212
237
230
288
343
384
459
497
461
442
424
409
409
407
343
311
312
271
207
111
48
-9
-64
-146
-209
-297
-398
-459
-513
-520
-493
-530
-612
-642
-627
-571
-539
-516
-448
-403
-374
-344
-332
-290
-233
-225
-233
-244
-250
-258
-219
-166
-122
-141
-164
-126
-52
-20
10
56
31
-12
-65
-107
-106
-126
-93
-55
-97
-144
-203
-220
-222
-247
-232
-209
-213
-222
-244
-223
-156
-77
-32
-4
-18
-15
3
9
76
144
149
141
162
199
217
