-78
-70
-72
-76
-62
-28
-10
-21
12
-18
-41
-44
-43
-48
-42
-21
18
24
34
52
100
122
156
186
168
149
94
84
44
54
57
5
-2
19
11
7
27
-20
-5
31
59
69
57
60
26
-10
-53
-27
-13
-14
8
31
46
46
32
39
74
75
64
24
4
2
-33
-70
-68
-71
-92
-98
-93
-47
-16
27
5
-32
-43
-83
-67
-96
-98
-61
-66
-84
-61
-22
-12
4
44
100
158
192
207
182
128
62
16
19
37
47
47
42
27
20
3
23
42
71
122
164
175
176
187
158
150
139
154
135
113
116
100
103
82
126
158
130
95
66
22
15
12
52
92
123
133
107
118
97
111
92
41
19
-39
-90
-147
-166
-161
-210
-202
-200
-204
-199
-221
-273
-284
-213
-167
-128
-99
-90
-109
-137
-135
-150
-173
-189
-177
-173
-163
-154
-127
-116
-129
-114
-80
-66
-86
-111
-156
-142
-141
-143
-103
-72
-49
-43
-31
-18
1
-32
-77
-90
-77
-50
-24
29
84
115
127
110
106
152
172
163
136
165
110
108
154
143
120
105
75
31
19
45
94
95
92
68
87
78
29
34
16
-4
-19
-29
26
65
69
120
115
105
87
68
37
36
46
4
-6
-8
5
-14
-35
-69
-74
-56
-75
-85
-80
-81
-102
-85
-64
-40
-26
-20
2
-5
2
35
57
48
14
25
5
-44
-55
-56
-55
-42
-35
-11
-13
12
7
20
53
54
78
65
49
20
45
26
32
14
-15
-55
-123
-113
-93
-69
-23
10
16
13
11
33
44
66
79
109
121
147
166
121
78
75
41
-10
-23
-1
-12
-26
-21
26
32
36
49
61
68
60
122
133
114
104
93
60
12
3
-15
-38
-35
-47
-30
9
-13
-8
-18
-47
-81
-103
-64
-68
-93
-86
-66
-67
-75
-37
-16
-50
-67
-86
-123
-122
-97
-106
-93
-77
-94
-105
-112
-118
-122
-121
-131
-104
-96
-45
-44
-44
-25
-27
1
40
82
76
72
37
1
-11
22
36
13
-14
-40
-58
-51
-47
-19
40
44
63
79
50
67
94
92
102
103
139
120
97
120
105
94
85
83
77
95
112
89
86
91
71
63
61
49
40
40
46
72
64
55
55
32
-35
-36
-15
-44
-55
-59
-40
-30
-27
-23
-13
-31
-25
-44
-73
-62
-71
-73
-77
-76
-65
-88
-103
-141
-147
-143
-178
-159
-155
-163
-143
-119
-132
-128
-110
-112
-70
-54
-64
-49
-75
-61
-51
-38
-42
-25
6
-2
-23
-17
-1
-5
11
25
-8
-12
-21
-13
10
-1
28
25
32
13
26
40
67
49
45
22
6
11
43
69
78
91
98
120
112
135
115
99
121
132
157
166
186
209
239
284
271
272
223
194
185
168
184
160
147
131
130
143
171
154
143
131
97
67
4
-26
-27
-40
-17
45
41
17
-19
-83
-157
-216
-201
-172
-221
-205
-164
-186
-168
-139
-154
-146
-141
-139
-152
-167
-167
-158
-135
-129
-101
-128
-124
-137
-172
-180
-163
-171
-128
-109
-162
-146
-168
-189
-185
-128
-78
-104
-87
-79
-77
-58
-14
3
29
48
50
29
5
8
-3
-28
-18
3
14
51
71
86
104
110
89
76
77
77
86
99
97
87
64
50
43
39
55
61
82
90
42
40
21
-1
5
14
15
8
15
5
-17
28
62
80
77
52
29
36
61
75
85
80
60
70
71
93
67
68
25
-19
-3
-2
10
9
33
48
48
60
51
64
66
56
48
31
0
-33
-53
-32
-20
-49
-18
-43
-85
-99
-103
-124
-100
-88
-62
-44
-34
17
16
34
33
22
38
31
45
19
-10
-10
-13
-10
-9
-13
-45
-92
-63
-37
-28
14
44
64
92
101
103
111
125
117
88
119
123
97
87
84
52
43
52
25
35
19
11
5
-17
-15
-46
-40
-64
-65
-23
-31
-32
-21
-24
-25
-18
-40
-55
-44
-51
-104
-131
-126
-125
-100
-63
-64
-73
-72
-87
-65
-39
-33
-39
-71
-58
-74
-110
-89
-65
-84
-137
-154
-149
-129
-132
-132
-102
-128
-87
-43
-54
-23
-4
-20
-23
-22
-35
-38
-52
-52
-89
-142
-148
-145
-138
-107
-68
-33
-36
-41
31
84
126
186
205
208
203
191
192
189
197
175
135
152
124
131
144
148
172
148
126
162
129
108
171
200
198
201
201
141
67
32
-2
-20
-19
7
2
18
37
33
43
68
102
92
98
69
27
-29
-47
-54
-56
-20
-21
-24
-12
-30
-18
-23
-1
-10
-21
7
17
11
47
29
-17
-42
-64
-75
-95
-86
-85
-68
-77
-85
-63
-29
9
35
65
70
48
25
-28
-61
-77
-102
-123
-184
-207
-250
-250
-239
-229
-172
-145
-119
-102
-104
-107
-93
-96
-103
-95
-127
-142
-152
-152
-130
-124
-108
-97
-78
-74
-55
-55
-70
-55
-57
-61
-40
-16
15
61
88
128
146
156
166
153
167
195
189
158
141
111
84
93
106
111
109
97
99
116
62
56
62
46
64
94
130
131
154
138
142
134
107
109
74
24
14
-39
-53
-9
-17
1
18
4
-36
-83
-115
-125
-103
-96
-67
-27
-8
-28
-50
-33
-55
-31
-17
15
27
-8
-21
-23
5
47
61
67
41
41
37
6
34
59
76
108
149
176
186
166
138
107
98
87
76
81
49
-28
-88
-104
-85
-78
-77
-46
-38
-66
-82
-71
-29
-9
-47
-45
-45
-73
-85
-97
-144
-144
-141
-161
-143
-166
-173
-139
-121
-91
-47
-18
-32
-34
-80
-114
-117
-143
-130
-108
-26
40
57
77
108
119
99
99
85
46
3
18
29
1
-13
-29
-38
-43
-50
-28
-14
0
24
68
62
60
86
43
-3
1
-6
-45
-71
-82
-81
-79
-97
-112
-120
-118
-138
-140
-100
-92
-40
2
26
54
104
141
164
160
168
155
144
140
108
104
75
74
58
54
52
37
71
70
96
96
119
110
80
87
72
62
65
77
71
79
72
38
14
-14
-36
-27
-13
-39
7
2
-3
11
-26
-50
-49
-34
-17
1
2
-19
-41
-50
-66
-73
-83
-72
-47
-43
-58
-76
-46
-46
-34
-13
-15
-12
7
26
26
18
35
45
13
15
-4
17
52
57
72
91
82
85
96
107
63
52
19
-21
-36
-41
-27
-34
-41
-64
-76
-71
-83
-72
-52
-44
-43
-49
-21
-31
-47
-50
-35
-56
-74
-41
-32
-44
-68
-130
-142
-136
-139
-129
-144
-143
-99
-111
-105
-68
-89
-103
-102
-121
-104
-37
-49
-24
2
-7
10
-3
15
35
18
32
55
60
74
53
45
45
39
35
69
83
63
85
68
69
90
97
76
87
125
137
148
130
104
89
76
59
51
57
55
81
44
11
9
-22
-48
-20
-20
-25
4
34
47
83
106
66
47
5
-20
-25
-34
-31
-16
25
28
45
88
93
105
97
91
72
64
52
12
17
20
-12
-28
-14
-4
10
18
21
8
7
10
26
71
83
71
80
78
48
24
-11
-24
-29
-22
-3
18
29
27
-18
-38
4
3
-41
-20
-11
-47
-42
-31
-47
-65
-68
-109
-92
-79
-91
-116
-131
-136
-124
-105
-61
-26
-5
-1
-17
-23
-51
-58
-55
-58
-49
-50
-68
-98
-135
-164
-166
-164
-167
-176
-172
-179
-205
-192
-184
-183
-165
-149
-138
-148
-112
-80
-59
-41
-19
-4
-14
-12
0
12
7
-9
-8
3
-25
-37
-13
-35
-59
-38
-44
-41
-22
-10
10
21
42
73
68
95
118
146
139
147
172
161
155
202
247
279
311
338
318
295
311
311
285
280
266
261
267
245
244
251
232
176
160
153
143
104
98
94
73
52
11
32
23
-17
-7
-28
-50
-75
-100
-117
-93
-54
-71
-83
-96
-102
-115
-99
-96
-92
-89
-132
-152
-136
-126
-156
-164
-163
-158
-116
-117
-114
-76
-7
-2
-1
-11
-4
-27
-18
16
-10
20
31
12
10
33
32
68
64
42
40
43
40
33
-11
-50
-58
-83
-126
-132
-102
-125
-141
-144
-148
-148
-140
-115
-121
-110
-126
-133
-136
-135
-126
-162
-190
-141
-121
-115
-80
-80
-56
-21
12
15
9
22
26
15
28
34
49
64
34
7
5
-22
-73
-85
-91
-80
-72
-44
-43
-70
-39
-35
-38
-18
4
27
55
72
111
102
81
55
28
32
51
60
65
64
60
55
36
78
70
45
59
61
40
59
95
174
223
248
285
274
248
267
282
297
288
310
284
198
195
175
157
130
110
122
132
82
48
34
4
-8
7
23
17
6
-53
-71
-95
-135
-138
-168
-193
-196
-185
-180
-197
-232
-234
-227
-233
-221
-170
-133
-136
-95
-74
-55
-44
-64
-47
-40
-60
-61
-60
-87
-81
-97
-93
-97
-107
-74
-82
-82
-69
-49
-22
-8
6
0
42
55
76
104
116
130
131
82
46
6
-23
-32
-41
0
16
30
9
2
-32
-42
-36
-69
-51
-56
-111
-94
-78
-79
-49
-28
-15
-26
-23
-20
-44
-77
-77
-62
-51
-40
-43
-23
-12
8
57
80
86
101
96
88
85
85
99
95
120
141
157
181
168
147
99
88
58
58
71
32
9
-29
-26
-28
-20
-22
-25
-12
-3
-25
-40
-35
-43
-15
-11
-23
-15
-25
-35
-11
12
-34
-66
-102
-117
-87
-53
-24
-4
10
5
-6
28
57
83
129
143
138
125
113
115
126
141
121
92
74
54
30
22
18
7
28
50
58
73
101
89
93
100
55
52
61
50
24
3
-4
-8
5
-10
-20
-38
-55
-65
-105
-95
-97
-130
-124
-121
-130
-147
-180
-206
-223
-201
-200
-183
-204
-216
-234
-240
-190
-136
-132
-139
-161
-192
-175
-185
-170
-191
-193
-194
-209
-189
-124
-90
-40
-51
-26
17
24
59
62
95
83
74
72
90
104
74
69
73
55
62
71
79
112
138
180
185
210
227
260
309
287
282
294
281
293
330
317
333
352
348
336
355
353
327
287
245
176
149
117
95
83
63
62
27
17
17
12
14
32
58
43
34
-3
-61
-130
-172
-153
-166
-174
-174
-203
-246
-267
-279
-262
-209
-161
-138
-141
-160
-172
-200
-220
-195
-222
-249
-260
-272
-253
-251
-246
-259
-274
-311
-311
-319
-304
-283
-251
-179
-131
-98
-74
-72
-117
-146
-164
-183
-163
-144
-125
-70
-16
45
96
134
169
174
189
174
189
186
188
152
129
164
189
218
227
214
218
219
158
154
130
100
84
92
115
142
132
122
114
102
59
46
65
82
89
86
104
103
63
49
36
-1
-19
-38
-27
-28
-29
-48
-82
-80
-92
-86
-74
-51
-23
3
23
39
42
62
49
91
96
115
115
93
107
67
42
18
59
110
128
115
116
130
104
90
132
129
103
76
24
29
30
15
26
44
21
-9
-35
-50
-61
-66
-70
-76
-64
-104
-129
-118
-131
-106
-107
-109
-88
-82
-94
-85
-65
-85
-109
-123
-146
-179
-189
-169
-142
-135
-102
-46
44
107
115
108
86
14
-32
-44
-54
-37
-32
-46
-81
-86
-99
-67
-51
-26
-21
-22
3
-21
-11
3
10
13
1
-2
2
0
-9
7
-15
-16
-9
-23
-48
-35
-17
-43
-30
-13
11
0
2
14
30
30
-1
9
5
-30
-44
-50
-50
-63
-80
-68
-79
-74
-41
-18
2
17
24
-1
-9
-4
-20
16
31
47
61
72
67
52
25
0
20
19
21
61
54
68
47
25
68
70
44
32
38
28
13
31
36
77
127
143
203
187
159
156
137
107
80
83
71
52
29
31
33
19
36
31
34
24
-4
-29
-52
-58
-34
-11
22
62
29
42
51
39
57
49
22
-25
-47
-61
-62
-66
-61
-71
-98
-107
-84
-96
-127
-121
-131
-110
-107
-82
-68
-68
-22
-5
4
5
35
34
53
46
33
71
48
47
23
3
-11
-8
-34
-41
-10
3
25
31
58
67
63
68
64
41
29
36
27
14
14
-18
-60
-87
-99
-70
-51
-28
3
3
-13
5
13
16
25
25
-13
-22
-37
-46
-35
-76
-101
-136
-158
-165
-145
-121
-89
-21
23
17
18
47
23
-16
11
6
-3
26
30
11
18
16
6
13
13
31
40
21
15
12
-3
11
2
-15
-32
-39
-68
-90
-63
-47
-30
-34
-7
-11
-5
5
-11
-20
-22
-30
-21
-39
-66
-50
-48
-26
-30
-58
-38
-65
-104
-102
-97
-106
-84
-57
-48
-25
-42
-28
-2
35
49
32
60
131
126
113
137
133
107
110
112
129
143
142
125
123
147
110
100
123
149
144
159
162
121
97
94
78
44
47
63
50
8
4
33
34
35
56
85
141
160
171
209
222
245
234
195
175
119
79
68
70
69
67
36
-3
-24
-38
-59
-78
-94
-111
-121
-154
-165
-191
-215
-223
-268
-284
-308
-306
-295
-287
-279
-278
-289
-297
-289
-298
-272
-222
-229
-232
-259
-278
-291
-292
-262
-223
-180
-166
-137
-162
-152
-147
-162
-135
-125
-115
-95
-67
-27
-4
10
21
30
64
114
146
173
218
231
210
194
223
221
251
265
234
233
216
233
254
262
234
229
167
143
198
188
216
212
208
216
224
179
167
131
84
54
15
-17
-67
-3
-10
-25
-59
-35
-55
-26
-14
47
81
107
120
82
113
93
81
61
87
90
114
100
84
85
57
12
-10
-36
-26
-2
6
65
85
123
178
210
184
138
83
51
51
51
62
-27
-117
-172
-167
-88
1
-23
-126
-177
-176
-91
-33
-80
-204
-297
-297
-157
-23
-42
-131
-260
-314
-256
-112
11
25
-51
-149
-185
-126
-52
22
-12
-174
-263
-222
-25
86
-25
-199
-310
-253
-114
11
41
-105
-253
-261
-20
181
124
-112
-337
-299
-125
59
1
-219
-284
-286
-137
9
50
-10
-145
-134
-13
201
242
141
-100
-212
56
294
339
58
-201
-216
-13
428
488
152
-376
-402
139
408
387
144
81
214
728
1268
666
-635
-1289
-280
975
1009
303
-565
-1022
-1116
-122
1290
1298
-162
-1577
-1191
3
585
345
-120
-249
-435
-107
627
935
277
-690
-391
522
913
298
-304
48
538
853
754
425
-94
-661
-397
463
956
307
-701
-883
-242
492
674
540
324
148
36
-15
-8
7
80
209
420
408
-138
-856
-982
-235
549
596
29
-541
-756
-719
-214
386
559
104
-449
-395
-47
253
418
636
771
439
-12
-204
85
668
1050
1198
845
254
-221
-290
194
601
583
11
-595
-874
-926
-811
-732
-729
-848
-1195
-1532
-1646
-1607
-1664
-1614
-1316
-1055
-1169
-1601
-1577
-1280
-982
-743
-628
-690
-987
-1065
-742
-216
-151
-471
-651
-529
-141
127
377
911
2080
3860
4373
2515
-362
-737
2715
7127
8426
4878
-424
-3038
-747
4404
7454
5757
830
-3129
-3480
-1421
380
237
-919
-1934
-2457
-2727
-3360
-3975
-4048
-2967
-1104
-3
-883
-3446
-5503
-5063
-1885
1717
3108
1388
-1894
-3866
-2506
1509
4910
5422
3346
194
-1600
-539
2413
4326
3238
819
-826
-1414
-1805
-1687
-908
-716
-1342
-2124
-2728
-3951
-5024
-4349
-2192
-544
-865
-2368
-3911
-4287
-2911
-549
906
1428
1799
2602
3287
4007
4668
4529
4081
4822
7271
8827
7579
4514
2123
2406
4913
7691
8133
5005
285
-2766
-2344
-39
1258
136
-2486
-4630
-5669
-5758
-5514
-5220
-4884
-4749
-4689
-5056
-5872
-6794
-6538
-4514
-1883
-228
-694
-2549
-3936
-3277
-558
2540
4037
3067
850
-551
209
2427
4031
4616
4833
3839
1388
-816
-357
1746
3166
3240
1845
-1180
-4978
-5907
-2844
677
1035
-1628
-4499
-6203
-5900
-3483
-723
158
-1276
-2796
-3275
-2798
-1705
-587
243
504
190
-837
-2082
-1650
1524
5741
7662
6442
3599
1126
1123
4112
8677
10980
8771
3691
-305
-334
2869
6703
8215
6031
1178
-3440
-4859
-3354
-1261
-487
-1088
-2486
-4516
-6732
-8121
-7449
-5041
-2512
-1298
-2303
-4889
-7298
-7140
-3803
677
3326
2530
-337
-2725
-2761
-296
2990
5222
5082
2919
618
-236
429
1603
2640
3361
3438
2391
829
-538
-1703
-1411
905
3185
2673
-411
-3499
-5152
-4373
-1138
2171
2064
-1485
-4338
-4365
-2518
-299
1386
1526
-345
-2081
-2147
-1189
-502
89
530
-53
-1284
-2253
-2825
-2746
-602
3124
5769
5437
2484
-872
-2209
560
6749
11385
10103
3391
-3020
-3980
846
7594
10705
7679
908
-4640
-5635
-3058
143
1261
151
-1887
-3836
-5536
-6912
-6815
-4980
-2265
-416
-1092
-4251
-7968
-9118
-6135
-707
3386
3203
-789
-5269
-6552
-3347
1941
5497
5094
1627
-1836
-2760
-960
1744
3530
3726
2745
1084
-704
-1633
-1445
1332
5298
6427
3219
-1692
-4054
-3155
687
4980
5724
1369
-4288
-5352
-1935
2116
4008
3243
549
-2932
-4046
-2651
-899
-65
-41
-285
-1617
-3414
-4551
-4524
-3109
-1112
116
430
951
2283
3517
3345
2167
1557
3039
6804
10165
9438
4077
-1074
-1075
4015
9812
11295
7237
463
-4028
-3487
-81
2559
2098
-662
-3655
-5312
-5561
-5498
-5143
-4197
-2965
-2522
-3539
-5524
-7626
-8049
-5507
-1013
2108
1125
-2851
-6459
-6581
-2595
2688
5324
3477
-881
-3943
-3155
543
4053
4752
2738
164
-1064
-822
453
3085
4554
3577
1345
-273
-1173
-1907
-352
2163
2344
-656
-3755
-3962
-2766
-943
835
1189
-824
-3638
-4273
-3205
-1821
-864
-450
-697
-1915
-2977
-3336
-2977
-1844
-798
-541
-1417
-1796
-13
3129
6208
7006
4812
1418
392
4282
10060
12684
9399
2730
-1457
185
6288
11197
10615
4985
-1441
-4124
-2665
121
1123
-301
-2378
-4035
-5052
-6082
-7008
-7111
-6092
-4175
-3016
-4064
-7069
-9538
-8910
-5015
-203
1998
75
-3993
-6357
-4670
-1
4342
5113
2308
-1147
-2084
-81
2879
4457
3998
2529
1203
920
1279
3481
4285
2227
245
877
2364
642
-917
-568
-542
-2186
-2731
-270
273
-1593
-2537
-1176
-451
-1932
-2127
-1392
-1239
-1741
-1548
-599
-776
-1272
-1852
-2053
-1303
-730
-817
-1792
-2062
-527
2146
4963
6764
6132
2614
-559
551
5931
11265
12028
7095
65
-3074
176
7146
11731
9829
2766
-4170
-6021
-3168
361
1330
-203
-2531
-4806
-6406
-7142
-7026
-6103
-4553
-2788
-2566
-4662
-7746
-9346
-7422
-2508
2165
3035
-275
-4810
-6784
-4254
1184
5681
5911
2039
-2146
-2965
-432
2976
4738
4243
2298
333
-222
322
1410
2505
3021
2518
1347
119
-1490
-2498
-1412
667
1265
-266
-1934
-2464
-1934
-652
889
1435
24
-1777
-2252
-1554
-617
-103
35
-475
-1321
-1904
-2165
-2145
-2077
-1895
-2001
-2092
-1884
-903
975
2989
4870
5392
3875
1553
891
4014
8867
11475
8984
3204
-781
292
5685
10472
10273
4795
-1864
-4674
-2957
386
1772
352
-2249
-4579
-5744
-6202
-6169
-5740
-4963
-3774
-3225
-4199
-6545
-8591
-7940
-4358
-182
1544
-226
-3945
-6447
-5231
-795
3651
4560
1865
-1474
-2544
-719
2078
3826
3642
2204
912
1031
2821
3973
2756
707
834
2813
3078
1118
-995
-1924
-1958
-869
1492
2359
126
-2789
-3002
-850
714
804
-183
-1579
-2618
-2432
-1098
-324
-618
-1594
-2489
-2398
-1907
-1948
-2755
-3141
-2267
-1372
-860
358
2581
4414
5162
5004
3919
2647
3169
6644
10598
10980
6681
1328
-318
2847
7995
10587
7931
1722
-3628
-4647
-2003
727
622
-1936
-4722
-6361
-7102
-7578
-7445
-6518
-5352
-4513
-4755
-6243
-8297
-8998
-6808
-2653
614
497
-2516
-5728
-6111
-2813
1973
4929
4150
897
-1751
-1418
1405
4065
4868
4125
3062
2274
2763
3937
3919
2421
1857
3144
3590
2022
-130
-1161
-1242
-617
975
1628
15
-2355
-2763
-1283
-281
-482
-1447
-2339
-2656
-2111
-1165
-1005
-1734
-2243
-1897
-1107
-833
-1255
-2167
-2659
-2102
-927
-97
-263
100
1775
4329
6728
6768
4059
831
989
5956
11639
12926
7689
291
-2779
970
8356
12472
9543
1766
-4699
-5456
-2020
1388
1281
-1547
-4614
-6378
-6693
-6792
-6925
-6839
-5913
-4425
-3812
-5147
-8064
-9910
-8312
-3565
1042
1829
-1519
-5998
-7427
-4097
1661
5545
4809
685
-2905
-2822
424
4040
5435
4100
1759
307
1247
3309
3453
1569
900
2533
3388
1829
-297
-1757
-2371
-1345
1444
2827
161
-3870
-4776
-2408
-151
177
-697
-2216
-3533
-3239
-1447
56
-109
-1212
-2025
-1597
-586
-525
-1122
-1447
-1014
-553
-556
-518
-574
-56
1658
4419
6967
7167
4669
1355
422
4019
9859
13133
10066
2658
-2693
-1625
4987
11148
11178
4663
-3287
-6635
-4543
-513
1395
39
-2868
-5548
-7004
-7540
-7512
-6752
-5265
-3612
-3106
-4714
-7807
-9941
-8703
-4196
634
2328
-182
-4733
-7636
-6036
-558
4853
6120
2944
-1384
-3066
-1033
2766
5640
6041
4467
2426
2154
3181
2986
1716
2091
4647
5780
3558
-270
-3302
-3940
-1457
2876
4711
1269
-4327
-6616
-4246
-463
1735
1277
-1294
-3758
-4019
-2105
-101
593
48
-652
-1058
-1164
-1513
-1924
-1298
17
833
-19
-1374
-2290
-2418
-608
2850
6217
7482
5762
2426
-305
357
5303
11272
13029
7955
83
-4123
-1389
5917
11405
10456
3557
-3991
-6954
-4781
-645
1409
224
-2736
-5595
-7462
-8462
-8260
-6795
-4587
-2902
-3094
-5467
-8852
-10555
-8432
-3168
1663
2462
-1227
-6237
-8296
-5316
896
5844
6123
2170
-2282
-3558
-941
3222
6057
5964
3767
914
300
2242
3500
2910
2295
3403
3363
1027
-1252
-1993
-1644
-674
1754
3098
522
-3769
-5108
-2234
1037
2098
1036
-1017
-2667
-2705
-687
1464
1942
823
-867
-1590
-1200
-488
-274
-305
-68
-267
-1336
-2172
-1795
-978
-398
1053
3217
5249
6329
5272
2731
287
1471
6920
12406
12526
5719
-2015
-4065
1384
9661
12988
8691
-176
-6509
-6376
-1967
1955
1786
-1453
-5019
-6798
-7021
-6927
-6511
-5851
-4727
-3789
-4214
-6435
-9445
-10336
-7475
-2106
1936
1475
-3250
-8263
-8581
-3313
3686
7012
4645
-619
-4317
-3472
859
5377
6929
5115
1985
598
2189
3537
2837
1689
2835
4740
4159
1358
-1726
-3159
-2254
1281
4750
3513
-2027
-6535
-5619
-1186
2167
2144
-664
-3697
-4895
-3396
-753
686
287
-1476
-2706
-2762
-1857
-1117
-784
-167
35
-487
-1852
-2414
-1923
-1179
386
2648
4791
5955
6057
4912
2583
1382
3894
9431
13171
10663
3353
-2772
-2313
4410
11444
12513
6225
-2603
-7339
-5570
-635
2229
949
-2693
-5900
-7482
-7832
-7514
-6658
-5486
-4410
-4215
-5567
-8165
-10296
-9574
-5389
-195
2279
14
-5035
-8307
-6466
-248
5778
7284
3659
-1540
-3834
-1482
3421
7168
7294
4504
1300
708
3108
4306
3301
2585
3835
4435
2315
-36
-1608
-2257
-1400
1475
3444
494
-4544
-6373
-3491
63
1099
80
-2273
-4354
-4692
-2686
6
846
-104
-1772
-2458
-1699
-655
-2
457
1004
863
-293
-1501
-1689
-824
214
1918
3745
4591
4823
5435
5663
4149
2149
3043
7536
11633
10558
4427
-1546
-2265
3063
9773
11769
6758
-1813
-7243
-6295
-1521
1944
1242
-2336
-6196
-8424
-8620
-7313
-5710
-4984
-5185
-5729
-6640
-8087
-9322
-8687
-5425
-1154
923
-915
-5005
-7576
-5838
-507
4763
6167
2883
-1925
-3864
-1199
3792
7347
7292
4155
680
-65
3135
5987
5307
3297
2578
2886
1858
461
-361
-963
-865
341
1726
71
-3523
-4894
-2870
16
430
-1027
-3000
-4384
-3907
-1865
270
338
-1377
-3001
-3190
-1463
344
860
301
-432
-803
-946
-914
-602
-115
-175
40
1368
3200
4829
6287
6584
4572
1346
878
5168
10880
12441
7565
437
-2971
177
7131
11698
9529
1780
-5390
-6818
-3240
715
1215
-1337
-4495
-6612
-7552
-7791
-7404
-6620
-5603
-4588
-4471
-5955
-8499
-9706
-7496
-2542
1546
1685
-2016
-6149
-6718
-2533
3569
7343
6384
2137
-1384
-1090
2485
6283
7677
6150
3459
1684
3366
5155
3989
1574
1550
3800
3707
1569
-1219
-3409
-3971
-1925
2052
2395
-1863
-6356
-6608
-3288
-913
-552
-2223
-4355
-5109
-3782
-1214
-94
-508
-1613
-2063
-964
424
713
-145
-344
383
877
278
-756
-1186
-1164
-409
1217
2790
3438
3858
5379
5961
4216
1307
1398
5902
10560
10856
5606
-843
-3181
482
7358
10897
7374
-927
-7118
-6695
-2214
1236
667
-2362
-5262
-7061
-7447
-6971
-6073
-5486
-4920
-4176
-4012
-5291
-7645
-8385
-5811
-965
2494
1968
-1662
-5049
-4887
-679
5050
8108
6166
1401
-1921
-1095
2542
5793
6682
4851
2113
426
1823
4128
3880
2004
1490
2676
1933
-260
-1544
-1682
-1511
-894
674
319
-2936
-5529
-4423
-1278
-41
-831
-2184
-3104
-3312
-2536
-737
484
345
-722
-1529
-1040
113
693
415
460
828
552
-892
-2005
-1811
-848
-101
635
1329
1503
1483
3101
5922
6526
3646
257
1227
6142
10391
9704
4254
-1248
-2262
2614
9198
10895
5377
-2888
-6457
-3759
778
2390
196
-3448
-6276
-7102
-6107
-5066
-5208
-6101
-5961
-4757
-4223
-5453
-7282
-7278
-4566
-559
1861
921
-2677
-5798
-4935
234
5874
6965
2827
-2275
-3765
-654
3893
6612
5662
2328
-708
-199
3336
5323
3889
1327
1245
1946
1425
186
-776
-1301
-1517
-180
853
-775
-4126
-5622
-3307
-376
529
-868
-3131
-4452
-3811
-1187
1225
1590
43
-1818
-2198
-924
999
1709
1025
238
-557
-1367
-1986
-1856
-1062
-425
-469
-761
-686
130
1563
3878
6268
6061
3033
-238
699
5927
10792
10854
5459
-607
-2197
2334
9267
11669
7023
-953
-5268
-3759
97
2011
461
-2449
-4672
-5612
-5644
-5611
-5690
-5555
-4455
-2975
-2650
-4535
-7395
-8032
-4923
86
2907
1503
-2787
-6191
-5217
-37
5488
6687
2825
-1810
-3066
-61
3973
5866
4836
2328
533
545
3694
4958
2342
-898
-284
2748
2683
637
-1750
-3148
-3468
-1800
1265
452
-3557
-6209
-4418
-1036
-278
-1221
-2708
-3395
-2991
-1255
821
816
-666
-1982
-1575
342
1635
1251
-267
-640
-118
30
-508
-810
-690
-1398
-1695
-1535
-1039
-661
330
2393
4486
5940
4741
2246
460
2081
6957
10884
10505
4849
-1333
-2645
2393
9728
11907
6943
-1271
-5909
-4658
-526
2399
1452
-1887
-4916
-6107
-5758
-5403
-5099
-4700
-3661
-2919
-3735
-6093
-8322
-7679
-4253
-232
1383
-422
-3946
-6362
-4893
-108
4503
5343
2068
-1845
-2997
-558
3127
5329
5029
2621
289
-732
1314
4486
4596
2157
652
1631
1408
-35
-145
491
-79
-1590
-1132
-402
-1810
-3391
-2488
252
621
-1249
-2686
-2547
-1426
-217
852
847
-281
-1301
-1216
-8
1003
976
136
-214
57
38
-965
-1749
-1575
-1341
-1397
-1255
-1080
-1373
-1509
143
2674
4875
6201
5167
2417
-469
799
6234
11243
11169
5045
-1538
-3100
1889
9302
12000
7569
-665
-5807
-4850
-469
2542
1576
-1659
-4418
-5366
-5151
-4939
-4899
-4898
-4155
-3186
-3386
-5517
-8132
-8489
-5742
-1345
1357
396
-3573
-7152
-6531
-1601
4054
5789
2675
-1984
-3922
-1719
2307
4965
4981
2697
319
-849
1032
3905
3560
1472
604
1733
1028
-1130
-1534
-767
-445
-1014
-605
-473
-2388
-3678
-2351
543
1086
-973
-2828
-2985
-1505
265
1455
1132
-507
-1779
-1651
-109
1402
1424
63
-950
-814
-448
-770
-1039
-582
-330
-929
-1348
-1273
-1162
-583
884
3086
4216
4859
5216
4466
3044
2106
4662
9265
11902
9620
3504
-706
340
6234
11761
11455
5212
-2607
-5613
-2848
1884
3699
1088
-2923
-5865
-6752
-6426
-5664
-4910
-4536
-4361
-4920
-6022
-7781
-8861
-7582
-4113
-419
370
-2198
-6026
-7456
-4809
112
3962
3819
287
-3328
-3924
-902
2896
4850
3795
1161
-1178
-1559
1129
3507
3137
883
305
890
530
-226
-361
-211
-697
-601
208
-629
-2700
-3293
-933
1370
848
-1322
-2818
-2506
-1143
515
1101
200
-1160
-1801
-1240
-91
886
777
-184
-673
-742
-490
-386
-249
88
-168
-391
-487
-447
-883
-1140
207
2538
4269
5344
5847
4908
2478
402
2183
7409
11885
10978
4370
-2389
-3581
2437
10585
13236
7461
-2397
-7864
-5747
128
3613
2113
-2048
-5758
-7394
-6964
-5750
-4723
-4261
-3970
-3935
-4754
-6748
-8676
-8343
-4995
-421
1935
206
-4377
-7775
-6620
-1088
4913
6563
2815
-2696
-4942
-2233
2663
5814
5427
2420
-571
-1667
903
4276
4733
2597
1144
1943
1765
536
-124
247
658
730
1324
550
-1924
-3484
-1882
1265
1803
-344
-2765
-3545
-2592
-794
817
818
-620
-2112
-2453
-1187
476
1026
228
-445
-358
-387
-458
-215
357
586
-101
-483
-881
-1042
-1152
-687
786
2158
3104
3777
5114
5417
3656
1219
1462
5744
10492
11446
6873
241
-2952
293
7942
12584
9224
149
-6843
-6646
-1821
2308
2168
-1268
-5149
-7479
-7460
-6360
-5328
-4830
-4533
-4254
-4776
-6531
-8552
-8521
-5499
-1352
829
-385
-3786
-6976
-6927
-2742
3142
6004
3414
-1751
-4757
-3173
1298
5096
5813
3460
51
-1818
-828
3460
6304
5350
2373
799
1021
387
418
1517
2491
1623
-397
-1239
-1962
-2264
-1035
1068
1763
-704
-3541
-4325
-2821
-516
981
1055
-583
-2484
-3182
-2071
139
1520
1235
-176
-1145
-1161
-481
566
1750
1957
775
-894
-1487
-915
92
798
1251
1269
1091
1391
3290
6676
8159
5698
1240
131
3668
8512
10289
7542
2312
-1823
-1490
3418
8089
7576
2009
-3299
-4928
-3812
-2177
-1156
-1036
-2388
-4664
-6277
-6484
-5721
-5042
-4130
-2877
-2167
-3307
-5675
-6801
-5361
-2012
796
1419
-604
-3995
-5666
-3361
1368
4360
3403
35
-2400
-2033
361
2881
3793
2583
509
-681
233
2736
3639
2387
1379
1539
1569
463
293
964
835
-239
-950
-612
-1091
-2054
-2029
-975
-437
-1357
-2409
-2755
-2407
-1556
-399
402
-41
-1320
-2196
-1540
476
1848
1252
-47
-463
36
527
1219
1778
1364
54
-734
-118
338
193
-251
-181
81
-74
-89
281
2460
5874
6892
3667
-1906
-3222
1733
9271
12717
8007
-853
-6477
-3185
6186
12520
10097
1096
-6057
-6551
-1882
2498
2970
429
-2744
-4412
-4565
-4254
-4358
-4502
-3591
-1948
-1337
-3386
-6889
-8820
-7165
-2535
1719
2370
-1480
-6690
-8585
-5149
1331
5621
4518
-565
-4935
-4780
-570
3977
5476
3346
6
-1740
-872
1235
2852
3596
3750
3817
2334
-263
-2222
-1277
2054
4538
3846
-162
-4251
-5389
-2578
2121
4233
2102
-2418
-5060
-3852
-616
2073
2595
1453
-507
-1997
-1992
-812
791
1876
2046
1267
-388
-2080
-2558
-1029
1359
2594
1102
-1879
-3841
-3523
-1670
571
1910
882
-1665
-3274
-1702
2594
6626
7034
3357
-989
-1743
2350
8430
11248
8229
1933
-1892
130
5705
9340
7917
3344
-277
-1003
-51
719
586
-102
-590
-936
-1874
-3954
-6227
-6578
-4204
-1096
-484
-3260
-7351
-9505
-7857
-3541
227
421
-3254
-7584
-8507
-5267
-615
1912
1042
-1608
-3530
-3229
-1182
958
1884
1607
938
503
183
-5
1
1955
4284
4511
2449
-336
-1361
-796
1793
4426
3940
223
-3686
-3679
-834
1934
2701
1186
-1251
-3295
-3005
-1013
738
1225
452
-686
-1822
-2174
-1444
-209
952
1221
270
-1269
-1839
-1071
294
1234
1344
921
-581
-1975
-1732
117
2387
2546
1058
-833
-1138
775
3296
5911
7077
6092
3346
726
1607
5252
9165
10224
7504
2829
-908
-151
4697
9132
8881
3827
-1462
-3802
-2840
-644
800
629
-1219
-3868
-5998
-6495
-5751
-4539
-3337
-2546
-2966
-5189
-7694
-8281
-6105
-2767
-644
-969
-3603
-6394
-6870
-4039
285
2579
1549
-1245
-3329
-3162
-960
1853
3391
2786
759
-949
-1101
57
1821
3311
3812
3560
1749
-715
-2308
-1089
2091
3902
3038
-169
-3398
-4605
-2595
1384
3333
1643
-2119
-4300
-3783
-2024
-130
925
785
-455
-1866
-2327
-1735
-363
1017
1818
1389
-157
-1730
-1918
-173
2205
3484
2382
-138
-1984
-1917
-62
1979
2705
1429
-149
-887
-388
831
2324
4868
6620
5783
2151
-1148
-215
4392
9423
10229
5934
-96
-2925
373
6257
9173
6402
645
-2927
-2915
-837
768
930
-104
-1630
-2814
-3658
-4349
-4880
-4583
-3251
-1881
-2126
-4485
-7257
-8271
-6343
-2811
-274
-473
-3555
-6743
-7087
-3764
736
2887
1461
-1810
-3638
-2627
90
2378
2926
1926
609
-103
202
1035
1743
2165
2842
3762
2887
88
-2055
-865
2054
3475
2769
644
-2063
-3863
-2576
1110
3191
1626
-1515
-3023
-2443
-776
927
1448
620
-560
-1038
-787
-253
520
1251
1666
1712
1253
277
-481
41
1556
2500
1598
-112
-1504
-1926
-1496
-288
450
2
-801
-1618
-1257
-650
481
2396
4147
4346
2014
-323
309
3919
8150
9203
6354
1631
-651
1806
6552
8994
6602
1755
-1255
-1180
405
1159
481
-881
-2037
-2789
-3673
-4933
-6025
-5938
-4741
-3486
-3744
-5748
-8061
-8723
-6943
-4217
-2419
-2590
-4380
-6011
-6174
-4193
-1218
594
225
-1507
-2530
-1774
73
1609
2243
2187
1770
1434
1352
1605
2327
3001
3575
4185
4106
2395
196
225
2507
4250
3538
1542
-366
-1538
-1133
1004
2875
2310
-70
-1518
-1161
-188
550
970
818
103
-506
-704
-424
94
715
978
469
-306
-1168
-1623
-1122
143
724
-156
-1485
-2257
-2519
-2030
-902
-162
-626
-1982
-2533
-2046
-80
2320
3446
2874
2566
3864
4791
3885
2865
4153
6974
8469
7418
4652
1889
1227
4061
8287
9110
4902
-842
-3412
-2114
302
1437
658
-1449
-4170
-6280
-6632
-5472
-4336
-4482
-5304
-6084
-6783
-7571
-7927
-7128
-5515
-3969
-3179
-3434
-4824
-6152
-5478
-2437
1070
2239
610
-1812
-2473
-809
1789
3847
4330
3099
1207
359
1257
3141
4208
4454
4202
3293
1792
328
586
2236
3700
3324
1186
-901
-2216
-1780
-44
1728
1701
-592
-2822
-3170
-1681
-218
353
100
-836
-2025
-2627
-1821
-291
631
551
-62
-692
-1256
-1345
-640
570
1125
578
-606
-1429
-1341
-676
298
853
653
-321
-1163
-880
732
3299
4837
4142
2817
3230
5041
5871
5000
4260
4895
6469
7292
6482
3881
1160
1023
4074
6967
5900
1090
-3241
-4090
-2021
-60
-225
-2207
-4635
-6430
-6655
-5637
-4937
-5706
-6869
-6851
-5851
-5363
-5941
-6583
-6371
-5320
-3615
-1809
-1358
-2853
-4540
-3909
-808
2156
2748
1277
-301
-202
1289
3138
4304
4216
3157
2231
2058
2594
3197
3795
4535
4217
2693
826
67
746
2035
2811
1639
-630
-2453
-2552
-1159
242
1035
223
-1668
-3117
-2876
-1380
-419
-246
-621
-1176
-2013
-2576
-2214
-1355
-409
302
108
-1066
-2269
-2318
-867
921
1629
1030
-336
-1300
-941
186
1400
1678
927
52
-289
315
1173
3217
4263
3288
858
1100
5065
7829
6474
2312
474
2253
5884
8738
7793
3392
-1271
-1246
3267
6798
5524
321
-3650
-4278
-2560
-981
-1018
-2428
-4813
-6558
-6400
-5140
-4854
-6278
-7119
-6300
-4558
-4055
-4833
-5871
-6178
-4913
-2323
196
420
-1817
-3869
-3005
689
3863
4235
2302
300
38
1451
3553
4788
4192
2546
1571
2097
3050
3557
3528
3060
2416
1386
511
52
421
1225
957
-464
-2051
-2478
-2001
-1395
-812
-848
-1856
-3034
-3023
-2088
-1509
-1276
-920
-495
-859
-1616
-1546
-639
401
1043
1115
546
-170
-312
402
1460
1907
1594
710
-41
-203
53
559
912
950
385
-209
147
1142
2337
2003
1045
391
1985
5547
6962
4778
71
-1677
1416
6622
9555
6784
763
-3831
-2965
2135
6056
5605
1084
-3172
-4773
-3835
-2168
-1545
-2060
-3474
-4647
-5228
-5638
-6055
-6375
-5463
-3701
-2276
-2641
-4440
-5894
-5635
-3077
253
2291
1326
-1624
-3323
-2023
1521
4438
4967
3342
1261
440
1169
2933
4082
3923
2560
1385
1194
1406
1281
1454
2494
2597
1101
-1041
-1568
-926
-218
420
266
-1050
-3235
-4018
-2366
-471
-111
-1266
-2305
-2530
-2032
-1221
-680
-321
-97
-10
-216
-399
-236
87
689
1496
1881
1084
-239
-465
612
1746
1818
1236
350
-543
-703
176
1350
1295
38
-1141
-1039
-9
940
1512
1809
1524
703
72
1717
4531
5731
3963
1076
354
1860
4455
5770
4774
2072
-583
-747
1154
2830
2334
-26
-2009
-2895
-2957
-2954
-2827
-2619
-2713
-3165
-3790
-4303
-4621
-4689
-4020
-2513
-1315
-1771
-3445
-4624
-3775
-1462
690
1383
367
-1323
-2206
-1132
1192
2980
3156
2019
780
195
703
1998
3036
3037
2188
1239
986
1096
1368
1397
1183
904
334
-211
-947
-1314
-1161
-933
-877
-1250
-1914
-2507
-2464
-1721
-853
-561
-991
-1526
-1743
-1390
-479
520
897
515
-144
-223
312
922
1250
1211
1034
907
559
381
325
473
642
529
216
-264
-420
-297
-80
-29
-153
-13
118
310
436
514
722
839
1280
1616
2183
2926
3086
2496
1232
1076
2328
3980
4814
3949
2175
514
492
2033
3445
3316
1606
-232
-1484
-1809
-1438
-1030
-1091
-2000
-3119
-3771
-3948
-3958
-4003
-3584
-2776
-2368
-2905
-3815
-3965
-3075
-1673
-634
-248
-583
-1186
-1306
-525
782
1727
1916
1402
743
499
744
1414
2014
1993
1281
629
653
645
258
-343
-356
106
54
-600
-1573
-2168
-2274
-1938
-1126
-753
-1379
-2483
-2775
-1667
-411
55
-306
-648
-755
-557
-91
491
957
977
868
869
927
855
822
1220
1952
2189
1582
600
67
251
1028
1647
1384
488
-455
-715
-296
585
1151
1119
564
-217
-331
168
947
1420
1515
1367
1288
1402
1920
2638
3178
3039
2474
2385
2717
3131
3036
2485
1794
1193
1032
1079
873
127
-793
-1511
-1870
-2047
-2419
-2826
-3069
-3252
-3398
-3419
-3419
-3617
-3729
-3422
-2724
-2199
-2285
-2607
-2546
-1834
-934
-358
-373
-784
-1023
-631
306
1065
942
116
-271
25
568
921
1053
1175
860
700
687
613
354
133
239
169
174
2
-624
-1625
-1992
-1140
-157
-73
-824
-1617
-1818
-1333
-73
886
669
-365
-837
-203
774
1452
1602
1421
1194
1133
1155
1149
1286
1765
2082
1762
1080
566
297
469
1070
1563
1356
489
-328
-467
-131
256
513
441
-13
-672
-1017
-786
-207
146
202
142
147
264
666
1341
2269
2793
2227
1130
732
1714
3151
3713
2826
1119
-120
-50
1368
2788
2561
600
-1566
-2235
-1472
-611
-740
-1510
-2272
-2844
-3027
-3009
-2900
-2796
-2764
-2492
-2103
-2141
-2556
-2753
-2180
-1150
-489
-550
-966
-1338
-1376
-1043
-321
417
508
-91
-789
-848
-304
326
860
1135
669
-473
-1283
-778
296
876
563
-396
-1504
-2238
-1766
-321
636
123
-1108
-1779
-1455
-348
702
1200
952
444
486
1137
1963
2319
2090
1929
2052
2081
1619
1105
1166
1591
1868
1490
745
-94
-590
-248
551
1083
508
-779
-1763
-1758
-787
78
222
-477
-1403
-1896
-1555
-547
278
374
71
-52
175
610
1243
2057
2771
3093
3159
3115
2973
2886
3040
3571
4252
4456
3749
2322
986
841
2064
3213
2875
846
-1600
-2836
-2473
-1323
-820
-1735
-3560
-5007
-5039
-4102
-3173
-3062
-3579
-3960
-4028
-3850
-3569
-3190
-2776
-2308
-1821
-1734
-2013
-2288
-2028
-1134
-174
122
-304
-886
-1004
-372
505
1430
1575
835
-58
65
1113
1798
1954
1493
692
-66
-53
980
1791
1668
937
471
519
757
966
917
815
765
660
442
83
-56
6
254
415
206
-435
-1152
-1059
-278
435
368
-240
-708
-792
-498
-54
160
-44
-311
-442
-518
-491
-344
-111
110
274
328
242
70
132
512
1200
1780
1896
1681
1355
1622
2605
3511
3476
2583
2098
2374
3091
3809
3925
3408
2292
1157
852
1152
1624
1465
394
-1012
-2049
-2329
-2163
-1798
-1568
-1819
-2678
-3659
-4188
-4072
-3423
-2693
-2266
-2549
-3257
-3619
-3325
-2446
-1616
-1282
-1424
-1613
-1731
-1592
-1067
-401
213
408
380
200
167
567
1290
1917
2241
2145
1722
1183
842
1216
1792
1840
955
-128
-650
-576
-135
200
170
-368
-1008
-1266
-1069
-706
-542
-683
-908
-788
-518
-511
-668
-553
-137
302
431
185
-162
-193
328
1049
1210
731
117
-123
240
793
1162
1032
477
-54
-263
-78
507
983
927
359
-226
-391
-80
465
931
1031
652
130
-179
133
834
1425
1531
1183
818
671
760
1042
1285
1260
1021
753
743
948
1126
1054
740
385
146
135
278
402
238
-268
-890
-921
-622
-491
-718
-1179
-1541
-1927
-2064
-1799
-1406
-1311
-1521
-1705
-1566
-1434
-1520
-1474
-1011
-580
-615
-908
-976
-695
-309
-73
300
656
544
190
-97
261
563
778
870
781
391
-56
158
410
500
309
131
-167
-586
-727
-731
-702
-693
-509
-314
-343
-395
-479
-512
-334
27
332
337
187
90
146
367
536
546
424
379
566
768
756
697
600
480
540
721
882
657
423
308
324
452
468
592
570
487
271
158
271
525
899
1009
907
534
106
49
511
1137
1082
500
4
-42
20
100
209
300
169
-289
-459
-260
-2
10
16
148
33
-230
-318
-119
90
90
27
-23
-353
-779
-739
-265
-24
-386
-980
-1381
-1487
-1220
-728
-443
-680
-1252
-1503
-1331
-923
-614
-468
-534
-665
-588
-511
-577
-615
-485
-358
-318
-200
-380
-794
-1036
-673
-117
-134
-512
-968
-1121
-1076
-959
-750
-590
-544
-622
-732
-671
-398
-94
102
183
265
382
502
534
690
1003
1347
1677
1768
1559
1393
1529
1911
2234
2297
2161
1967
1933
2092
2189
2038
1675
1460
1373
1213
961
687
556
506
492
320
-2
-292
-367
-407
-335
-141
-162
-531
-1000
-1110
-817
-463
-362
-673
-1119
-1290
-972
-347
58
-67
-467
-604
-196
282
372
175
72
114
11
-101
-54
-3
22
-128
-193
-109
-184
-284
-352
-322
-242
-184
-312
-527
-774
-928
-807
-564
-315
-464
-954
-1185
-968
-648
-626
-809
-1039
-1105
-1050
-980
-826
-842
-961
-1168
-1118
-954
-811
-953
-1312
-1393
-1295
-1060
-906
-845
-937
-941
-699
-315
-121
-159
-219
-35
311
553
638
588
574
759
1162
1580
1808
1561
1272
1255
1537
1921
2118
1982
1751
1511
1338
1435
1572
1621
1476
1175
955
920
983
1073
1080
977
879
769
566
527
503
467
482
406
244
29
-190
-319
-226
-46
-46
-240
-548
-707
-632
-208
143
3
-432
-660
-414
-42
155
76
-57
-137
-191
-63
183
292
252
-7
-143
-23
79
-13
-228
-291
-316
-333
-303
-262
-425
-654
-784
-678
-471
-507
-760
-955
-921
-883
-1052
-1324
-1402
-1338
-1391
-1616
-1789
-1788
-1720
-1750
-1675
-1675
-1870
-2150
-2128
-1754
-1377
-1251
-1270
-1352
-1371
-1097
-566
-61
147
118
132
499
987
1327
1313
1050
1028
1416
1953
2287
2209
1806
1506
1586
2072
2480
2505
2127
1640
1473
1670
1937
1881
1585
1397
1359
1407
1347
1089
807
689
743
853
673
361
51
-104
-23
86
143
-127
-582
-867
-928
-796
-711
-764
-1029
-1386
-1444
-1146
-911
-1013
-1229
-1295
-1089
-758
-650
-920
-1223
-1103
-530
-81
-72
-344
-472
-376
-79
443
815
775
405
314
530
869
1002
838
586
416
406
486
373
-12
-424
-596
-399
-354
-588
-1003
-1208
-1128
-996
-1000
-1168
-1331
-1369
-1333
-1288
-1253
-1265
-1262
-1123
-980
-903
-833
-734
-524
-293
-109
95
328
577
834
1075
1329
1413
1309
1264
1383
1768
1998
1880
1509
1218
1243
1412
1573
1632
1382
1063
837
692
562
458
404
351
342
304
138
-181
-366
-348
-293
-222
-203
-328
-588
-720
-627
-346
-124
-235
-450
-580
-490
-342
-401
-623
-709
-580
-428
-344
-410
-579
-668
-493
-223
-96
-191
-382
-451
-280
95
476
611
460
160
-31
128
462
709
620
227
-75
-125
9
190
205
63
-182
-339
-359
-515
-762
-885
-843
-836
-991
-1020
-951
-930
-1099
-1153
-974
-888
-902
-1024
-1009
-919
-819
-734
-597
-416
-359
-312
-208
71
337
580
811
1107
1263
1200
1302
1636
1967
2077
2053
1898
1726
1630
1637
1696
1691
1533
1304
1031
734
564
453
470
589
614
393
4
-275
-310
-207
-137
-212
-428
-766
-1049
-1140
-1091
-895
-816
-876
-1055
-1090
-978
-843
-647
-531
-544
-592
-554
-506
-429
-339
-225
-139
-27
-34
-212
-257
-200
-38
110
102
-43
-166
-189
50
383
496
394
219
1
5
245
382
398
257
19
-95
-81
32
176
167
-62
-263
-392
-458
-510
-591
-724
-903
-965
-979
-1061
-1252
-1385
-1174
-903
-741
-783
-978
-1034
-801
-425
-138
-23
9
-24
-40
96
419
742
832
884
885
931
979
1086
1287
1367
1403
1390
1458
1442
1220
1036
1029
1127
1146
912
575
443
474
520
494
391
278
66
-178
-206
-115
-87
-231
-236
-158
-140
-105
-186
-212
-252
-307
-253
-160
-154
-287
-362
-250
-50
-22
-216
-287
-208
-36
66
59
-93
-193
-116
71
271
281
152
-68
-97
57
184
175
156
104
55
-23
52
156
224
308
270
197
152
148
123
8
-71
-90
-213
-373
-471
-589
-754
-922
-869
-743
-763
-869
-966
-965
-925
-952
-960
-865
-746
-776
-904
-962
-791
-559
-570
-586
-610
-634
-563
-279
36
96
50
41
217
426
568
597
643
734
767
815
860
1042
1306
1324
1168
1101
1040
1014
931
775
802
753
635
451
227
33
-81
-151
-199
-280
-401
-476
-538
-619
-740
-716
-567
-405
-377
-451
-484
-443
-494
-505
-330
12
175
72
-103
-192
-140
98
329
364
182
-110
-198
-1
309
413
379
373
363
287
222
261
418
559
593
523
414
221
55
127
410
688
694
418
11
-179
0
296
435
317
72
-200
-358
-283
-114
-183
-412
-619
-740
-836
-941
-909
-701
-491
-534
-792
-1090
-1126
-845
-501
-359
-388
-425
-474
-335
-17
364
547
545
552
537
535
664
893
1124
1185
1124
973
892
876
897
962
1024
1050
898
683
457
463
487
427
311
127
-6
-26
-96
-225
-383
-511
-561
-496
-432
-492
-598
-636
-522
-466
-417
-455
-529
-676
-857
-823
-683
-517
-462
-483
-526
-616
-576
-432
-279
-219
-286
-395
-373
-313
-226
-163
-197
-202
-214
-280
-453
-469
-342
-260
-306
-362
-354
-373
-347
-261
-236
-390
-478
-437
-292
-118
-67
-114
-211
-184
-63
144
261
237
157
177
337
495
684
601
302
165
333
516
467
333
241
239
248
272
293
236
272
356
411
409
339
275
286
446
557
532
438
385
466
512
512
583
775
846
664
489
498
617
757
821
832
709
536
418
336
412
537
550
448
215
-33
-113
12
263
386
207
-112
-225
-145
2
3
-119
-257
-424
-531
-537
-530
-534
-498
-385
-178
-53
-182
-381
-353
-103
187
345
221
-39
-240
-190
66
266
219
-49
-361
-504
-414
-233
-117
-170
-411
-863
-1133
-1045
-871
-744
-739
-851
-900
-846
-824
-798
-694
-478
-288
-249
-365
-502
-553
-432
-186
-18
-24
-198
-384
-526
-582
-494
-286
-154
-264
-560
-856
-883
-667
-446
-319
-351
-489
-687
-769
-619
-370
-136
-91
-107
-174
-257
-195
-41
235
563
679
608
543
622
867
1109
1330
1435
1409
1316
1268
1299
1383
1538
1595
1560
1340
1100
927
923
952
922
813
646
469
203
-33
-98
44
144
121
-49
-271
-369
-248
-17
114
-36
-267
-385
-299
-159
-162
-221
-237
-354
-420
-316
-269
-278
-333
-359
-306
-199
-143
-103
-101
-50
86
132
99
6
-5
-12
86
171
84
-48
-131
11
170
170
110
21
2
63
77
142
163
147
89
34
-6
-24
-65
-199
-293
-274
-231
-326
-534
-775
-849
-743
-653
-678
-890
-1078
-1105
-1003
-931
-870
-868
-917
-840
-705
-443
-181
-98
-134
-53
236
596
804
858
848
900
1000
1070
1160
1170
1161
1151
1072
930
819
689
665
704
668
533
247
107
72
88
95
23
-138
-304
-398
-376
-348
-405
-441
-608
-757
-669
-540
-530
-715
-895
-952
-775
-593
-497
-497
-558
-469
-352
-290
-181
-77
-18
20
73
71
10
20
228
418
413
360
238
166
149
182
209
304
400
327
164
73
23
2
-22
20
8
-116
-256
-351
-432
-433
-314
-236
-192
-214
-389
-591
-592
-395
-139
0
-174
-449
-500
-318
-14
112
-4
-209
-251
-2
316
541
538
450
483
613
768
964
1088
1041
991
955
1043
1127
1141
982
823
755
636
571
566
504
434
373
326
373
274
159
49
-14
4
2
-90
-200
-335
-465
-579
-610
-548
-609
-740
-892
-1046
-1076
-1006
-920
-807
-679
-474
-420
-470
-517
-527
-381
-157
64
91
45
35
102
267
384
486
458
313
194
213
191
109
45
18
58
25
-105
-250
-268
-210
-99
-58
-91
-147
-256
-330
-304
-225
-211
-229
-187
-180
-243
-353
-315
-161
-70
-30
-46
-87
-186
-199
-44
60
139
96
-79
-229
-198
-36
235
337
305
179
48
66
64
-4
-75
-52
-32
-167
-288
-287
-176
-94
-83
-72
-67
-30
-2
39
104
224
325
228
132
150
175
274
461
483
310
55
-11
121
295
442
418
272
168
149
195
314
475
442
250
68
67
223
397
510
431
330
243
252
378
533
684
647
491
422
433
441
449
447
416
289
157
54
65
118
155
159
66
-92
-251
-371
-376
-369
-386
-439
-602
-842
-1015
-1001
-844
-719
-734
-863
-907
-847
-762
-697
-566
-415
-233
-162
-124
-91
16
129
212
244
86
-158
-295
-281
-152
-109
-226
-290
-373
-513
-716
-736
-633
-522
-594
-803
-775
-580
-395
-265
-219
-226
-234
-149
-67
22
119
184
188
212
284
344
416
564
585
456
319
361
554
685
679
563
501
410
303
235
312
385
285
120
21
-18
60
239
381
418
288
205
254
346
391
386
412
492
544
571
632
711
702
694
637
597
638
654
641
714
812
731
611
554
452
397
432
424
326
123
-134
-307
-220
-147
-202
-372
-519
-475
-330
-308
-426
-619
-790
-705
-612
-544
-676
-906
-932
-829
-692
-594
-601
-716
-742
-632
-412
-290
-262
-360
-502
-549
-455
-219
-110
-193
-388
-486
-406
-197
-86
-121
-231
-305
-234
-136
-34
-79
-144
-100
1
36
30
63
7
-57
-9
59
65
30
23
26
19
2
-40
-110
-234
-249
-142
21
26
-77
-224
-203
-35
38
74
85
74
65
73
154
315
414
474
564
566
537
517
489
595
735
797
757
720
696
662
762
796
753
571
366
250
189
251
198
159
148
157
88
-68
-76
-14
24
19
-67
-180
-281
-340
-351
-408
-427
-502
-553
-565
-651
-720
-676
-601
-548
-530
-551
-562
-525
-470
-346
-254
-273
-324
-342
-258
-165
-24
49
63
201
295
329
409
445
493
448
468
489
457
386
223
93
70
66
60
23
-66
-90
-106
-39
57
43
-84
-87
-20
-17
-49
-82
-24
-18
-37
-74
-114
-103
-8
34
110
182
220
155
153
227
267
371
404
385
372
502
613
594
432
330
280
330
456
538
470
322
319
352
350
299
189
110
53
-15
-32
-44
-65
-144
-272
-315
-255
-271
-425
-566
-669
-709
-572
-462
-515
-695
-870
-925
-838
-702
-672
-753
-783
-828
-812
-720
-654
-571
-520
-461
-418
-327
-274
-184
-118
-65
7
69
160
162
186
164
248
392
437
337
201
117
155
249
348
465
493
521
498
489
451
335
235
125
44
-11
-74
-121
-116
-138
-177
-213
-256
-285
-309
-390
-436
-411
-332
-200
-100
37
78
24
11
88
189
345
487
560
559
493
510
604
700
783
838
801
702
559
429
350
388
403
337
302
241
230
161
207
173
113
100
-11
-67
-78
-41
-2
6
-19
-58
-159
-211
-224
-254
-269
-278
-228
-178
-219
-229
-239
-170
-81
-92
-117
-185
-152
-107
-62
-90
-119
-125
-176
-252
-299
-279
-247
-158
-64
-53
-118
-175
-79
128
254
276
146
34
36
137
227
261
143
-41
-89
-49
58
119
81
-56
-246
-373
-356
-290
-255
-311
-389
-469
-502
-492
-451
-411
-382
-368
-460
-557
-542
-489
-410
-334
-285
-230
-234
-252
-192
-184
-225
-266
-278
-224
-180
-112
-20
59
134
221
307
425
631
756
710
664
664
629
563
429
344
303
244
170
85
81
108
241
274
244
332
354
377
469
465
462
465
475
526
484
389
301
326
343
245
166
143
115
89
27
-94
-166
-170
-135
-101
-122
-180
-248
-294
-209
-62
36
24
-80
-121
-126
-153
-107
-63
-47
-195
-313
-299
-219
-126
-88
-65
-51
-80
-129
-105
-25
82
137
133
2
-54
-166
-222
-83
-8
-154
-415
-530
-635
-590
-468
-422
-462
-577
-598
-568
-460
-315
-220
-172
-222
-257
-225
-177
-145
-53
-67
-85
-60
-9
41
70
85
126
196
241
245
339
531
631
568
458
378
278
289
391
433
421
323
255
200
210
216
233
326
342
289
240
246
206
251
318
281
219
155
30
-140
-187
-202
-182
-124
-176
-307
-410
-436
-442
-342
-261
-247
-276
-355
-411
-422
-349
-277
-218
-263
-308
-271
-206
-120
-85
-124
-204
-242
-224
-241
-244
-235
-158
-52
63
112
133
169
203
301
381
373
285
240
209
187
240
274
245
183
114
108
167
217
286
272
217
168
103
77
70
54
116
183
191
163
105
87
180
255
220
160
124
204
253
314
359
369
341
333
363
388
293
228
171
63
69
73
108
138
92
-16
-70
-75
-40
-69
-158
-210
-167
-114
-139
-192
-226
-197
-147
-56
7
-93
-209
-204
-186
-218
-275
-344
-417
-465
-460
-408
-341
-371
-441
-467
-480
-395
-275
-220
-211
-190
-263
-289
-223
-213
-209
-209
-258
-357
-376
-399
-361
-346
-378
-442
-538
-545
-600
-578
-504
-452
-348
-328
-391
-442
-390
-255
-175
-74
-53
-68
-103
-86
65
219
321
328
230
154
133
110
243
435
509
501
502
487
527
532
549
650
729
686
611
570
512
543
649
649
615
560
463
421
357
448
524
527
567
557
521
457
462
535
550
474
378
339
365
367
424
409
328
232
127
160
219
276
323
216
73
9
-4
61
59
22
-109
-224
-196
-135
-139
-137
-139
-132
-113
-200
-268
-311
-354
-379
-410
-443
-480
-535
-475
-357
-312
-313
-391
-463
-494
-445
-378
-336
-369
-498
-614
-643
-565
-513
-476
-488
-547
-567
-528
-457
-451
-438
-402
-355
-276
-149
-156
-138
-105
-161
-158
-198
-200
-159
-211
-290
-279
-270
-292
-282
-287
-342
-327
-288
-233
-185
-156
-126
4
220
286
323
335
300
297
333
410
411
374
319
238
274
430
545
620
672
658
672
658
682
673
643
620
590
539
433
288
228
275
309
281
130
-56
-216
-290
-347
-285
-185
-224
-292
-413
-414
-345
-266
-249
-253
-261
-304
-248
-265
-280
-273
-251
-187
-106
-76
-94
-66
-13
17
-40
-88
-37
-26
-27
-13
16
57
29
99
208
297
351
401
415
380
397
329
294
335
322
203
85
119
134
175
229
183
104
48
56
33
-1
12
-8
-62
-108
-138
-258
-332
-348
-406
-436
-461
-439
-342
-286
-241
-165
-30
21
124
239
339
417
432
516
531
520
547
620
677
663
641
658
713
720
712
584
544
505
386
247
124
18
-10
-79
