63
57
46
42
38
36
33
26
18
9
4
4
9
10
2
-3
-1
-5
-5
-4
-4
-1
4
2
4
3
-4
-5
-11
-12
-14
-15
-21
-23
-24
-31
-37
-48
-55
-66
-77
-75
-75
-73
-77
-83
-84
-87
-90
-86
-87
-94
-101
-102
-93
-92
-89
-85
-80
-72
-66
-59
-53
-47
-43
-38
-31
-27
-19
-15
-13
-9
-8
-7
-4
-6
-6
-4
-1
1
6
4
0
-8
-18
-23
-21
-20
-12
-7
-2
-2
-1
3
4
3
0
6
3
4
4
7
8
13
21
24
33
34
32
30
32
30
32
41
47
44
46
47
44
41
43
45
48
48
48
47
50
52
53
55
53
53
58
55
57
53
48
49
40
40
38
35
28
29
22
18
14
11
14
9
9
4
-1
-7
-7
-7
-4
-6
-9
-16
-22
-27
-33
-29
-28
-30
-33
-38
-42
-40
-45
-50
-44
-47
-49
-43
-44
-44
-41
-35
-32
-24
-17
-12
-7
-6
-4
-1
1
1
3
5
6
8
11
5
1
1
1
3
3
10
6
2
3
6
9
6
10
9
3
1
5
11
17
20
27
31
35
41
43
41
35
36
30
29
25
19
19
14
15
13
11
8
8
1
-2
4
5
5
2
5
7
12
14
14
10
4
-3
-9
-13
-9
-5
-6
-9
-10
-12
-14
-16
-17
-14
-15
-16
-13
-14
-16
-20
-25
-38
-37
-37
-38
-36
-31
-23
-20
-17
-14
-7
-3
-3
-6
-5
-1
0
-4
-5
-7
-13
-14
-19
-21
-17
-22
-23
-16
-11
-9
-8
-9
-6
-3
-1
2
8
10
13
14
13
11
15
10
7
7
1
4
2
2
6
7
9
12
11
9
5
-1
-7
-12
-13
-14
-14
-10
-7
-7
-7
-7
-6
-2
0
8
12
10
8
3
-1
-7
-6
-4
-9
-12
-19
-24
-29
-31
-28
-21
-15
-11
-6
-2
-1
-1
1
4
3
9
16
17
22
18
13
13
9
4
2
-4
-2
2
2
4
7
9
14
12
12
14
9
11
9
5
5
1
-1
1
4
5
8
8
5
9
14
15
14
20
26
29
30
24
17
5
-3
-7
-8
-6
-5
-3
3
7
8
14
19
20
15
13
11
12
13
16
21
21
22
22
23
16
12
12
13
11
22
31
31
30
29
25
22
14
7
4
-2
-7
-10
-8
-5
-1
1
2
6
3
4
-2
-3
-7
-15
-27
-34
-33
-32
-31
-28
-24
-24
-23
-23
-19
-21
-18
-20
-18
-14
-16
-12
-11
-12
-9
-9
-6
-5
-7
-6
-7
-8
-6
-9
-8
-7
-9
-8
0
4
6
9
15
11
8
10
4
-1
-6
-8
-10
-9
-14
-15
-19
-23
-25
-26
-26
-31
-30
-24
-25
-27
-21
-18
-25
-29
-27
-27
-33
-40
-41
-41
-40
-40
-38
-41
-39
-41
-41
-36
-29
-23
-17
-15
-16
-12
-7
-6
-4
0
0
1
5
4
5
4
1
6
11
11
15
20
25
29
30
28
24
20
22
22
25
29
30
31
32
37
42
39
43
44
41
35
33
30
24
27
28
31
27
28
29
31
37
37
40
44
44
48
51
50
52
51
52
53
51
51
46
43
41
42
46
47
51
47
44
45
43
44
47
50
48
42
34
30
27
16
17
22
21
20
17
12
11
5
0
1
0
-5
-8
-8
-14
-19
-29
-37
-46
-53
-55
-62
-67
-74
-78
-82
-78
-78
-77
-75
-75
-73
-74
-77
-76
-77
-78
-76
-76
-74
-76
-77
-83
-85
-84
-83
-78
-72
-67
-61
-54
-52
-49
-46
-45
-42
-39
-42
-40
-37
-36
-34
-33
-29
-22
-21
-19
-17
-12
-11
-7
-3
7
10
9
12
12
9
11
12
11
11
13
14
15
17
16
20
24
27
31
36
35
32
31
34
34
39
42
38
42
39
38
40
34
33
37
35
33
35
36
36
39
44
50
52
47
48
48
47
46
43
44
46
48
51
48
50
53
48
48
44
36
32
36
36
40
46
40
37
37
28
24
27
22
22
21
17
19
17
15
11
8
7
8
10
10
13
16
19
20
19
16
15
12
9
7
8
4
-2
-7
-11
-18
-24
-28
-29
-37
-38
-33
-33
-30
-25
-18
-20
-24
-22
-26
-33
-36
-38
-44
-43
-38
-41
-40
-41
-48
-52
-49
-51
-55
-53
-58
-60
-62
-62
-62
-66
-69
-72
-74
-73
-75
-73
-64
-61
-55
-51
-45
-42
-39
-32
-31
-27
-23
-25
-25
-23
-23
-26
-24
-26
-26
-18
-10
-9
-3
2
3
5
12
15
18
20
19
24
29
29
31
34
39
40
41
45
50
50
50
55
57
54
52
52
49
53
63
66
66
72
68
65
63
58
61
61
60
59
52
53
50
43
43
41
40
34
39
44
48
54
54
50
53
56
53
49
35
22
17
9
3
5
-7
-19
-29
-37
-41
-40
-38
-41
-43
-38
-35
-32
-24
-31
-36
-38
-44
-49
-47
-52
-56
-61
-60
-60
-59
-57
-63
-68
-72
-74
-69
-65
-63
-52
-37
-38
-39
-39
-41
-42
-46
-41
-39
-41
-39
-39
-42
-42
-42
-39
-34
-32
-29
-21
-11
-6
1
7
16
26
24
25
25
24
23
26
31
38
39
41
43
40
37
35
35
34
27
29
27
23
19
23
22
19
17
19
23
26
27
24
30
34
36
37
38
41
38
39
44
44
41
39
38
33
31
31
29
23
22
24
26
25
22
20
21
27
27
25
19
12
4
-4
-5
-8
-8
-4
-2
0
3
1
0
-5
-6
-4
-8
-10
-7
-7
-8
-5
-7
-11
-15
-14
-17
-15
-16
-15
-11
-10
-7
-8
-9
-7
-9
-4
-1
2
8
11
12
13
13
8
3
0
0
0
0
-2
-3
-7
-9
-13
-16
-20
-28
-33
-27
-25
-25
-25
-24
-24
-26
-19
-17
-23
-27
-33
-40
-46
-45
-45
-40
-41
-43
-48
-51
-52
-54
-44
-46
-47
-45
-51
-54
-48
-48
-48
-45
-42
-42
-44
-49
-54
-53
-43
-39
-32
-27
-19
-12
-10
-7
-1
3
-3
1
5
8
14
20
23
27
28
29
31
32
32
32
35
42
48
49
53
55
52
49
53
59
59
61
66
71
68
64
64
55
50
48
43
46
47
51
55
57
56
59
61
54
57
51
48
40
37
35
31
29
22
22
25
22
18
17
14
15
9
12
14
10
9
3
2
-1
-7
-9
-12
-16
-15
-20
-25
-29
-32
-34
-30
-30
-24
-15
-19
-16
-14
-15
-19
-27
-30
-34
-38
-35
-31
-27
-27
-32
-36
-38
-42
-44
-39
-43
-43
-41
-42
-41
-46
-41
-36
-37
-28
-18
-15
-11
-9
-10
-13
-14
-18
-15
-11
-14
-10
-9
-8
-4
-5
0
2
3
3
5
7
12
9
8
10
8
6
8
8
5
6
0
-1
2
1
6
16
18
18
14
9
1
-9
-13
-13
-11
-9
-4
0
-3
1
-2
-8
-11
-13
-10
-6
-1
6
11
10
8
11
7
4
2
-4
-9
-11
-11
-9
-10
-10
-6
-7
-7
-4
-8
-7
-3
4
8
13
12
9
9
5
10
16
16
15
17
18
17
21
22
26
29
29
30
28
27
31
28
33
32
28
28
29
23
25
29
27
26
25
28
35
35
32
31
27
23
13
12
12
8
2
5
4
-3
-6
-11
-11
-8
-10
-9
-13
-20
-21
-20
-22
-21
-17
-23
-29
-29
-33
-37
-34
-33
-33
-30
-28
-24
-16
-11
-8
-7
-9
-7
-11
-11
-14
-22
-24
-26
-27
-30
-26
-27
-26
-25
-24
-21
-20
-20
-20
-21
-24
-23
-25
-18
-16
-12
-8
-2
-2
-4
-2
-4
-4
-5
-3
-3
-7
-3
-2
-2
0
-1
1
8
7
6
9
14
18
24
22
19
16
11
10
8
7
11
15
13
10
12
12
7
8
11
9
10
15
15
12
18
20
20
20
15
17
12
14
14
18
20
15
16
19
16
17
18
14
14
13
10
10
11
13
14
13
11
14
14
9
11
6
2
-1
1
3
-4
-6
-2
-4
-5
-6
-6
-7
-9
-6
-4
-5
-7
-11
-16
-19
-28
-30
-34
-38
-44
-47
-47
-45
-41
-36
-29
-24
-21
-18
-16
-14
-12
-11
-9
-4
3
2
2
3
1
-1
2
2
4
2
8
16
16
19
25
23
24
27
28
27
24
25
24
18
19
15
10
13
14
11
12
9
4
5
6
12
13
12
12
8
2
-2
-7
-13
-14
-15
-17
-16
-14
-9
-8
-8
0
0
-2
-1
0
3
5
12
14
15
13
4
3
4
-1
-2
-6
-11
-14
-14
-5
-1
-2
0
-3
-11
-10
-9
-12
-11
-6
-8
-5
2
2
-1
1
2
3
2
-2
-2
-1
4
6
13
11
6
1
-2
-8
-5
-5
-3
-2
-1
4
10
17
16
20
22
21
17
15
17
18
16
20
19
17
13
11
7
5
4
5
4
5
3
-3
-8
-8
-9
-11
-12
-15
-21
-25
-34
-34
-34
-33
-32
-36
-35
-35
-33
-32
-29
-26
-29
-31
-35
-34
-34
-32
-36
-35
-28
-30
-24
-15
-12
-13
-11
-8
-10
-6
-4
-5
0
4
6
9
7
7
5
2
5
10
17
20
26
28
25
32
30
29
29
26
25
24
22
17
15
15
16
14
14
12
18
16
15
17
14
15
12
12
14
16
15
13
13
15
15
11
10
8
9
13
14
19
20
18
18
20
22
25
23
20
16
11
9
7
7
4
2
4
5
6
3
2
2
1
2
6
9
12
6
3
1
-2
-3
-2
0
-5
-8
-8
-6
-2
-1
-6
-8
-11
-15
-14
-13
-11
-13
-15
-7
-4
-7
-7
-7
-8
-11
-11
-11
-13
-13
-13
-14
-13
-14
-13
-12
-15
-18
-17
-20
-20
-16
-18
-22
-22
-24
-27
-23
-21
-20
-21
-15
-16
-18
-16
-14
-11
-7
-2
-2
1
1
-1
0
2
3
2
2
4
2
-2
-3
4
6
5
6
2
1
5
5
7
10
12
13
11
9
2
-7
-11
-15
-15
-13
-13
-15
-13
-8
-5
-5
-9
-9
-5
-8
-12
-10
-6
-7
-3
-4
-2
-6
-11
-8
-8
-8
-4
1
4
3
6
3
4
9
7
6
9
12
5
7
11
12
18
23
24
26
26
28
28
28
31
28
24
24
23
27
31
30
31
28
26
20
20
22
24
30
30
26
26
26
23
22
17
14
7
1
-1
-3
-4
-5
-8
-8
-7
-5
-10
-9
-10
-16
-16
-18
-22
-23
-27
-32
-33
-31
-29
-28
-31
-35
-37
-35
-29
-21
-17
-13
-7
-6
-5
-2
-2
-8
-12
-19
-22
-22
-20
-21
-18
-13
-6
-7
-7
0
-5
-5
-4
-2
-6
-6
-7
-11
-17
-10
-5
3
12
15
19
17
11
13
12
1
-4
-6
-12
-15
-13
-8
-1
5
9
6
7
6
1
2
2
2
-4
-7
-8
-7
3
6
5
14
20
25
35
39
44
48
49
60
71
74
74
75
69
67
53
51
49
39
35
30
23
24
24
21
23
23
26
32
37
40
28
24
16
4
8
-7
-21
-26
-35
-33
-21
-22
-26
-27
-35
-49
-53
-65
-65
-61
-80
-88
-97
-103
-107
-96
-80
-71
-67
-63
-61
-60
-53
-56
-52
-58
-56
-54
-57
-56
-68
-59
-55
-49
-32
-16
7
14
15
25
38
45
42
37
25
19
12
5
6
17
13
12
21
24
13
10
18
19
16
-1
-20
-26
-9
9
2
0
7
17
18
23
25
24
31
44
42
4
-30
-34
2
46
48
15
-10
-14
0
2
4
4
3
34
81
97
85
76
81
99
94
41
-15
-32
-20
10
116
157
9
-270
-352
-147
64
120
24
-149
-289
-284
-60
149
168
67
-46
-104
-96
-36
-40
-91
-43
144
237
85
-97
-96
62
263
435
438
189
-93
-113
153
410
472
327
96
-58
-52
32
109
123
73
-12
-111
-140
-140
-121
-13
177
282
190
8
-72
12
201
388
468
337
94
-73
-42
122
234
226
99
-112
-302
-408
-431
-418
-411
-443
-534
-671
-803
-878
-839
-703
-605
-567
-627
-725
-770
-692
-501
-262
-28
89
115
241
503
845
1024
1025
1011
1037
1161
1265
1266
1085
832
719
813
908
775
425
22
-322
-490
-562
-711
-961
-1222
-1419
-1471
-1435
-1450
-1463
-1442
-1352
-1221
-1101
-941
-847
-710
-478
-178
114
336
800
1526
1676
747
-238
336
2050
2788
2190
1129
23
-1174
-1119
831
2138
756
-1864
-3044
-2588
-2141
-1649
-1059
-1150
-2298
-3156
-2972
-2679
-2740
-2641
-1952
-1220
-209
958
2128
3244
4111
4162
2987
2513
4772
8224
9656
7423
3553
955
1690
5535
9057
8761
4295
-767
-2823
-1786
109
543
-801
-2617
-3854
-4521
-5247
-6023
-6324
-5538
-3948
-2696
-3017
-4967
-6715
-6340
-3560
18
2259
1892
-557
-2833
-2684
157
3773
5626
4757
2308
532
800
2414
3592
3463
2421
1373
732
423
-329
-618
980
1576
-78
-2391
-2957
-3054
-3831
-2455
-199
-1042
-4881
-6083
-3239
-1344
-1204
-1061
-1027
-2533
-3710
-2186
-457
-534
-1234
-964
-616
-1273
-1920
-1255
1064
4430
7237
7010
3138
-1380
-2167
2406
9091
12377
8528
9
-5868
-4130
3339
9754
10062
4175
-3259
-6746
-4921
-1188
518
-443
-2074
-3073
-3443
-4358
-6070
-7013
-5403
-1567
1679
1583
-2030
-6375
-7751
-4013
2545
7089
6506
1880
-2976
-4440
-1391
3775
6959
5974
2301
-888
-1665
-574
709
972
499
188
108
-777
-2745
-4672
-4490
-1566
2519
4428
1303
-4553
-7821
-5235
669
4867
4869
826
-4138
-5737
-2278
2991
5191
3736
877
-1201
-1906
-1449
-520
23
155
-160
-928
-2627
-3449
-2041
1352
5005
6355
4237
-686
-3874
-1218
5623
10973
9864
3587
-2651
-3858
1048
7728
10613
7201
712
-3642
-3757
-1259
599
436
-614
-1197
-1405
-2575
-4656
-6333
-5890
-3169
129
1369
-1053
-5491
-8314
-6802
-1798
2962
4171
1204
-3352
-5736
-4212
-27
3529
4098
1848
-857
-1877
-1247
-314
-11
95
639
1212
801
-1053
-3380
-3518
56
4204
4886
1544
-2496
-4515
-3500
830
4917
4279
-659
-4338
-3598
-834
1407
2241
1515
-603
-2361
-2213
-1581
-1823
-2084
-1446
-651
-1169
-2866
-4731
-4561
-1210
3625
6681
5810
1793
-2487
-3264
1327
8690
12753
9563
1908
-3848
-3377
2572
9246
11350
7101
39
-4413
-4110
-1286
727
683
-407
-1312
-2075
-3714
-6152
-7574
-6024
-2094
1418
1639
-2125
-7179
-9200
-6024
237
5018
5220
1251
-3657
-5654
-3289
1597
5308
5642
3082
-87
-1665
-1072
411
1554
2106
2328
1865
384
-1899
-2896
-1100
1613
3168
2785
1131
-2029
-4731
-3357
764
2847
1072
-1353
-2429
-2884
-2215
-191
1540
857
-822
-1474
-1633
-2069
-2227
-1372
-450
-426
-1422
-3249
-4905
-3899
138
4690
6695
5022
861
-3160
-3162
2650
10142
12846
8232
414
-4387
-2621
4320
10835
11633
6134
-965
-4469
-3381
-427
1261
791
-462
-1384
-2379
-4479
-6919
-7745
-5684
-1728
1185
322
-4284
-9128
-10042
-5934
323
4325
3578
-1044
-5777
-6821
-3484
1736
5166
4903
1778
-1517
-2624
-1385
602
2018
2661
2700
1909
139
-1894
-2135
-173
2706
4279
3690
969
-3110
-4932
-2402
2015
3552
1104
-1890
-3364
-3028
-1427
669
1465
125
-1406
-1910
-1885
-2192
-2201
-1196
-110
202
-943
-2992
-4731
-4197
-356
4374
7080
6109
2516
-1186
-2124
1651
8065
12304
10738
4376
-1795
-3331
1031
7759
11481
9411
3081
-2880
-5009
-3316
-479
1039
876
-394
-2272
-4815
-7278
-8052
-6162
-2364
797
802
-2821
-7698
-9976
-7480
-1519
3849
5050
1747
-3374
-6279
-4743
340
5388
6922
4366
156
-2529
-2168
243
2828
3982
3447
1756
-335
-2440
-2935
-734
1695
2782
2066
441
-2569
-5302
-4026
-190
1944
661
-1387
-2764
-3988
-3443
-906
1564
1425
-372
-1680
-2559
-2743
-1631
139
1154
385
-1104
-2891
-4100
-3741
-2111
748
3474
5262
4976
2619
-83
-1249
1018
6227
10999
11254
5522
-1648
-4510
-696
6681
11843
10854
3990
-3557
-6500
-4110
117
2405
1767
-853
-3736
-5773
-6899
-6884
-5514
-2815
-429
-331
-2906
-6833
-9299
-7850
-2589
3101
5088
2332
-2895
-6545
-5613
-425
5321
7282
4512
-288
-3338
-2585
665
3632
4194
2760
761
-653
-1549
-1178
1225
2498
1726
525
546
-542
-3297
-3431
-648
1137
40
-1063
-1194
-2386
-2877
-1029
1535
1655
-207
-1445
-2047
-1937
-799
602
905
-44
-1176
-2469
-3531
-3149
-1947
-933
287
2354
4168
4315
3452
2531
1778
2094
5091
9365
10670
6891
955
-2290
-195
5801
11165
11018
4821
-2759
-6136
-4169
75
2597
1412
-2028
-4794
-5854
-6117
-6231
-5549
-3948
-2535
-2245
-3760
-6676
-8950
-7878
-3403
1332
3041
946
-3182
-6124
-5271
-891
3908
5853
3982
73
-2770
-2440
369
2998
3708
2630
883
-629
-1198
95
1784
1349
15
299
1635
411
-2482
-3016
-1545
-606
-155
922
603
-2074
-3444
-1411
1298
1656
461
-746
-1710
-1751
-637
563
481
-533
-1502
-2539
-3088
-2652
-2101
-2362
-2050
264
3064
4543
4508
3276
1021
-496
2071
7904
11750
9712
3122
-2441
-2530
3150
10195
12479
7785
-514
-6090
-5793
-1444
2274
2046
-930
-3731
-4986
-5585
-6164
-6111
-4980
-3025
-1407
-1617
-4220
-7802
-9042
-6008
-267
4114
3909
-378
-5232
-6485
-2847
3061
7166
6651
2272
-2131
-3036
-97
3682
5379
4396
2130
104
-548
1286
2937
1985
32
412
2552
1974
-838
-2876
-3437
-2802
-602
2465
2206
-1587
-4371
-3132
24
1692
1538
-151
-2317
-3093
-1798
4
235
-750
-1824
-2688
-2797
-2645
-2925
-3564
-3804
-2525
-95
2330
3846
4300
3546
1683
303
1508
5732
10146
10814
6483
243
-2651
431
7220
12036
10398
3039
-4378
-6359
-3102
990
2131
220
-2797
-5061
-6148
-6615
-6960
-6578
-4845
-2672
-2104
-4033
-7233
-9330
-7907
-3155
1919
3693
1176
-3276
-6060
-4857
-46
4996
6528
3702
-673
-2853
-1426
1895
4206
3965
2049
381
-246
745
2292
2181
263
-453
1627
2969
1023
-2045
-3420
-2971
-1369
1376
2882
930
-2580
-3536
-1217
1286
1873
777
-1077
-2466
-2324
-1111
-170
-157
-643
-1610
-2451
-2466
-1840
-1848
-2420
-2280
-1123
607
2375
4017
5394
5414
3792
1913
2147
5871
10542
12019
8173
1831
-1608
677
6973
11817
10494
3349
-4230
-6366
-3085
1002
1810
-743
-3993
-5893
-6248
-6230
-6690
-6936
-6068
-4184
-2914
-3753
-6619
-9232
-8579
-4309
833
3111
1222
-3037
-6156
-5297
-483
4770
6528
3922
-254
-2542
-1392
1841
4370
4348
2286
483
98
1857
3271
1869
-689
-615
2643
4100
1885
-1441
-3690
-3749
-1354
2815
4157
501
-4013
-4882
-1901
922
1459
-278
-2950
-4212
-3269
-1436
-699
-1337
-2154
-2694
-2212
-1428
-1607
-2980
-3746
-2555
-961
401
1914
3673
4674
5083
5118
4396
3148
3682
7207
10820
10598
6116
948
-691
2354
7845
10866
8112
1096
-4934
-6129
-3143
316
790
-1777
-4918
-6663
-7212
-7321
-6945
-5734
-4225
-3296
-3631
-5418
-7744
-8367
-5867
-1345
2202
2489
-332
-3929
-5336
-3050
1685
5631
6210
3247
-548
-2117
-453
2521
4520
4542
3500
1914
730
1563
2077
1166
402
2286
4447
2741
-683
-2864
-3223
-2221
465
3502
2533
-1664
-4847
-4321
-1791
19
734
-356
-2311
-3341
-2846
-1781
-1141
-456
-187
-799
-1324
-1748
-2085
-2783
-2100
-294
614
744
1326
3238
4790
5719
5765
4418
2716
3092
6621
10107
9696
5155
-122
-1615
1824
7545
10182
6849
-248
-5939
-6604
-3179
173
109
-2990
-5976
-6966
-6549
-6164
-6367
-6337
-5706
-4191
-3059
-3908
-6352
-7937
-6440
-2402
1626
2841
420
-3355
-5074
-2922
1533
4904
5009
2187
-825
-1474
496
3010
4035
3293
2034
1136
1115
2665
3349
1497
-789
-45
2815
3156
1020
-1199
-2636
-3141
-1597
1840
2663
-221
-3421
-3597
-1618
-161
326
-339
-1414
-1912
-1378
-614
-694
-852
-785
-683
-474
-331
-1017
-2474
-2919
-1427
90
86
-80
996
2775
4422
5797
5545
3109
536
1801
7012
11474
10643
4528
-1748
-2883
2263
9342
11720
7062
-1283
-6758
-5916
-1096
2373
1472
-2125
-5029
-5906
-5800
-5902
-6114
-5680
-4286
-2702
-2712
-5008
-8125
-8962
-6142
-1288
2299
2253
-1189
-5181
-6226
-3176
1953
5633
5422
1943
-1656
-2375
219
3497
4900
3967
2240
984
749
2203
3305
2227
608
1162
3007
2311
-448
-2323
-2405
-1637
-273
1404
764
-2109
-3999
-2868
-553
300
-239
-1272
-2137
-2199
-1459
-730
-709
-840
-750
-813
-1043
-1249
-1607
-1917
-1643
-818
-713
-1311
-990
901
3238
4497
5563
5885
4361
1763
1442
5238
9897
11039
7087
999
-2228
-214
5703
10170
8885
2070
-5082
-6928
-3587
410
1030
-1502
-4402
-6212
-6915
-7098
-6950
-6410
-5549
-4309
-3689
-4547
-6787
-8395
-7163
-3190
1043
2484
364
-3179
-5108
-3587
721
5041
6203
3487
-286
-1687
74
2826
4382
4207
2959
1616
718
1846
3486
3199
1526
923
2224
2053
227
-1157
-1375
-1116
-628
916
1364
-460
-2509
-2403
-384
914
836
-326
-1602
-1923
-1168
-102
98
-370
-859
-1264
-1398
-1226
-998
-1561
-2115
-1921
-1221
-1104
-1289
-162
1816
3282
4306
5249
4784
2420
538
2503
7414
10947
9586
3907
-1464
-2068
2933
9354
11163
6167
-2084
-7034
-5667
-862
1965
365
-3474
-6391
-7101
-6415
-5810
-5841
-5920
-5109
-3806
-3509
-5098
-7522
-8228
-5773
-1400
1908
1752
-1583
-5212
-5802
-2360
2884
6175
5210
1373
-1737
-1455
1389
4022
4705
3606
1955
946
1469
3034
3501
1932
531
1365
3069
2857
738
-1136
-1491
-387
1532
2776
1539
-1543
-3267
-1999
522
1553
559
-1491
-3020
-2716
-1191
-214
-693
-1706
-2353
-2321
-2125
-1934
-1782
-2011
-2032
-1914
-1919
-2325
-2018
-285
1994
3513
4530
5069
4303
2468
1536
3791
8173
10982
9370
3835
-1287
-1784
3068
9150
10586
5636
-2184
-6806
-5646
-1442
1077
-129
-3396
-5891
-6600
-6234
-6077
-6218
-5975
-4826
-3534
-3424
-5144
-7587
-8271
-5743
-1122
2208
1878
-1476
-4746
-5024
-1608
3248
6258
5509
2203
-585
-578
1949
4616
5597
4591
2969
1735
1780
3745
5021
3790
1570
1569
3183
2890
1125
-170
-526
-699
-312
920
480
-1609
-3089
-2195
-521
-255
-1252
-2637
-3223
-2685
-1766
-1556
-2051
-2216
-2103
-2362
-2547
-2071
-1570
-2014
-2345
-1934
-1330
-1702
-2066
-707
1928
4154
5362
6245
5844
3593
1185
2120
6788
11104
10917
5718
-527
-3005
235
6837
10958
8558
707
-6345
-7452
-3576
313
517
-2163
-4904
-6120
-6330
-6718
-7282
-7228
-5950
-3795
-2703
-4113
-7589
-9984
-8236
-2884
2068
3049
93
-3992
-5895
-3758
1597
6490
7211
3821
-289
-1536
602
3958
6000
5931
4431
2877
1800
1750
3551
4379
3356
2117
2792
3224
745
-1557
-1456
-420
-467
-537
-85
-1439
-3582
-3654
-1299
305
-633
-2369
-3540
-3647
-2743
-1294
-538
-1070
-1996
-2741
-2686
-1392
275
912
-136
-1233
-1323
-1119
-1209
-972
199
1809
3235
4174
5092
5425
4520
2585
1586
3614
7640
10231
8326
2770
-2036
-2271
2882
9231
10616
4831
-3750
-8133
-6213
-1479
1274
290
-2874
-5807
-6974
-6847
-6516
-6032
-5144
-3901
-3294
-4051
-6139
-8005
-7486
-3939
730
3283
2211
-1408
-4497
-4219
-90
5167
7717
5908
1785
-883
-10
3416
6371
6701
4758
2368
1221
1477
3488
4905
3902
1604
642
1377
589
-1130
-1567
-797
-727
-1615
-1820
-2309
-3236
-3164
-1648
-392
-1289
-3040
-4144
-4007
-2775
-1098
-203
-643
-1724
-2292
-2056
-1052
306
902
114
-1160
-1552
-1580
-1504
-1659
-1112
412
2313
3939
4400
4620
4324
3366
2178
2468
5663
9031
9403
5523
157
-2371
-45
5859
10074
7933
249
-6912
-8071
-4019
465
1439
-1364
-5099
-7452
-7615
-6654
-5620
-4914
-4443
-3941
-3776
-4396
-5823
-6568
-4898
-1196
2081
2717
642
-2305
-3645
-1770
2649
6748
7410
4509
856
-434
1528
4636
6134
5037
2757
929
585
1076
3092
4850
3655
1096
-179
557
-110
-1179
-4
1311
434
-2134
-2830
-2209
-2117
-1500
-519
-342
-2293
-4027
-3895
-2451
-900
-110
-278
-1224
-1966
-1973
-1711
-923
302
826
-163
-1678
-2183
-1841
-1285
-955
-479
-330
-324
642
2077
3704
4973
4922
3216
566
599
4351
8950
10051
5778
-609
-4145
-1213
6056
10805
8228
160
-6499
-7006
-2675
1642
1911
-1320
-4803
-6156
-5871
-5691
-5887
-5802
-4693
-2880
-2074
-3520
-6369
-7884
-6015
-1532
2609
3657
1131
-2859
-4730
-2421
2744
7025
7268
3683
-532
-1795
714
4441
6210
5184
2859
1230
905
1723
3541
4285
3037
1288
1189
1370
-339
-1894
-1300
78
-164
-1503
-2442
-3397
-3934
-2962
-759
165
-1273
-3174
-3807
-2649
-715
846
945
-176
-1254
-1696
-1328
-166
1082
1333
440
-708
-1409
-1719
-1644
-1019
-390
-238
-314
124
1184
2329
4316
5717
4791
1701
-115
2435
7166
9850
7368
1288
-3166
-2018
4539
10299
9567
2635
-4715
-6560
-3014
1312
1935
-1079
-4547
-6040
-5592
-4926
-5031
-5637
-5638
-4224
-2481
-2302
-4283
-6392
-6028
-2702
1422
3322
1873
-1564
-4005
-2897
1412
5660
6355
3116
-777
-1616
1015
4040
4743
2990
871
-25
710
1619
2126
2102
1120
11
-289
392
-272
-2189
-2584
-1047
-254
-1704
-3203
-3531
-3253
-2059
-106
982
-662
-3197
-3631
-1814
378
1348
823
-754
-1929
-1576
-401
337
470
253
-279
-893
-1258
-1444
-1672
-1631
-1027
-677
-1074
-1227
-144
1566
2753
4071
5218
4578
2202
970
3336
7614
10189
8531
3532
-652
-523
4362
9510
9856
4448
-2571
-5604
-3390
448
1543
-711
-3656
-5042
-4807
-4226
-4349
-4878
-4831
-3477
-1946
-1989
-3780
-5636
-5507
-2968
530
2558
1737
-1032
-3432
-3164
-148
3558
5118
3536
624
-1244
-556
1678
3509
3606
2202
602
-276
-106
1157
2384
1966
208
-757
-247
-352
-1350
-1659
-1077
-1134
-1977
-2022
-1730
-2207
-2541
-1566
-340
-636
-1656
-1999
-1631
-1071
-439
16
-138
-618
-892
-883
-621
-10
370
-138
-847
-973
-966
-1282
-1559
-1543
-1596
-1782
-1266
320
1806
2404
3109
4786
5654
4188
1481
1222
4740
9191
10247
5958
-162
-2803
464
6908
10610
8062
808
-5167
-5524
-1486
2101
1943
-962
-3736
-4641
-4398
-4318
-4692
-4787
-3966
-2616
-2103
-3174
-5470
-7298
-6550
-2921
1231
2685
381
-3675
-5951
-4150
740
4967
5506
2427
-1267
-2325
-274
2687
3952
3014
1459
573
416
275
563
2271
3388
2532
798
-307
-1401
-2551
-1208
1801
2259
-1101
-4462
-4289
-1960
449
1884
1422
-1163
-3761
-3552
-1047
1364
1866
621
-1092
-1863
-1323
-507
-83
382
680
-4
-1569
-2523
-2336
-1694
-894
-9
217
-823
-1947
-1580
320
2630
4676
6286
5873
2874
-475
-641
3840
9671
11951
7850
217
-4467
-2087
5510
11426
10420
3034
-4679
-6870
-3533
807
2111
278
-2391
-4265
-5023
-5359
-5816
-5857
-4595
-2461
-1307
-2631
-5930
-8500
-7644
-3274
1696
3583
1360
-2873
-5651
-4553
-52
4583
5823
3184
-649
-2392
-1082
1592
3354
3252
1940
585
-180
-438
-533
-32
1824
3136
2522
448
-1688
-2869
-2305
978
3927
2782
-1706
-4886
-3870
-576
2474
3252
1110
-2429
-4261
-2858
-283
1229
994
-129
-1343
-2102
-2068
-1751
-1319
-256
727
232
-1614
-3095
-3029
-1880
-250
1134
1137
-518
-1938
-1357
936
3049
5372
7600
7419
3747
-859
-888
4049
9849
11503
7338
741
-3682
-2204
3895
9291
9229
3154
-3429
-5822
-3789
-1055
-117
-620
-1768
-3066
-4376
-5342
-5894
-5807
-4365
-1898
-63
-847
-4149
-7316
-7448
-3744
1035
3591
2285
-1729
-5345
-5679
-1915
3225
5730
4053
89
-2566
-2262
13
2176
2858
2075
641
-538
-1004
-436
733
1764
2343
2549
1761
-462
-2478
-1806
972
2700
1922
-79
-1562
-1942
-1013
549
1341
627
-809
-1671
-1895
-1741
-1177
-415
123
121
-533
-1656
-2490
-2053
-515
527
373
-287
-1190
-2122
-2175
-989
686
1091
124
-1065
-1338
-302
1625
3924
5901
6754
5154
1578
-908
858
5931
9915
9420
4798
-591
-2759
145
6044
9486
7074
697
-4468
-5425
-3367
-1028
-47
-414
-1683
-3588
-5522
-6620
-6433
-5053
-3096
-1444
-1430
-3754
-6862
-7867
-5477
-1062
2313
2633
-103
-3907
-5776
-3904
730
4679
5059
1978
-1596
-2710
-936
1769
3358
3294
2054
570
-464
-668
146
1318
2696
3795
3553
1285
-2010
-3250
-1145
2196
3780
2408
-707
-3599
-4181
-1779
1604
3089
1388
-1693
-3813
-3755
-1859
341
1367
689
-757
-2076
-2683
-2368
-1285
-28
668
472
-548
-1792
-2270
-1447
276
1536
1321
76
-1407
-1854
-687
1401
2860
3255
3605
5204
6476
4932
1105
-861
1965
7403
10916
8876
2195
-4199
-4851
1380
8900
10678
4913
-3451
-7769
-6285
-1877
1377
1620
-676
-3603
-5417
-5731
-5205
-4524
-3368
-1703
-483
-1259
-4090
-6924
-7036
-3701
1056
4172
3346
-1122
-5829
-6650
-2394
3650
6791
5084
535
-3257
-3578
-557
3227
4915
3571
772
-1289
-1671
-949
267
1808
3298
3532
1897
-1125
-3541
-3397
-473
3062
3909
1014
-3434
-5826
-4372
-564
2481
2355
-533
-3641
-4721
-3453
-1256
462
803
-186
-1619
-2437
-2234
-1264
237
1618
2020
1058
-512
-1390
-1006
458
2089
2580
1412
-533
-1794
-1423
283
2347
2990
2084
1454
2922
5558
5532
1920
-1537
-575
4441
8937
8795
3491
-3021
-5078
-374
7289
10808
6819
-1269
-6717
-6073
-1541
2262
2593
181
-2730
-4460
-4604
-3763
-3012
-2597
-1975
-1050
-833
-2323
-4860
-6234
-4588
-544
3057
3397
-68
-4751
-6863
-4187
1522
5722
4990
272
-4227
-4874
-1262
3382
5307
3401
-98
-2154
-1596
298
1788
2315
2071
1961
1735
437
-1854
-3209
-1577
1584
3181
1507
-2270
-5337
-5378
-1813
2434
3670
1050
-2855
-4696
-3567
-516
2301
2960
1242
-1091
-2289
-2005
-685
1043
2281
2080
606
-1237
-2564
-2496
-1047
999
1783
530
-1789
-3856
-4111
-2325
561
2580
2015
162
-405
1845
4651
4627
1757
-446
1258
5573
8565
7130
2236
-1896
-1301
3986
9055
8937
3635
-2101
-3816
-1668
1200
2234
1187
-637
-2174
-3025
-3515
-3844
-3881
-3391
-2264
-1329
-1675
-3545
-5681
-5964
-3662
-383
1479
714
-2286
-5296
-5631
-2448
2005
4120
2444
-993
-2931
-2001
563
2463
2642
1609
430
-132
-138
-43
125
640
1513
2209
2180
1269
-461
-1747
-948
1599
3263
2496
392
-1460
-2205
-1402
687
2203
1596
-259
-1350
-1171
-575
-94
199
7
-710
-1201
-1235
-1264
-1406
-1161
-494
-54
-183
-870
-1606
-1826
-1095
-81
137
-554
-1483
-1898
-1629
-615
511
1159
1015
1391
3040
5014
5590
3881
1714
1402
4032
7454
8567
6281
1983
-794
222
4297
7862
7410
3202
-1565
-3509
-2415
-286
901
182
-1671
-3417
-4228
-4319
-4450
-4562
-4219
-3245
-2476
-3122
-5019
-6800
-6642
-4330
-1288
402
-621
-3506
-5681
-5017
-1898
1271
2376
1072
-1269
-2713
-2179
-134
1918
2684
1878
461
-345
-52
577
938
1424
2781
3741
2881
531
-1222
-827
863
2931
3720
1977
-1324
-3259
-1984
624
2318
2279
850
-1044
-2232
-1668
-183
893
1021
509
-367
-1166
-1313
-805
-96
508
833
455
-623
-1511
-1441
-392
681
1088
566
-699
-1577
-1266
108
1185
1327
1268
1398
1764
1782
2283
4151
5564
4821
2047
765
2307
4775
5906
4769
2737
870
626
2413
4097
3698
1016
-1348
-1791
-1053
-868
-1710
-2386
-2379
-1935
-2164
-3160
-4115
-4604
-4385
-3496
-2381
-2045
-3275
-4823
-5165
-3810
-1971
-777
-752
-1860
-3040
-3196
-1796
129
1112
572
-479
-743
46
963
1138
921
952
1169
1193
859
464
366
1081
1774
1742
1086
219
-259
-402
439
1399
1047
-278
-1168
-854
-511
-477
-230
55
-56
-393
-275
-94
-425
-766
-477
154
351
21
-450
-546
-51
675
1215
1015
476
104
-2
361
800
751
-153
-892
-593
-73
-321
-849
-731
-213
263
699
1013
1524
2410
2880
2295
1107
901
2357
4601
6141
5484
2758
168
262
3300
6226
6184
3192
-305
-2061
-1632
-258
635
126
-1423
-2762
-3464
-3859
-4269
-4308
-3722
-2866
-2565
-3425
-4860
-5578
-5018
-3470
-1970
-1285
-1583
-2650
-3567
-3271
-1671
168
1250
967
-168
-1016
-710
686
2079
2548
1996
1196
920
1321
1906
2216
2132
1721
1600
2119
2266
1157
-184
-51
1018
1508
1154
468
-401
-1193
-935
448
1336
879
-94
-641
-665
-343
318
729
537
1
-391
-619
-576
-108
415
336
-251
-805
-1241
-1527
-1559
-1064
-683
-1080
-1733
-2030
-2068
-2027
-1529
-744
-304
-175
88
766
1602
2733
3783
4037
3379
2515
2846
4125
5574
5971
4799
3126
2152
2689
3895
4604
3976
2144
194
-1028
-1276
-1119
-917
-946
-1544
-2608
-3785
-4648
-4959
-4735
-4171
-3654
-3621
-4297
-5382
-6131
-5691
-4051
-2384
-1589
-1939
-2913
-3610
-3244
-1694
139
1147
836
132
-55
292
780
1355
2188
2869
2900
2400
2179
1878
1347
1326
2575
3931
3457
1475
-260
-674
-169
887
1906
1680
-37
-1877
-1994
-702
551
895
223
-814
-1573
-1506
-929
-448
-262
-308
-616
-1021
-1206
-1097
-1021
-675
121
516
-171
-1193
-1376
-591
320
658
525
-175
-855
-1118
-653
297
1212
1817
1850
1773
2000
2909
4197
4848
4348
3316
3149
4044
4961
4945
3884
2575
2147
2778
3596
3530
2076
145
-1185
-1551
-1377
-1417
-1992
-2943
-3816
-4229
-4234
-4234
-4410
-4579
-4689
-4685
-4636
-4762
-4803
-4552
-3878
-2937
-2231
-2029
-2236
-2239
-1700
-760
164
572
516
426
566
1017
1783
2529
2803
2441
1896
1744
2082
2672
3343
3278
2282
1309
1195
1852
2084
1888
1386
478
-498
-852
-354
132
133
-263
-650
-933
-1129
-1052
-916
-931
-1048
-1081
-1104
-1292
-1462
-1475
-1363
-1146
-831
-648
-872
-1291
-1441
-1245
-854
-368
121
67
-509
-931
-743
59
719
880
487
-92
-9
932
2269
3399
3565
3230
2986
3394
4090
3868
3243
3055
3752
4425
4004
2939
1744
1385
1983
2820
2882
1417
-769
-2277
-2241
-1467
-1206
-1788
-2787
-3567
-3939
-4096
-4137
-4232
-4306
-4374
-4252
-4037
-4027
-4260
-4353
-3639
-2382
-1392
-1219
-1681
-2008
-1631
-501
805
1614
1667
1275
1021
1269
1892
2474
2646
2557
2435
2271
2593
2856
2557
2014
1808
1986
1832
1490
1074
533
-135
-530
-130
265
-37
-854
-1540
-1632
-1414
-1100
-1154
-1679
-2208
-2099
-1457
-1096
-1153
-1418
-1417
-1092
-656
-325
-372
-546
-621
-506
-339
-201
52
348
475
469
421
305
139
138
386
618
534
458
667
1097
1565
2077
2443
2760
2790
2729
2844
2993
3206
3404
3708
3637
3235
2711
2265
2130
2139
2097
1641
684
-465
-1403
-1869
-1887
-1773
-2076
-2942
-4007
-4754
-4935
-4587
-3997
-3589
-3727
-4303
-4632
-4267
-3479
-2828
-2428
-2031
-1430
-1001
-782
-570
-38
664
1344
2048
2351
2163
1748
1823
2571
3271
3312
2786
2435
2283
2538
2897
2612
1765
981
1094
1250
986
514
-273
-1058
-1503
-939
-463
-1025
-1836
-1988
-1566
-1526
-1718
-1795
-1842
-2044
-1836
-1125
-676
-800
-1121
-1129
-801
-243
281
375
39
-183
-31
284
534
786
796
467
225
318
500
389
191
346
557
521
338
142
28
244
912
1583
1745
1300
929
1249
2097
2896
3093
2805
2379
2023
2093
2512
2875
2631
1881
1209
850
684
401
-85
-661
-1085
-1545
-2255
-2907
-3249
-3219
-3120
-3189
-3411
-3646
-3866
-4028
-3742
-3172
-2718
-2595
-2607
-2419
-2037
-1393
-669
-131
149
248
442
762
1228
1487
1577
1764
1844
1736
1484
1373
1398
1523
1408
1591
1981
1677
755
-176
-81
438
904
999
257
-987
-1943
-1578
-522
48
-352
-1340
-1920
-1874
-1387
-803
-489
-465
-511
-450
-401
-287
-8
442
977
1239
1149
750
438
629
1251
1689
1662
1273
592
54
210
965
1474
1023
22
-582
-530
-13
450
564
219
-291
-360
-9
431
697
903
1091
1296
1394
1527
1774
2171
2542
2417
1947
1523
1517
1870
2094
1930
1394
737
310
153
265
345
-12
-647
-1375
-1951
-2288
-2405
-2424
-2451
-2554
-2884
-3283
-3511
-3384
-3012
-2610
-2295
-2071
-1955
-1883
-1675
-1144
-507
-105
40
83
242
517
807
1052
1259
1396
1330
1229
1224
1329
1559
1543
983
17
-540
-315
139
225
-299
-1105
-1960
-2267
-1611
-833
-756
-1373
-1801
-1837
-1771
-1564
-1169
-678
-411
-330
-343
-445
-483
-189
460
1100
1327
1059
495
129
399
1033
1552
1622
1237
570
-58
-99
629
1412
1470
738
-100
-469
-228
315
833
1063
742
243
-33
40
449
976
1538
1823
1673
1180
906
1382
2371
3389
3580
2830
1734
1192
1614
2577
3103
2552
1287
61
-384
-41
389
266
-473
-1444
-2082
-2334
-2465
-2607
-2675
-2541
-2297
-2131
-2388
-2939
-3185
-2785
-1855
-1024
-838
-1302
-1839
-1875
-1247
-190
539
573
71
-503
-440
144
788
947
594
151
25
279
1051
1558
1015
-135
-745
-129
445
549
184
-618
-1565
-1979
-979
59
-6
-925
-1561
-1456
-1129
-616
-288
-209
-297
-63
408
606
500
364
502
835
1249
1382
989
478
465
1020
1545
1721
1481
852
352
365
777
1077
829
339
-105
-283
-84
291
472
207
-137
-221
-174
-147
-116
-92
-108
-58
185
531
690
520
309
472
1062
1901
2268
1785
757
192
800
2018
2640
1921
471
-609
-543
269
895
619
-500
-1655
-2118
-1818
-1427
-1432
-1788
-2137
-2339
-2390
-2403
-2449
-2384
-2235
-1820
-1367
-1207
-1456
-1850
-1760
-1014
-210
116
-101
-581
-733
-335
409
1090
1285
940
461
599
1258
1528
956
288
522
1064
1290
970
201
-567
-852
-179
808
872
-44
-996
-1286
-913
-181
442
610
318
40
154
421
720
1056
1381
1506
1378
1072
692
546
844
1402
1559
1121
380
-218
-443
-166
277
360
-178
-1061
-1605
-1675
-1306
-938
-923
-1260
-1674
-1798
-1699
-1422
-1090
-740
-543
-510
-376
-55
334
737
1078
1286
1393
1529
1796
2292
2895
3195
2954
2486
2375
2822
3285
3231
2603
1724
1125
975
1214
1244
659
-337
-1181
-1508
-1442
-1443
-1870
-2426
-2711
-2640
-2459
-2521
-2681
-2802
-2806
-2668
-2372
-2053
-1999
-2153
-2281
-2083
-1657
-1215
-1030
-1002
-961
-854
-771
-609
-286
292
819
760
198
-260
137
776
1277
1627
1410
483
-448
-122
1105
1890
1715
1047
459
94
177
726
1201
1153
735
448
260
102
69
159
258
320
236
-83
-529
-673
-341
38
177
95
-261
-786
-1062
-755
-241
-140
-358
-591
-739
-725
-620
-256
151
341
319
192
99
241
670
1091
1434
1552
1502
1463
1724
2259
2604
2713
2684
2797
3279
3823
3866
3127
2175
1744
2119
2693
2642
1625
122
-867
-903
-367
-119
-652
-1789
-2946
-3631
-3624
-3374
-3303
-3611
-4003
-4061
-3926
-3883
-3934
-3863
-3510
-2914
-2332
-2177
-2484
-2751
-2392
-1435
-386
171
-129
-650
-681
80
1159
1964
2167
2035
2044
2187
2270
2233
2386
2577
2590
2152
1312
505
-27
111
667
1018
518
-621
-1413
-1418
-918
-456
-311
-596
-952
-984
-595
-181
-75
-148
-112
138
281
245
-29
-250
9
640
1145
1035
433
-122
-198
271
965
1280
881
82
-472
-351
137
527
650
477
174
-14
-5
199
508
787
890
739
654
721
886
1001
1049
1216
1476
1535
1386
1252
1407
1799
1985
1637
928
408
393
856
1232
997
221
-770
-1222
-842
-268
-251
-1026
-2079
-2738
-2706
-2329
-2058
-2243
-2686
-2887
-2700
-2327
-2262
-2405
-2429
-2060
-1451
-1096
-1118
-1283
-1135
-596
131
623
648
345
172
445
1128
1801
2005
1543
855
548
824
1444
1714
1356
664
15
-187
69
393
321
-237
-789
-992
-924
-864
-809
-695
-564
-416
-330
-347
-301
-231
-44
236
462
391
14
-204
25
562
881
794
452
101
16
237
579
721
582
326
163
162
156
133
237
439
455
264
-26
-159
-19
364
778
967
874
619
538
724
1264
1651
1556
1249
1070
1169
1391
1497
1527
1632
1656
1415
883
439
334
518
744
715
262
-574
-1294
-1392
-857
-447
-730
-1506
-2320
-2715
-2662
-2300
-1962
-1882
-2075
-2367
-2410
-2166
-1902
-1691
-1536
-1214
-881
-721
-772
-795
-557
-176
342
639
663
479
347
629
1377
1969
1784
1003
524
759
1164
1260
989
326
-550
-970
-558
148
126
-533
-1063
-1120
-876
-646
-590
-741
-933
-886
-632
-373
-311
-422
-433
-155
303
547
403
186
382
884
1213
1170
988
923
972
1158
1337
1273
940
696
653
659
696
640
512
364
305
309
258
162
74
173
341
329
158
69
106
300
459
470
472
440
379
394
621
928
1149
1198
1130
1006
711
442
492
778
993
756
222
-329
-712
-699
-487
-358
-562
-1133
-1739
-2013
-1981
-1784
-1665
-1654
-1584
-1509
-1627
-1844
-1952
-1783
-1428
-1060
-706
-600
-770
-929
-737
-104
582
952
890
552
257
498
1214
1524
1106
405
167
364
624
638
56
-895
-1620
-1378
-501
-119
-555
-1322
-1780
-1640
-935
-152
8
-472
-916
-746
-205
288
587
688
642
653
826
925
898
928
1142
1286
1270
1132
893
608
469
635
841
774
449
44
-272
-298
-83
86
6
-252
-480
-488
-227
80
275
346
364
314
204
295
584
874
983
823
641
641
838
1035
1154
1162
1134
1248
1398
1457
1231
819
580
677
895
848
445
-129
-521
-563
-437
-269
-381
-885
-1421
-1680
-1569
-1376
-1302
-1341
-1387
-1366
-1209
-1077
-1058
-1039
-954
-775
-550
-442
-571
-767
-723
-353
-49
-24
-151
-325
-429
-295
-86
-71
-312
-635
-788
-870
-920
-989
-1118
-1217
-1166
-1010
-857
-796
-847
-820
-488
0
333
311
99
-25
255
750
1106
1163
960
786
852
1288
1728
1806
1460
1078
1042
1231
1399
1325
1087
924
844
748
622
463
338
273
321
422
385
200
-33
-76
132
413
509
485
337
194
219
479
853
994
775
435
385
654
999
937
514
101
-49
7
84
-25
-444
-868
-1009
-784
-614
-777
-1190
-1501
-1471
-1237
-1058
-1107
-1284
-1383
-1173
-839
-595
-563
-686
-755
-627
-321
-113
-88
-209
-228
-71
122
223
129
-47
-170
-162
-115
-182
-365
-647
-775
-735
-673
-659
-786
-930
-936
-847
-765
-715
-754
-795
-732
-506
-146
89
77
72
257
551
749
861
994
1117
1220
1273
1377
1496
1562
1581
1608
1607
1482
1307
1137
1079
1102
1097
1031
771
517
315
246
341
315
154
-14
-82
-134
-165
-223
-278
-321
-278
-229
-152
-121
-214
-311
-253
-49
135
52
-256
-482
-597
-551
-498
-499
-569
-733
-951
-1142
-1135
-1065
-993
-1030
-1084
-1076
-1106
-1100
-1029
-884
-698
-583
-580
-625
-549
-297
68
389
604
660
597
609
779
1037
1207
1197
1006
831
755
759
784
672
463
244
41
-93
-129
-227
-429
-604
-650
-561
-564
-727
-853
-785
-619
-433
-270
-223
-264
-275
-93
257
523
627
637
686
838
1098
1328
1484
1460
1289
1135
1096
1152
1190
1247
1210
1071
846
699
707
799
794
715
506
229
9
-123
-122
-59
-50
-164
-356
-550
-649
-557
-361
-279
-370
-588
-695
-615
-463
-386
-464
-606
-717
-753
-788
-890
-1031
-1154
-1124
-1032
-1018
-1148
-1365
-1453
-1376
-1240
-1135
-1139
-1222
-1322
-1232
-994
-807
-657
-624
-624
-481
-217
76
225
244
280
301
326
513
701
724
627
575
670
709
628
599
588
526
379
166
-22
-132
-188
-162
-155
-263
-434
-605
-579
-426
-289
-176
-212
-272
-200
-78
121
380
616
697
698
736
905
1105
1174
1214
1189
1197
1247
1263
1235
1217
1216
1200
1176
1179
1132
1071
1026
956
900
924
908
761
671
584
612
640
547
432
365
321
278
257
290
362
295
157
-17
-176
-225
-199
-165
-313
-568
-855
-965
-906
-785
-798
-1010
-1292
-1471
-1503
-1495
-1448
-1439
-1448
-1444
-1438
-1437
-1431
-1333
-1164
-1038
-981
-999
-1009
-1036
-938
-705
-486
-384
-488
-594
-573
-472
-325
-107
31
7
-168
-342
-394
-323
-249
-203
-191
-292
-378
-368
-259
-207
-193
-211
-189
-152
-88
-2
24
92
152
270
401
492
478
409
406
527
721
857
898
892
866
931
1030
1181
1298
1254
1269
1345
1429
1472
1485
1514
1556
1548
1536
1526
1410
1224
1094
1076
1162
1318
1267
973
685
528
582
673
625
430
108
-165
-320
-415
-444
-511
-649
-835
-928
-1005
-1146
-1252
-1310
-1286
-1287
-1300
-1294
-1325
-1449
-1505
-1435
-1293
-1204
-1174
-1174
-1214
-1138
-965
-725
-531
-414
-389
-389
-335
-262
-142
-111
-109
-95
-98
-78
-38
-41
-28
78
155
205
220
214
198
216
276
280
247
197
168
158
217
245
237
172
52
-19
-53
19
39
-32
-131
-117
-41
-12
-9
-12
-77
-123
-52
71
185
235
290
437
600
727
833
859
895
934
1047
1218
1298
1287
1185
1087
1036
1082
1133
1095
996
874
723
583
514
463
415
300
138
-44
-246
-404
-558
-654
-730
-813
-889
-1008
-1130
-1201
-1229
-1149
-1068
-1126
-1281
-1344
-1353
-1288
-1234
-1159
-1054
-928
-786
-739
-692
-672
-587
-468
-337
-236
-196
-179
-106
-48
-22
48
73
93
84
57
39
92
123
93
59
48
84
137
144
132
125
98
67
62
117
126
141
221
251
130
14
-27
95
307
417
433
393
399
388
383
465
525
445
350
300
342
444
517
526
482
440
403
439
541
546
534
499
541
677
803
839
768
735
744
780
844
909
934
873
769
663
555
513
513
454
334
227
98
-33
-175
-242
-206
-216
-319
-465
-676
-808
-824
-787
-805
-976
-1168
-1276
-1226
-1094
-1002
-1005
-1031
-1060
-1057
-1030
-961
-884
-879
-820
-668
-513
-477
-524
-480
-355
-270
-173
-115
-136
-154
-189
-168
-59
-30
-107
-268
-302
-141
74
202
189
87
-19
-11
80
231
300
300
309
346
390
363
377
463
612
699
673
619
563
523
593
639
647
574
416
346
368
451
525
466
367
260
141
80
111
153
84
9
-93
-100
-59
-79
-98
-32
131
137
-107
-358
-336
-97
138
288
223
-134
-465
-436
-107
190
210
12
-214
-361
-343
-209
-106
-39
-70
-126
-90
-70
-101
-216
-358
-314
-114
-17
-152
-350
-452
-381
-165
63
160
-36
-363
-469
-294
-8
161
116
-29
-144
-99
-52
-12
4
-72
-82
-71
3
94
58
13
88
254
364
330
177
54
72
223
368
389
314
272
284
389
493
475
398
350
327
328
356
359
341
278
218
225
200
205
113
9
-15
-2
-7
-82
-165
-279
-339
-298
-219
-238
-299
-429
-498
-500
-472
-508
-603
-649
-655
-638
-705
-793
-841
-817
-666
-488
-393
-399
-407
-387
-264
-61
55
79
111
197
280
409
510
530
473
415
395
355
319
306
251
233
269
331
315
274
249
177
151
168
116
7
-87
-99
-73
-91
-128
-210
-282
-325
-325
-285
-265
-266
-225
-148
-105
-56
-52
20
162
275
390
456
559
645
734
775
846
893
814
733
703
738
675
567
499
471
448
391
394
344
288
254
224
129
-20
-100
-153
-167
-194
-275
-416
-513
-546
-523
-501
-507
-551
-625
-728
-782
-724
-607
-516
-531
-613
-718
-708
-605
-518
-496
-539
-564
-535
-472
-353
-297
-264
-203
-140
-51
-38
-18
21
86
179
231
322
404
434
489
550
551
506
448
403
344
318
307
301
317
288
205
95
42
30
19
-39
-79
-138
-274
-366
-381
-305
-235
-248
-325
-413
-439
-388
-313
-221
-192
-184
-139
-60
15
121
264
355
469
578
626
636
691
753
798
804
707
591
486
348
269
262
262
253
171
33
-70
-186
-233
-164
-141
-211
-349
-456
-513
-519
-524
-472
-457
-506
-532
-523
-461
-405
-398
-391
-387
-360
-295
-307
-322
-267
-176
-68
57
55
16
-21
-46
2
104
155
186
188
143
126
174
199
139
73
-12
-104
-139
-31
101
194
170
109
112
114
126
189
216
189
155
149
172
226
280
310
313
267
226
227
222
255
267
253
275
230
173
210
257
316
326
351
356
314
329
331
317
342
338
299
262
236
211
173
122
84
53
-30
-103
-150
-139
-145
-196
-196
-155
-133
-218
-290
-338
-372
-321
-296
-344
-460
-575
-575
-539
-537
-555
-681
-801
-794
-740
-654
-602
-619
-603
-547
-475
-405
-364
-322
-260
-163
-60
11
23
76
143
174
204
229
187
96
28
29
71
144
164
96
-20
-86
-111
-140
-158
-221
-319
-317
-194
-50
33
12
-30
17
62
110
153
115
49
46
176
295
388
422
397
324
273
306
397
521
587
608
599
536
531
578
600
589
579
531
448
360
361
404
369
340
299
248
225
258
241
205
226
265
305
318
322
317
312
307
326
320
259
141
84
97
84
34
21
8
-65
-107
-188
-242
-276
-365
-429
-501
-485
-409
-389
-447
-521
-524
-531
-500
-474
-481
-522
-595
-572
-436
-423
-491
-494
-452
-431
-391
-333
-309
-337
-374
-355
-287
-208
-207
-255
-321
-305
-211
-171
-199
-225
-241
-226
-194
-153
-136
-227
-350
-380
-292
-236
-227
-252
-290
-298
-222
-171
-137
-93
-61
28
72
145
215
275
253
249
247
177
132
95
158
250
309
269
183
174
241
380
537
587
530
429
344
356
492
647
706
695
621
594
598
612
650
608
518
413
358
334
283
278
322
361
352
315
271
169
126
137
206
284
249
123
-6
-44
-6
41
-42
-201
-353
-454
-436
-416
-412
-413
-433
-422
-401
-388
-361
-390
-400
-357
-307
-282
-300
-340
-346
-265
-160
-54
-65
-130
-194
-195
-70
146
260
225
201
213
266
297
324
276
224
224
228
241
171
47
-63
-95
-69
-87
-209
-348
-435
-479
-467
-473
-488
-540
-600
-595
-571
-502
-486
-454
-419
-405
-365
-237
-116
-81
-64
-41
-3
27
103
201
236
261
250
247
242
259
278
281
269
199
168
192
240
308
361
339
285
271
251
201
184
185
140
83
76
93
69
46
51
4
-28
-17
-27
-94
-180
-213
-186
-145
-92
-119
-180
-214
-194
-180
-190
-198
-202
-176
-163
-170
-206
-191
-158
-95
-30
-23
-65
-62
-2
89
159
191
171
142
194
335
420
434
371
265
211
187
202
242
271
279
222
149
146
141
138
155
165
147
107
46
-11
-8
31
38
17
-9
-99
-120
-97
-111
-77
-74
-123
-125
-86
-57
-60
-20
-11
14
87
161
252
277
237
197
206
250
299
320
298
250
221
222
208
194
144
53
-46
-107
-151
-177
-211
-233
-241
-275
-299
-317
-331
-354
-340
-319
-293
-274
-249
-275
-343
-395
-354
-320
-280
-313
-377
-381
-347
-279
-170
-102
-116
-116
-132
-135
-94
-4
47
15
-72
-141
-170
-159
-152
-143
-152
-156
-140
-112
-63
-12
81
201
276
305
277
211
194
269
351
323
240
123
22
12
67
111
137
120
46
9
-8
22
59
21
-15
-85
-138
-164
-182
-202
-183
-197
-150
-90
-79
-89
-100
-75
-22
68
157
212
220
247
294
317
323
356
359
356
363
378
306
239
239
272
326
337
303
240
218
229
275
241
136
16
-59
-60
-61
-97
-99
-135
-198
-177
-151
-127
-106
-81
-15
-8
-39
-24
33
52
33
45
-9
-9
-25
-48
-40
0
43
83
32
-30
-31
-23
33
-6
-67
-180
-262
-215
-152
-106
-126
-140
-178
-219
-255
-265
-222
-201
-220
-242
-253
-276
-244
-193
-138
-75
-66
-96
-117
-126
-72
-21
-3
10
-61
-166
-229
-221
-249
-231
-232
-271
-261
-236
-229
-242
-219
-160
-99
-71
-65
-69
-56
-29
46
144
256
327
359
365
377
402
377
354
370
342
301
266
269
254
236
280
286
254
219
185
173
165
230
261
234
203
115
81
93
150
165
111
56
23
-4
17
83
73
85
82
105
92
124
123
77
93
94
140
151
143
88
46
28
53
50
-8
-126
-206
-198
-130
-102
-110
-158
-213
-254
-249
-202
-156
-147
-177
-197
-225
-234
-237
-211
-229
-276
-358
-417
-425
-461
-400
-344
-352
-297
-246
-273
-299
-274
-206
-155
-106
-87
-56
-48
-39
-44
-69
-58
-45
9
47
61
70
51
61
124
192
179
115
82
130
208
323
381
372
334
296
297
291
252
243
276
299
313
287
260
245
209
227
252
201
182
150
79
56
85
69
26
-17
-18
-6
-15
8
23
55
57
31
-3
0
-19
-76
-149
-231
-227
-228
-248
-299
-346
-322
-282
-240
-230
-232
-212
-122
-54
-61
-90
-142
-150
-108
-98
-83
-110
-169
-171
-130
-99
-112
-160
-195
-219
-199
-164
-195
-206
-231
-258
-275
-254
-239
-260
-252
-241
-201
-173
-178
-163
-114
-25
66
147
207
233
323
435
508
528
540
501
469
499
531
541
500
432
389
375
406
462
509
485
460
441
373
330
290
264
273
285
257
240
178
135
132
180
185
173
148
49
-50
-103
-87
-59
-69
-113
-183
-267
-330
-327
-302
-266
-251
-227
-184
-172
-124
-138
-163
-202
-247
-265
-283
-313
-328
-303
-234
-190
-151
-113
-106
-112
-121
-128
-132
-145
-145
-127
-120
-122
-180
-243
-260
-241
-231
-237
-274
-316
-356
-338
-310
-268
-207
-195
-208
-193
-182
-167
-185
-214
-230
-245
-223
-195
-108
-58
-17
-3
3
42
99
110
125
148
165
140
140
191
196
181
171
125
66
84
113
138
145
145
153
158
211
197
138
118
92
79
67
70
51
27
46
36
57
98
101
62
30
26
41
106
131
187
215
224
228
281
338
326
339
320
280
254
225
235
238
236
241
214
199
171
143
113
111
105
128
166
138
101
59
6
-61
-93
-112
-133
-123
-105
-103
-78
-62
-61
-42
-68
-66
-56
-60
-103
-148
-114
-60
23
82
100
51
50
61
49
61
28
-21
-50
-41
-26
0
27
44
70
44
-2
-24
-37
-53
-38
-24
-9
-6
-18
15
15
14
-27
-79
-158
-242
-245
-228
-263
-318
-379
-445
-485
-494
-475
-444
-394
-343
-305
-295
-287
-279
-242
-140
-47
7
-6
-30
-38
-30
14
30
-3
-52
-48
-46
-69
-69
-62
-77
-52
-55
-57
-67
-54
-44
-29
30
12
-27
-36
-41
-57
-60
-104
-166
-214
-255
-253
-210
-224
-210
-187
-137
-65
-61
-63
-79
-66
-18
64
140
218
268
278
282
307
392
379
353
360
398
423
433
447
435
424
403
426
419
420
402
401
422
474
508
532
551
559
555
517
478
473
476
431
369
303
222
157
102
67
49
10
-51
-93
-92
-117
-164
-193
-213
-245
-265
-297
-335
-332
-338
-356
-362
-343
-307
-298
-269
-256
-220
-143
-99
-86
-95
-131
-123
-91
-56
-11
-18
-24
-15
-13
3
-7
-77
-129
-168
-216
-244
-281
-296
-336
-372
-394
-458
-468
-485
-472
-460
-430
-383
-359
-359
-373
-339
-283
-202
-107
-57
-81
-90
-49
0
86
151
139
135
140
154
168
173
125
69
39
30
36
51
62
60
88
124
147
120
99
65
61
66
48
72
122
120
64
60
49
21
5
20
24
25
44
28
-1
-31
-20
-16
-25
-26
-50
-73
-84
-101
-117
-126
-152
-174
-149
-109
-81
-40
-49
-21
10
47
141
229
282
268
278
313
340
372
415
447
492
512
544
594
622
633
636
652
632
645
621
558
473
406
346
322
308
240
160
44
-80
-143
-132
-161
-180
-212
-272
-305
-323
-339
-331
-349
-382
-428
-449
-450
-446
-462
-471
-451
-461
-452
-394
-367
-342
-269
-225
-163
-172
-169
-134
-111
-102
-97
-89
-106
-81
-50
-11
-9
-33
-48
-29
-2
22
46
110
128
115
96
85
97
92
79
32
-25
-92
-114
-145
-138
-93
-71
-65
-100
-152
-184
-212
-219
-192
-157
-177
-226
-249
-227
-172
-115
-95
-68
-80
-94
-69
-22
64
143
215
265
290
320
303
288
362
407
401
383
338
305
325
379
414
432
372
283
218
207
211
196
188
155
151
126
68
75
38
20
-3
-23
-33
-97
-173
-147
-133
-140
-163
-220
-262
-285
-264
-252
-249
-223
-194
-172
-163
-165
-153
-130
-108
-73
-77
-113
-136
-166
-158
-111
-112
-133
-134
-96
-49
-6
60
101
92
68
69
60
40
9
-16
-80
-108
-128
-141
-177
-175
-192
-202
-178
-151
-140
-185
-175
-155
-149
-128
-128
-153
-193
-217
-174
-166
-141
-101
-62
-42
-22
49
112
163
239
224
202
210
223
222
255
292
269
250
244
252
253
277
273
279
265
227
216
167
158
169
143
129
132
117
96
102
98
87
53
31
3
-12
-10
-29
12
48
43
18
0
-46
-62
-31
-10
-15
-61
-104
-120
-125
-128
-127
-124
-133
-111
-99
-104
-123
-125
-124
-129
-116
-94
-92
-68
-37
4
65
126
183
232
264
267
306
336
345
354
332
306
266
243
242
228
190
141
80
-1
-55
-50
-47
-16
5
9
37
24
43
41
40
16
-50
-71
-99
-114
-112
-113
-123
-145
-182
-182
-164
-150
-142
-136
-128
-130
-162
-172
-217
-223
-184
-167
-199
-220
-211
-197
-153
-133
-97
-63
-54
-84
-51
-15
-23
-42
-37
-81
-115
-122
-106
-58
-90
-124
-108
-103
-142
-156
-152
-133
-91
-46
-31
-35
-47
-74
-68
-77
-94
-148
-197
-213
-199
-163
-157
-163
-192
-201
-180
-174
-159
-157
-170
-209
-229
-213
-207
-177
-130
-104
-83
-79
-72
-55
-59
-8
7
18
51
86
91
105
130
164
223
220
239
279
300
302
323
366
390
396
371
311
279
268
278
275
315
311
284
277
287
299
296
277
255
269
254
275
299
349
374
375
362
352
337
302
312
266
269
254
223
210
152
113
119
138
142
162
156
121
76
61
89
128
138
124
96
87
88
73
76
18
-36
-85
-129
-132
-131
-134
-146
-185
-241
-276
-305
-366
-423
-419
-430
-395
-381
-403
-420
-438
-440
-454
-467
-452
-437
-461
-465
-451
-443
-470
-449
-423
-449
-451
-422
-384
-332
-284
-245
-208
-204
-187
-171
-172
-144
-105
-93
-52
-7
4
28
73
115
189
261
300
312
310
325
308
285
256
240
195
136
107
81
73
51
-13
-31
-40
-39
-22
10
36
65
42
15
-21
-58
-97
-159
-159
-153
-119
-101
-98
-91
-88
-95
-124
-142
-147
-118
-99
-40
26
50
87
101
85
108
130
148
159
145
117
117
145
173
218
262
284
319
360
383
405
430
442
409
407
412
377
378
355
329
330
313
282
260
244
206
172
129
72
39
41
76
108
131
135
75
31
28
4
-2
-21
-59
-90
-97
-111
-101
-133
-131
-108
-82
-26
-6
46
24
29
37
21
38
35
34
26
-36
-51
-55
-60
-68
-100
-94
-95
-98
-76
-56
-28
-25
-59
-101
-121
-157
-180
-177
-220
-231
-264
-284
-248
-242
-270
-266
-245
-250
-272
-291
-305
-300
-299
-300
-344
-385
-437
-442
-435
-439
-423
-419
-412
-399
-353
-304
-311
-309
-289
-275
-210
-153
-147
-142
-84
-64
-47
-33
-15
49
47
57
83
89
86
108
131
175
183
163
168
134
125
140
138
130
148
160
171
202
203
215
204
207
191
136
132
131
142
161
184
201
214
218
255
325
369
370
376
383
395
444
468
473
443
390
366
347
334
315
307
291
319
337
325
317
285
282
266
248
202
150
98
122
148
126
142
124
111
94
93
70
46
39
22
8
-9
-41
-99
-179
-247
-284
-313
-333
-340
-355
-363
-347
-302
-237
-204
-203
-234
-233
-227
-216
-201
-210
-213
-215
-201
-173
-201
-232
-225
-216
-195
-184
-148
-102
-107
-95
-79
-73
-94
-139
-148
-136
-117
-100
-101
-58
-16
1
7
3
-16
-49
-86
-114
-150
-174
-200
-207
-206
-197
-181
-196
-193
-183
-197
-175
-117
-89
-80
-80
-86
-111
-142
-156
-156
-168
-168
-136
-114
-120
-120
-111
-55
-18
12
17
6
-12
-18
-27
-24
-22
-26
-1
18
44
40
57
80
115
125
103
112
101
95
140
173
167
169
161
176
195
179
156
188
238
283
348
367
366
343
322
295
280
265
220
205
179
164
148
184
197
177
193
234
270
272
267
262
284
306
317
290
254
217
189
144
142
101
61
45
10
30
38
24
32
54
44
56
60
20
-28
-60
-94
-99
-125
-155
-195
-233
-254
-260
-257
-256
-275
-285
-256
-218
-192
-187
-218
-248
-276
-258
-229
-209
-204
-226
-235
-226
-182
-137
-136
-128
-122
-135
-166
-156
-142
-162
-148
-143
-160
-191
-210
-246
-257
-253
-263
-239
-232
-210
-176
-146
-108
-61
-31
-34
-24
-58
-53
-17
-23
-10
-33
-68
-79
-53
-3
39
63
65
55
37
81
119
151
180
204
192
148
127
128
150
188
199
211
206
200
201
222
282
288
284
258
232
215
234
284
313
312
310
284
255
260
265
258
255
264
243
212
172
148
113
89
73
51
-15
-79
-93
-114
-145
-176
-192
-178
-183
-145
-141
-182
-179
-167
-172
-177
-133
-118
-103
-118
-122
-127
-154
-131
-140
-102
-76
-94
-110
-128
-120
-117
-69
-46
-16
26
41
63
67
79
66
46
54
51
56
68
88
80
69
84
79
68
77
105
82
82
70
58
69
52
41
38
35
37
49
38
12
24
27
-24
-55
-69
-113
-140
-135
-118
-130
-159
-173
-183
-181
-170
-156
-168
-175
-195
-220
-253
-231
-199
-181
-155
-167
-187
-179
-182
-185
-167
-149
-145
-158
-149
-121
-83
-56
-18
-34
-46
-44
-47
-54
-51
-45
-58
-104
-128
-122
-123
-113
-62
-15
-5
21
-25
-41
13
25
47
67
73
62
57
59
107
128
147
172
167
204
216
237
227
230
248
260
278
287
290
275
277
319
336
335
352
365
362
352
358
368
326
285
278
286
303
342
341
333
310
271
263
247
219
163
141
139
127
116
103
74
42
24
-30
-67
-109
-133
-136
-148
-146
-185
-247
-279
-276
-272
-258
-247
-244
-246
-242
-234
-231
-201
-221
-251
-292
-351
-385
-410
-385
-341
-359
-344
-311
-301
-299
-286
-275
-278
-271
-263
-269
-272
-228
-237
-213
-193
-183
-184
-159
-126
-108
-100
-92
-59
-55
-23
30
54
46
63
43
34
44
39
35
19
26
46
32
31
57
68
103
125
114
92
42
28
27
47
63
98
125
121
135
123
109
97
112
115
112
109
139
146
129
119
126
105
97
116
111
112
116
111
110
111
114
112
79
79
82
53
38
16
31
68
82
81
120
124
125
119
99
131
121
107
93
82
49
10
-11
-31
-36
-11
12
36
56
18
35
36
26
50
47
40
39
31
-22
-28
-42
-72
-101
-111
-97
-109
-110
-94
-80
-25
23
43
79
111
134
122
116
102
74
65
56
57
52
65
102
125
102
111
123
104
80
54
50
40
27
13
54
79
107
136
111
62
38
66
58
54
66
24
3
-9
-39
-47
-51
-75
-83
-90
-119
-132
-170
-187
-208
-249
-276
-304
-316
-316
-276
-261
-263
-274
-268
-242
-226
-197
-201
-198
-195
-216
-266
-290
-284
-275
-234
-195
-172
-177
-194
-215
-219
-196
-203
-166
-158
-159
-109
-67
-20
6
2
-14
-32
-47
-28
7
20
25
26
31
24
24
24
56
57
55
60
67
96
102
120
107
126
132
147
163
182
225
219
213
205
194
153
137
170
212
230
247
250
249
256
260
269
257
257
258
292
337
348
361
374
307
253
259
246
240
233
219
183
157
164
144
115
113
108
108
96
90
87
45
30
49
16
13
-30
-88
-90
-104
-134
-151
-151
-144
-158
-160
-139
-144
-173
-175
-168
-181
-188
-220
-246
-202
-193
-178
-148
-135
-128
-138
-132
-125
-123
-136
-147
-131
-122
-139
-137
-169
-199
-221
-237
-247
-248
-236
-216
-200
-158
-134
-117
-90
-95
-96
-76
-69
-94
-106
-113
-118
-120
-107
-86
-68
-40
-46
-67
-86
-71
-40
-43
-28
-43
-69
-80
-107
-87
-68
-59
-56
-37
-3
29
84
130
172
219
221
210
217
204
184
157
148
107
75
78
80
104
115
125
136
159
151
133
140
145
145
141
96
81
68
59
60
52
8
-33
13
44
74
118
139
121
99
108
116
111
120
137
154
171
193
198
203
193
192
175
153
150
122
105
96
77
60
44
23
23
17
17
19
59
114
130
118
111
80
22
35
47
24
-7
-40
-54
-72
-74
-89
-83
-93
-117
-130
-136
-117
-106
-63
-55
-68
-68
-108
-128
-105
-114
-132
-131
-115
-136
-166
-157
-121
-104
-105
-92
-85
-129
-182
-218
-248
-286
-283
-293
-317
-327
-333
-325
-334
-292
-252
-213
-187
-187
-178
-172
-157
-161
-169
-194
-198
-199
-222
-193
-175
-174
-148
-147
-137
-134
-108
-69
-31
20
55
86
106
114
107
101
116
112
66
62
78
90
85
110
137
139
169
219
269
284
315
326
305
298
298
274
273
279
241
224
225
203
189
180
164
157
147
154
166
161
193
217
225
220
191
123
107
77
53
65
77
72
61
92
106
138
179
157
171
204
190
201
201
205
202
172
146
131
123
93
66
61
18
15
14
-33
-44
-48
-53
-69
-73
-50
-72
-106
-103
-139
-155
-171
-187
-183
-194
-209
-219
-223
-197
-179
-181
-152
-136
-139
-154
-159
-151
-160
-188
-197
-204
-217
-235
-229
-230
-222
-230
-226
-230
-244
-258
-231
-197
-165
-136
-139
-138
-125
-92
-90
-55
-53
-37
-16
-7
33
54
56
42
35
32
21
9
-5
-23
-18
-11
4
7
7
29
32
29
36
54
44
48
40
57
93
106
128
135
145
130
100
98
139
123
127
122
102
63
65
80
99
92
86
110
96
92
91
84
70
43
22
-9
-15
14
7
15
40
50
19
22
12
-43
-61
-52
-53
-40
-27
-26
-16
-22
-50
-69
-98
-106
-103
-91
-67
-71
-61
-62
-64
-79
-61
-64
-45
5
34
52
70
98
137
185
205
220
217
190
179
152
110
105
122
122
112
104
73
71
91
108
126
128
113
58
6
23
22
25
39
20
-5
-12
-5
6
20
26
14
-12
-53
-81
-113
-145
-145
-147
-164
-165
-163
-172
-216
-255
-258
-296
-308
-295
-294
-261
-208
-172
-161
-178
-156
-167
-172
-148
-164
-176
-190
-189
-177
-158
-148
-149
-158
-157
-167
-166
-135
-114
-88
-71
-48
-54
-81
-76
-88
-94
-72
-32
3
47
72
99
111
149
199
217
245
241
233
211
189
177
177
212
255
286
335
373
395
399
443
441
442
469
466
435
406
384
371
329
284
258
224
203
173
155
135
116
97
81
71
85
75
52
60
43
36
26
8
-1
0
8
-19
-31
-55
-74
-107
-101
-83
-95
-85
-57
-65
-56
-53
-85
-90
-109
-124
-118
-116
-115
-115
-131
-133
-108
-112
-136
-150
-151
-169
-178
-144
-143
-176
-171
-160
-142
-134
-153
-139
-147
-168
-173
-169
-163
-174
-156
-158
-165
-176
-186
-175
-169
-131
-93
-66
-63
-74
-85
-98
-91
-74
-49
-30
-22
-15
-10
-5
18
3
19
70
78
94
112
138
137
111
78
54
34
12
-26
-39
-49
-57
-59
-50
-72
-107
-117
-124
-112
-130
-142
-155
-154
-152
-162
-168
-178
-187
-215
-230
-251
-265
-254
-239
-242
-209
-177
-161
-142
-109
-81
-77
-45
-16
5
13
56
74
96
87
76
80
81
72
79
108
123
144
157
174
172
204
211
193
221
256
250
256
303
269
218
232
232
227
273
272
261
254
236
214
197
208
208
195
180
181
155
140
150
137
156
164
154
152
155
169
177
192
195
161
162
158
130
121
121
103
72
81
112
140
153
143
129
129
136
151
173
180
151
134
86
47
8
-8
-5
-38
-56
-92
-159
-189
-218
-228
-235
-254
-245
-266
-279
-274
-285
-264
-247
-266
-293
-285
-307
-333
-320
-330
-346
-340
-337
-321
-311
-311
-313
-301
-314
-337
-324
-314
-309
-261
-220
-224
-207
-174
-132
-106
-84
-69
-50
-21
20
56
98
147
167
165
150
159
168
184
182
205
252
228
188
174
171
125
99
100
89
94
99
135
165
141
132
154
108
93
76
73
70
81
89
74
55
50
36
14
-11
-10
-14
-16
0
-4
5
21
49
68
78
74
75
69
59
68
67
46
14
9
10
33
48
71
74
31
8
-20
-17
6
6
46
39
32
26
14
22
35
34
4
-5
-55
-97
-122
-152
-160
-171
-161
-146
-142
-123
-97
-63
-31
8
34
29
19
7
-16
-30
-28
-62
-79
-69
-61
-62
-52
-41
-38
-21
16
41
50
62
48
58
71
84
75
63
17
-30
-39
-73
-66
-25
3
10
26
24
27
14
-2
-13
-48
-53
-38
-29
-17
-5
-13
-35
-38
-49
-52
-47
-46
-38
-38
-24
-26
-28
-24
-26
-32
-24
-18
-24
-25
-36
-48
-17
1
25
62
