10
5
2
1
2
6
8
7
6
6
8
4
1
0
-7
-13
-14
-16
-18
-16
-17
-18
-22
-25
-30
-31
-32
-38
-40
-42
-45
-44
-46
-46
-42
-46
-50
-51
-53
-57
-61
-64
-66
-64
-66
-60
-56
-52
-50
-46
-45
-42
-41
-35
-34
-33
-27
-25
-24
-25
-21
-21
-18
-14
-6
1
6
8
12
12
14
16
19
20
20
19
22
27
24
26
26
29
29
31
34
36
36
36
33
32
33
31
34
39
41
41
41
40
41
36
36
37
37
33
35
37
35
36
36
38
37
34
38
40
43
47
47
50
54
50
51
52
47
44
44
42
41
39
40
38
36
37
37
38
37
37
34
31
31
25
22
17
14
10
5
3
-2
-5
-9
-16
-24
-31
-34
-35
-41
-44
-45
-51
-57
-59
-63
-68
-68
-68
-66
-63
-63
-67
-68
-74
-76
-78
-80
-79
-79
-76
-78
-81
-83
-77
-76
-71
-66
-64
-59
-55
-54
-49
-42
-38
-31
-24
-21
-20
-14
-9
-5
-2
2
3
2
6
9
12
17
20
22
25
31
33
38
39
40
43
45
46
48
46
42
42
36
30
26
18
14
16
16
17
21
25
27
23
22
17
13
10
10
10
12
11
6
8
9
8
7
11
12
6
7
5
4
1
-1
0
-2
-1
-3
-4
-2
3
3
9
11
9
11
11
15
16
16
17
17
14
18
17
13
13
13
15
15
15
16
18
13
16
14
9
9
5
4
8
6
5
8
8
9
11
13
18
17
15
11
8
5
3
-2
-3
-5
-10
-9
-9
-1
4
5
9
11
7
6
6
3
4
6
2
3
2
1
0
-1
-1
-3
-5
-4
-1
-3
-5
-3
-7
-10
-10
-10
-13
-12
-13
-13
-15
-16
-15
-13
-16
-18
-17
-22
-26
-27
-26
-24
-24
-22
-19
-19
-22
-25
-31
-36
-37
-35
-33
-36
-34
-37
-37
-36
-33
-30
-30
-29
-34
-37
-37
-37
-34
-28
-28
-29
-24
-25
-25
-24
-20
-19
-19
-14
-11
-6
-3
2
7
10
14
16
17
20
20
18
19
22
25
29
28
27
26
24
25
24
28
36
37
43
47
47
53
53
54
59
62
60
59
57
56
52
51
52
52
53
51
47
45
41
34
35
31
25
28
30
29
31
31
26
18
12
6
9
5
1
-5
-12
-19
-22
-20
-18
-18
-17
-15
-14
-16
-19
-18
-17
-17
-19
-18
-18
-18
-21
-21
-24
-28
-33
-32
-35
-39
-42
-44
-39
-36
-34
-34
-33
-38
-40
-45
-48
-52
-51
-47
-41
-36
-31
-29
-26
-26
-26
-23
-26
-27
-26
-25
-24
-25
-17
-14
-18
-11
-9
-5
-2
-2
-3
-3
-2
-2
-2
1
1
7
5
6
9
11
12
11
10
14
18
17
21
20
18
17
13
10
8
8
3
4
5
3
5
8
9
11
11
11
11
7
8
11
14
18
15
19
17
15
16
20
20
17
18
18
16
17
15
17
18
20
25
21
25
27
29
28
27
25
21
14
10
8
7
6
7
8
9
9
8
10
11
9
8
8
6
1
2
2
0
1
-2
0
-3
-4
-6
-3
-2
2
0
-1
2
1
3
1
3
3
0
2
2
-2
-3
-4
-3
-2
0
0
-1
0
0
-4
-4
-5
-9
-9
-15
-18
-15
-17
-13
-8
-11
-12
-18
-18
-18
-20
-24
-25
-31
-33
-29
-29
-25
-25
-28
-29
-30
-27
-26
-32
-30
-32
-35
-31
-29
-25
-22
-16
-17
-13
-9
-8
-6
-5
-9
-10
-8
-5
-3
-1
-1
2
2
-1
-1
-2
-3
1
7
11
11
11
12
6
6
10
19
26
26
27
23
22
19
15
19
17
17
16
14
14
17
22
20
25
31
29
36
40
41
42
39
34
31
29
28
25
24
26
29
26
24
25
20
20
23
25
27
26
23
22
21
22
18
16
13
10
-1
-6
-6
-14
-16
-19
-20
-18
-19
-22
-21
-25
-28
-28
-28
-28
-29
-30
-27
-29
-23
-22
-21
-21
-20
-14
-19
-16
-15
-21
-19
-23
-25
-28
-28
-23
-28
-27
-29
-31
-26
-25
-21
-18
-15
-13
-13
-10
-13
-15
-16
-15
-20
-20
-21
-26
-25
-28
-30
-29
-29
-36
-36
-32
-33
-31
-28
-27
-25
-22
-20
-17
-11
-7
-4
-1
0
0
2
7
5
6
9
7
11
15
19
21
25
29
35
42
51
54
55
60
59
56
56
57
58
59
57
56
55
50
46
40
40
40
37
35
36
33
30
26
23
15
13
11
4
4
1
-2
2
3
0
-2
-6
-8
-9
-6
-3
-6
-8
-8
-12
-8
-5
-1
2
2
3
5
5
4
9
13
17
17
20
23
23
22
22
23
22
23
22
24
23
25
27
23
19
19
16
13
11
7
6
-1
-6
-12
-16
-20
-25
-29
-36
-46
-49
-51
-54
-55
-52
-54
-52
-47
-45
-41
-43
-47
-50
-55
-60
-55
-51
-46
-41
-38
-35
-38
-37
-38
-42
-41
-41
-43
-41
-42
-44
-45
-44
-40
-40
-36
-38
-37
-30
-26
-21
-13
-14
-18
-16
-16
-18
-17
-18
-18
-17
-18
-14
-12
-7
-6
-5
-1
2
4
3
3
1
3
7
11
14
14
19
20
20
23
25
30
34
36
43
52
52
54
60
67
70
73
75
77
74
74
78
74
76
78
77
71
70
67
60
55
53
48
50
53
55
58
53
47
43
41
38
36
35
35
34
30
23
20
18
14
11
11
11
6
7
3
5
3
1
-5
-10
-13
-17
-19
-24
-27
-32
-33
-32
-32
-32
-34
-35
-33
-29
-28
-27
-29
-33
-32
-37
-38
-41
-47
-51
-52
-59
-65
-70
-73
-67
-64
-60
-52
-47
-51
-55
-56
-61
-63
-67
-69
-69
-69
-65
-58
-54
-46
-42
-44
-40
-39
-32
-33
-32
-28
-21
-22
-22
-16
-11
-10
-14
-10
-8
-4
1
4
8
11
10
11
17
17
19
22
25
25
25
24
25
26
32
40
45
53
60
63
64
64
58
56
53
49
49
43
38
36
40
46
46
48
51
52
47
46
49
53
52
49
48
51
48
44
39
37
33
33
28
23
20
15
13
14
25
31
42
46
45
45
42
36
30
30
26
21
15
8
2
-1
-6
-11
-19
-25
-23
-26
-31
-30
-29
-34
-35
-31
-32
-30
-31
-34
-39
-35
-35
-35
-26
-32
-31
-33
-39
-45
-51
-61
-67
-67
-79
-82
-81
-88
-89
-89
-87
-87
-86
-88
-88
-87
-88
-85
-80
-79
-76
-69
-67
-61
-47
-30
-13
-2
10
12
7
12
6
5
9
2
0
6
7
9
9
5
2
1
12
20
30
42
49
50
57
60
54
46
35
30
19
19
16
15
1
-5
-7
-13
-13
-17
-13
-20
-13
-4
0
12
19
29
30
36
43
52
53
58
74
75
79
92
92
98
113
114
111
111
96
88
84
79
91
99
111
130
136
148
150
151
147
146
141
133
122
108
97
77
61
57
55
46
47
38
26
21
9
-4
-9
-11
-17
-29
-43
-50
-71
-98
-122
-138
-131
-126
-127
-144
-158
-173
-187
-170
-160
-189
-213
-226
-222
-211
-203
-191
-189
-178
-169
-149
-137
-128
-111
-100
-107
-117
-117
-113
-122
-133
-140
-115
-82
-76
-55
-56
-43
-29
-6
32
56
72
59
54
61
98
138
153
137
97
66
46
40
55
76
102
85
13
-93
-175
-124
68
174
126
-33
-178
-222
-123
139
368
411
191
-116
-325
-207
187
431
329
-27
-305
-446
-432
-183
116
186
-114
-383
-360
-234
-214
-189
-24
136
151
104
85
75
110
269
572
785
745
505
234
130
305
626
817
739
491
234
94
179
392
459
279
-8
-208
-217
-178
-106
-57
-141
-212
-218
-161
-187
-326
-458
-499
-397
-273
-172
-226
-437
-598
-596
-490
-444
-551
-756
-915
-965
-884
-776
-779
-819
-879
-848
-572
-7
553
708
613
777
1308
1867
2173
2186
2083
1979
2128
2456
2434
2003
1505
1411
1644
1737
1277
385
-444
-901
-847
-713
-868
-1302
-1851
-2276
-2404
-2214
-1943
-1836
-1857
-1863
-1817
-1647
-1310
-936
-710
-591
-356
31
311
333
193
127
385
922
1214
1156
993
815
356
-294
-212
458
342
-734
-1559
-1465
-1511
-2088
-1945
-1398
-1780
-3056
-3352
-2544
-2351
-2799
-2739
-2304
-2534
-3138
-2880
-2159
-1948
-1134
1056
3460
4469
4150
3349
2527
2555
4253
7006
8610
7470
4423
1526
963
3120
6257
7561
5692
1835
-1715
-3010
-2015
-238
378
-678
-2356
-3691
-4512
-5003
-5046
-4380
-3271
-2227
-1815
-2551
-3941
-4780
-4001
-1640
1087
2603
2159
359
-1302
-1316
562
3116
4655
4230
2294
418
-271
136
926
1398
1149
586
-12
-187
65
7
-411
-951
-744
-420
-768
-1426
-2132
-2527
-2727
-2118
-993
-508
-1035
-1765
-2016
-2064
-1823
-1349
-1281
-1738
-2197
-2249
-2038
-1891
-1770
-1359
126
2258
4244
4932
4219
2783
1229
1175
3609
7255
8812
6324
1682
-1596
-1035
2824
7205
8236
4180
-2058
-5742
-5068
-2073
89
-75
-2064
-4295
-5372
-5294
-4923
-4474
-3480
-2212
-1070
-917
-2112
-3745
-4121
-2030
1323
3952
4465
2600
-505
-2371
-1043
2461
5463
5674
3024
-320
-2145
-1516
248
1381
986
-129
-831
-810
-662
-1553
-2782
-2918
-1324
682
1076
-812
-3917
-5638
-4103
-213
2890
2804
8
-3160
-4126
-2197
955
2666
1859
-217
-1871
-2329
-1908
-1224
-894
-837
311
2393
3977
4141
3256
2123
864
1022
3914
7657
8886
5765
646
-2529
-1162
3983
8921
9295
4058
-3006
-6652
-5018
-880
1526
484
-2501
-4963
-5855
-5538
-4886
-4197
-3106
-1809
-917
-1339
-3191
-4934
-4701
-1702
2214
4609
4227
1359
-2020
-3331
-1132
3277
6422
5858
2140
-1869
-3258
-1523
1136
2359
1287
-921
-2150
-1977
-1387
-1219
-1090
-975
-648
241
718
-866
-3545
-3837
-925
2247
3240
2070
-304
-2563
-2588
71
2729
2670
379
-1835
-2832
-2408
-1287
-652
-1503
-3181
-4429
-3802
-770
3123
5305
4273
1508
-704
-565
2599
7212
9803
7746
2513
-1430
-1064
3037
7470
8981
6232
809
-3752
-4884
-3068
-855
-202
-1150
-2759
-4287
-5580
-6529
-6471
-4849
-2422
-705
-795
-2750
-5206
-6111
-3890
591
4248
4729
2197
-1201
-3034
-1710
2011
5279
5855
3581
402
-1446
-1165
162
1192
1277
649
-302
-867
-748
-533
-1219
-2021
-1050
904
1549
-74
-2217
-3418
-3370
-1438
1655
3267
1652
-1333
-2521
-1572
233
1665
1874
487
-1446
-2391
-2112
-1377
-1105
-1507
-2445
-3248
-3679
-2977
-685
2347
4472
4632
3185
1004
-241
1588
6191
10040
9705
5239
246
-1275
1802
7001
10158
8428
2658
-3169
-5290
-3459
-448
816
-129
-2334
-4396
-5765
-6260
-5965
-4870
-3209
-1741
-1444
-2870
-5221
-6739
-5527
-1735
2249
3823
2269
-1186
-4013
-3890
-521
3675
5475
3785
239
-2370
-2331
-387
1521
1956
1031
-464
-1005
439
1027
-722
-2852
-1673
1436
2470
1596
-504
-3498
-5463
-3072
2505
4990
2564
-1623
-3842
-3465
-1027
2067
2853
654
-2398
-3580
-2780
-1431
-706
-1261
-2574
-3514
-3506
-1895
817
3817
5389
4846
2906
922
766
3660
8333
11070
9050
3462
-1139
-1006
3567
8826
10451
6760
128
-4962
-5631
-2991
-369
-122
-1814
-4104
-5907
-6921
-7358
-6932
-5343
-3363
-2141
-2461
-4343
-6614
-7231
-4770
-299
3385
4058
1614
-1992
-3864
-2205
2084
5743
6271
3702
416
-1194
-555
1216
2396
2147
1109
162
-597
-204
493
187
-694
-447
1366
1640
-159
-1981
-2535
-2384
-1528
973
2400
1009
-1442
-2110
-779
560
1327
1067
-184
-1696
-2147
-1351
-554
-717
-1526
-2639
-3187
-3209
-3018
-1658
1094
4028
5285
4775
3035
1346
1120
3835
8487
11163
9106
3523
-1164
-1312
2975
8442
10559
7175
25
-5883
-6852
-3760
-320
487
-1468
-4440
-6740
-7771
-7684
-6732
-5068
-3345
-2309
-2764
-4685
-6957
-7394
-4770
-141
3616
4242
1709
-2223
-4435
-2752
1949
6290
7107
4080
-345
-2759
-1693
1238
3469
3365
1275
-1119
-2527
-1860
71
1121
585
-400
-190
58
-948
-2092
-2105
-1317
-757
165
1080
495
-1233
-1932
-429
1351
1835
882
-727
-2056
-2107
-826
552
643
-996
-2991
-4130
-3718
-2530
-1877
-1131
543
2896
4432
4886
4321
2693
1381
2787
7254
10983
10146
5176
-99
-1532
2032
7996
11432
8888
1528
-5384
-7116
-3833
466
1709
-671
-4255
-6822
-7556
-6959
-5875
-4835
-4093
-3493
-3439
-4499
-6312
-7138
-5236
-1125
2781
4055
2103
-1544
-4192
-3462
696
5352
7020
4637
432
-2344
-1787
963
3222
3272
1360
-1015
-2181
-861
1008
1169
-764
-1845
-406
954
426
-1627
-3417
-4037
-2888
457
3123
2279
-1141
-3136
-1941
736
2707
2490
529
-1720
-2231
-926
650
973
-312
-2296
-3344
-3227
-2537
-2579
-2892
-1700
843
3640
5213
5505
4048
1397
205
2946
8193
11321
9469
3890
-1271
-1918
2719
9359
12017
7722
-772
-7005
-7105
-2848
948
1144
-1549
-4840
-6871
-7346
-6912
-6296
-5514
-4343
-2888
-2529
-4049
-6456
-7220
-4779
-403
3310
4038
1587
-2470
-5035
-3654
1261
6206
7344
4007
-873
-3397
-2152
1312
3935
3757
1258
-1307
-2233
-501
2353
2204
-540
-1966
164
1842
158
-1854
-2820
-3365
-2476
1345
4409
2314
-1879
-3071
-691
1857
2941
2326
-4
-2103
-2051
-164
1108
688
-914
-2695
-3497
-3063
-2435
-2484
-3181
-2680
-581
2127
4138
5275
5415
3654
1274
1115
4742
9638
11795
9244
3315
-1483
-878
5126
11301
11548
4977
-3633
-7787
-5628
-718
1838
415
-3177
-6394
-7670
-7275
-6560
-6306
-5887
-4591
-3318
-3667
-5645
-7653
-7441
-4535
-398
2499
2572
-82
-3626
-5093
-2565
2682
6472
5985
2054
-1790
-2610
-351
2550
3520
2021
-135
-1165
-221
2152
2369
-763
-3551
-1894
2146
2939
437
-2514
-4540
-4535
-763
4630
5636
1337
-3178
-3446
-551
2257
3308
1774
-1033
-2771
-2166
-347
748
-14
-1918
-3204
-3017
-2147
-2253
-3380
-3868
-3027
-899
1643
3604
4787
5224
4881
3851
2784
3600
6956
10721
11581
7816
1891
-1353
1090
7372
11686
9648
2134
-5164
-7181
-4027
155
1311
-1148
-5133
-7796
-8188
-7522
-6957
-6337
-5229
-3959
-3606
-4699
-6591
-7548
-6083
-2436
1492
3422
2233
-1359
-4458
-4068
210
5417
7758
5721
1061
-2508
-2213
1021
3831
3708
1629
-338
-235
1450
1548
-542
-2513
-1233
1779
3154
1910
-1672
-5343
-5704
-927
4854
5902
1994
-2935
-4639
-2952
508
2854
1888
-1369
-3996
-3934
-2187
-664
-580
-1519
-2014
-1968
-2027
-2733
-3616
-3508
-2486
-821
914
2472
3433
4351
6039
6977
5621
2702
2325
6288
11248
12488
7999
921
-3076
-437
6904
12088
9754
969
-7289
-9190
-5070
-44
1139
-1776
-6031
-8676
-8807
-7525
-6222
-5672
-5430
-4778
-3976
-4001
-5272
-6494
-5999
-3134
921
3767
3481
0
-3873
-4490
-566
5275
8213
5862
464
-3203
-2507
1022
4050
4265
2252
-230
-620
1655
2526
189
-2564
-1456
1975
3306
1941
-1501
-5322
-6378
-1984
4499
6209
2121
-3602
-6126
-4425
-202
3227
2848
-413
-3387
-3719
-1975
45
804
109
-787
-1116
-1083
-1656
-2676
-2649
-1320
502
1660
2147
2581
3122
4993
7385
7862
5192
2255
3328
7778
11567
10622
5072
-838
-2236
2486
8932
10723
5378
-3323
-8537
-7333
-2474
530
-631
-4233
-7305
-8156
-7387
-6373
-6131
-6197
-5402
-3898
-2968
-3870
-5841
-6722
-5004
-1046
2628
3832
1719
-2175
-4597
-3035
1887
6283
6681
3189
-966
-2428
-598
2207
3490
2675
994
305
1704
2468
250
-3066
-3181
304
3148
3138
2
-5022
-8167
-5579
1307
5614
3792
-1595
-5715
-5850
-2329
2087
3705
1773
-1300
-2770
-2129
-518
687
771
220
-195
-538
-1413
-2792
-3301
-2306
-549
464
564
592
1027
2626
5440
7394
5984
2181
542
3714
9185
11868
8887
2087
-2933
-1652
4932
10701
9989
2784
-5229
-8061
-4885
-166
1417
-933
-4773
-7344
-7610
-6431
-5548
-5568
-5556
-4653
-3518
-3419
-4617
-5955
-5923
-3732
23
3128
3423
521
-3343
-4557
-1326
4128
7427
6072
1810
-1714
-1738
1183
4165
4637
2683
227
-126
2115
2980
717
-2263
-1636
1561
3168
2225
-812
-4648
-6442
-3056
3099
5504
2543
-2359
-4810
-3831
-505
2844
3316
932
-1957
-2842
-1655
100
1035
561
-441
-1022
-1261
-1844
-2705
-2888
-2257
-1257
-675
-282
169
825
2492
5414
7506
6140
2227
286
3255
8770
12054
10002
3743
-1851
-2133
3362
9623
10521
4577
-3583
-7697
-6015
-1952
208
-926
-4050
-7150
-8700
-8373
-7320
-6749
-6420
-5587
-4513
-4256
-5340
-6799
-6902
-4710
-1000
2220
3027
835
-2682
-4163
-1556
3539
7162
6673
3101
-397
-1212
743
3460
4436
3162
933
-37
1148
2674
2082
-569
-1839
-466
1502
1734
144
-2402
-4613
-3936
8
3691
3355
-388
-3585
-3853
-1442
1432
2796
1732
-701
-2214
-1824
-429
438
269
-614
-1159
-1263
-1547
-2245
-2747
-2199
-1106
-377
-490
-617
71
1790
4708
7387
7443
4117
357
1099
6301
11656
12270
7121
143
-3243
100
7283
11618
8634
303
-6573
-7500
-3626
146
269
-2679
-6258
-8061
-7723
-6587
-6140
-6464
-6216
-4920
-3580
-3699
-5348
-6912
-6571
-3517
738
3442
2766
-922
-4472
-4358
147
5630
7734
5120
416
-2310
-1323
1878
4206
3869
1705
-189
138
1954
2619
656
-1755
-1173
1619
3285
2077
-1004
-3888
-4328
-997
3570
4857
1535
-3038
-4661
-2516
1160
3265
2249
-779
-3021
-2843
-1064
296
188
-910
-2009
-2217
-1861
-1866
-2437
-2849
-2434
-1542
-1163
-1215
-998
292
2563
5595
7844
6989
3392
639
2519
7911
12235
11468
5454
-1189
-3150
1488
8538
11249
6792
-1521
-7136
-6848
-2754
276
-402
-3656
-6690
-7676
-7056
-6393
-6592
-7151
-6639
-4968
-3547
-3922
-6177
-8029
-7112
-3150
1383
3616
2083
-1925
-4895
-3776
1241
6364
7633
4544
235
-1710
-286
2604
4386
3861
2125
776
933
2690
3430
1901
-261
104
2552
3397
1786
-558
-2049
-2233
-519
2249
2907
482
-2616
-3114
-1125
981
1563
350
-1406
-2473
-2331
-1505
-735
-634
-1336
-2288
-2474
-2048
-1889
-2238
-2420
-1978
-1508
-1568
-1872
-1331
489
3059
5611
7545
7198
4263
1116
1570
6166
11086
12161
7954
1317
-2661
-826
5568
10690
9630
2560
-5105
-7907
-5503
-1730
-520
-2264
-5032
-6913
-7526
-7581
-7818
-8092
-7226
-4907
-2943
-3318
-6142
-8747
-8324
-4354
858
4004
3443
-271
-4169
-4767
-703
5297
8470
6730
2111
-1335
-1293
1627
4771
5851
4345
1912
280
819
2782
2917
1064
-229
1317
2823
1606
-836
-2798
-3636
-2980
-40
2422
1107
-2643
-4935
-3567
-597
1439
1113
-1162
-3306
-3670
-2162
-378
239
-657
-2057
-2303
-1138
-116
-262
-1219
-1659
-1160
-533
-598
-872
-309
1605
4171
6724
7974
6367
2865
552
2479
7338
11085
10461
5264
-682
-2899
542
6877
10298
7297
-558
-7126
-8305
-5187
-1876
-1112
-2614
-5054
-7015
-7903
-8072
-7882
-7019
-5190
-3112
-2383
-3804
-6403
-7564
-5649
-1154
3195
4888
3266
-675
-3652
-2823
1775
6807
8598
6274
2201
-268
372
3007
5189
5336
3653
1563
286
153
1139
2008
1343
56
-49
518
-614
-2599
-2673
-1593
-1362
-1564
-1020
-996
-2232
-2653
-1358
-88
-281
-1227
-1930
-2355
-2166
-1175
-187
-28
-772
-1656
-1957
-1293
-319
27
-734
-1762
-1932
-1811
-1859
-1695
-414
1845
3832
5263
6391
6067
3793
1317
1899
6003
10477
11459
7433
848
-3256
-1215
5634
11098
9850
1912
-6684
-9590
-6161
-985
1173
-558
-4311
-7470
-8543
-7776
-6537
-5665
-4732
-3579
-3071
-4010
-5978
-7011
-5466
-1585
2418
4157
2878
-496
-3397
-3054
1144
6460
8857
6788
2243
-1088
-835
2143
4898
5030
2738
107
-993
-613
1067
2331
1519
-290
-1015
-57
-595
-2562
-2929
-1533
-441
-435
-328
-933
-2583
-3090
-1288
910
862
-713
-2331
-2957
-2079
-338
1039
925
-395
-1689
-2054
-1263
24
558
-264
-1572
-2218
-2218
-1775
-1392
-621
527
1733
3145
4948
6353
5375
2438
317
2212
7216
11184
10524
4907
-1358
-3173
1171
8002
10959
6767
-1774
-7801
-7633
-3303
391
501
-2139
-5438
-7278
-7257
-6593
-6157
-5755
-4838
-3511
-2713
-3404
-5307
-6408
-4944
-1222
2628
4374
2996
-628
-3285
-2217
2442
7226
8342
5266
806
-1350
-4
2854
4511
3777
1706
-2
-348
65
603
1334
1507
960
342
26
-920
-2589
-2399
-199
836
-631
-2343
-2793
-2951
-2514
-926
470
-114
-2072
-3082
-2693
-1555
-137
886
831
-261
-1446
-1971
-1338
-200
571
250
-1020
-2121
-2873
-2993
-2421
-1253
162
1170
1866
2329
3746
5455
5624
3748
1692
2799
6792
10426
9888
4589
-1338
-2953
1812
8775
11230
6226
-2495
-7849
-6712
-1663
1971
1185
-2835
-6781
-8151
-7355
-6109
-5400
-5052
-4462
-3817
-3571
-4181
-5188
-5139
-3129
341
3438
4342
2345
-1208
-3081
-885
4404
8716
8584
4168
-797
-2213
750
4977
6547
4297
435
-2079
-1748
95
2143
3048
1305
-1261
-2200
-1296
-1579
-2719
-1686
-40
-689
-2965
-3626
-2877
-2510
-1530
407
1394
-219
-2274
-2779
-1771
196
1807
1990
623
-1140
-2133
-1830
-267
1416
1617
-375
-2807
-3648
-2955
-1820
-1070
-852
-997
-835
289
2215
4703
6158
5276
2304
45
1991
6978
10913
9846
4088
-1802
-3007
2173
9161
11171
5607
-3005
-7674
-6211
-1644
981
-321
-3979
-7012
-7686
-6824
-5915
-5608
-5397
-4657
-3375
-2593
-3361
-4854
-5168
-3249
118
3003
3928
2277
-829
-2536
-688
3786
7141
6513
2637
-933
-1338
1120
3740
4073
2076
-323
-1230
-468
386
-70
-570
-45
760
706
-495
-2079
-3192
-2248
861
2751
867
-2789
-4317
-2775
345
3067
3384
753
-2537
-3277
-1220
1374
2505
1740
-19
-1342
-1288
-424
222
393
256
-142
-1294
-2624
-3295
-3158
-2272
-1304
-731
-665
-853
-37
1719
4382
6595
6309
3661
855
1776
6120
10330
10564
5965
314
-1877
1610
7509
9995
6255
-1020
-5951
-5660
-1952
662
-207
-3386
-6018
-6444
-5522
-4728
-4814
-5312
-5193
-4149
-3056
-3158
-4298
-4809
-3833
-1556
914
2250
1365
-1169
-2754
-1550
1849
4638
4754
2564
-14
-737
644
2674
3392
1990
-338
-1684
-1296
-3
493
627
1358
1262
-89
-1730
-2235
-2181
-1555
443
1498
-667
-4080
-4726
-2370
260
2071
2240
468
-2066
-2692
-940
1171
2169
1801
671
-464
-1043
-1042
-678
26
696
552
-680
-2410
-3447
-3604
-2849
-1640
-679
-278
-353
192
1718
4222
6299
6077
3424
867
2064
6683
10762
10151
4736
-975
-1999
3071
9649
11347
5992
-2076
-6428
-5023
-595
2128
789
-3075
-6167
-6642
-5524
-4617
-4598
-4930
-4674
-3826
-3236
-3846
-5124
-5506
-4206
-1397
1559
2986
1632
-1653
-3678
-2050
2494
6425
6595
3167
-712
-1878
53
2880
3917
2395
-202
-1764
-1525
-708
-692
-783
91
1121
729
-1326
-3528
-4470
-3124
256
2745
1629
-2290
-5030
-3942
-140
3505
4405
2231
-1294
-3198
-2136
630
2809
2705
817
-1300
-2121
-1597
-580
-28
-226
-882
-1695
-2494
-3290
-3701
-3388
-2380
-1187
-716
-1059
-1071
42
2155
5135
7253
6509
2959
90
1879
7225
11599
10951
5624
-350
-2270
1941
8594
11362
7244
-617
-5892
-5609
-1915
827
305
-2260
-4699
-5752
-5804
-5805
-5973
-5891
-4766
-3053
-2268
-3468
-5820
-6921
-5240
-1272
2527
3907
1984
-1700
-3942
-2523
1838
5690
6155
3241
-402
-1862
-529
1883
3112
2320
496
-874
-1150
-693
-342
-766
-1272
-837
553
962
-659
-2621
-2842
-1137
706
1625
1169
-757
-2566
-2039
729
2947
2725
853
-805
-1214
-482
768
1474
1124
55
-872
-1148
-1002
-744
-831
-969
-1089
-1462
-2104
-2716
-2570
-1867
-1209
-806
-499
145
1046
1977
3544
5743
6682
5226
2532
2019
5021
8989
10632
7926
2683
-942
315
5609
9776
8464
2032
-4124
-5671
-3176
-286
80
-2018
-4839
-6658
-6826
-6205
-5911
-6007
-5663
-4540
-3564
-3796
-5128
-5932
-5137
-2974
-425
1370
1521
-217
-2388
-2568
1
3454
5120
3929
1114
-1008
-1025
712
2565
2703
1052
-862
-1506
-855
146
263
-249
-370
209
795
244
-1209
-2186
-1455
430
1612
991
-646
-1668
-1135
593
2016
1897
541
-674
-705
135
883
1028
581
-143
-707
-848
-649
-645
-968
-1237
-1337
-1525
-1769
-2087
-2434
-2376
-1997
-1279
-963
-974
-608
611
2538
4468
6424
6988
5126
2113
1347
4585
9247
11326
8595
2984
-1058
-120
5070
9441
8468
2398
-3928
-5979
-3785
-1022
-791
-2984
-5326
-6265
-5980
-5717
-6301
-7140
-6950
-5145
-3055
-2542
-4107
-5988
-6069
-3809
-203
2650
3171
911
-2114
-3074
-646
3574
6166
5226
1847
-973
-988
1206
3272
3400
1712
-53
-452
349
869
542
104
341
920
1448
971
-896
-2685
-2292
459
2380
1733
-72
-1238
-1338
-422
1272
2165
1295
-409
-1433
-1449
-907
-86
424
149
-784
-1744
-2220
-2317
-2031
-1445
-1044
-1175
-1776
-2282
-2418
-1968
-1009
-225
-194
-1004
-1488
-682
1314
3661
5626
6800
6056
3545
997
1510
5548
9931
10758
6397
100
-3211
-797
5285
9341
7329
433
-5814
-7341
-4768
-1560
-853
-2589
-4848
-6056
-6254
-6420
-6693
-6316
-4699
-2679
-1824
-2783
-4754
-5813
-4671
-1622
1718
3653
3084
268
-2463
-2718
151
4199
6449
5366
1851
-1092
-1178
1095
3184
3279
1782
297
-132
-89
-224
-305
286
1478
2170
1704
-143
-2152
-2524
-591
2236
3110
1007
-2026
-3135
-1675
611
2115
1797
-90
-2127
-2671
-1378
326
1062
553
-531
-1379
-1746
-1628
-1139
-395
305
336
-256
-877
-1173
-1243
-626
414
862
110
-1234
-1536
-414
1424
3072
4232
5592
5953
4193
1061
-336
2429
7168
10074
7939
1911
-3436
-3733
1670
7766
8767
3351
-3839
-7117
-5290
-1647
2
-1010
-3053
-4392
-4721
-4986
-5553
-5860
-4899
-2703
-765
-656
-2848
-5461
-6007
-3605
477
3617
3863
918
-3051
-4813
-2417
2501
6012
5591
2009
-1495
-2199
-102
2399
3055
1805
224
-380
-91
-161
-1009
-1422
-266
1733
2472
1132
-1769
-4324
-4024
-448
3287
3225
-137
-3438
-4472
-2850
259
2928
2689
-196
-2745
-2868
-972
1188
2324
1784
149
-1217
-1383
-684
91
640
696
138
-491
-962
-1353
-1545
-1258
-532
-241
-877
-2000
-2649
-1940
-178
1704
2982
4052
4915
4240
1811
-331
1060
5768
9950
9762
4766
-1223
-3255
772
7424
10624
7377
268
-5049
-5361
-2145
613
797
-781
-2500
-3760
-4909
-5749
-5793
-4637
-2569
-871
-955
-2991
-5447
-6124
-4182
-636
2482
3568
1900
-1677
-4456
-3793
366
4965
6370
3639
-561
-2810
-1720
1290
3531
3497
1658
-300
-1129
-1044
-826
-510
601
2053
2454
512
-2592
-4370
-3253
141
3106
3072
-209
-3899
-4876
-2433
1240
3211
2344
-314
-2327
-2223
-584
1135
1883
1732
759
-474
-1447
-1864
-1458
-364
999
1431
194
-2003
-3711
-3548
-1706
246
768
-723
-2820
-4105
-3682
-1405
1256
2884
3051
3317
3936
3504
1651
437
2643
7134
10274
9070
3781
-1645
-2656
2128
8715
11055
6563
-1372
-6495
-5610
-999
2364
1929
-1134
-4295
-5853
-5791
-4959
-4291
-3970
-3478
-2903
-2829
-3885
-5598
-6316
-4888
-1564
1773
2830
724
-2947
-4953
-3122
1613
5684
5949
2646
-1226
-2445
-460
2576
3989
2945
765
-658
-673
-259
-277
-505
15
1362
2204
1121
-1761
-3979
-3236
106
3298
3686
999
-2678
-4158
-2083
1781
4145
3208
265
-2015
-1949
-88
1816
2367
1544
290
-633
-1122
-1225
-909
-303
117
-36
-891
-2049
-2529
-2000
-909
-112
58
-851
-2419
-3486
-3120
-1273
814
2045
1947
1645
2906
5218
6096
4145
1624
2142
6069
10056
9840
4683
-1468
-3182
1499
8243
10445
5459
-2597
-7181
-5775
-1282
1472
565
-2584
-5401
-6517
-6252
-5412
-4548
-3834
-3213
-2811
-3077
-4092
-4909
-4521
-2749
-336
1536
1991
572
-1924
-3515
-2365
1296
4801
5321
2549
-1066
-2443
-771
2057
3467
2628
508
-1170
-1448
-911
-383
-148
303
912
1198
392
-1532
-3168
-2697
-22
2225
1824
-708
-2949
-3347
-1911
593
2378
1957
-245
-1838
-1478
46
1376
1608
858
-157
-615
-343
106
290
285
192
-31
-330
-706
-1205
-1393
-572
574
917
-84
-1511
-2160
-1539
-85
1174
1783
1387
769
1355
3973
6677
6272
2580
-427
1132
5969
9726
8499
2753
-2853
-3285
2345
8770
9676
3682
-3922
-6826
-3874
920
2707
370
-3543
-5805
-5369
-3677
-2694
-3187
-4100
-4035
-2831
-1889
-2587
-4324
-5108
-3751
-1040
1167
1455
-440
-2952
-3560
-1263
2564
4837
3723
405
-2104
-1732
678
2772
2884
1166
-868
-1565
-721
363
348
-674
-1419
-964
-27
-60
-1556
-3071
-2611
-315
1524
1138
-1024
-2868
-2771
-652
1874
2592
1052
-1076
-1731
-433
1667
2902
2543
1229
62
-354
-97
517
1035
1207
868
236
-402
-944
-970
-355
561
824
-137
-1551
-2544
-2446
-1365
-178
194
-550
-1409
-1382
-449
1258
4010
6046
5212
1596
-1305
176
5214
9731
9670
4777
-1036
-2615
1571
7505
9502
5433
-1094
-4543
-3255
-89
1227
-234
-2485
-3764
-3873
-3816
-4357
-5202
-5361
-4323
-2771
-2042
-3037
-4907
-5903
-5064
-2781
-165
1341
409
-2475
-4695
-3686
255
3930
4399
1649
-1467
-2178
-209
2422
3395
2224
330
-390
351
1215
1069
258
-250
253
1255
1311
-183
-1971
-1987
-245
1432
1569
378
-1114
-1843
-1008
930
2477
2285
777
-329
-195
788
1818
2140
1512
446
-203
-137
290
550
366
-177
-593
-678
-736
-899
-1227
-1430
-1450
-1499
-1618
-2137
-2487
-2273
-1572
-677
-198
-188
-212
188
1514
4000
5908
5167
1947
-311
1480
6258
10062
9245
4139
-1205
-2026
2447
7885
9045
4554
-1657
-4709
-3377
-341
883
-480
-2698
-4176
-4659
-4857
-5163
-5360
-4997
-4077
-3296
-3459
-4758
-6069
-6027
-4325
-1869
88
624
-614
-2688
-3610
-1898
1584
4136
3949
1565
-625
-732
1137
3154
3587
2280
728
303
838
1235
1141
1020
1031
942
573
289
-280
-1067
-803
682
1425
44
-1678
-1890
-1000
-30
809
1349
751
-544
-1006
-141
931
1310
1119
630
-77
-644
-682
-303
291
712
472
-635
-1709
-1892
-1339
-625
-135
8
-822
-2265
-2940
-2216
-877
-231
-443
-979
-1225
-656
788
2505
4306
5641
5460
3581
1632
2324
5468
8686
9207
6286
2103
-239
1567
5546
7753
5644
620
-3309
-3926
-2249
-931
-1393
-3105
-4581
-5151
-5248
-5587
-6282
-6620
-5953
-4514
-3354
-3621
-4896
-5862
-5490
-3672
-1262
563
655
-1024
-2920
-3056
-755
2383
3920
2933
723
-537
205
1909
3023
2759
1554
839
996
1728
2138
1245
-85
-486
684
1691
920
-611
-1395
-1156
-663
92
691
417
-518
-1076
-507
367
759
678
542
382
364
609
779
742
398
29
-314
-468
-392
-506
-845
-989
-874
-879
-1161
-1419
-1351
-1025
-702
-479
-441
-775
-1076
-972
-301
432
1087
1705
2097
2480
2957
4591
6452
6725
4721
2408
2788
5450
8111
7954
4727
900
-402
1936
5246
6075
2874
-1785
-4289
-3499
-1380
-783
-2218
-4445
-5695
-5665
-5153
-5042
-5521
-6060
-5972
-5162
-4289
-4115
-4552
-4796
-4282
-3017
-1445
-164
48
-794
-1544
-922
1073
2904
3181
2133
1230
1488
2680
3507
3367
2577
1689
1282
1893
3108
3026
1129
-795
-503
1303
1967
1080
-186
-1163
-1786
-1380
39
786
-180
-1793
-2062
-1047
-20
322
-135
-896
-1356
-1009
-389
-213
-503
-881
-1127
-1037
-633
-422
-758
-1035
-699
-451
-865
-1402
-1237
-619
-135
-19
-199
-682
-1109
-953
-392
143
218
226
543
1222
2080
2901
4072
4890
4686
3246
2136
3089
5409
6989
6028
3233
775
576
2635
4828
4710
1648
-2087
-3725
-2895
-1470
-1438
-2914
-4560
-5157
-4881
-4765
-5275
-5930
-5957
-5295
-4354
-3738
-3958
-4588
-4608
-3500
-1536
152
696
152
-607
-649
568
2608
4145
4291
3341
2417
2467
3332
4099
4096
3591
2979
2769
3136
3048
2033
551
221
1166
1812
1129
-728
-2547
-3329
-2335
-402
487
-564
-2468
-3315
-2639
-1053
274
400
-605
-1646
-1490
-373
522
574
189
-102
-164
-75
-160
-435
-447
-40
353
158
-535
-1155
-1128
-472
340
685
173
-767
-1351
-1120
-306
529
862
604
112
119
963
2332
3710
4557
4418
3219
1837
1553
2998
5063
5887
4592
2017
-72
-476
970
2801
2975
861
-2236
-4285
-4417
-3609
-3100
-3356
-4169
-5000
-5708
-6272
-6372
-5761
-4762
-3658
-2833
-2756
-3268
-3609
-3097
-1637
228
1641
2020
1565
1052
1001
1538
2546
3783
4489
4098
3003
1902
1395
1590
2299
2937
3411
3047
1319
-896
-2006
-972
762
1692
1035
-838
-3005
-4137
-2866
-210
1463
794
-1272
-2750
-2711
-1415
214
1147
947
-18
-975
-1345
-857
204
1137
1443
1069
167
-763
-968
-123
1142
1730
1171
-14
-897
-849
-34
1046
1643
1442
633
-449
-932
-312
1008
1968
1839
967
-24
-387
311
1853
3193
3280
2421
1882
2290
3051
3320
2986
2605
2549
2588
2241
1469
448
-304
-398
91
345
-494
-2456
-4257
-4607
-3804
-3015
-3179
-4151
-5165
-5498
-4942
-3808
-2972
-2841
-3116
-3251
-2853
-2101
-1310
-705
-353
-80
205
594
1066
1484
1768
1867
1999
2229
2532
2675
2488
2144
1990
2236
2162
1592
973
562
312
116
295
190
-608
-1683
-2064
-1631
-1071
-899
-1407
-2020
-2295
-1881
-1125
-532
-415
-658
-702
-349
329
720
538
324
420
636
696
751
903
1068
931
547
362
405
367
186
160
237
189
-209
-618
-751
-680
-490
-193
-27
-189
-534
-592
-125
519
946
984
894
1072
1630
2193
2552
2796
3126
3432
3279
2711
2200
2165
2388
2507
2343
1753
800
-37
-283
-81
-6
-463
-1400
-2389
-3092
-3333
-3175
-2916
-2966
-3408
-3888
-3953
-3603
-3187
-2714
-2141
-1647
-1550
-1532
-1156
-425
352
932
1274
1446
1635
1742
1873
2084
2454
2865
2803
2238
1640
1539
1625
1412
1093
711
33
-790
-1109
-1025
-1187
-1640
-1884
-1802
-1868
-2004
-2010
-1785
-1632
-1558
-1441
-1321
-1022
-506
23
159
75
79
295
647
963
1060
829
563
626
850
869
696
499
302
63
-175
-325
-361
-372
-461
-671
-920
-1088
-795
-144
364
410
145
57
320
842
1405
1873
2058
2033
1980
2267
2720
3015
3309
3709
3678
2737
1376
846
1640
2620
2755
1727
52
-1684
-2598
-1993
-623
-109
-1379
-3521
-5149
-5397
-4486
-3201
-2441
-2738
-3751
-4524
-4370
-3363
-2247
-1473
-944
-515
-170
-140
-188
144
984
1974
2574
2578
2025
1367
1153
1703
2676
3190
2800
1793
810
419
724
1209
1317
677
-531
-1629
-1821
-1207
-734
-823
-1401
-1958
-2255
-2112
-1605
-1241
-1170
-1196
-1120
-1094
-947
-464
198
670
798
798
675
591
765
1193
1555
1546
1250
794
499
654
1146
1555
1447
915
291
-63
131
605
882
677
98
-325
-384
-149
129
254
173
-82
-333
-363
-134
156
307
363
426
408
229
-12
-44
309
816
1160
1221
1014
843
1054
1560
1771
1364
745
510
826
1186
1050
390
-391
-796
-441
188
264
-375
-1349
-1923
-1744
-1202
-812
-979
-1458
-1679
-1476
-1067
-909
-983
-1109
-1065
-863
-679
-705
-791
-775
-735
-689
-634
-663
-898
-1261
-1457
-1366
-1163
-1069
-1117
-1110
-886
-479
-597
-1145
-1439
-1235
-980
-812
-488
-572
-1200
-1674
-1060
99
757
815
662
661
711
1122
1755
2195
2238
2179
2272
2334
2267
2110
2136
2319
2443
2096
1281
584
449
730
844
615
94
-572
-1099
-1175
-870
-671
-817
-1098
-1160
-977
-708
-445
-173
-12
36
14
1
104
237
447
731
1098
1340
1323
1237
1307
1519
1721
1792
1862
1819
1556
1328
1302
1563
2111
2500
2212
1293
480
398
868
1278
1238
547
-524
-1272
-1385
-995
-743
-1080
-1835
-2529
-2872
-2928
-2818
-2561
-2267
-2181
-2463
-2849
-2993
-2858
-2595
-2287
-2037
-1810
-1669
-1760
-1915
-1828
-1417
-810
-335
-232
-461
-809
-914
-646
362
1394
1358
470
-386
-383
174
984
1786
1821
741
-422
-418
532
1573
2122
1970
1162
187
-57
496
1289
1706
1626
1130
458
-4
-122
160
611
1031
896
159
-518
-549
-43
434
673
563
164
-344
-612
-439
-94
184
298
280
-7
-421
-660
-538
-59
374
500
185
-260
-414
-104
584
1182
1412
1164
759
515
703
1131
1467
1609
1472
1290
1263
1350
1464
1413
1300
1334
1505
1489
1189
741
307
292
621
866
618
-136
-976
-1443
-1373
-1071
-1031
-1484
-2234
-2818
-2901
-2665
-2437
-2441
-2638
-2799
-2696
-2476
-2412
-2412
-2344
-2050
-1560
-1125
-987
-1089
-1041
-503
309
853
876
564
383
678
1337
1899
2002
1620
1154
970
995
1041
1065
905
616
400
212
52
-8
34
124
59
-166
-326
-284
-97
-36
-37
23
57
67
19
-48
10
167
340
326
100
-93
-144
29
168
205
22
-272
-421
-386
-233
-82
-122
-418
-605
-493
-210
27
131
163
225
381
591
751
801
763
915
1308
1565
1558
1439
1349
1343
1461
1627
1795
1767
1457
1077
913
1188
1662
1746
1183
369
-55
-116
66
192
-75
-748
-1566
-1946
-1812
-1506
-1466
-1763
-2117
-2404
-2520
-2366
-1981
-1572
-1409
-1368
-1282
-1112
-998
-886
-701
-383
-97
20
-38
-210
-199
51
481
817
856
616
291
154
350
703
941
817
500
280
175
160
182
216
112
-89
-332
-516
-630
-650
-572
-449
-218
-130
-239
-421
-456
-259
24
149
80
4
51
256
385
471
428
283
219
310
500
554
378
193
205
485
810
788
486
325
417
698
1000
1056
805
504
526
813
1079
1046
729
404
366
564
643
492
179
32
55
134
158
-40
-275
-365
-210
-51
-120
-299
-533
-690
-719
-780
-788
-796
-850
-1006
-1109
-1049
-910
-913
-1102
-1186
-1137
-1051
-1025
-1011
-1013
-977
-820
-591
-406
-342
-415
-366
-171
52
158
190
267
260
253
224
243
367
498
510
315
114
14
67
210
300
203
-90
-364
-424
-272
-187
-178
-253
-320
-310
-302
-185
-19
106
62
-35
-2
103
257
376
447
459
423
503
770
1077
1203
1087
922
912
944
1009
1071
1104
981
771
613
705
1017
1213
1145
773
462
416
622
803
803
686
481
384
431
521
503
381
293
276
386
432
292
43
-177
-230
-202
-188
-348
-563
-877
-1127
-1182
-1113
-1020
-1147
-1427
-1559
-1469
-1393
-1450
-1601
-1617
-1566
-1557
-1570
-1533
-1414
-1303
-1231
-1119
-898
-677
-427
-184
-63
-6
47
191
389
505
557
588
620
654
666
633
641
705
764
770
670
506
257
43
18
91
107
-31
-282
-546
-678
-651
-521
-393
-363
-459
-607
-623
-460
-271
-189
-191
-109
34
150
187
195
386
604
815
1028
999
751
549
601
932
1233
1177
843
544
614
1000
1313
1313
1137
895
735
837
1052
1174
1059
865
787
838
902
952
880
706
541
621
850
849
506
6
-266
-195
24
-19
-386
-877
-1216
-1190
-987
-947
-1163
-1510
-1768
-1879
-1856
-1834
-1938
-2001
-1967
-1803
-1557
-1363
-1250
-1226
-1149
-940
-576
-195
-12
-67
-216
-220
48
434
702
656
450
401
567
812
881
734
516
460
530
572
456
168
-112
-264
-204
-153
-335
-611
-750
-765
-722
-731
-735
-714
-744
-708
-667
-592
-508
-408
-228
-17
111
141
71
114
393
637
851
981
983
898
815
908
1176
1351
1303
1151
1038
1047
1135
1129
1016
959
1049
1184
1241
1181
1005
869
888
939
995
914
731
588
550
602
523
392
250
71
-144
-401
-684
-977
-1138
-1183
-1226
-1303
-1494
-1741
-2006
-2070
-1946
-1813
-1791
-1905
-2088
-2191
-2034
-1709
-1427
-1342
-1249
-974
-643
-441
-408
-304
20
547
1009
1156
1013
822
890
1242
1642
1799
1562
1144
866
829
976
1089
987
748
509
316
261
227
23
-148
-287
-413
-511
-602
-652
-636
-576
-488
-413
-469
-638
-783
-740
-460
-135
47
51
-81
-64
238
688
949
927
738
659
772
1009
1217
1297
1302
1270
1228
1222
1265
1278
1285
1335
1380
1322
1098
935
889
913
1011
997
749
365
68
-48
40
144
49
-250
-514
-735
-866
-954
-1143
-1334
-1431
-1504
-1615
-1706
-1852
-2016
-2068
-1993
-1872
-1853
-2016
-2184
-2178
-2000
-1683
-1438
-1413
-1500
-1477
-1216
-778
-356
-157
-232
-354
-221
160
509
636
590
545
640
842
937
925
809
698
740
761
698
564
432
381
416
552
550
354
148
13
43
118
127
35
-138
-271
-302
-194
-70
-78
-160
-258
-231
-25
128
175
149
203
392
616
896
988
902
911
1080
1308
1436
1481
1352
1217
1247
1390
1565
1581
1368
1080
874
850
976
1027
914
668
411
340
460
620
623
411
131
-38
-50
-20
-104
-334
-533
-605
-676
-762
-974
-1250
-1424
-1459
-1444
-1425
-1484
-1571
-1586
-1544
-1450
-1422
-1407
-1371
-1300
-1231
-1144
-1107
-1024
-843
-608
-433
-372
-359
-322
-248
-175
21
291
422
398
342
325
409
502
619
671
609
543
489
442
445
463
435
319
172
79
111
124
124
43
-185
-401
-493
-405
-396
-433
-440
-420
-369
-300
-240
-154
-54
-7
-73
-234
-327
-272
-91
105
252
271
185
148
292
562
780
859
866
909
969
1040
1124
1181
1178
1126
1039
971
996
992
983
1018
974
883
740
626
511
319
144
-4
-79
-170
-344
-588
-796
-902
-921
-898
-982
-1118
-1248
-1304
-1250
-1224
-1234
-1223
-1148
-1099
-1140
-1131
-1106
-996
-824
-699
-643
-661
-706
-588
-395
-231
-75
4
-11
15
112
263
450
540
628
643
632
668
693
708
741
785
791
816
849
847
845
895
929
919
869
844
865
825
667
430
269
178
113
69
-59
-288
-459
-571
-576
-536
-528
-599
-701
-734
-752
-731
-582
-376
-245
-155
-106
-71
70
256
495
689
788
831
844
932
1030
1133
1183
1143
1078
1027
944
873
820
789
667
454
290
177
58
-128
-349
-550
-781
-948
-1037
-1041
-1101
-1292
-1489
-1555
-1527
-1456
-1382
-1346
-1363
-1407
-1439
-1394
-1175
-910
-792
-799
-794
-731
-630
-448
-252
-137
-146
-270
-302
-233
-159
-97
-83
-24
19
10
11
11
44
181
386
542
582
540
522
646
824
1008
1101
972
802
747
772
796
824
839
823
736
599
497
462
378
260
158
79
11
-67
-155
-184
-188
-182
-180
-218
-293
-373
-360
-338
-312
-261
-279
-166
17
96
51
4
107
396
671
737
714
591
544
614
768
883
841
697
526
391
428
557
529
352
155
-23
-152
-154
-69
-92
-268
-456
-523
-469
-470
-615
-780
-861
-775
-672
-714
-840
-942
-959
-891
-737
-548
-484
-548
-575
-430
-191
16
137
176
130
51
23
88
162
222
181
128
120
147
176
197
310
393
413
382
300
290
380
577
671
615
470
311
237
291
442
509
440
272
183
191
200
160
71
48
-61
-185
-232
-296
-412
-495
-481
-445
-410
-464
-552
-479
-339
-194
-137
-115
-111
-113
-73
30
127
148
68
-77
-146
-109
20
35
-55
-175
-190
-217
-218
-207
-223
-258
-297
-245
-206
-212
-309
-387
-377
-218
-43
-12
-164
-330
-430
-318
-22
216
200
-60
-265
-234
-35
157
256
299
305
260
229
236
280
361
435
453
445
316
140
61
126
226
331
346
284
215
166
235
391
514
526
452
316
270
332
416
446
425
364
289
216
194
159
172
211
220
221
107
-68
-266
-333
-229
-120
-141
-313
-535
-703
-678
-480
-254
-207
-364
-547
-573
-420
-139
86
140
113
19
-40
-39
23
74
80
2
-88
-110
-194
-214
-216
-213
-177
-202
-281
-396
-458
-420
-367
-409
-499
-560
-598
-599
-535
-489
-469
-473
-467
-440
-379
-270
-174
-76
10
67
120
164
286
416
434
404
403
518
687
710
653
595
513
491
447
369
307
265
232
225
258
266
187
131
158
221
245
230
157
117
147
219
343
440
459
299
120
110
233
342
302
125
-25
-86
-120
-43
89
66
-35
-129
-155
-130
-128
-136
-152
-113
-108
-102
-110
-71
-31
3
56
61
22
-59
-142
-159
-117
-70
-89
-118
-144
-194
-263
-315
-308
-250
-188
-108
-98
-135
-202
-330
-353
-302
-265
-298
-333
-365
-382
-339
-304
-252
-156
-153
-198
-168
-55
24
18
56
161
224
244
269
299
402
488
549
579
594
601
550
513
490
469
404
327
331
326
258
97
-115
-226
-211
-119
-92
-99
-198
-319
-310
-238
-174
-226
-339
-454
-511
-447
-348
-319
-373
-410
-417
-372
-290
-273
-305
-326
-282
-155
-34
24
14
-31
2
105
185
209
229
259
284
287
301
271
184
85
83
161
203
147
10
-75
-30
109
207
222
169
97
72
73
123
185
136
32
-39
-33
-40
-95
-153
-203
-200
-154
-98
-95
-172
-312
-334
-158
39
90
-6
-193
-276
-141
13
102
60
-35
-109
-84
-8
98
106
82
163
247
269
241
225
222
330
436
481
454
305
156
131
206
290
277
112
-95
-192
-103
71
205
215
138
16
-20
66
150
135
25
-62
-74
-2
69
65
-18
-107
-135
-69
-3
17
-41
-137
-169
-77
32
29
-73
-183
-213
-184
-125
-91
-162
-226
-273
-261
-211
-195
-211
-230
-214
-207
-236
-290
-341
-380
-343
-328
-328
-357
-421
-451
-437
-340
-307
-328
-332
-276
-140
-60
-23
5
9
25
105
253
308
248
227
226
239
305
311
296
282
229
266
289
229
209
243
227
162
94
15
-22
-39
-48
-36
-31
-59
-94
-77
-40
-6
18
38
36
-9
-27
11
71
127
146
240
342
370
345
263
229
239
328
401
366
269
204
218
300
380
402
366
341
281
226
176
188
193
212
249
162
88
-17
-54
-13
51
75
63
22
-33
-17
37
134
181
184
138
61
-10
-89
-80
-79
-85
-85
-160
-285
-396
-448
-437
-351
-352
-452
-548
-630
-659
-659
-639
-617
-571
-564
-559
-516
-484
-433
-317
-240
-221
-198
-174
-115
-91
-87
-6
63
83
-24
-166
-249
-232
-132
-39
-32
-144
-263
-317
-271
-210
-218
-274
-329
-365
-298
-240
-212
-112
-16
39
36
6
50
158
254
344
398
433
471
521
561
566
583
592
641
697
633
573
517
470
423
377
349
298
259
230
171
119
124
144
127
79
26
17
87
167
215
190
151
178
240
258
218
175
185
186
163
175
103
35
10
1
23
46
27
-9
-91
-169
-184
-179
-136
-100
-147
-241
-320
-371
-381
-412
-416
-392
-359
-340
-262
-181
-130
-126
-128
-40
-3
51
103
118
131
94
70
90
100
120
113
78
66
52
12
-57
-65
-67
-40
-31
-65
-69
-82
-119
-165
-198
-187
-163
-177
-190
-218
-232
-174
-77
29
56
36
10
29
68
71
70
25
4
-12
-21
-51
-72
-85
-95
-95
-172
-237
-290
-309
-302
-295
-291
-304
-333
-374
-396
-377
-314
-234
-213
-190
-220
-245
-169
-67
109
196
187
178
261
311
379
466
440
406
366
347
406
448
405
305
224
195
127
66
87
97
106
135
98
50
-14
-79
-35
16
63
56
11
-7
8
52
113
121
62
27
16
67
146
184
181
168
157
183
196
170
117
79
113
131
127
36
-81
-147
-121
-56
-54
-70
-93
-96
-25
132
237
253
249
247
282
301
301
289
226
219
257
290
279
194
87
28
-16
-18
-55
-139
-241
-270
-286
-287
-276
-265
-305
-385
-372
-381
-364
-381
-403
-408
-359
-257
-172
-142
-181
-230
-264
-224
-150
-94
-94
-83
-57
-10
11
-15
-29
-55
-58
-59
-87
-153
-225
-275
-252
-180
-158
-157
-202
-230
-202
-146
-67
-56
-55
-27
16
-2
-12
4
-8
19
64
65
46
-1
-44
-7
87
161
196
171
66
-6
8
76
154
159
129
62
2
9
41
71
123
193
181
133
92
49
72
112
192
194
139
118
43
-1
32
92
90
45
-64
-143
-161
-100
36
103
77
7
-69
-118
-70
-25
-38
-45
-46
18
68
116
120
93
73
75
106
135
168
223
282
291
314
316
291
291
350
400
411
418
361
311
283
288
337
367
373
338
243
182
134
106
84
83
61
-25
-87
-95
-94
-107
-116
-125
-84
-111
-140
-175
-174
-141
-132
-119
-172
-162
-144
-130
-81
-38
-72
-102
-143
-122
-99
-102
-127
-207
-243
-320
-386
-418
-377
-322
-286
-291
-296
-318
-388
-416
-392
-362
-361
-354
-338
-327
-311
-303
-254
-213
-189
-201
-183
-132
-103
-86
-60
-21
-13
-44
-29
-2
-33
-51
-114
-160
-136
-107
-60
-43
-61
-95
-142
-221
-238
-228
-195
-159
-133
-93
-65
-10
56
146
228
252
232
215
147
117
156
231
301
354
362
344
386
483
572
560
505
440
418
404
367
337
296
280
230
179
148
89
52
51
73
149
168
182
223
196
206
306
383
324
268
184
119
147
210
202
124
64
21
-9
-29
-68
-80
-80
-108
-130
-148
-171
-169
-133
-108
-63
-83
-149
-168
-146
-126
-147
-132
-86
-75
-46
-49
-33
-11
-59
-87
-78
-29
42
93
124
119
96
41
-15
-45
-67
-78
-129
-170
-221
-244
-263
-263
-255
-250
-276
-336
-324
-328
-333
-339
-333
-338
-353
-335
-295
-217
-156
-184
-217
-179
-86
-54
-18
30
61
75
66
68
110
123
90
112
119
98
76
92
171
190
165
93
42
48
82
100
107
118
72
17
0
30
85
107
85
36
30
16
14
38
51
106
100
91
92
56
-24
-49
44
91
107
54
-27
-76
-78
28
102
58
15
-93
-159
-147
-45
42
58
59
32
68
126
162
207
208
171
156
149
116
82
97
128
198
237
206
116
26
33
82
78
56
19
-44
-80
-22
104
176
164
141
117
83
48
34
31
42
63
77
88
31
-46
-100
-105
-41
-8
-50
-134
-207
-211
-126
-24
-7
-67
-122
-180
-216
-201
-179
-206
-254
-283
-296
-280
-281
-249
-202
-180
-148
-183
-208
-185
-179
-152
-119
-82
-67
-41
-29
9
75
71
87
111
95
54
84
138
108
70
46
46
62
74
59
-4
-22
-50
-33
5
5
-43
-120
-93
-87
-83
-113
-137
-140
-145
-124
-75
-32
-43
-49
-55
-41
-54
-59
-63
-86
-98
-135
-158
-120
-53
-24
-6
0
12
44
75
46
23
25
74
164
257
347
338
306
311
369
393
420
406
313
248
240
278
302
300
234
128
106
128
202
285
293
267
207
168
160
145
164
130
59
36
17
-13
-61
-56
-38
-5
26
37
12
0
10
31
76
104
112
57
10
-26
-31
-23
-17
-67
-153
-254
-281
-265
-213
-175
-163
-159
-159
-139
-112
-84
-121
-142
-162
-162
-181
-198
-211
-261
-236
-227
-255
-272
-263
-260
-240
-257
-274
-271
-292
-258
-238
-195
-207
-228
-207
-167
-148
-168
-181
-198
-194
-145
-115
-97
-78
-67
-46
-17
11
10
3
-23
-26
21
78
90
93
89
60
43
46
50
40
31
2
-8
13
12
10
34
58
72
75
80
112
121
119
131
170
176
217
257
233
245
286
312
342
337
346
360
378
406
380
341
334
364
387
411
419
404
370
377
386
378
327
264
211
136
80
64
42
13
-3
-25
-48
-86
-87
-70
-119
-164
-204
-250
-312
-335
-322
-340
-358
-386
-379
-336
-353
-330
-309
-302
-319
-326
-290
-273
-290
-268
-217
-216
-207
-215
-178
-151
-147
-128
-109
-87
-59
-10
44
82
107
87
68
91
127
191
251
253
231
184
108
100
100
129
133
102
40
-25
-17
-9
1
-16
-60
-132
-206
-248
-289
-334
-342
-345
-349
-362
-382
-364
-306
-188
-101
-24
16
46
69
118
166
231
244
239
228
159
136
126
149
151
168
212
187
165
154
175
206
204
191
144
91
69
80
96
94
58
8
11
18
65
84
55
43
20
12
9
16
0
-55
-107
-92
-67
-54
-30
-60
-130
-137
-115
-115
-63
-40
-53
-53
-54
-44
-65
-94
-91
-93
-141
-147
-148
-154
-125
-57
31
106
115
127
149
210
288
359
421
370
298
260
230
265
309
280
227
156
64
24
-12
28
65
16
-21
-59
-111
-163
-157
-143
-120
-64
-49
-97
-130
-97
-33
20
45
40
15
18
54
93
104
125
138
172
222
188
153
150
170
219
217
189
146
96
55
14
14
-14
-48
-54
-81
-133
-171
-243
-310
-347
-395
-422
-432
-428
-453
-443
-418
-359
-316
-304
-295
-350
-337
-270
-207
-200
-222
-232
-242
-229
-156
-129
-142
-165
-135
-101
-85
-78
-112
-119
-113
-52
7
84
155
158
153
163
197
215
240
244
242
271
283
312
362
384
368
316
279
231
164
105
79
100
68
23
-33
-112
-174
-222
-226
-210
-236
-258
-287
-277
-280
-283
-279
-298
-285
-293
-272
-264
-285
-254
-170
-78
-20
22
81
95
132
236
295
367
448
520
553
564
603
606
575
554
552
519
451
381
312
260
252
254
241
221
203
145
134
100
50
31
30
15
-6
-38
-75
-106
-143
-136
-162
-222
-264
-278
-280
-227
-212
-221
-249
-289
-284
-285
-243
-172
-159
-132
-108
-88
-58
-48
-9
-3
4
20
6
-13
-1
63
124
160
199
185
152
149
171
218
256
274
286
248
206
180
126
70
57
26
9
-37
-95
-95
-118
-129
-137
-148
-170
-226
-242
-280
-329
-347
-357
-367
-381
-393
-343
-246
-159
-101
-68
-55
-55
-43
-38
-18
6
44
43
38
35
38
48
36
51
47
18
4
9
11
16
-7
-35
4
4
-40
-110
-158
-172
-145
-93
-65
-122
-198
-227
-242
-242
-219
-201
-221
-213
-167
-110
-62
-36
2
-16
-60
-100
-69
-41
-17
15
16
2
8
23
62
117
140
182
212
248
240
215
211
207
241
285
326
345
348
312
296
283
265
281
280
309
293
278
299
295
262
239
248
204
171
140
82
12
-12
-10
-37
-93
-125
-145
-170
-158
-149
-157
-201
-206
-192
-135
-108
-83
-60
-70
-46
2
35
55
47
43
33
51
111
150
156
155
108
82
111
139
169
163
120
76
25
-5
16
41
61
57
2
-74
-136
-164
-139
-126
-149
-182
-231
-256
-261
-243
-236
-214
-196
-198
-182
-185
-193
-204
-171
-162
-159
-176
-194
-240
-276
-250
-203
-194
-205
-172
-171
-170
-129
-126
-115
-93
-96
-101
-105
-111
-69
-36
1
14
17
19
4
21
76
132
147
147
112
89
83
57
92
121
85
73
76
69
82
139
157
180
214
222
221
195
187
178
154
150
146
133
147
151
132
140
113
61
67
114
164
187
207
205
208
225
241
266
235
167
98
39
44
27
-39
-92
-152
-209
-219
-217
-222
-209
-230
-239
-241
-247
-241
-240
-234
-194
-163
-127
-98
-57
9
25
67
58
57
69
96
119
131
166
134
148
161
146
141
107
69
31
21
47
70
103
135
143
116
101
100
87
48
35
28
9
-23
-33
-58
-102
-107
-102
-101
-86
-125
-194
-216
-195
-152
-122
-101
-101
-132
-188
-213
-215
-200
-194
-207
-239
-270
-261
-244
-231
-221
-237
-256
-252
-200
-163
-128
-111
-110
-90
-101
-79
-44
-30
10
61
64
84
124
124
132
106
91
70
46
20
33
59
121
159
191
209
158
114
109
167
172
186
173
139
154
163
185
163
157
146
151
165
178
226
259
279
282
257
268
254
237
249
242
257
250
220
197
188
156
152
166
149
102
62
9
-10
-8
16
26
10
16
8
-56
-86
-77
-114
-132
-159
-211
-237
-220
-207
-198
-211
-213
-219
-194
-152
-166
-155
-128
-131
-137
-128
-146
-143
-140
-150
-125
-107
-121
-133
-108
-98
-99
-84
-78
-75
-120
-148
-207
-262
-263
-257
-241
-245
-261
-252
-215
-195
-177
-180
-199
-184
-151
-140
-111
-108
-130
-122
-91
-59
-93
-84
-60
-60
-40
-16
6
42
85
98
137
149
181
196
218
237
263
296
316
322
327
321
276
294
314
310
338
336
286
265
237
238
235
210
180
170
193
222
213
182
145
122
87
39
-2
-33
-56
-113
-150
-164
-186
-212
-229
-221
-223
-182
-140
-132
-100
-76
-78
-52
-39
-21
-11
-17
-5
25
47
22
10
31
33
49
37
43
54
58
77
82
87
63
55
40
26
9
-1
-7
-9
-26
-68
-90
-72
-51
-36
-42
-51
-88
-103
-98
-58
-13
-27
-32
-42
-11
0
-8
-5
28
21
-13
-25
-17
-14
-8
10
11
1
-16
-27
-46
-31
-20
-25
12
57
83
116
131
154
189
174
169
156
139
121
109
97
64
40
19
-5
-38
-80
-107
-147
-167
-193
-233
-273
-291
-290
-239
-191
-185
-166
-184
-193
-171
-165
-173
-189
-210
-249
-268
-240
-233
-233
-187
-147
-118
-85
-73
-75
-51
-40
-16
23
26
29
11
29
91
133
118
92
58
11
1
32
51
42
67
134
156
132
119
97
85
97
116
114
91
85
92
99
123
144
128
115
99
113
142
134
114
117
112
103
117
123
120
109
76
78
109
114
140
143
126
127
105
95
81
78
107
136
174
189
169
152
125
120
132
137
95
45
22
-11
7
29
44
42
14
48
65
54
63
81
66
5
-48
-63
-59
-80
-108
-142
-197
-241
-270
-312
-335
-352
-308
-276
-252
-219
-196
-171
-157
-147
-138
-141
-168
-183
-174
-160
-124
-107
-69
-40
-24
-10
7
46
82
132
107
89
69
22
-16
-24
-41
-50
-66
-55
-16
-7
-4
16
51
55
61
86
49
10
-19
-38
-18
-6
20
17
16
24
40
47
44
44
64
84
80
50
81
94
77
79
70
87
79
46
19
6
-14
2
20
25
38
46
44
21
31
28
18
8
3
-8
-32
-46
-38
-23
-26
-38
-44
-75
-93
-97
-148
-190
-201
-213
-215
-168
-150
-131
-137
-126
-100
-81
-78
-51
-59
-104
-91
-59
-67
-61
-50
-41
-8
0
30
54
113
173
213
265
278
274
254
250
255
259
260
221
183
181
176
174
188
170
121
80
34
6
-29
-51
-49
-70
-100
-79
-63
-59
-26
26
56
74
57
43
71
62
41
25
-2
-20
-65
-114
-123
-121
-116
-95
-100
-99
-81
-69
-36
-17
11
6
-6
-16
-28
-43
-66
-50
-42
-39
-53
-77
-78
-83
-44
20
33
19
10
8
-6
25
63
49
84
95
80
110
118
98
115
113
83
86
101
102
75
93
77
60
49
26
15
-24
-61
-51
-46
-13
-23
-54
-44
-80
-124
-137
-163
-200
-191
-180
-169
-186
-184
-162
-131
-128
-102
-70
-58
-45
-14
-27
-79
-97
-109
-119
-138
-139
-150
-143
-135
-126
-100
-115
-147
-105
-52
-12
35
50
34
53
101
146
176
174
158
131
103
94
100
102
127
151
156
173
202
215
249
264
254
220
182
132
69
42
62
39
-8
17
11
-25
-47
-21
-3
-14
-22
-16
-26
-7
26
32
1
-26
-36
-63
-103
-105
-117
-117
-110
-126
-112
-91
-48
-28
19
58
57
25
-1
-17
-27
-12
-31
-41
-52
-78
-99
-90
-79
-52
-23
-10
-3
-3
-1
36
88
138
154
153
134
102
77
68
65
46
24
-11
-45
-54
-35
-4
26
7
-12
-24
-21
-4
10
19
0
-44
-66
-58
-47
-45
-44
-62
-78
-84
-104
-118
-127
-143
-157
-156
-113
-84
-48
-25
-7
7
11
4
9
40
34
33
46
66
99
105
80
58
26
7
-14
-19
-22
-41
-44
-37
-6
11
53
77
57
73
74
73
89
110
126
142
162
179
178
166
157
122
116
114
97
90
99
112
77
65
35
6
21
-2
-22
-55
-73
-73
-95
-116
-135
-136
-149
-139
-139
-145
-126
-135
-147
-116
-110
-133
-136
-144
-147
-150
-157
-129
-109
-148
-133
-122
-150
-136
-113
-108
-105
-103
-110
-103
-101
-97
-88
-102
-96
-60
-32
15
28
23
33
23
44
58
77
103
90
105
108
124
125
131
151
164
139
142
168
175
181
196
215
195
171
142
128
103
97
77
48
24
-9
-6
2
18
2
-17
-29
-47
-19
-7
-12
-20
-36
-42
-9
-18
-24
-14
-35
-39
-19
18
13
23
54
43
40
59
74
52
43
41
39
45
38
39
40
35
17
0
13
-2
0
-9
-25
-58
-95
-68
-28
8
56
97
124
141
122
95
75
72
77
74
71
76
67
53
43
40
20
-19
-35
-66
-76
-56
-54
-89
-95
-84
-86
-86
-46
-19
-25
-17
-17
2
-5
-13
-7
-14
-20
-41
-42
-54
-70
-106
-131
-147
-159
-152
-132
-92
-58
-28
-1
6
2
-45
-75
-110
-150
-158
-173
-149
-148
-154
-175
