8
3
0
-7
-13
-14
-17
-17
-16
-14
-13
-13
-12
-13
-14
-17
-22
-24
-27
-26
-28
-29
-29
-31
-32
-31
-35
-32
-33
-39
-36
-35
-34
-31
-31
-31
-34
-35
-36
-34
-36
-38
-37
-39
-41
-42
-40
-36
-33
-34
-34
-34
-39
-42
-41
-39
-36
-28
-23
-19
-14
-9
-7
-2
4
5
0
-2
2
4
10
14
18
17
15
13
12
13
14
16
13
15
18
20
20
22
23
20
15
10
13
15
16
16
15
14
12
8
3
-3
-6
-5
-6
-6
-2
-2
-1
-2
-4
-6
-9
-8
-12
-11
-6
-3
-1
0
-1
-1
-3
-2
-3
-3
-1
-4
-6
-3
1
7
10
17
21
19
18
25
26
26
28
31
31
30
33
35
35
31
31
27
25
26
25
25
27
30
30
33
31
28
27
21
20
19
17
15
13
11
8
6
7
3
0
-3
-4
-8
-13
-17
-19
-20
-20
-20
-16
-15
-16
-14
-15
-14
-18
-20
-22
-21
-20
-16
-17
-18
-16
-18
-20
-20
-19
-17
-16
-16
-12
-10
-12
-9
-6
-2
1
3
2
1
1
-3
-3
-2
-2
-1
0
-2
-2
-2
-4
-2
-3
-7
-4
-9
-10
-12
-12
-13
-11
-9
-9
-11
-11
-9
-10
-10
-11
-9
-11
-10
-9
-10
-12
-15
-18
-20
-21
-22
-19
-16
-16
-10
-6
-7
-3
-1
2
2
6
9
9
10
9
8
6
8
9
7
6
6
4
5
8
8
17
22
25
31
34
36
31
30
27
23
18
17
18
20
20
17
17
14
15
13
17
19
17
19
17
17
20
18
18
15
12
10
10
8
4
5
2
2
0
-5
-7
-12
-14
-12
-13
-17
-18
-20
-22
-20
-20
-16
-16
-15
-13
-11
-12
-15
-15
-13
-13
-11
-10
-9
-8
-8
-8
-10
-12
-9
-11
-10
-8
-9
-5
-2
-3
-5
-11
-9
-10
-7
-2
-1
0
-4
0
1
3
5
7
5
5
5
6
7
4
2
2
-1
-5
-3
-7
-10
-10
-7
-9
-10
-9
-11
-12
-10
-10
-10
-6
-6
-6
-3
-2
-5
-4
-3
-5
-8
-8
-9
-11
-13
-12
-14
-12
-9
-7
-5
0
0
-1
0
1
5
5
5
8
7
6
10
10
8
10
6
4
5
7
10
15
17
17
19
21
19
16
14
13
10
9
8
10
11
11
12
16
16
13
11
9
8
6
11
12
13
13
14
15
20
22
20
24
22
19
19
18
17
14
13
10
8
5
3
3
1
2
2
0
2
6
7
9
10
8
7
7
3
0
-2
-5
-8
-10
-9
-9
-10
-13
-12
-12
-12
-10
-10
-15
-17
-17
-19
-16
-17
-19
-17
-19
-20
-17
-17
-17
-19
-20
-22
-25
-30
-31
-31
-31
-30
-29
-27
-31
-27
-28
-27
-28
-27
-29
-27
-23
-21
-21
-18
-14
-17
-16
-13
-14
-10
-8
-6
-2
-3
-1
2
5
6
10
10
11
11
16
19
19
23
24
27
24
26
27
24
25
24
24
22
22
21
21
22
26
29
29
30
30
29
30
32
28
31
27
22
23
19
14
12
10
8
4
3
1
-1
2
6
6
8
9
5
3
7
6
5
6
10
8
7
7
4
1
-1
-5
-7
-6
-6
-5
-3
-2
-1
-3
-2
-2
-1
-1
-3
-7
-10
-9
-12
-13
-12
-12
-15
-16
-13
-13
-8
-9
-8
-11
-11
-16
-16
-15
-15
-21
-24
-25
-23
-23
-26
-23
-23
-23
-22
-21
-18
-16
-16
-13
-12
-11
-9
-8
-10
-11
-13
-15
-20
-23
-21
-26
-26
-26
-27
-27
-24
-23
-19
-13
-11
-13
-13
-13
-15
-13
-13
-12
-12
-12
-12
-9
-9
-9
-7
-6
-5
0
-1
1
3
4
7
7
14
16
14
15
20
24
27
33
37
43
47
49
49
53
52
49
49
48
45
44
46
47
47
48
47
43
44
37
37
34
34
34
34
35
34
31
25
22
19
18
18
22
21
18
14
12
11
7
7
7
4
2
1
1
2
-1
-3
-7
-12
-12
-13
-12
-14
-14
-16
-14
-15
-13
-11
-15
-18
-19
-21
-15
-10
-6
-2
-1
-2
-3
-7
-7
-9
-13
-11
-11
-11
-18
-22
-27
-34
-36
-37
-37
-37
-36
-42
-50
-48
-48
-51
-48
-46
-44
-42
-37
-32
-33
-39
-39
-38
-42
-40
-41
-43
-44
-48
-47
-47
-49
-54
-54
-49
-46
-40
-34
-31
-31
-30
-26
-22
-16
-14
-14
-10
-10
-10
-8
-1
1
5
14
20
29
29
26
32
36
40
43
47
57
65
69
75
85
93
95
98
102
100
99
99
95
88
81
73
65
65
57
58
59
52
54
60
66
79
86
93
105
98
94
85
70
51
31
6
-10
-26
-35
-44
-47
-52
-54
-53
-51
-38
-35
-19
-10
-10
-9
-15
-26
-35
-48
-64
-74
-90
-99
-108
-124
-126
-120
-108
-92
-76
-58
-51
-44
-46
-45
-50
-64
-70
-80
-73
-59
-47
-22
-20
-19
-37
-53
-55
-45
-36
-33
-26
-23
-16
-20
-19
-20
-27
-46
-55
-58
-55
-42
-23
-2
21
31
38
42
47
59
60
60
56
53
51
58
59
50
35
30
23
19
21
31
38
49
60
60
77
77
75
84
104
96
80
75
61
49
30
19
2
-13
-27
-43
-53
-41
-37
-39
-41
-54
-40
-29
-29
-24
-26
-29
-40
-53
-57
-53
-44
-30
-14
-2
17
19
19
18
26
18
20
57
62
67
70
87
96
80
88
88
80
79
91
105
112
111
104
99
87
80
81
72
68
63
45
52
59
53
59
41
27
24
-2
-6
-10
-32
-53
-59
-65
-76
-78
-78
-75
-76
-76
-81
-82
-94
-98
-111
-114
-117
-134
-142
-143
-139
-126
-114
-117
-113
-111
-97
-86
-68
-22
-10
-7
-11
-30
-54
-37
-25
-27
-9
-5
48
38
-42
-166
-143
11
67
206
609
764
159
-747
-762
-6
478
408
136
-369
-1233
-1537
-643
459
428
-476
-1062
-1204
-1196
-1044
-502
80
169
-29
-88
94
324
553
909
1401
1717
1626
1240
1039
1133
1296
1543
1919
2079
1464
392
-166
48
430
409
60
-345
-818
-1286
-1439
-1196
-875
-832
-960
-942
-820
-921
-1125
-905
-297
257
397
339
261
58
-52
396
1281
2012
1878
917
98
-4
683
1267
1280
817
-234
-1392
-1765
-912
-110
-427
-1519
-2422
-2793
-3166
-3295
-3059
-2711
-2882
-3255
-3323
-3437
-3215
-1419
1991
4577
4035
1036
-1220
-198
3997
8464
9633
6613
2125
53
1902
5773
8254
7377
4060
641
-1216
-1467
-1176
-1020
-1157
-1493
-2080
-3111
-4642
-6263
-6828
-5428
-2792
-964
-1552
-4165
-6395
-6008
-2845
1148
3259
2433
6
-1545
-789
1600
3688
4284
3848
3217
2769
2333
1750
1176
909
1284
1888
1758
215
-2222
-3973
-3764
-1946
-154
657
-510
-2951
-5235
-5076
-2244
554
1602
589
-1192
-2832
-2964
-972
1518
2562
1540
78
-1396
-2442
-2425
-1755
-1093
-1504
-2204
-1532
458
3013
4155
2949
30
-2071
-6
5140
9006
7381
1663
-3013
-2530
2829
7979
8936
5167
10
-2969
-2649
-584
567
178
-896
-1514
-1694
-2336
-3567
-4449
-3789
-1682
552
1112
-789
-3839
-5383
-3249
1550
5400
5264
1684
-1941
-2628
46
3587
5147
3929
1438
4
191
922
749
-278
-1121
-908
-341
-683
-2265
-3492
-2603
-1079
-510
-1178
-1691
-2394
-3189
-2156
-185
75
-1816
-2236
-355
1115
819
-307
-1009
-2014
-2197
-1146
-240
-992
-2990
-4044
-3238
-347
3346
5683
4554
438
-3355
-3152
2248
8708
10536
5938
-1107
-4197
-1251
4816
8963
8451
4061
-886
-3141
-2599
-1148
-579
-588
-481
-893
-2326
-4710
-6572
-6398
-4031
-857
963
91
-3422
-6878
-6903
-2600
3028
5632
3918
-124
-3053
-2688
533
4002
5166
3731
1618
546
498
320
-257
-562
137
935
1399
1043
-1466
-4748
-5692
-2144
2188
2763
24
-3512
-5788
-5681
-2163
2335
3694
1320
-1830
-2892
-2424
-1369
-167
737
568
-670
-2002
-2969
-3342
-2126
1191
5178
7282
5588
886
-3357
-2705
3409
10276
12083
7206
-438
-4937
-2775
4040
9605
9472
4265
-1618
-4537
-4110
-2315
-878
-280
-457
-1482
-3276
-5479
-7224
-7312
-4805
-677
2192
1304
-2924
-7073
-7308
-2853
3255
6994
5908
1387
-2775
-3181
259
4473
6262
5018
2585
744
-60
-366
-486
-158
592
1377
1430
136
-3065
-6365
-6280
-2102
2365
2650
-778
-4810
-6970
-5744
-1420
3003
3657
701
-2526
-3325
-1999
-240
1080
1418
582
-802
-1926
-2605
-2974
-2355
728
4984
7596
6059
1144
-3278
-3417
2024
9179
12228
8174
-116
-5967
-4944
1850
8403
9650
5258
-1223
-5455
-5891
-3679
-1265
-233
-487
-1581
-3307
-5500
-7476
-7816
-5354
-912
2404
1919
-2218
-6754
-7805
-3928
2630
7452
7309
2809
-2073
-3485
-665
3743
6336
5787
3176
516
-1052
-1517
-1300
-982
-467
21
-114
-1561
-4221
-6165
-5927
-3177
237
1943
668
-2886
-5427
-4731
-1490
1908
3580
2999
557
-1549
-1656
113
2007
2664
2369
1196
-545
-2062
-2770
-2291
-1584
-601
1466
3546
4474
2946
336
-1459
-720
3452
8322
9943
6147
-217
-3870
-1777
4730
10200
10592
5741
-512
-3931
-3250
-386
1615
1543
-126
-2157
-3829
-5118
-5697
-5060
-3044
-599
452
-878
-4136
-6889
-6671
-2777
2556
5638
4328
-124
-3967
-4225
-677
3715
5577
3892
501
-1800
-1974
-817
51
15
-269
-313
-489
-1708
-3613
-4899
-4231
-1638
1269
2172
-197
-3921
-5592
-3665
242
3200
3291
865
-1929
-2710
-937
1595
2714
1930
60
-1636
-2555
-2435
-2008
-2013
-2647
-2683
-536
2365
3912
3118
1130
-436
-285
2694
7126
9306
6847
1604
-1797
-617
4228
8852
9791
6291
727
-3183
-3533
-1399
385
242
-1114
-2713
-4140
-5420
-6242
-5963
-4468
-2496
-1419
-2018
-4181
-6352
-6465
-3300
1540
4634
3920
376
-2741
-2894
15
3767
5639
4453
1492
-694
-805
239
892
463
-156
-210
-394
-1471
-2823
-3339
-3042
-1713
328
1809
459
-2920
-4630
-3370
-643
1719
2885
2162
-61
-1346
-496
1324
2266
2004
1044
124
-483
-1171
-1901
-2580
-2640
-2548
-1762
558
3169
4182
3153
1415
365
667
3403
7477
9571
7134
1940
-1376
-50
4789
9050
9535
5784
257
-3453
-3628
-1538
107
-59
-1303
-2772
-4048
-5446
-6538
-6478
-4675
-2378
-1236
-2016
-4185
-6146
-6078
-2934
1631
4332
3373
188
-2512
-2733
-292
2999
4838
4173
1778
-285
-820
-260
-5
-543
-1002
-940
-398
-644
-2255
-4179
-4378
-1838
1461
2740
743
-3061
-5603
-4539
-178
4153
5156
2278
-1275
-2391
-969
1533
3099
2760
547
-1889
-2920
-2489
-2219
-2671
-3205
-3487
-3794
-3677
-2054
528
2298
2737
2384
1508
765
1889
5549
8751
8636
5176
1456
613
3416
7780
9902
7692
2391
-2187
-3248
-1561
231
114
-1311
-3064
-4388
-5181
-5647
-5710
-5296
-4223
-2898
-2376
-3356
-5189
-6034
-4288
-559
2523
2998
1244
-1144
-2106
-683
2300
4583
4446
2388
460
-71
270
341
-151
-483
-78
232
698
770
-797
-3203
-3662
-115
3077
2616
-254
-2808
-3850
-2947
903
4353
3776
163
-2304
-2025
-763
706
1374
764
-736
-1873
-2079
-2132
-2810
-3456
-3503
-2944
-2767
-2341
-703
1345
3025
4034
4246
3125
1848
2898
6467
9759
9706
6025
1558
241
3364
8093
10171
7438
1707
-3304
-4731
-3164
-1159
-733
-1880
-3890
-5741
-6702
-6891
-6660
-5890
-4565
-3397
-3180
-4062
-5471
-6131
-4488
-828
2619
3581
1781
-1069
-2481
-1153
2105
4727
4770
2716
397
-701
-536
45
481
718
711
509
385
-590
-2703
-4143
-2059
1805
3326
1576
-1527
-3956
-4656
-1784
2750
4373
1935
-1492
-2985
-2539
-725
1165
1667
593
-1126
-2210
-2805
-2955
-2747
-2059
-1588
-2047
-3365
-3806
-1634
2223
5504
6297
4712
1982
220
1884
6742
11137
10990
6088
822
-415
2887
7485
9754
7659
2321
-2738
-4486
-3105
-1380
-1084
-1855
-2917
-4007
-5447
-7043
-7837
-6705
-4228
-2105
-1494
-3003
-5602
-7176
-5428
-829
3245
3994
1678
-1333
-2705
-1357
1744
4278
4568
2771
733
-104
21
99
-185
-90
580
975
809
36
-1993
-3989
-2956
826
3258
1694
-1678
-4205
-5090
-3088
1095
3686
2304
-728
-2414
-2166
-586
1189
1809
685
-963
-1907
-2063
-1768
-1696
-2069
-2381
-2734
-3004
-3394
-2993
-857
2294
4700
5159
4071
2150
791
1938
6429
11038
11226
6466
665
-1376
1668
7220
10630
8671
2416
-3607
-5501
-3776
-1308
-562
-1755
-3640
-5197
-6407
-7490
-7950
-7237
-5310
-3114
-2136
-3406
-6342
-8159
-6544
-2013
2618
4445
2667
-1127
-3683
-2629
1434
5399
6477
4602
1784
21
29
867
1638
1993
2318
1930
1397
821
-1300
-3656
-3427
631
3577
2560
-661
-4095
-6101
-4698
624
4795
3923
-31
-3137
-3301
-1385
1645
3223
2284
-52
-1850
-1997
-1376
-556
-405
-561
-1069
-2153
-3642
-4596
-2966
871
4581
5630
4709
3228
1723
1379
3584
8162
11244
10066
5426
532
-995
1929
7483
10642
8205
1579
-4568
-6387
-4337
-1453
-475
-1403
-3297
-5560
-7525
-8477
-7692
-5672
-3568
-2178
-2504
-4471
-6857
-7347
-4826
-466
3297
4309
2346
-1224
-3514
-2405
1718
5847
6801
4265
525
-1597
-1430
-58
1344
1881
1408
-305
-1180
-1516
-2821
-4076
-2851
1179
2952
911
-2762
-5752
-6192
-3090
2418
5090
2706
-1990
-4623
-3241
253
3546
3867
1450
-1675
-3153
-2347
-766
377
223
-943
-2378
-3840
-4722
-4713
-3032
415
3740
4898
3874
3180
3393
3618
3673
5285
8462
10472
9309
5078
713
-291
3299
8770
10909
7118
-473
-6314
-6788
-3391
-272
165
-1564
-4365
-6967
-8219
-7569
-5779
-4111
-3067
-2748
-3286
-4559
-5700
-5353
-2932
768
3736
4395
2382
-1053
-3211
-1831
2573
6369
6298
2764
-912
-1998
-839
615
1048
677
-54
-617
-129
-544
-2696
-4309
-2227
1463
2703
1240
-1979
-5288
-5959
-1804
3665
5044
2273
-1343
-2696
-1461
1455
3560
2982
738
-1314
-1476
-495
376
253
-337
-798
-1548
-2637
-3941
-4392
-3402
-853
2044
3590
3354
2939
3632
4522
4772
4622
5601
7792
9110
7544
3420
318
1085
5523
9629
9082
3453
-3338
-6393
-5003
-2035
-544
-1358
-3733
-6263
-7618
-7656
-6989
-5981
-5087
-4465
-4381
-4759
-5523
-5993
-5114
-2601
525
2388
1871
-701
-3374
-3670
-653
3568
5560
3801
242
-2041
-1794
-288
1067
1491
1121
-59
-372
566
-89
-1785
-1829
899
3037
2293
175
-2625
-4537
-2982
1966
5435
4301
985
-1554
-1296
952
3619
4118
2122
-262
-1360
-531
557
679
-179
-1051
-1793
-2676
-3603
-4677
-5001
-4113
-2238
-68
1501
2592
2665
3367
4824
5636
4738
4054
6182
9290
10519
8108
3865
1465
3085
7768
10602
8283
1731
-4276
-5801
-3344
-294
34
-2174
-5154
-7248
-8091
-7962
-7054
-6168
-5837
-5741
-5593
-5678
-6425
-6805
-5575
-2657
352
1640
591
-1920
-3321
-1879
1895
5181
5365
2800
151
-216
1324
2652
2455
1407
394
523
2309
2661
128
-2821
-2120
894
2515
2076
-276
-3512
-5167
-2198
2783
4548
2562
-356
-1541
-887
1063
2378
1691
-264
-1818
-1741
-954
-832
-1770
-2672
-2795
-2605
-2622
-3757
-5332
-6025
-4820
-2546
-544
1125
1975
2260
3102
5245
6792
5949
4540
5632
8892
11054
9892
5922
2112
1856
5515
9586
9647
4631
-2053
-5750
-4750
-1631
-265
-1862
-4965
-7612
-8803
-8402
-7403
-6821
-6654
-6337
-5792
-5591
-5849
-6137
-5466
-3165
14
2147
1886
-293
-2121
-1568
1503
5186
6690
4949
1767
33
905
2621
3273
2292
1033
232
1544
2658
883
-1937
-2524
219
2320
2636
911
-2603
-5224
-3600
1577
4497
3453
365
-1954
-1977
-222
2149
2198
296
-1931
-2384
-1285
-525
-993
-2037
-2152
-1555
-973
-1574
-3372
-4597
-4268
-2406
-590
33
298
556
2276
5753
9115
8917
4628
586
1038
6234
11585
12279
7337
417
-2851
-160
6106
10189
8281
1772
-4491
-7015
-6211
-4103
-2431
-2213
-3603
-5553
-6907
-7652
-8117
-7740
-6023
-3281
-1365
-1969
-4913
-7463
-6853
-2630
2558
5117
3497
-1048
-4419
-3756
290
4073
4794
2923
650
-579
-856
-834
-460
116
839
999
1531
1640
-1214
-4253
-3070
2121
4920
3349
605
-2501
-5143
-4088
1544
5695
4461
315
-3031
-3933
-2790
-50
1735
1214
-950
-2947
-3389
-2529
-1257
-447
69
9
-742
-2089
-3298
-3351
-1863
-21
574
-14
-628
176
2112
5004
6212
4893
3534
4572
8082
9614
8140
5101
3089
4142
6883
9019
7617
3949
813
88
1409
2335
1450
-1391
-3863
-4760
-4553
-4069
-4173
-4937
-5963
-6417
-5977
-5630
-6001
-6924
-6923
-5370
-3084
-1872
-2682
-4135
-4408
-2450
313
1807
1014
-919
-1568
-4
2542
3959
3373
1592
103
223
1580
3022
3090
2192
2339
2402
1290
-155
296
1273
997
881
742
-1131
-4029
-3819
-814
1227
1190
-426
-2360
-3811
-3076
-645
1266
1266
-459
-2172
-2766
-1825
-643
6
256
45
-263
-839
-1396
-1601
-900
583
1220
694
-1250
-2973
-3285
-747
3925
7837
9181
5926
201
-3435
-329
7953
14021
12729
4435
-3935
-5774
389
8885
12055
7995
114
-5524
-6273
-3689
-1451
-1472
-2534
-3551
-4454
-6036
-8229
-9682
-8982
-5669
-2012
-954
-3638
-8172
-10658
-8663
-2684
3221
5077
1868
-3274
-5534
-2898
2556
6511
6654
3888
1235
523
1291
2143
2093
1766
2124
2829
2957
2069
-843
-3596
-2989
1303
4598
3005
-956
-4322
-5311
-3309
1046
3985
2547
-1046
-3061
-1931
322
2052
2529
1822
695
-392
-759
-506
45
679
1232
1195
64
-1534
-2546
-2347
-1138
-97
-165
-1621
-3277
-4222
-3863
-1636
1602
4410
5468
5881
5605
3979
2178
2557
6564
10938
11854
7796
1539
-1903
63
5956
10410
9446
3039
-4372
-7757
-6203
-2633
-872
-1812
-4298
-6799
-8243
-8590
-8133
-7241
-5991
-4536
-3605
-4045
-6076
-7891
-7193
-3286
1627
4114
2689
-1356
-4319
-3507
869
5478
6717
4149
537
-941
191
2105
2771
1943
743
29
-20
959
1128
-762
-2039
-544
2264
2309
73
-1830
-2844
-2271
236
3263
3314
682
-1500
-1381
414
1848
2156
945
-625
-1547
-1252
-110
603
87
-1002
-1459
-1296
-1081
-1371
-1910
-2163
-1930
-1783
-2135
-2611
-2563
-2419
-2199
-1096
709
2541
4077
6150
7245
5632
2389
1237
4786
10156
12596
9358
2757
-1892
-1267
4076
9388
9902
4441
-2807
-6519
-5595
-2806
-1437
-1954
-3713
-5855
-7500
-8360
-8630
-8389
-7179
-5014
-3081
-2927
-5209
-8091
-8282
-4581
802
4313
3751
-123
-3851
-3883
344
5560
7660
5656
2035
89
668
2368
3490
3419
2721
2127
1909
1871
1708
425
-847
-496
1619
2885
1230
-1305
-2700
-2426
-988
1102
2088
631
-1642
-2507
-1310
287
965
612
-378
-1237
-1543
-1059
-472
-522
-1076
-1342
-1172
-984
-1098
-1457
-1777
-1696
-1413
-1288
-1477
-1664
-2039
-2589
-2570
-1182
995
2628
3752
5298
7092
6849
4048
1288
2519
7303
11276
10703
5388
-622
-2949
429
6586
9675
6439
-969
-6716
-7746
-5223
-2664
-2152
-3597
-5939
-7657
-8286
-8091
-7784
-7238
-5949
-4098
-2916
-3619
-5857
-7252
-5566
-1092
3401
5081
3287
-135
-1924
-43
4257
7474
7414
4851
2273
1564
2407
3429
3437
2656
1773
1320
902
640
359
-506
-781
-279
602
-63
-1967
-3086
-2940
-2233
-1714
-1049
-959
-1292
-1391
-867
103
372
201
-72
49
426
675
922
922
883
582
189
-23
-29
-7
-428
-987
-1500
-1857
-2227
-2424
-2201
-1942
-1871
-2212
-2135
-1274
539
2838
5134
7074
6530
3481
429
1386
6445
11100
11365
6345
19
-3010
-375
5634
9282
7280
716
-5266
-7254
-5575
-3049
-2041
-2612
-4439
-6341
-7621
-7974
-7542
-6575
-4858
-2734
-1326
-2033
-4696
-6613
-5184
-433
4510
6392
4171
24
-2134
-421
3801
6781
6447
3632
964
249
745
1113
781
151
-214
-361
-520
-1384
-2121
-2032
-1754
-1206
-877
-900
-2087
-2932
-1898
-499
-55
-290
196
659
840
1335
1779
1775
986
597
859
1354
1241
601
166
-376
-913
-1228
-1042
-974
-1238
-1740
-2362
-2812
-2883
-2740
-2553
-2212
-1895
-2065
-2805
-3070
-2211
-358
1917
3910
5620
6831
6412
4212
2028
2986
7255
11185
11178
6633
817
-1847
867
6517
9787
7532
1083
-4813
-6657
-4708
-1652
-279
-1279
-3790
-6143
-7201
-6944
-5907
-4825
-3921
-3153
-2862
-3573
-5229
-6323
-5109
-1634
2195
3859
2380
-970
-3252
-2288
1396
4908
5596
3290
202
-1227
-522
919
1767
1437
631
-24
-330
-777
-777
-203
-123
59
430
784
-469
-1980
-1603
-434
37
-249
199
561
492
502
618
892
622
476
284
96
-368
-828
-759
-761
-901
-1445
-1824
-2302
-2632
-2656
-2693
-2757
-2819
-2603
-2437
-2067
-1392
-1121
-1362
-1809
-1797
-1070
723
3302
5446
7325
7806
6011
2630
1211
4677
10085
12788
9772
3181
-1927
-1577
3927
9181
9804
4888
-1851
-5906
-5941
-3576
-1945
-2086
-3585
-5352
-6621
-7383
-7681
-7558
-6499
-4534
-2518
-1920
-3658
-6225
-6863
-3906
1160
4893
4962
1553
-2279
-3255
-442
3667
5866
4938
2048
-233
-712
30
462
275
-199
-463
-580
-837
-1855
-2350
-971
426
898
472
-7
-1244
-2305
-1238
654
1294
565
347
390
179
445
1040
1481
974
168
-545
-855
-551
-56
386
-16
-1127
-2226
-2638
-2498
-1873
-1220
-1325
-2054
-2457
-1937
-1251
-775
-519
-830
-1364
-1529
-954
-82
835
2225
3632
5638
7914
8278
5544
2013
2278
6704
11380
11908
7196
857
-2317
392
6146
9435
7041
505
-5116
-6621
-4457
-1929
-1534
-3012
-4986
-6086
-6284
-6074
-6250
-6666
-6217
-4402
-2094
-1732
-3931
-6647
-6644
-3005
1859
4509
3019
-1191
-4458
-3796
391
4494
5276
2627
-615
-1805
-849
585
1183
1007
411
46
45
-211
-926
-522
764
1490
1258
361
-730
-1893
-1269
780
1551
361
-1027
-954
-391
268
572
300
-370
-1019
-790
-335
-170
-427
-519
-208
-193
-659
-1498
-2118
-2036
-1110
-367
-681
-1423
-1765
-1561
-1156
-162
549
51
-877
-933
-175
456
1125
2184
3700
5643
8013
8450
5446
1298
693
5124
10841
12642
8015
578
-3885
-1888
4457
8959
7744
1561
-4791
-7337
-5848
-3248
-2038
-2624
-4255
-5909
-6975
-7271
-7214
-6655
-5125
-2921
-1359
-1787
-4164
-6354
-5879
-2271
2193
4421
3026
-867
-3915
-3412
393
4269
5194
3123
330
-1039
-719
262
735
783
735
502
523
108
-1346
-2803
-2249
442
2486
2040
-320
-2775
-3524
-1863
1381
3497
2844
332
-1807
-1843
-84
1862
2128
893
-820
-1629
-1393
-1015
-744
-615
-421
-482
-1044
-2065
-2936
-2761
-1489
-22
485
-329
-1754
-2614
-1915
-238
1218
1373
499
-246
-211
1187
3347
5638
7832
8498
6345
2333
438
3416
8760
11682
9238
3166
-2019
-2445
1835
6665
7657
3594
-2285
-5967
-6037
-4099
-2537
-2211
-3075
-4512
-5869
-6841
-7242
-7047
-6082
-4390
-2611
-1909
-3258
-5592
-6569
-4526
-450
2979
3653
1215
-2051
-3287
-1173
2583
4999
4484
1873
-196
-428
627
1491
1550
1102
630
456
603
726
-98
-1059
-570
1193
2289
1417
-276
-1517
-1704
-494
1529
2513
1389
-543
-1477
-560
1101
2055
1603
222
-885
-768
368
1170
1004
59
-898
-1509
-1722
-1533
-1300
-1061
-897
-945
-1535
-2469
-2766
-2147
-1078
-345
-378
-945
-1670
-1715
-793
996
3316
5066
6404
6779
5449
2983
1501
3638
8167
11262
9738
4439
-711
-1993
1366
6080
7848
4635
-1630
-6497
-7338
-4991
-2553
-1990
-3326
-5522
-7137
-7725
-7397
-6763
-5886
-4635
-3203
-2319
-2973
-4765
-5827
-4231
-284
3497
4537
2148
-1616
-3430
-1651
2364
5428
5262
2397
-602
-1601
-549
1044
1637
982
-229
-1111
-1338
-1110
-1258
-1834
-1681
-330
974
697
-637
-1878
-2049
-843
1252
2820
2394
737
-520
-233
1060
2317
2657
1718
439
-337
-239
310
618
553
119
-717
-1638
-2081
-1924
-1356
-984
-1117
-1654
-2120
-1974
-1453
-1031
-843
-719
-618
-479
-333
356
1893
3945
5990
7561
7421
5019
2168
2131
6012
10340
10931
6739
896
-2075
-180
4706
8008
6601
1164
-4315
-6164
-4500
-1937
-1102
-2292
-4414
-6050
-6457
-6241
-5948
-5776
-5033
-3628
-2370
-2479
-4189
-5835
-5266
-1796
2337
4105
2274
-1288
-3447
-2115
1757
4939
5044
2408
-431
-1133
310
1856
1969
656
-723
-1191
-887
-704
-1277
-1905
-1631
-512
350
97
-1030
-2113
-1861
-131
1455
1549
495
-397
-448
408
1608
2305
1843
571
-218
-66
546
860
553
-149
-808
-1273
-1906
-2528
-2671
-2177
-1548
-1529
-2295
-3291
-3559
-2828
-1493
-610
-841
-1732
-2135
-1712
-850
190
1382
2547
3578
5018
6912
7497
5383
2415
2337
6207
10468
10881
6426
538
-2204
170
5297
8258
6114
41
-5265
-6309
-3699
-918
-661
-2570
-4860
-5903
-5597
-5105
-5129
-5330
-4693
-2947
-1144
-1038
-3004
-4932
-4282
-683
3401
4890
2754
-1025
-3180
-1818
1984
4978
4760
1876
-1000
-1505
-29
1217
1023
-186
-1239
-1556
-1323
-948
-946
-1179
-1023
-125
861
767
-534
-1893
-1635
91
1872
2244
1109
-314
-830
79
1598
2392
1615
-114
-1227
-922
-4
395
-16
-836
-1730
-2422
-2620
-2209
-1597
-1529
-2139
-2769
-2939
-2522
-1844
-1043
-349
-285
-863
-1537
-1460
-619
441
1187
1644
2055
2634
4146
6665
7884
5808
2078
1113
4797
9657
10987
7115
1100
-2203
-431
4612
7941
6463
1166
-3734
-4903
-2877
-699
-654
-2201
-3904
-4677
-4687
-4821
-5350
-5637
-4763
-2935
-1561
-2133
-4452
-6289
-5399
-1968
1555
2517
279
-3056
-4432
-2497
1056
3352
2864
539
-1386
-1377
47
1220
1096
104
-595
-507
41
181
-372
-1107
-845
532
1481
891
-704
-1704
-1378
90
1590
1911
745
-759
-952
304
1779
2006
913
-341
-730
-221
462
767
361
-414
-1074
-1311
-1093
-911
-1009
-1304
-1390
-1143
-945
-920
-859
-404
182
359
192
-222
-377
-313
175
868
1418
1733
1949
3032
5236
7167
6214
2646
357
2575
7757
10677
8389
2649
-1757
-1394
2946
7274
7435
3265
-1842
-4270
-3479
-1569
-701
-1496
-3014
-4241
-4613
-4740
-5092
-5431
-5103
-3720
-2111
-1734
-3312
-5626
-6234
-3905
-143
2286
1691
-1285
-3894
-3687
-707
2659
3820
2298
-56
-1110
-490
477
771
202
-525
-813
-694
-553
-965
-1781
-2149
-1341
92
703
-148
-1757
-2603
-1969
-400
954
1067
135
-766
-676
234
1229
1467
1002
555
581
942
1035
761
443
459
648
560
51
-598
-1050
-1110
-977
-916
-1054
-1159
-1055
-731
-345
-344
-781
-1245
-1053
-358
234
364
422
897
1878
3846
6538
7540
4748
513
-143
4243
9617
10818
6495
264
-2815
-480
5046
8701
7264
1858
-3220
-4672
-2818
-499
67
-1163
-2999
-4072
-4345
-4468
-4846
-5040
-4247
-2636
-1359
-1909
-4362
-6646
-6206
-2785
1069
2384
71
-3742
-5606
-3865
6
2812
2644
278
-1909
-2162
-903
321
509
-144
-624
-462
24
-2
-729
-1159
-339
1357
2381
1781
-9
-1586
-1452
409
2632
3481
2290
500
-250
777
2543
3522
2901
1350
315
356
939
1305
1381
1129
676
-4
-667
-1201
-1632
-1709
-1339
-964
-1221
-1967
-2572
-2378
-1451
-636
-514
-1202
-2152
-2551
-2020
-1023
-287
148
329
576
1981
4995
7057
5198
931
-488
3173
8454
10330
7079
1522
-1943
-542
4371
8339
7659
2628
-2549
-4295
-2780
-723
-289
-1446
-3117
-4288
-4791
-5083
-5434
-5740
-5468
-4320
-3025
-3169
-5133
-6918
-6289
-3172
135
1163
-494
-3103
-4115
-2381
878
3171
2899
883
-737
-434
1061
2011
1609
462
-286
9
843
1101
598
-114
165
1317
2228
1991
611
-465
-250
1486
3181
3375
2066
521
426
1594
2890
2950
1826
461
-6
580
1207
1290
666
-37
-522
-1013
-1572
-2236
-2622
-2473
-1838
-1326
-1561
-2314
-2837
-2512
-1546
-642
-438
-1204
-2115
-2347
-1576
-590
115
770
1425
1958
2972
5147
6425
4786
1743
1312
4818
8922
10006
6835
2021
-798
565
4900
8010
6953
2183
-2452
-3989
-2696
-894
-332
-1135
-2766
-4137
-4852
-5214
-5488
-5549
-4834
-3337
-2209
-2952
-5314
-7151
-6375
-3221
-114
829
-758
-3230
-4416
-3307
-761
1384
1760
654
-695
-1248
-1041
-548
-113
326
922
1303
1034
-51
-994
-818
576
2297
3009
2123
236
-1150
-779
1017
2548
2577
1355
-26
-482
102
1048
1482
1200
764
445
321
211
244
403
366
-15
-785
-1483
-1666
-1464
-1151
-923
-978
-1451
-1921
-1973
-1475
-621
-92
-307
-1031
-1504
-1175
-334
317
885
1298
1601
1947
3309
5865
7013
5221
2280
2072
5304
8696
9250
6151
1977
-113
1504
5088
6979
5235
807
-2683
-3379
-2092
-1019
-1405
-2526
-3705
-4353
-4625
-4824
-5168
-5473
-5072
-3819
-2697
-3164
-4946
-6225
-5269
-2366
213
694
-962
-2962
-3389
-1786
698
2236
1990
644
-450
-583
-210
213
543
1006
1361
1265
582
-335
-659
-143
1187
2416
2712
1510
-550
-1574
-610
1528
2970
2829
1330
-270
-747
91
1427
1836
1085
53
-428
-345
-259
-356
-486
-509
-661
-1076
-1753
-2402
-2492
-1958
-1252
-1095
-1629
-2265
-2445
-2042
-1108
-341
-428
-1139
-1665
-1468
-698
305
1175
1664
1948
2390
3794
5801
6415
4713
2384
2567
5459
8269
8354
5147
1546
200
2223
5635
7050
5002
675
-2334
-2595
-1052
-7
-463
-1823
-3355
-4185
-4385
-4257
-4432
-4829
-4794
-4150
-3446
-3870
-5173
-5973
-5084
-2940
-1228
-974
-2140
-3493
-3757
-2484
-368
1000
851
-194
-984
-818
89
969
1558
1729
1252
475
27
501
1436
2010
2184
2121
1786
870
52
178
1188
2062
2123
1634
692
100
279
1128
1891
1820
1169
358
-41
-16
163
335
372
80
-544
-1106
-1336
-1202
-960
-874
-987
-1303
-1729
-1954
-1805
-1425
-1105
-991
-1136
-1483
-1735
-1445
-649
15
484
718
1148
1808
2931
4728
5644
4755
2805
2601
4964
7607
8009
5253
1914
524
2043
4775
5851
4151
498
-2311
-2789
-1617
-746
-1363
-2936
-4424
-4881
-4666
-4459
-4795
-5424
-5436
-4590
-3604
-3753
-4850
-5548
-4870
-2937
-1232
-648
-1289
-2344
-2583
-1470
341
1529
1384
329
-320
136
1038
1853
2221
1983
1422
749
699
1266
1833
1799
1361
1239
1178
1082
876
815
1045
1234
1494
1464
1059
543
443
868
1316
1493
1103
395
-190
-364
-49
428
567
-32
-1018
-1715
-1586
-1043
-815
-1044
-1564
-1949
-2034
-1880
-1487
-1147
-1169
-1641
-1939
-1558
-896
-333
-74
-40
-9
582
1799
2985
3687
4249
4794
4753
3912
3186
4018
5725
6524
5483
3270
1582
1317
2525
3784
3655
1750
-911
-2510
-2770
-2277
-1997
-2250
-2904
-3544
-3919
-4244
-4432
-4435
-4061
-3466
-2980
-3070
-3699
-4262
-4088
-2817
-1221
-393
-724
-1719
-2219
-1663
-532
480
886
691
259
39
162
520
1108
1453
1286
583
39
308
852
1053
828
703
682
523
347
450
811
956
1005
1028
981
908
975
1311
1438
1129
571
237
184
248
343
302
65
-440
-910
-1203
-1213
-1127
-1140
-1265
-1726
-2215
-2379
-2021
-1433
-1249
-1385
-1591
-1565
-1251
-892
-610
-470
-182
202
423
734
1282
2067
2796
3586
4501
4798
3775
2412
2803
4844
6412
6007
4127
2185
1303
1848
3192
4200
3735
1375
-1562
-3038
-2248
-656
-212
-1168
-2560
-3526
-4076
-4117
-3493
-2674
-2500
-3025
-3615
-4166
-4526
-4120
-2786
-1415
-1175
-1843
-2624
-2838
-2192
-830
586
1091
390
-751
-999
-43
1127
1996
2350
1570
128
-512
652
2143
2592
2136
1296
470
-25
502
1300
1716
1641
1334
976
636
711
895
991
920
978
953
375
-351
-558
45
612
601
-42
-1146
-1964
-2071
-1544
-1054
-1160
-1917
-2753
-3112
-2594
-1745
-1386
-1282
-1454
-1671
-1891
-1715
-880
52
507
294
69
264
755
1379
1998
2564
2836
3034
3456
4168
4433
3879
3316
3614
4581
4879
4227
3001
1938
1546
1914
2526
2398
1226
-437
-1278
-1145
-960
-1473
-2560
-3410
-3760
-3615
-3544
-3947
-4603
-5061
-4892
-4208
-3531
-3520
-4089
-4493
-3971
-2645
-1310
-794
-1120
-1576
-1438
-531
630
1312
1249
858
779
1475
2295
2274
1412
1016
1600
2281
2510
2088
1122
-42
-218
1164
2403
2327
1115
93
-70
427
1132
1447
1327
876
538
342
270
354
537
614
547
285
-524
-1496
-2085
-1882
-1182
-786
-943
-1546
-2233
-2600
-2187
-1127
-360
-464
-1079
-1423
-1251
-771
-255
218
597
838
944
920
958
1131
1520
2249
3163
3741
3603
3200
3549
4644
5509
5333
4422
3818
3675
3683
3601
3377
2710
1676
938
804
759
-46
-1425
-2616
-3089
-3139
-3323
-3817
-4620
-5341
-5621
-5379
-4881
-4753
-5192
-5622
-5341
-4428
-3596
-3179
-2956
-2554
-1908
-1237
-868
-610
-284
79
573
937
1074
1110
1563
2339
2699
2020
1071
1174
1832
2168
2022
1605
961
353
409
1132
1810
1703
962
192
-104
154
594
792
570
218
10
-106
-260
-246
-30
93
-99
-680
-1434
-1912
-1820
-1402
-946
-824
-1304
-2124
-2581
-2047
-933
-259
-451
-1122
-1670
-1572
-933
31
901
1302
1061
639
548
1001
1809
2436
2737
2863
3032
2989
3005
3374
3995
4616
5036
4968
4135
3034
2659
3142
3625
3388
2475
1278
121
-605
-678
-536
-880
-1805
-2733
-3395
-3808
-4093
-4256
-4161
-4005
-4033
-4434
-4869
-4895
-4438
-3710
-2976
-2470
-2369
-2437
-2283
-1528
-428
327
459
308
236
470
950
1431
1742
1764
2001
2534
2757
2075
1216
1267
2084
2723
2560
1715
485
-372
-61
1017
1743
1317
278
-646
-986
-646
-9
387
189
-226
-557
-643
-644
-603
-659
-717
-771
-1021
-1553
-2209
-2315
-1826
-1107
-649
-771
-1323
-1789
-1678
-1069
-373
65
49
-248
-258
9
382
800
1232
1543
1631
1695
1826
1909
1900
2041
2361
2774
3080
3048
2786
2529
2509
2830
3388
3657
3154
1973
1190
1306
1681
1589
885
-15
-784
-1208
-1296
-1303
-1549
-2071
-2583
-2857
-3249
-3802
-4198
-4086
-3622
-3331
-3465
-3840
-3966
-3760
-3195
-2376
-1625
-1499
-1858
-1954
-1475
-598
217
702
694
466
489
1004
1719
2318
2649
2346
1716
1507
1915
2186
2066
1946
1586
835
0
5
562
671
208
-304
-514
-776
-870
-616
-195
-36
-226
-513
-897
-1005
-825
-515
-286
-194
-334
-726
-1051
-993
-604
-166
188
175
-306
-855
-883
-261
507
922
895
504
122
199
684
1356
1811
1808
1413
924
911
1398
1931
2185
2089
1732
1310
1200
1468
1878
1984
1844
1717
1675
1753
1993
2176
1813
1157
910
978
871
475
56
-359
-793
-1141
-1370
-1510
-1873
-2296
-2514
-2579
-2778
-3062
-3179
-3094
-2919
-2865
-2811
-2799
-2855
-2792
-2399
-1789
-1299
-1294
-1565
-1513
-1030
-396
-7
202
318
446
648
1014
1447
1818
1770
1364
1201
1340
1441
1304
1082
764
186
-185
-11
234
-5
-593
-899
-819
-679
-687
-746
-846
-943
-899
-642
-358
-174
-123
-155
-106
-4
121
109
60
98
159
271
518
780
800
611
357
392
698
983
1024
887
750
702
748
887
1147
1372
1465
1324
1161
1167
1331
1492
1554
1531
1515
1643
1708
1714
1610
1516
1445
1420
1473
1522
1588
1324
703
114
61
405
343
-173
-755
-1185
-1589
-1984
-2045
-1878
-1899
-2360
-2910
-3166
-3168
-3036
-2782
-2454
-2366
-2437
-2430
-2246
-1881
-1445
-1021
-633
-169
32
-25
131
679
1321
1702
1681
1560
1622
1652
1457
1165
944
776
502
190
109
-102
-573
-1002
-1129
-1059
-1173
-1477
-1806
-1928
-1824
-1585
-1425
-1294
-1060
-848
-711
-603
-371
-134
-65
-99
-104
-50
-33
181
668
1145
1295
1000
608
618
1074
1471
1514
1290
958
715
671
956
1366
1613
1515
1134
756
690
1054
1436
1665
1709
1508
1217
1077
1237
1532
1679
1599
1317
1047
794
796
975
1116
1206
1003
536
-30
-302
-176
-31
-258
-727
-1198
-1594
-1856
-1922
-1901
-1962
-2150
-2287
-2299
-2362
-2435
-2410
-2068
-1668
-1549
-1613
-1573
-1374
-1021
-635
-386
-176
18
131
157
309
627
1057
1347
1253
859
491
536
862
1122
1103
681
95
-319
-257
31
178
1
-365
-748
-1020
-968
-686
-306
-103
-108
-259
-446
-565
-470
-50
345
400
89
-345
-585
-388
134
614
792
548
133
-91
112
559
859
999
877
444
-17
-155
131
444
573
373
22
-84
57
297
482
636
779
846
779
641
642
853
1136
1397
1522
1413
1203
1038
1059
1249
1436
1320
806
185
-175
-247
-213
-257
-506
-953
-1407
-1687
-1756
-1732
-1782
-1919
-2022
-1991
-1825
-1673
-1637
-1570
-1437
-1182
-887
-748
-679
-516
-333
-108
164
304
307
345
492
666
716
692
650
625
622
514
437
332
194
111
37
-9
-76
-234
-454
-493
-416
-464
-633
-716
-601
-469
-446
-541
-519
-275
-49
52
-6
-29
17
30
117
299
532
641
478
192
133
319
581
847
983
890
636
456
534
795
1042
1225
1239
1101
974
1015
1218
1426
1618
1748
1684
1488
1327
1301
1512
1778
1795
1549
1179
919
831
777
615
329
-6
-315
-568
-832
-1142
-1429
-1661
-1772
-1848
-1988
-2255
-2563
-2719
-2691
-2514
-2311
-2274
-2355
-2384
-2244
-1961
-1634
-1372
-1232
-1113
-983
-770
-471
-200
-34
158
307
384
516
641
717
660
515
472
496
599
717
683
485
285
204
232
284
243
87
-86
-196
-325
-377
-338
-256
-192
-233
-284
-230
-73
-1
22
122
255
281
249
216
124
101
177
244
286
367
363
374
422
548
751
842
921
1093
1247
1302
1397
1566
1674
1778
1936
2040
1871
1636
1525
1546
1575
1479
1229
860
595
516
564
529
268
-60
-337
-554
-699
-815
-951
-1153
-1447
-1682
-1774
-1860
-1950
-2007
-2010
-1979
-2035
-2071
-2008
-1779
-1525
-1355
-1194
-1089
-983
-829
-679
-456
-231
-17
122
177
205
250
403
521
609
677
684
673
689
703
669
629
659
671
590
409
179
56
13
141
250
191
69
-93
-191
-202
-122
-10
3
1
-22
-91
-101
-36
31
6
-73
-90
-82
-129
-222
-237
-189
-127
-105
-116
-119
-79
42
234
512
588
563
605
737
973
1126
1194
1271
1288
1252
1160
1078
1174
1337
1431
1302
1112
800
435
174
102
200
166
-59
-485
-865
-1073
-1081
-961
-927
-1018
-1304
-1568
-1625
-1461
-1243
-1164
-1173
-1290
-1431
-1516
-1502
-1335
-1099
-1022
-1058
-988
-826
-720
-622
-461
-215
70
286
393
417
313
209
247
434
629
738
661
429
298
285
384
434
397
287
131
86
212
431
595
657
621
488
397
479
601
624
526
334
197
130
134
119
89
117
195
194
36
-51
-57
-1
88
221
329
304
252
210
245
431
592
667
563
450
487
586
731
883
1033
1076
1001
877
843
910
927
937
870
695
459
180
-50
-159
-225
-390
-610
-828
-987
-1161
-1269
-1284
-1303
-1368
-1535
-1659
-1747
-1750
-1719
-1660
-1599
-1589
-1699
-1699
-1571
-1468
-1399
-1304
-1160
-978
-855
-835
-758
-636
-377
-130
11
33
-4
64
269
548
623
528
432
372
495
724
996
1162
1216
1110
901
907
1042
1251
1406
1317
1148
1019
900
837
828
854
886
822
621
358
135
56
72
118
139
93
-64
-246
-316
-283
-148
14
93
94
72
62
76
253
445
614
683
652
620
566
574
711
974
1040
953
835
708
584
534
636
721
649
478
329
158
-3
-122
-155
-187
-329
-582
-838
-1033
-1087
-1051
-1025
-1088
-1234
-1363
-1479
-1516
-1535
-1507
-1506
-1493
-1464
-1435
-1435
-1461
-1397
-1258
-1112
-1025
-984
-977
-924
-862
-697
-530
-374
-241
-230
-221
-70
248
632
839
870
842
922
1130
1349
1521
1572
1531
1324
1076
1025
1117
1187
1113
868
636
486
453
430
397
409
408
357
145
-62
-61
2
10
-106
-277
-439
-553
-535
-411
-235
-220
-306
-401
-438
-319
-93
96
170
216
220
195
190
314
491
566
585
590
543
406
359
416
505
540
519
343
104
65
149
254
305
266
118
-74
-210
-240
-175
-142
-168
-272
-442
-542
-576
-588
-623
-693
-822
-948
-1027
-1120
-1127
-1170
-1270
-1315
-1386
-1468
-1510
-1393
-1259
-1099
-855
-614
-477
-401
-250
15
291
476
600
741
847
938
1119
1352
1497
1524
1520
1456
1400
1427
1461
1413
1252
1129
1004
908
881
818
774
721
628
426
229
126
165
189
132
31
-126
-295
-428
-510
-536
-540
-617
-723
-811
-876
-928
-940
-926
-855
-777
-729
-742
-782
-789
-730
-604
-480
-390
-418
-416
-320
-222
-133
-67
25
100
175
230
298
342
391
466
618
726
669
552
438
449
496
527
406
133
-147
-296
-299
-194
-129
-238
-476
-723
-830
-751
-652
-614
-632
-744
-883
-878
-803
-766
-746
-750
-636
-475
-340
-251
-243
-194
29
295
533
641
633
688
874
1143
1376
1476
1458
1367
1312
1288
1327
1294
1194
1056
884
704
654
676
581
397
191
120
48
-79
-175
-253
-319
-389
-491
-618
-758
-843
-920
-1003
-1030
-1001
-936
-925
-918
-883
-776
-717
-695
-636
-534
-435
-411
-390
-377
-296
-200
-69
60
147
214
243
324
453
605
725
824
832
795
769
759
820
883
889
881
882
907
893
839
772
693
586
483
397
343
245
54
-75
-147
-216
-389
-620
-813
-909
-948
-1013
-1104
-1073
-1054
-1160
-1292
-1267
-1124
-1062
-1038
-962
-857
-703
-613
-573
-374
-176
-56
49
258
429
490
507
594
702
747
743
662
591
545
487
368
252
263
299
295
213
102
15
-46
-31
-12
35
21
-31
-91
-166
-162
-116
-103
-118
-166
-176
-191
-210
-144
13
80
125
134
58
-29
-59
83
297
356
312
324
261
230
244
281
326
298
186
26
-71
-105
-97
-76
-53
30
97
79
60
136
333
533
605
614
576
501
487
465
436
387
239
19
-134
-234
-346
-473
-593
-689
-764
-880
-1048
-1129
-1169
-1214
-1180
-1183
-1231
-1265
-1197
-1024
-809
-622
-529
-479
-443
-366
-206
-13
217
395
453
491
548
685
874
1031
1112
1120
1052
976
967
1029
1083
1075
1047
965
801
721
703
638
613
537
394
182
22
21
108
190
197
175
58
-60
-57
40
140
145
49
-43
-31
-11
7
-43
-135
-213
-280
-397
-525
-558
-542
-586
-682
-664
-672
-712
-733
-705
-660
-557
-466
-376
-386
-427
-405
-308
-131
72
209
202
180
174
205
235
305
396
378
233
163
134
136
67
-24
-122
-203
-245
-363
-502
-571
-561
-592
-620
-634
-643
-701
-764
-742
-637
-600
-624
-650
-625
-494
-388
-300
-201
-148
-54
97
222
338
442
528
604
629
644
688
729
806
911
909
847
779
768
762
763
783
807
790
693
607
457
379
447
482
502
525
433
313
239
308
438
501
492
383
241
38
-23
2
32
15
-73
-196
-331
-372
-329
-280
-259
-250
-299
-435
-555
-596
-604
-560
-493
-417
-376
-360
-374
-321
-231
-98
32
58
10
-39
-59
-79
-73
-6
85
111
13
-83
-122
-204
-246
-274
-300
-313
-380
-486
-538
-545
-509
-493
-526
-546
-626
-710
-731
-715
-618
-558
-546
-501
-452
-422
-305
-172
-66
9
76
149
240
379
470
556
579
603
647
594
522
518
565
629
660
655
675
678
683
684
714
787
782
723
622
514
480
503
561
553
469
344
269
211
138
50
-38
-98
-191
-327
-393
-385
-388
-398
-457
-517
-545
-620
-702
-769
-766
-713
-718
-722
-729
-719
-678
-631
-506
-378
-299
-242
-132
-2
81
140
250
381
496
564
597
536
448
439
474
527
542
479
346
275
306
423
382
275
164
7
-123
-186
-223
-246
-313
-428
-498
-506
-476
-456
-481
-513
-458
-366
-355
-315
-213
-168
-149
-145
-180
-205
-171
-59
48
75
22
-49
-25
103
289
348
320
269
219
209
285
392
420
359
283
258
291
333
370
400
381
369
413
404
326
271
265
272
196
127
-8
-170
-250
-252
-217
-269
-343
-403
-423
-419
-330
-293
-367
-439
-481
-452
-411
-402
-370
-302
-173
-58
12
65
55
-4
-31
32
152
223
186
156
196
334
451
458
403
315
240
232
302
330
295
250
158
104
93
46
-46
-119
-143
-156
-228
-315
-356
-328
-281
-226
-202
-202
-209
-222
-118
2
64
66
85
110
158
218
195
109
40
52
74
69
25
-62
-101
18
119
112
68
-4
-21
-50
-14
11
4
-21
-87
-120
-88
27
138
199
210
151
66
-6
-28
5
19
31
-25
-101
-108
-129
-97
-35
19
31
-27
-79
-98
-65
-19
-10
-35
-73
-64
-57
-68
-80
-55
-68
-141
-195
-172
-104
-66
-53
-53
12
90
163
183
97
41
35
88
203
220
128
53
26
23
87
132
66
-23
-85
-136
-140
-145
-180
-223
-266
-205
-136
-111
-86
-88
-102
-113
-58
-14
-28
3
80
116
183
249
224
172
185
210
153
22
-77
-82
-35
14
22
-24
-92
-195
-254
-241
-181
-165
-228
-253
-296
-263
-246
-227
-163
-210
-273
-301
-280
-235
-237
-272
-233
-136
-51
-44
-63
-54
21
132
187
190
196
201
243
299
346
332
306
330
349
342
333
342
356
364
371
363
366
353
342
338
311
287
286
256
279
350
369
422
426
361
326
342
365
334
281
192
88
69
95
83
50
-26
-132
-246
-317
-345
-336
-356
-401
-372
-368
-379
-364
-340
-312
-289
-277
-258
-202
-181
-125
-109
-147
-135
-69
-84
-111
-83
-121
-192
-227
-197
-171
-132
-125
-166
-162
-161
-201
-245
-277
-257
-234
-235
-276
-302
-266
-219
-168
-132
-114
-103
-110
-89
-80
-119
-105
-11
88
92
65
42
41
84
129
166
180
179
154
119
93
48
61
119
160
153
84
28
59
134
266
332
302
225
133
101
106
136
178
169
120
80
80
91
137
143
107
64
63
87
44
-39
-138
-203
-213
-148
-95
-101
-164
-241
-258
-210
-182
-127
-110
-118
-140
-129
-71
-22
22
74
90
45
13
27
61
84
120
162
170
171
218
272
323
372
342
262
244
274
306
259
159
132
84
12
-15
-53
-91
-128
-169
-189
-177
-158
-182
-226
-217
-203
-179
-158
-167
-157
-165
-190
-111
-14
11
-29
-38
1
73
105
76
98
97
125
157
169
146
110
69
64
49
18
-7
-8
33
60
103
117
103
138
163
190
197
186
156
142
122
93
140
162
108
-16
-104
-154
-152
-212
-252
-231
-233
-265
-295
-324
-355
-381
-438
-481
-506
-480
-405
-349
-359
-353
-339
-292
-260
-205
-138
-136
-150
-106
1
95
169
211
275
312
324
372
401
441
430
380
332
287
249
240
183
115
87
43
-21
-100
-157
-197
-210
-146
-92
-125
-141
-155
-91
27
90
119
53
-39
-112
-126
-60
39
53
-15
-106
-184
-154
-45
41
13
-14
-17
24
66
80
96
104
129
204
267
240
205
175
173
201
251
271
254
209
178
220
270
278
281
214
165
201
274
330
309
255
179
135
118
100
38
-60
-145
-182
-190
-222
-233
-284
-352
-364
-381
-345
-314
-370
-398
-402
-337
-238
-165
-121
-89
-50
-40
2
58
98
119
150
174
198
184
116
100
98
87
46
-6
-69
-147
-165
-162
-179
-171
-113
-163
-253
-288
-290
-259
-242
-227
-247
-285
-292
-289
-250
-194
-219
-244
-247
-209
-147
-92
-20
48
76
111
173
248
289
235
201
188
229
258
251
223
179
190
204
217
233
213
203
233
310
376
346
316
295
306
336
347
335
271
183
101
53
118
190
214
151
59
33
27
13
-55
-127
-209
-264
-280
-304
-351
-387
-385
-373
-336
-316
-317
-322
-332
-314
-255
-167
-81
-31
-16
33
78
106
161
189
200
197
192
148
154
164
176
220
216
156
97
43
20
97
116
61
-55
-144
-218
-262
-220
-273
-297
-278
-293
-259
-190
-131
-114
-116
-129
-130
-140
-162
-187
-158
-104
-73
-60
-60
-61
-55
-36
1
48
42
-41
-24
32
26
47
114
127
117
100
45
-8
-70
-55
22
68
97
49
-21
-27
35
117
168
172
170
78
23
41
100
143
132
54
-42
-87
-140
-142
-161
-184
-157
-137
-169
-155
-132
-122
-118
-105
-142
-188
-134
-101
-74
-21
41
137
229
260
278
319
324
327
366
412
452
471
441
404
434
474
489
454
387
279
192
155
148
176
109
-13
-85
-128
-171
-173
-176
-160
-133
-119
-110
-108
-103
-98
-83
-59
19
58
21
-48
-103
-111
-70
-6
54
56
56
49
38
68
87
78
78
56
28
5
-24
-62
-125
-180
-163
-183
-204
-230
-265
-205
-134
-61
-36
-58
-45
9
71
98
94
72
14
-76
-134
-109
-118
-186
-224
-237
-258
-257
-225
-199
-219
-237
-251
-244
-242
-236
-236
-242
-205
-177
-147
-144
-185
-217
-210
-145
-125
-112
-81
-43
-44
-42
17
61
120
114
118
153
170
169
169
166
144
98
55
37
32
37
-17
-45
-73
-86
-87
-145
-188
-168
-132
-121
-109
-90
-50
-41
-14
46
108
133
140
158
174
190
193
238
245
256
242
198
146
147
167
168
187
205
178
144
133
136
130
135
166
160
132
120
97
78
97
131
134
116
69
53
33
-5
29
53
49
35
7
-4
-1
-16
-19
2
-22
-51
-68
-77
-68
-41
14
11
-29
-49
-105
-170
-185
-160
-114
-108
-123
-150
-144
-132
-70
15
92
149
190
213
210
234
261
267
266
237
187
125
97
95
120
136
62
4
-14
-2
18
16
-20
-46
-74
-113
-147
-178
-155
-127
-123
-131
-136
-162
-172
-115
-117
-78
-28
-51
-68
-52
-58
-21
47
74
52
-10
-76
-128
-124
-112
-118
-135
-166
-213
-233
-220
-189
-159
-85
-33
-63
-153
-196
-156
-122
-97
-42
1
-36
-56
-56
-22
23
27
53
19
-14
-32
-77
-73
-12
25
-3
-40
-117
-157
-173
-155
-138
-128
-129
-152
-170
-172
-137
-102
-92
-100
-51
-34
-59
-10
82
141
202
258
279
258
248
258
282
337
382
366
340
304
284
312
298
294
278
170
107
90
58
71
52
53
52
14
-4
-21
-35
-14
-14
-40
-54
-80
-101
-88
-45
12
37
43
-6
-26
-28
21
91
99
110
63
23
49
149
211
203
175
140
94
41
23
2
-30
-42
-68
-128
-187
-232
-286
-270
-207
-177
-159
-212
-260
-283
-232
-167
-119
-78
-67
-80
-80
-62
-54
-44
-38
-19
-62
-119
-137
-159
-157
-155
-124
-98
-148
-174
-159
-107
-67
-18
56
102
111
146
173
196
220
243
294
310
303
310
277
299
327
323
283
206
130
83
73
115
124
75
-19
-132
-180
-164
-175
-186
-207
-260
-272
-235
-216
-196
-178
-172
-171
-161
-145
-156
-160
-155
-94
-32
-13
6
22
58
116
181
198
176
141
119
149
199
198
198
157
79
43
28
19
14
-12
-29
-55
-74
-57
-97
-136
-163
-158
-143
-161
-188
-227
-227
-191
-119
-73
-108
-172
-150
-109
-70
-23
6
30
56
85
101
116
135
156
127
166
164
164
156
148
184
202
235
235
199
171
133
125
172
189
177
151
136
156
173
148
154
127
112
95
68
0
-38
-50
-66
-54
-59
-88
-148
-203
-243
-264
-265
-285
-331
-348
-326
-284
-264
-259
-248
-231
-163
-133
-174
-182
-176
-172
-125
-48
51
70
68
53
90
123
165
224
200
193
180
142
138
134
150
182
154
157
135
77
35
32
46
23
-13
-75
-132
-165
-197
-185
-182
-197
-215
-214
-177
-197
-169
-137
-104
-50
7
22
-3
-27
-5
18
12
28
46
47
48
57
98
144
168
173
196
220
218
207
223
243
245
236
226
215
157
131
136
149
160
189
200
206
227
245
251
193
144
99
71
17
-9
-20
-59
-156
-236
-309
-354
-345
-321
-254
-253
-256
-266
-286
-264
-204
-175
-154
-155
-154
-165
-189
-172
-187
-183
-144
-127
-95
-53
3
49
93
119
125
117
83
49
16
-4
-6
11
-5
-51
-82
-74
-60
-56
-89
-117
-102
-83
-59
-47
-22
-18
-46
-86
-83
-103
-117
-147
-150
-110
-66
-2
64
124
164
163
154
171
205
216
184
168
204
232
231
246
204
164
134
82
43
45
71
114
176
208
233
256
226
183
181
169
109
42
25
24
44
84
111
99
103
73
53
35
0
-7
-15
-20
-49
-84
-163
-237
-265
-264
-220
-192
-202
-204
-200
-199
-171
-127
-94
-63
-61
-38
17
69
131
135
115
117
114
112
132
162
146
118
89
74
31
-18
-4
-16
-70
-137
-161
-190
-193
-158
-101
-112
-140
-140
-157
-163
-149
-119
-128
-134
-131
-136
-93
-26
15
62
104
93
70
40
39
41
43
72
111
113
101
102
101
152
182
196
196
171
146
119
99
57
18
-19
-32
-28
-12
-7
-30
-19
-29
-42
-40
-36
-39
-45
-24
-35
-64
-118
-173
-221
-259
-282
-297
-336
-377
-399
-443
-457
-467
-477
-483
-472
-435
-401
-357
-304
-229
-170
-127
-48
7
82
156
198
232
240
266
285
290
280
277
307
316
300
289
304
313
309
338
360
354
343
332
283
234
192
152
143
149
136
101
92
90
57
101
136
118
114
122
119
100
95
101
114
82
53
49
36
44
87
92
89
105
95
100
68
42
38
48
90
95
83
23
-22
-34
-58
-96
-100
-84
-68
-51
-14
-16
-46
-71
-89
-97
-88
-86
-91
-123
-149
-168
-201
-234
-267
-262
-253
-228
-208
-194
-184
-197
-213
-214
-238
-239
-221
-192
-175
-182
-156
-135
-96
-57
-2
12
43
64
56
68
119
177
170
169
195
244
238
212
195
175
135
103
145
163
130
84
92
94
88
61
6
-70
-141
-169
-203
-221
-255
-305
-332
-328
-304
-313
-325
-333
-310
-269
-208
-145
-128
-122
-125
-137
-152
-127
-85
-84
-91
-60
-60
-75
-65
-69
-16
30
40
49
74
110
150
208
267
335
334
353
383
388
367
329
279
261
298
296
297
295
280
264
271
283
262
259
214
188
170
191
156
117
96
97
90
69
75
39
2
-40
-47
-76
-122
-120
-117
-145
-157
-148
-123
-97
-88
-89
-80
-63
-43
30
119
184
229
209
149
165
162
167
184
193
179
155
130
57
29
26
11
-41
-80
-85
-117
-151
-163
-195
-234
-255
-292
-289
-289
-322
-324
-327
-348
-350
-346
-343
-322
-326
-293
-282
-286
-273
-244
-193
-143
-107
-104
-116
-168
-201
-205
-170
-134
-140
-158
-161
-161
-181
-165
-120
-79
-61
-49
-79
-135
-128
-100
-42
-2
24
49
19
7
5
45
71
94
121
125
98
60
76
90
81
61
39
-25
-67
-79
-85
-88
-37
7
22
44
43
64
106
132
141
182
196
212
249
280
311
368
403
393
396
426
442
453
456
434
428
376
334
334
334
348
341
340
323
288
275
248
231
219
185
152
113
92
43
12
-10
-35
-34
-25
-44
-83
-94
-78
-31
17
60
62
47
0
-37
-35
-45
-49
-88
-113
-149
-161
-151
-159
-146
-129
-142
-162
-169
-174
-161
-206
-194
-192
-177
-169
-168
-140
-126
-117
-88
-73
-80
-81
-117
-112
-116
-118
-130
-177
-222
-225
-247
-223
-169
-143
-142
-173
-193
-210
-239
-240
-220
-223
-237
-277
-304
-310
-312
-316
-269
-221
-237
-262
-264
-261
-243
-180
-129
-118
-104
-91
-77
-34
-15
2
40
61
63
70
64
47
26
15
20
40
61
63
49
54
68
58
41
36
38
63
121
146
176
174
142
146
159
212
263
304
339
342
321
296
274
252
259
250
222
198
171
169
196
184
163
164
133
71
45
47
57
64
49
68
77
68
34
29
26
14
51
66
78
97
98
110
136
145
134
140
150
148
126
128
158
161
140
138
131
123
85
30
14
-3
11
16
51
88
102
121
108
84
90
77
22
12
10
3
-14
-40
-42
-42
-44
-61
-74
-82
-122
-142
-145
-175
-214
-230
-235
-219
-206
-214
-217
-216
-230
-230
-245
-241
-266
-304
-278
-250
-244
-263
-293
-318
-324
-310
-256
-202
-184
-158
-128
-135
-158
-168
-163
-149
-126
-106
-115
-132
-131
-102
-64
-20
-15
-20
-46
-71
-65
-29
14
38
18
36
37
44
78
83
95
78
88
124
116
112
121
120
138
173
205
191
198
192
180
174
161
146
138
135
131
142
135
130
93
65
67
64
41
40
70
83
102
130
137
117
124
121
86
88
48
1
14
22
39
68
81
76
53
28
22
31
12
16
13
13
16
26
13
14
24
3
-17
-34
-53
-79
-76
-84
-43
-13
-6
9
19
36
53
47
13
2
5
2
29
63
86
70
67
59
90
98
70
72
61
31
23
-10
-35
-45
-77
-83
-35
-38
-44
-36
-34
-23
-28
-6
-14
-4
8
20
36
9
13
22
-18
-67
-127
-194
-226
-238
-216
-177
-178
-162
-164
-142
-108
-101
-101
-117
-118
-117
-106
-102
-127
-132
-116
-135
-145
-135
-136
-136
-139
-135
-152
-170
-157
-169
-158
-124
-115
-115
-108
-84
-73
-65
-63
-33
-3
29
59
87
100
117
122
121
143
126
137
129
137
138
153
183
235
283
305
335
348
339
310
316
287
248
237
212
183
162
127
80
61
32
6
50
75
102
120
109
126
104
75
64
68
55
3
-44
-50
-70
-118
-121
-119
-111
-74
-28
-16
-3
5
16
36
32
23
22
10
-37
-70
-63
-49
-15
7
46
64
43
30
38
38
25
52
48
26
11
0
12
50
57
47
6
-27
-31
-26
2
-2
-20
-44
-75
-95
-125
-143
-158
-169
-165
-169
-181
-206
-210
-202
-202
-216
-244
-280
-294
-289
-248
-256
-255
-232
-216
-185
-185
-189
-177
-185
-173
-152
-110
-91
-106
-117
-105
-78
-68
-51
-33
-27
8
35
78
90
87
105
47
47
30
4
5
-7
-6
27
71
78
97
126
148
153
168
184
161
141
148
148
143
132
120
120
159
168
180
186
186
162
150
162
142
123
127
124
103
120
118
103
71
101
133
125
112
106
91
75
72
79
96
92
76
71
70
97
104
101
99
61
52
32
16
27
13
-19
-24
-27
-46
-61
-67
-70
-67
-71
-89
-75
-62
-36
-17
-28
-41
-71
-86
-102
-121
-103
-81
-59
-48
-22
-17
-25
-29
2
13
16
39
34
14
20
20
13
10
-23
-38
-58
-75
-81
-61
-52
-53
-30
-15
-27
-29
-51
-60
-83
-113
-101
-89
-113
-132
-94
-81
-100
-94
-67
-106
-127
-130
-103
-101
-119
-110
-118
-131
-129
-120
-113
-98
-80
-75
-90
-83
-91
-74
-67
-65
-83
-93
-69
-21
9
39
85
103
111
117
103
57
46
20
-7
22
66
56
67
96
92
95
96
101
97
95
89
70
39
1
5
-4
2
-2
13
8
-9
6
-3
-7
2
9
22
39
40
34
34
57
58
87
111
126
155
179
191
203
229
236
244
274
271
276
261
239
202
200
206
175
158
147
107
99
94
65
100
96
83
73
51
23
15
-5
-32
-49
-53
-32
-52
-61
-36
-87
-101
-114
-131
-104
-94
-84
-113
-120
-127
-165
-195
-223
-205
-211
-213
-175
-173
-179
-166
-159
-163
-151
-162
-193
-203
-205
-194
-187
-195
-175
-178
-179
-168
-135
-116
-128
-127
-133
-151
-139
-123
-107
-96
-102
-97
-113
-134
-123
-137
-170
-178
-146
-113
-89
-38
24
59
76
113
126
120
111
98
97
89
90
67
54
53
90
123
133
156
169
195
237
245
249
244
209
178
131
97
76
84
69
80
89
80
46
20
3
15
15
22
46
6
-18
-2
5
-24
-28
-55
-81
-95
-77
-60
-42
-19
-31
-20
-15
-28
-37
-46
-70
-61
-37
-7
29
48
51
62
66
91
135
164
174
164
160
124
111
118
114
137
145
144
152
173
197
233
248
272
277
262
249
211
189
155
144
127
107
92
47
31
28
7
-20
-33
-15
-26
-27
-19
-15
2
6
11
-15
-51
-82
-101
-85
-121
-153
-173
-210
-214
-186
-163
-172
-199
-253
-271
-236
-209
-214
-215
-243
-283
-296
-310
-309
-319
-304
-264
-232
-213
-192
-171
-167
-148
-128
-121
-113
-110
-116
-112
-97
-85
-116
-147
-137
-128
-106
-87
-65
-20
-37
-28
-8
-6
9
10
-4
-2
0
-20
-26
8
21
38
68
70
77
87
89
94
117
122
163
193
183
179
167
155
161
179
192
211
217
233
254
271
262
233
233
222
221
184
183
188
191
216
258
295
305
279
242
213
165
149
150
138
138
117
97
73
31
16
1
-21
-35
-53
-44
-35
-17
-25
-10
8
-34
-46
-60
-99
-159
-186
-220
-237
-253
-259
-275
-268
-252
-261
-260
-267
-254
-228
-197
-158
-136
-164
-181
-196
-192
-147
-117
-84
-39
-1
34
42
49
68
60
64
82
66
37
27
33
67
46
43
60
52
66
84
102
95
96
79
79
98
106
95
88
74
44
21
-12
-57
-69
-95
-131
-134
-147
-183
-189
-171
-168
-180
-194
-171
-151
-139
-104
-85
-38
-10
21
58
43
23
30
12
24
21
13
39
47
61
92
115
111
106
114
111
109
133
128
131
138
110
77
34
-4
-22
-50
-43
-34
-31
-35
-27
-13
-22
-46
-60
-59
-92
-100
-115
-116
-111
-72
-61
-50
-32
-17
-4
-3
40
44
64
42
34
31
25
43
71
103
117
147
169
179
174
202
211
223
223
249
267
276
302
275
270
257
227
218
204
180
154
142
140
106
95
87
41
25
11
-30
-69
-94
-111
-160
-212
-197
-193
-215
-217
-212
-211
-223
-236
-204
-207
-213
-205
-201
-185
-178
-171
-159
-169
-169
-165
-182
-143
-135
-135
-136
-118
-73
-61
-47
-70
-75
-62
-78
-84
-97
-118
-145
-137
-119
-94
-56
-57
-53
-75
-97
-98
-102
-94
-84
-80
-54
-6
2
28
66
98
79
32
-27
-66
-107
-158
-130
-128
-137
-121
-82
-66
-49
-35
-8
11
25
59
83
106
141
182
200
221
235
217
178
131
129
144
169
181
187
185
178
176
181
198
189
181
200
187
169
189
193
179
165
150
108
68
51
61
86
107
126
123
122
100
98
98
69
54
36
11
30
57
74
85
71
66
73
63
58
43
26
37
24
24
18
-31
-65
-88
-92
-85
-90
-104
-85
-66
-67
-48
-13
-9
-17
-17
-23
-34
-52
-65
-92
-91
-84
-82
-80
-98
-95
-118
-136
-129
-125
-139
-124
-124
-168
-168
-182
-193
-178
-160
-135
-92
-58
-36
-14
-10
9
47
46
66
72
78
59
54
64
47
22
2
-22
-39
-46
-32
-18
4
15
-18
-11
-13
-18
-2
-3
-45
-62
-64
-71
-93
-106
-116
-137
-167
-177
-149
-146
-141
-146
-169
-139
-109
-101
-106
-101
-94
-107
-97
-108
-114
-108
-102
-88
-79
-90
-90
-91
-115
-137
-110
-73
-42
11
67
89
94
93
75
47
47
60
82
103
107
124
128
102
82
59
54
38
44
79
93
86
103
140
159
195
207
221
207
183
190
177
166
161
183
187
173
182
179
202
223
234
237
252
234
214
226
211
200
211
210
198
218
220
180
164
137
89
82
72
61
38
29
25
11
8
3
10
9
2
-22
-70
-118
-180
-215
-225
-241
-239
-248
-228
-224
-222
-222
-212
-192
-197
-180
-174
-185
-170
-168
-171
-155
-164
-179
-185
-187
-202
-203
-208
-205
-208
-203
-187
-170
-171
-168
-148
-158
-147
-144
-137
-117
-99
-100
-78
-52
-59
-46
-34
-11
-3
1
2
13
13
10
27
37
36
54
58
68
90
92
125
157
167
168
170
158
127
121
93
71
76
82
111
135
137
147
170
195
185
178
188
173
166
179
170
164
153
162
165
