7
1
3
6
0
5
15
11
10
8
7
8
11
18
10
13
16
7
9
9
12
9
2
6
7
3
4
-1
-6
1
1
4
6
3
3
3
-4
-8
-7
-5
-2
-11
-12
-5
-9
-14
-11
-6
-7
-9
-10
-8
-8
-18
-15
-9
-15
-12
-5
-6
-6
-1
-3
0
3
6
7
2
9
10
3
7
7
4
10
10
2
4
7
7
12
8
5
9
10
5
6
5
0
0
4
0
-12
-8
-5
-7
-5
-10
-2
3
-2
-5
-10
-4
0
3
6
0
9
9
4
8
-1
-3
2
0
3
2
-3
-2
-3
-10
-13
-8
-5
-6
-8
-12
-5
-1
-5
-7
-10
-13
-15
-9
-7
-11
-12
-22
-25
-23
-22
-9
-13
-9
-5
-7
0
-7
-6
-2
-2
6
8
10
8
1
-4
-8
-1
4
4
6
5
8
9
2
1
4
6
2
-7
-6
-6
-12
-13
-11
-8
-9
-17
-14
-8
-4
-2
-3
2
8
11
5
5
8
2
6
3
7
9
1
0
2
-1
-6
-4
-2
-8
-5
-2
-5
0
8
6
3
5
5
4
15
15
3
12
22
24
21
14
11
13
16
16
14
10
12
9
9
12
9
14
15
17
16
14
13
6
17
16
9
15
18
13
12
16
11
7
8
5
4
-3
-9
-7
5
7
2
3
-3
-9
-7
-8
-3
-4
-5
-7
-16
-6
0
-7
-3
-6
-12
-8
-5
-7
-2
1
-12
-10
-9
-12
-8
-6
-12
-10
-3
-6
-9
-7
-9
-10
-10
-11
-6
-13
-16
-3
-9
-13
-10
-13
-11
-13
-14
-16
-13
-9
-12
-7
-10
-11
-5
-7
-10
2
8
3
1
7
11
12
15
13
14
17
18
18
5
7
13
3
0
5
10
7
7
9
6
5
5
-1
-7
-8
-5
-8
-19
-21
-16
-18
-20
-13
-11
-18
-19
-20
-22
-26
-22
-22
-20
-8
-1
3
7
8
11
8
11
10
7
9
11
11
11
11
13
19
20
14
16
20
21
20
16
17
13
3
-2
-3
-8
-6
8
7
6
11
15
24
19
15
19
19
17
19
17
12
15
12
10
19
33
38
34
28
24
22
21
16
2
-8
-9
-13
-14
-7
-5
-9
-12
-10
-15
-20
-26
-25
-26
-27
-27
-28
-28
-21
-15
-17
-15
-10
-6
-5
1
4
12
23
21
20
25
29
34
41
49
53
51
53
40
31
26
12
10
-1
-16
-27
-32
-37
-51
-46
-45
-55
-44
-36
-42
-48
-43
-36
-32
-22
-5
3
9
20
27
36
49
44
33
25
11
4
-9
-30
-48
-69
-77
-90
-104
-108
-124
-135
-146
-153
-152
-144
-124
-98
-77
-46
-10
27
69
102
134
164
192
211
230
242
243
247
238
232
229
205
184
161
129
77
17
-32
-91
-152
-209
-252
-281
-308
-317
-311
-310
-292
-261
-228
-189
-149
-107
-75
-45
-1
35
64
93
132
173
199
222
236
244
246
227
203
170
119
66
15
-34
-79
-114
-136
-146
-150
-153
-145
-145
-139
-123
-117
-104
-87
-78
-57
-36
-10
35
71
108
149
172
198
221
221
209
198
177
145
107
71
40
14
-9
-30
-41
-47
-58
-79
-94
-114
-143
-158
-172
-190
-187
-180
-171
-148
-112
-71
-34
10
45
74
104
120
129
130
124
120
119
111
109
114
107
100
92
75
53
20
-13
-40
-76
-114
-139
-163
-174
-181
-181
-162
-142
-122
-94
-66
-43
-24
-4
11
27
40
52
69
88
105
121
138
148
154
159
149
138
127
103
67
33
12
-15
-40
-58
-68
-72
-76
-83
-79
-80
-84
-83
-90
-96
-96
-97
-89
-79
-71
-45
-18
0
17
39
66
77
89
93
83
76
66
48
37
28
15
9
9
3
-4
-7
-15
-24
-32
-49
-68
-81
-91
-101
-107
-110
-97
-78
-67
-53
-32
-6
16
37
59
66
71
81
83
80
80
86
93
95
103
107
103
100
90
79
77
62
45
38
25
14
15
12
2
-4
-10
-17
-18
-15
-11
-19
-16
-10
-17
-9
-6
-11
-18
-34
-54
-72
-87
-101
-112
-127
-133
-128
-126
-125
-107
-93
-92
-77
-65
-68
-60
-40
-20
7
45
94
143
198
256
309
350
386
414
425
425
400
381
359
313
280
248
203
158
115
53
-30
-117
-225
-340
-454
-564
-656
-734
-794
-807
-782
-754
-690
-608
-523
-413
-326
-251
-153
-61
-2
56
150
239
311
399
493
583
647
686
707
690
641
560
451
323
174
43
-77
-205
-302
-370
-420
-466
-480
-474
-487
-485
-478
-474
-468
-457
-427
-372
-302
-224
-114
14
142
279
410
526
623
689
720
725
704
663
606
530
453
386
315
257
204
133
80
31
-43
-114
-181
-258
-335
-404
-459
-497
-515
-513
-490
-448
-386
-309
-221
-130
-46
37
108
163
206
230
234
236
223
200
173
137
106
70
19
-15
-59
-116
-163
-231
-297
-345
-394
-420
-430
-416
-367
-295
-197
-73
78
244
400
545
694
816
902
977
1024
1047
1054
1053
1049
1023
984
932
854
744
595
390
121
-180
-493
-838
-1176
-1471
-1740
-1957
-2073
-2095
-2059
-1949
-1754
-1532
-1308
-1054
-794
-560
-344
-136
61
244
447
659
873
1090
1300
1496
1649
1748
1797
1768
1650
1461
1211
909
572
224
-118
-427
-696
-910
-1065
-1175
-1234
-1270
-1278
-1266
-1262
-1234
-1200
-1165
-1101
-1008
-886
-732
-522
-279
-29
256
554
817
1051
1256
1394
1460
1471
1440
1358
1230
1074
914
753
596
456
328
188
50
-66
-202
-346
-493
-649
-793
-929
-1041
-1112
-1138
-1110
-1030
-909
-748
-550
-327
-106
105
302
472
607
703
782
822
833
843
840
828
809
788
753
704
642
551
429
284
121
-53
-240
-419
-586
-747
-864
-948
-1015
-1016
-979
-946
-884
-798
-707
-609
-512
-410
-330
-266
-175
-89
-5
99
183
248
341
436
497
544
596
612
590
581
583
574
526
503
505
490
503
559
632
682
728
820
930
1018
1097
1168
1204
1194
1145
1073
945
723
392
12
-351
-774
-1215
-1560
-1880
-2222
-2458
-2499
-2465
-2451
-2335
-2114
-1948
-1807
-1539
-1240
-1092
-949
-671
-428
-236
77
496
824
1072
1415
1766
1975
2114
2221
2176
1965
1726
1487
1170
777
407
69
-267
-528
-692
-824
-961
-1091
-1186
-1250
-1307
-1366
-1420
-1479
-1535
-1533
-1445
-1288
-1096
-857
-545
-193
181
603
997
1306
1540
1726
1850
1887
1869
1779
1601
1394
1215
1048
872
726
587
420
260
148
25
-166
-378
-595
-838
-1065
-1214
-1303
-1374
-1381
-1282
-1117
-896
-605
-293
-17
225
439
619
749
833
867
856
844
849
887
939
995
1052
1086
1133
1186
1186
1126
1029
904
753
612
511
428
333
251
219
220
195
89
-64
-258
-552
-911
-1237
-1560
-1944
-2296
-2498
-2594
-2632
-2532
-2264
-1990
-1750
-1390
-962
-631
-382
-126
95
197
290
479
638
722
850
1044
1210
1345
1491
1585
1558
1427
1252
1034
729
354
-68
-516
-944
-1299
-1558
-1734
-1871
-1936
-1901
-1819
-1670
-1470
-1298
-1180
-1071
-921
-786
-654
-478
-279
-101
102
444
870
1269
1654
2063
2438
2719
2978
3242
3387
3385
3339
3281
3233
3187
3135
3100
3024
2909
2762
2569
2341
1919
1170
294
-536
-1529
-2656
-3569
-4314
-5168
-5874
-5998
-5815
-5729
-5445
-4711
-4011
-3580
-2909
-1976
-1367
-1104
-667
-56
299
591
1217
1890
2279
2677
3331
3951
4273
4421
4489
4327
3852
3225
2612
1920
1000
-16
-800
-1353
-1930
-2432
-2639
-2735
-2977
-3130
-2937
-2738
-2829
-2916
-2772
-2690
-2766
-2588
-2145
-1834
-1586
-1052
-295
403
1060
1808
2480
2881
3187
3483
3557
3356
3003
2547
1982
1400
895
384
-144
-543
-820
-1080
-1234
-1255
-1367
-1593
-1716
-1746
-1848
-1969
-1933
-1797
-1676
-1400
-842
-190
439
1136
1942
2699
3347
3982
4513
4812
4962
5087
5144
5035
4861
4703
4414
3973
3607
3254
2524
1496
596
-377
-1773
-3116
-4043
-5118
-6479
-7311
-7441
-7660
-7972
-7579
-6757
-6337
-5918
-4801
-3596
-3002
-2459
-1457
-546
-74
538
1545
2361
2775
3313
4191
4954
5289
5481
5759
5791
5295
4682
4275
3634
2456
1235
437
-329
-1428
-2326
-2721
-3196
-3965
-4372
-4213
-4163
-4467
-4512
-4146
-4002
-4126
-3876
-3306
-3069
-3072
-2644
-1863
-1309
-833
57
1033
1620
2187
3022
3698
3939
4047
4153
3983
3581
3246
2900
2411
1974
1672
1419
1311
1459
1673
1777
1952
2287
2479
2465
2564
2765
2689
2383
2328
2477
2304
1928
1866
1808
1155
319
-99
-577
-1675
-2751
-3271
-3879
-4857
-5408
-5275
-5276
-5583
-5391
-4673
-4198
-3946
-3299
-2419
-1940
-1702
-1145
-381
91
349
845
1521
1984
2287
2797
3457
3782
3732
3762
3910
3720
3125
2619
2248
1542
590
-39
-348
-901
-1667
-2050
-2111
-2380
-2758
-2762
-2577
-2724
-2985
-2842
-2526
-2507
-2543
-2266
-1932
-1814
-1652
-1242
-875
-718
-531
-241
76
408
654
825
1089
1375
1446
1423
1588
1683
1376
1085
1174
1169
826
714
984
1087
1009
1295
1844
2106
2212
2572
3007
3212
3321
3504
3682
3810
3907
3985
4164
4370
4277
3938
3756
3522
2630
1358
407
-643
-2393
-3997
-4805
-5707
-7082
-7853
-7644
-7567
-7851
-7418
-6368
-5842
-5644
-4786
-3639
-3102
-2813
-2075
-1168
-607
-116
785
1833
2610
3218
3996
4967
5653
5789
5825
6030
5819
4941
4126
3668
2817
1352
243
-194
-930
-2090
-2655
-2622
-2972
-3637
-3704
-3339
-3489
-4008
-4040
-3798
-4054
-4521
-4505
-4250
-4255
-4235
-3710
-2873
-2141
-1401
-372
789
1800
2586
3250
3879
4262
4210
4003
3890
3644
3094
2557
2386
2360
2189
2166
2524
2920
3079
3240
3608
3916
3811
3520
3448
3325
2868
2521
2578
2600
2344
2334
2706
2781
2528
2500
2302
1333
193
-632
-1847
-3558
-4856
-5760
-6985
-8090
-8182
-7831
-7880
-7594
-6473
-5475
-4926
-4016
-2733
-1948
-1691
-1212
-512
-125
123
616
1193
1696
2190
2754
3520
4363
4859
4951
5105
5315
4959
4090
3436
2859
1553
-35
-865
-1388
-2397
-3335
-3494
-3401
-3703
-3877
-3389
-2919
-3081
-3438
-3520
-3528
-3972
-4710
-4925
-4729
-4931
-5131
-4345
-2969
-2040
-1209
426
2191
3078
3795
4989
5685
5437
5102
4970
4548
3796
3218
2927
2661
2517
2648
2928
3429
4062
4364
4502
4850
4978
4554
4023
3740
3317
2464
1867
1905
1821
1501
1616
1946
1947
1717
1341
739
-132
-1303
-2724
-4201
-5494
-6716
-8062
-8943
-8908
-8852
-9007
-8294
-6878
-5871
-5108
-3728
-2111
-1338
-1052
-173
734
790
787
1335
1799
1905
2188
2981
3842
4316
4719
5253
5588
5651
5400
4765
4067
3171
1730
309
-584
-1480
-2772
-3750
-3895
-4031
-4559
-4452
-3819
-4007
-4497
-4280
-4267
-4867
-5163
-5231
-5680
-5918
-5271
-4526
-4054
-2701
-762
309
1442
3651
5259
5570
6160
7137
7026
6037
5778
5853
4810
3608
3526
3605
3166
3053
3591
4077
4167
4266
4647
4804
4430
3988
3605
3164
2714
2157
1738
1714
1712
1491
1311
1433
1318
247
-901
-1288
-2231
-4211
-5583
-6166
-7410
-8991
-9256
-8623
-8839
-9246
-8191
-6723
-6207
-5479
-3818
-2496
-2040
-1490
-379
530
828
1195
1860
2381
2796
3299
3929
4702
5194
5217
5377
5757
5681
4950
4122
3576
2721
1207
-19
-620
-1593
-3009
-3854
-4013
-4321
-5097
-5570
-5336
-5403
-6154
-6364
-5896
-5996
-6645
-6643
-5713
-4987
-4750
-3628
-1718
-448
648
2550
4468
5571
6215
6968
7618
7512
7032
6818
6400
5610
4889
4389
4240
4186
3909
3882
4111
4119
4163
4209
4036
3889
3441
2702
2429
2389
1979
1449
1461
1931
1646
903
1472
1915
284
-983
-806
-1833
-4097
-5133
-5107
-6388
-8511
-8524
-7424
-8126
-8704
-7198
-6052
-6127
-5487
-3874
-2726
-2589
-2156
-1013
-563
-477
248
840
1170
1740
2147
2587
3489
4233
4433
4426
4813
5313
4716
3844
3944
3385
1592
588
478
-416
-1978
-2611
-2379
-3021
-3998
-3574
-3199
-4165
-4660
-4395
-4872
-5524
-5443
-5513
-6208
-6275
-5228
-4618
-4389
-2743
-853
-307
845
3320
4793
4898
5593
6846
6741
5693
5763
6128
5021
3789
3799
3951
3519
3332
3848
4236
4035
4105
4748
5041
4676
4190
3812
3383
2853
2447
2229
1974
1818
2001
2360
2919
3690
3963
3279
2355
1665
422
-1521
-3129
-4649
-7107
-9581
-10500
-10528
-11145
-11645
-10864
-9786
-9231
-8094
-5968
-4266
-3653
-3129
-2065
-1208
-995
-620
61
298
236
656
1775
3083
3988
4642
5487
6368
7037
7392
7367
7077
6140
4530
3287
2452
1037
-806
-2118
-2889
-3831
-4629
-4508
-4395
-5164
-5629
-5524
-5827
-6065
-5971
-6408
-7239
-7411
-6818
-6384
-5862
-4382
-2946
-2124
-384
2296
4208
5327
6654
7929
8204
7903
8125
8132
7009
5782
5127
4557
4024
3774
3817
3867
3712
3898
4547
4964
5095
4951
4378
3810
3288
2651
2103
1490
897
594
599
1162
2008
2689
3307
3209
2354
1977
1457
-175
-1941
-3570
-5820
-8326
-9789
-9967
-10492
-11597
-11316
-10070
-9492
-8548
-6442
-4516
-3694
-3263
-2154
-1012
-860
-742
-215
-259
-590
-343
540
1733
2603
3209
4093
5113
6156
6947
7118
7084
6650
5348
4176
3533
2355
514
-1101
-2137
-3120
-4078
-4300
-4451
-5246
-5683
-5788
-6197
-6071
-5707
-6351
-7174
-6885
-6218
-6236
-5812
-4024
-2802
-2572
-827
2075
3636
4420
6054
7602
7700
7469
8193
8448
7313
6301
5927
5407
4835
4638
4647
4451
4175
4359
4799
5069
5251
5011
4300
3774
3436
2967
2343
1767
1477
1148
966
1646
2573
2991
2958
2311
1522
869
-424
-2021
-3447
-5426
-7899
-9828
-10473
-10515
-11309
-11856
-10946
-10097
-9659
-8139
-5968
-4583
-4117
-3471
-2069
-1225
-1169
-556
67
-57
-76
521
1687
2873
3450
4027
4967
5807
6579
7054
7119
7001
6087
4656
3860
3165
1694
-73
-1401
-2296
-3425
-4512
-4704
-4856
-5701
-6349
-6511
-6504
-6454
-6605
-6734
-6562
-6365
-6078
-5319
-4072
-2778
-1862
-758
1152
3035
4247
5383
6648
7384
7352
7348
7717
7559
6689
6002
5730
5431
4973
4760
4898
4791
4464
4477
4676
4765
4575
4028
3541
3132
2503
2018
1771
1524
1303
1149
1564
2521
3302
3994
4154
3255
2430
1707
96
-1671
-3261
-5546
-8262
-10165
-10646
-10930
-11917
-12013
-10948
-10414
-9847
-8040
-5958
-4856
-4508
-3662
-2358
-1936
-1833
-1059
-611
-781
-695
28
1298
2398
3093
4003
5039
6004
6872
7291
7538
7434
6297
5078
4424
3405
1784
86
-1226
-2226
-3332
-4131
-4617
-5271
-5695
-6218
-6867
-6453
-6016
-6881
-7354
-6515
-6028
-6435
-5809
-3782
-2878
-2924
-1098
1609
2734
3493
5330
6881
7014
7078
8058
8396
7531
6951
6799
6368
5881
5610
5455
5162
4798
4804
4887
4805
4887
4675
4019
3576
3274
2889
2401
1839
1616
1432
1148
1657
2619
3252
3614
3153
2249
1813
776
-1048
-2506
-4132
-6607
-9154
-10388
-10327
-11045
-12224
-11643
-10562
-10391
-9509
-7439
-5651
-5047
-4721
-3349
-2096
-2022
-1648
-828
-620
-649
-365
559
1906
2732
3289
4200
5268
6322
6939
7194
7525
7092
5762
4867
4394
3260
1382
-318
-1261
-2201
-3498
-4241
-4559
-5242
-6115
-6746
-6726
-6410
-6792
-7323
-7031
-6588
-6506
-6052
-4743
-3318
-2653
-1820
206
2203
3379
4583
5966
6900
7185
7448
8069
8167
7440
6837
6605
6348
6023
5729
5580
5417
5146
4987
4967
5061
4964
4323
3647
3285
2861
2339
1974
1813
1558
1196
1492
2433
3262
3819
3636
2615
1822
1053
-522
-2180
-3649
-5825
-8593
-10467
-10713
-10964
-12100
-12256
-11194
-10707
-10243
-8423
-6243
-5207
-4957
-4017
-2564
-2066
-1912
-1070
-571
-771
-655
188
1474
2568
3256
4021
4944
5927
6869
7345
7604
7589
6458
5049
4484
3804
2100
162
-953
-1817
-3301
-4355
-4371
-4741
-5786
-6408
-6393
-6302
-6554
-6789
-6580
-6446
-6533
-6201
-5202
-3941
-3012
-2178
-723
1078
2634
4074
5521
6676
7312
7642
8085
8430
8147
7491
6942
6501
6041
5559
5241
5145
4948
4620
4518
4704
4903
4705
4153
3770
3409
2772
2303
2108
1814
1325
1073
1598
2485
3093
3420
3064
2126
1422
455
-1099
-2504
-4103
-6499
-8943
-10232
-10465
-11133
-12140
-11906
-11138
-10952
-10099
-8049
-6233
-5535
-5068
-3756
-2449
-2096
-1629
-687
-385
-564
-253
728
1946
2741
3237
4086
5036
5798
6537
7096
7379
7061
5968
5051
4623
3720
2093
491
-579
-1532
-3031
-4289
-4492
-5026
-6504
-7295
-6954
-6908
-7614
-7718
-6804
-6551
-6870
-5801
-4017
-3163
-2434
-869
852
2096
3380
5029
6157
6558
7114
7656
7757
7842
7791
7334
6908
6758
6654
6360
6056
6035
5887
5319
5042
5194
4945
4203
3547
3198
2811
2160
1759
1783
1625
1331
1527
2321
3246
3471
2759
1999
1406
88
-1740
-3071
-4384
-6806
-9482
-10547
-10562
-11391
-12291
-11702
-10716
-10474
-9735
-7674
-5748
-5089
-4609
-3326
-2209
-1935
-1634
-885
-390
-502
-483
447
1790
2648
3183
4015
5112
5963
6445
6993
7473
7103
5942
4931
4367
3462
1772
128
-807
-1765
-3293
-4538
-4828
-5138
-6381
-7356
-7043
-6825
-7512
-7679
-6821
-6373
-6657
-6054
-4306
-3114
-2548
-1227
635
2039
3202
4712
6162
6892
7197
7664
8050
8034
7827
7473
7045
6799
6551
6174
5961
5903
5706
5296
4972
5084
5052
4330
3718
3488
3000
2347
1942
1911
1859
1441
1496
2365
3116
3236
2638
1814
1206
-121
-2034
-3252
-4575
-7059
-9547
-10625
-10770
-11563
-12492
-11905
-10910
-10774
-10009
-7921
-6045
-5289
-4736
-3435
-2192
-1871
-1494
-577
-105
-236
-141
696
1969
2795
3220
4070
5148
5902
6452
6995
7454
7166
5975
5047
4638
3679
2016
468
-608
-1816
-3506
-4598
-4814
-5510
-6768
-7476
-7411
-7271
-7457
-7265
-6517
-6236
-6185
-5295
-3875
-2667
-1794
-821
604
2019
3243
4620
5817
6520
6958
7303
7763
8139
8012
7675
7427
7172
6923
6640
6441
6380
5999
5338
5035
5036
4768
4165
3563
3155
2709
2056
1768
1980
1924
1603
1780
2597
3270
2919
2006
1413
505
-1304
-3073
-4247
-5836
-8410
-10457
-10866
-11085
-12047
-12292
-11335
-10618
-10372
-9242
-7136
-5636
-5150
-4382
-3055
-2221
-1973
-1452
-645
-275
-380
-64
1115
2328
2962
3568
4608
5700
6340
6738
7343
7623
6848
5675
5024
4467
3168
1451
259
-669
-2229
-3760
-4254
-4589
-5675
-6710
-7016
-7148
-7501
-7498
-6952
-6649
-6659
-6134
-5011
-3810
-2591
-1328
-117
1147
2638
4138
5310
6255
7009
7299
7407
7809
8104
7795
7312
7252
7254
6813
6489
6698
6692
6062
5574
5606
5459
4789
4115
3760
3327
2560
1988
1966
2093
1962
1818
2341
3238
3145
2021
1296
780
-936
-3131
-4375
-5611
-8115
-10561
-11117
-11048
-12168
-12886
-11835
-10811
-10647
-9714
-7558
-5837
-5313
-4601
-3090
-2127
-1971
-1520
-734
-282
-279
-127
778
2047
2851
3335
4217
5461
6292
6537
7003
7589
7066
5704
4982
4682
3415
1477
290
-441
-1949
-3654
-4254
-4434
-5460
-6627
-6896
-6871
-7272
-7522
-7081
-6591
-6593
-6420
-5471
-4202
-3103
-2098
-927
544
2054
3377
4711
5980
6799
7174
7487
7943
8228
7980
7548
7414
7308
6950
6606
6532
6530
6156
5628
5604
5735
5312
4688
4307
3941
3387
2739
2440
2487
2238
1909
2233
2963
3170
2299
1190
681
-426
-2551
-4065
-5082
-7152
-9779
-11033
-10893
-11434
-12646
-12383
-11164
-10820
-10389
-8540
-6428
-5534
-5156
-3859
-2345
-1859
-1553
-647
55
114
185
919
2113
2955
3372
4048
5067
5969
6481
6835
7331
7268
6217
5284
4949
4186
2549
937
31
-978
-2701
-3969
-4283
-4997
-6411
-7271
-7331
-7549
-8097
-8028
-7314
-7069
-7034
-6086
-4623
-3452
-2364
-1048
376
1750
3200
4658
5681
6359
6987
7325
7501
7827
7884
7442
7110
7203
7183
6803
6630
6776
6542
5916
5727
5842
5391
4616
4147
3761
3147
2479
2143
2105
1908
1673
1897
2624
3189
2648
1502
939
92
-1908
-3679
-4684
-6496
-9382
-11168
-11140
-11545
-12870
-12820
-11529
-11074
-10819
-9045
-6688
-5615
-5194
-3860
-2319
-1807
-1509
-630
44
60
81
674
1700
2596
3113
3693
4676
5737
6408
6838
7503
7778
6886
5903
5661
5023
3370
1705
695
-424
-2157
-3477
-4030
-4843
-6030
-6883
-7233
-7393
-7695
-7886
-7582
-7118
-6845
-6419
-5353
-3882
-2824
-2039
-659
1073
2428
3587
4911
6020
6488
6783
7421
7927
7840
7521
7384
7367
7257
7049
6899
6827
6605
6166
5901
5941
5779
5205
4596
4266
3974
3307
2698
2664
2586
2112
1985
2632
3265
2690
1389
764
-5
-1994
-3871
-4920
-6511
-9214
-11299
-11517
-11634
-12855
-13236
-12134
-11413
-11156
-9844
-7608
-6080
-5597
-4641
-2933
-1952
-1677
-984
-96
275
272
649
1795
2893
3309
3771
4744
5781
6459
6843
7438
7780
6999
6005
5669
5147
3742
1976
744
-141
-1611
-3173
-3929
-4565
-5656
-6704
-7142
-7068
-7340
-7864
-7646
-7010
-6768
-6516
-5549
-4097
-3073
-2437
-1110
736
2081
3179
4532
5720
6303
6607
7217
7821
7767
7396
7270
7281
7209
6986
6724
6600
6399
5903
5493
5477
5379
4711
3981
3761
3540
2880
2315
2258
2211
1786
1633
2314
3187
3257
2454
1659
1155
-63
-1974
-3285
-4427
-6773
-9467
-10563
-10532
-11392
-12639
-12345
-11332
-11190
-10736
-8732
-6662
-5968
-5508
-3958
-2416
-2022
-1695
-696
-61
-226
-203
705
1864
2400
2677
3470
4579
5443
6051
6742
7451
7363
6510
6096
6112
5306
3598
2150
1292
132
-1533
-2673
-3255
-4329
-5720
-6458
-6562
-6816
-7429
-7702
-7386
-7150
-7099
-6584
-5518
-4471
-3801
-3018
-1485
244
1503
2715
4155
5279
5829
6367
7263
7820
7535
7207
7365
7460
7197
6904
6821
6719
6309
5880
5808
5843
5549
4952
4507
4380
4019
3301
2909
2901
2590
1999
2022
2803
3318
2915
2121
1560
793
-738
-2350
-3478
-5065
-7622
-9785
-10465
-10751
-11838
-12631
-12096
-11414
-11278
-10418
-8364
-6656
-6142
-5447
-3759
-2432
-2110
-1564
-497
2
-221
11
1195
2244
2478
2793
3793
4839
5461
6047
6864
7334
6872
6167
6081
5932
4826
3267
2105
1166
-177
-1578
-2423
-3233
-4535
-5739
-6370
-6676
-6995
-7453
-7750
-7629
-7348
-7047
-6479
-5447
-4315
-3657
-2887
-1208
622
1789
2842
4253
5368
5748
6260
7342
7822
7308
7018
7318
7379
7000
6809
6944
6697
6047
5807
6000
5981
5530
4972
4665
4340
3728
3234
2968
2586
2064
1665
1769
2341
2792
2766
2252
1548
976
40
-1410
-2630
-3957
-6154
-8412
-9493
-9805
-10749
-11980
-12043
-11467
-11403
-10921
-9168
-7440
-6815
-6267
-4687
-3026
-2368
-1830
-821
-253
-315
-58
883
1824
2135
2274
2926
3857
4663
5304
5926
6544
6575
6071
6017
6216
5625
4282
3057
2248
1196
-235
-1269
-2061
-3328
-4654
-5448
-5815
-6104
-6645
-7182
-7262
-7006
-6746
-6511
-5834
-4743
-4105
-3673
-2259
-337
801
1583
2978
4415
4992
5448
6620
7437
7094
6776
7183
7410
7075
6848
6907
6657
6074
5863
6037
6022
5712
5249
4827
4566
4238
3758
3333
2987
2566
2057
1860
2291
2750
2609
2076
1506
932
6
-1329
-2488
-3704
-5715
-7911
-9166
-9641
-10437
-11630
-12029
-11580
-11406
-11145
-9778
-8039
-7125
-6581
-5254
-3490
-2514
-2054
-1149
-251
-77
-15
746
1794
2220
2224
2755
3737
4412
4900
5626
6302
6377
5972
5885
6128
5709
4512
3413
2591
1544
265
-713
-1378
-2459
-3843
-4635
-4922
-5363
-6034
-6561
-6740
-6903
-7056
-6707
-6077
-5633
-5162
-4402
-3302
-1935
-568
716
1908
3051
4249
5252
6067
6854
7186
6976
6881
7060
7042
6684
6364
6248
5930
5474
5506
5721
5493
5108
4940
4819
4468
4035
3830
3593
2942
2297
2130
2150
2112
2195
2404
2265
1546
898
513
-428
-1885
-3234
-4704
-6501
-8111
-9007
-9648
-10710
-11524
-11465
-11170
-10875
-10006
-8659
-7561
-6784
-5688
-4177
-2991
-2228
-1398
-649
-170
275
825
1478
1982
2194
2504
3104
3822
4462
4889
5301
5677
5704
5654
5758
5576
4832
3814
2907
2113
1087
-47
-932
-1880
-3047
-3986
-4536
-4960
-5603
-6324
-6618
-6719
-6929
-6830
-6340
-5875
-5491
-4819
-3652
-2390
-1294
-33
1323
2448
3522
4654
5612
6227
6537
6725
6810
6728
6630
6467
6133
5859
5677
5448
5299
5275
5214
5055
4903
4838
4664
4253
3887
3620
3164
2608
2307
2250
2144
2045
2252
2490
2124
1458
1167
666
-644
-2021
-3076
-4532
-6509
-7962
-8592
-9515
-10866
-11348
-10986
-10903
-10760
-9690
-8264
-7428
-6749
-5312
-3655
-2675
-1920
-917
-125
231
541
1120
1775
2078
2152
2500
3169
3821
4268
4688
5281
5681
5631
5656
5906
5733
4902
3978
3336
2587
1405
232
-620
-1568
-2731
-3693
-4224
-4605
-5327
-6130
-6357
-6281
-6525
-6774
-6377
-5698
-5497
-5244
-4042
-2646
-1925
-1091
438
1841
2627
3542
4889
5719
5767
5982
6463
6533
6236
6010
5897
5640
5262
5049
4984
4912
4766
4540
4459
4530
4289
3783
3472
3301
2965
2435
2151
2310
2284
2015
2241
2821
2905
2336
1897
1781
942
-653
-1798
-2697
-4481
-6636
-7833
-8371
-9493
-10800
-10964
-10528
-10648
-10511
-9205
-7725
-6985
-6255
-4737
-3198
-2520
-1985
-985
-228
-68
141
780
1403
1555
1637
2233
3012
3528
3945
4522
5239
5617
5576
5805
6186
5855
4960
4261
3715
2721
1389
458
-248
-1407
-2601
-3283
-3758
-4313
-4921
-5424
-5669
-5773
-5949
-6083
-5832
-5345
-5220
-5148
-4185
-2880
-2329
-1744
-202
1258
1873
2743
4337
5290
5205
5511
6375
6463
5882
5737
5819
5389
4787
4687
4775
4475
4093
4046
4124
4110
4000
3804
3643
3506
3245
2957
2822
2809
2675
2423
2493
2957
3160
2853
2456
2151
1587
431
-787
-1713
-3124
-5166
-6768
-7524
-8336
-9655
-10504
-10385
-10246
-10370
-9722
-8301
-7377
-7009
-6081
-4501
-3382
-2922
-2138
-1123
-743
-674
-101
762
1191
1247
1573
2315
2994
3512
4206
4976
5447
5583
5758
6179
6298
5703
4896
4296
3598
2579
1554
762
-188
-1442
-2371
-2828
-3362
-4042
-4566
-4968
-5326
-5558
-5663
-5738
-5749
-5587
-5417
-5173
-4424
-3436
-2753
-2012
-762
548
1505
2532
3866
4751
4919
5308
6043
6141
5690
5523
5447
4950
4402
4339
4362
3908
3476
3550
3669
3596
3598
3650
3577
3370
3191
3175
3158
3009
2831
2726
2790
2945
3048
3147
3026
2412
1777
1306
406
-854
-2058
-3413
-5087
-6574
-7359
-8041
-9205
-10021
-10000
-9931
-9948
-9295
-8167
-7446
-6996
-5951
-4464
-3508
-2905
-1981
-1157
-803
-440
245
912
1225
1437
1928
2608
3283
3932
4524
5060
5462
5633
5870
6247
6251
5686
4968
4437
3811
2740
1695
933
-137
-1437
-2221
-2616
-3283
-4200
-4714
-4907
-5403
-5797
-5677
-5681
-5969
-5898
-5438
-5064
-4674
-3899
-3030
-2426
-1556
-213
839
1617
2708
3709
4184
4629
5332
5686
5401
5208
5331
5038
4473
4375
4375
3910
3473
3569
3746
3526
3369
3618
3690
3409
3354
3534
3484
3212
3033
3019
3012
3015
3148
3312
3375
3164
2590
2136
1800
858
-540
-1703
-2841
-4432
-5962
-6738
-7394
-8706
-9698
-9612
-9490
-9702
-9273
-8210
-7483
-7074
-6086
-4613
-3667
-3169
-2363
-1499
-994
-548
62
708
1140
1351
1750
2445
3120
3590
3961
4492
5062
5294
5422
5791
5882
5329
4683
4300
3808
2820
1665
841
-7
-1218
-2204
-2648
-3095
-3948
-4739
-4840
-4791
-5324
-5678
-5323
-5254
-5754
-5671
-4810
-4395
-4497
-3862
-2660
-2020
-1471
-152
1109
1643
2319
3484
4290
4539
4927
5310
5121
4887
5005
4831
4317
4097
4018
3678
3457
3685
3827
3549
3539
3961
4032
3846
3984
4093
3772
3444
3419
3388
3134
2937
2956
2939
2956
2976
2552
1989
1636
821
-461
-1407
-2282
-3828
-5563
-6468
-7007
-8240
-9336
-9273
-9141
-9588
-9370
-8184
-7262
-6909
-6067
-4549
-3527
-3065
-2126
-1007
-528
-275
329
1021
1376
1519
1874
2393
2812
3204
3659
4158
4631
4839
4949
5307
5517
5149
4576
4218
3761
2797
1757
1065
184
-1068
-1984
-2437
-2966
-3658
-4158
-4416
-4701
-4999
-5138
-5217
-5281
-5314
-5391
-5234
-4694
-4235
-3951
-3382
-2460
-1621
-943
52
1249
1973
2474
3374
4236
4507
4556
4774
4876
4599
4313
4303
4180
3787
3556
3601
3664
3673
3677
3772
3943
3997
3963
3972
3934
3705
3366
3177
3101
2849
2549
2512
2519
2427
2516
2611
2248
1688
1324
730
-348
-1371
-2276
-3626
-5194
-6125
-6695
-7752
-8743
-8875
-8793
-9029
-8806
-7817
-6990
-6581
-5733
-4358
-3353
-2779
-1925
-975
-514
-264
285
896
1176
1322
1635
2101
2560
2952
3383
3890
4342
4598
4822
5209
5434
5156
4680
4358
3881
2957
1963
1173
220
-995
-1925
-2453
-3054
-3769
-4168
-4314
-4607
-4832
-4702
-4610
-4739
-4714
-4532
-4509
-4425
-4000
-3622
-3523
-3125
-2278
-1622
-1064
-37
1014
1580
2254
3379
4199
4363
4598
5071
5073
4704
4686
4750
4290
3758
3722
3801
3601
3438
3566
3635
3491
3511
3671
3631
3432
3202
2926
2729
2631
2434
2210
2181
2243
2200
2270
2650
2701
2102
1709
1631
906
-290
-1076
-1880
-3448
-5010
-5638
-6207
-7523
-8453
-8376
-8418
-8829
-8488
-7456
-6863
-6642
-5795
-4467
-3657
-3170
-2279
-1366
-951
-647
-22
646
956
1086
1450
2006
2488
2899
3327
3842
4297
4489
4720
5146
5222
4747
4227
3933
3444
2483
1574
948
12
-1188
-1918
-2271
-2853
-3581
-3924
-3932
-4161
-4486
-4345
-4138
-4384
-4563
-4331
-4123
-4125
-3946
-3458
-3106
-2820
-2070
-1154
-525
211
1189
1975
2622
3445
4231
4553
4674
5024
5140
4809
4669
4674
4259
3734
3638
3665
3380
3116
3266
3346
3038
2951
3197
3151
2823
2691
2698
2558
2366
2330
2360
2317
2325
2436
2594
2826
2806
2348
2005
1825
1129
-22
-944
-1799
-3232
-4766
-5493
-6072
-7377
-8428
-8459
-8469
-8890
-8709
-7750
-7114
-6905
-6032
-4550
-3645
-3171
-2229
-1196
-720
-403
292
994
1186
1230
1640
2164
2482
2771
3174
3615
3950
4144
4438
4794
4814
4461
4101
3864
3390
2485
1600
902
-54
-1180
-1930
-2410
-3058
-3764
-4071
-4051
-4163
-4334
-4199
-3993
-4065
-4127
-3904
-3665
-3658
-3655
-3380
-3045
-2759
-2219
-1495
-880
-228
619
1504
2322
3149
3892
4331
4615
4971
5129
4925
4737
4598
4178
3668
3457
3385
3106
2812
2852
2973
2888
2898
3162
3294
3153
3047
3079
3000
2759
2605
2528
2335
2176
2223
2272
2248
2306
2342
2131
1777
1513
1038
132
-742
-1520
-2657
-4008
-5002
-5743
-6730
-7702
-8098
-8182
-8421
-8426
-7816
-7132
-6685
-6024
-4927
-3892
-3242
-2526
-1565
-819
-390
105
708
1095
1248
1467
1885
2275
2466
2663
3034
3433
3659
3808
4107
4332
4163
3828
3662
3429
2763
1931
1286
558
-418
-1276
-1839
-2427
-3166
-3676
-3834
-3915
-4014
-4025
-3953
-3856
-3730
-3589
-3408
-3184
-3071
-3058
-2845
-2367
-1975
-1728
-1221
-464
127
684
1562
2454
2954
3360
3982
4497
4636
4670
4786
4691
4329
4032
3856
3587
3192
2892
2768
2686
2608
2609
2681
2736
2752
2794
2881
2904
2743
2484
2293
2185
1991
1705
1622
1667
1535
1466
1742
1975
1720
1332
1264
974
55
-795
-1331
-2346
-3835
-4840
-5369
-6257
-7361
-7800
-7717
-7941
-8079
-7382
-6477
-6032
-5500
-4373
-3219
-2599
-2046
-1184
-548
-363
-69
473
832
851
881
1228
1658
1907
2138
2558
3013
3248
3405
3774
4116
3972
3563
3368
3171
2546
1728
1141
520
-448
-1317
-1732
-2118
-2751
-3216
-3283
-3254
-3314
-3236
-2983
-2881
-2899
-2793
-2603
-2458
-2438
-2492
-2431
-2203
-1924
-1675
-1333
-789
-236
232
925
1845
2520
2908
3425
4052
4345
4335
4423
4489
4136
3632
3423
3266
2795
2286
2109
2064
1905
1820
1982
2120
2070
2084
2260
2409
2363
2180
2021
1917
1813
1667
1559
1574
1574
1485
1592
1984
2200
1982
1789
1823
1491
714
124
-374
-1459
-2858
-3700
-4253
-5284
-6341
-6736
-6916
-7379
-7529
-6935
-6326
-6126
-5675
-4672
-3776
-3250
-2619
-1804
-1256
-1016
-631
-55
271
298
434
809
1180
1440
1744
2178
2557
2766
3009
3427
3713
3593
3347
3257
3078
2575
2018
1591
978
123
-547
-897
-1293
-1859
-2236
-2307
-2372
-2468
-2370
-2144
-2087
-2178
-2106
-1895
-1851
-1953
-1962
-1958
-2058
-2034
-1791
-1543
-1345
-1020
-514
43
667
1404
2048
2522
2995
3453
3746
3889
3912
3741
3380
3032
2788
2458
2044
1729
1509
1338
1294
1405
1545
1610
1664
1848
2082
2204
2267
2315
2278
2154
2075
2105
2081
1925
1849
1919
1976
2069
2287
2363
2117
1836
1658
1253
489
-293
-1079
-2233
-3459
-4257
-4958
-5963
-6876
-7258
-7431
-7694
-7583
-6986
-6520
-6225
-5510
-4435
-3609
-3042
-2345
-1602
-1158
-855
-345
138
274
303
533
904
1219
1482
1843
2278
2636
2941
3365
3873
4155
4091
3999
4021
3836
3343
2837
2335
1582
703
67
-392
-1006
-1678
-2049
-2227
-2417
-2482
-2385
-2286
-2270
-2264
-2157
-2029
-2020
-2113
-2197
-2224
-2243
-2264
-2160
-1907
-1687
-1461
-955
-280
312
869
1512
2160
2632
3011
3423
3673
3629
3459
3302
3084
2722
2317
1998
1701
1400
1240
1296
1403
1463
1583
1813
2050
2222
2376
2498
2510
2420
2300
2179
2055
1872
1618
1437
1407
1404
1374
1466
1672
1701
1511
1437
1409
983
261
-339
-957
-1978
-3089
-3823
-4521
-5542
-6407
-6720
-6914
-7258
-7261
-6755
-6300
-5988
-5291
-4262
-3469
-2909
-2172
-1357
-838
-510
-77
348
528
577
779
1133
1380
1532
1827
2254
2614
2873
3216
3660
3885
3843
3845
3899
3704
3221
2713
2239
1564
729
62
-470
-1115
-1784
-2196
-2364
-2544
-2717
-2675
-2529
-2466
-2387
-2187
-1990
-1922
-1945
-1952
-1906
-1890
-1934
-1934
-1812
-1626
-1450
-1147
-624
-89
345
863
1539
2137
2518
2881
3293
3474
3373
3287
3234
2963
2507
2151
1937
1655
1350
1275
1344
1328
1362
1572
1841
2033
2174
2347
2467
2486
2442
2329
2170
1979
1710
1414
1233
1151
1015
917
1021
1191
1164
1028
1059
1014
597
105
-266
-846
-1778
-2627
-3205
-3936
-4881
-5530
-5823
-6188
-6527
-6401
-5986
-5691
-5352
-4637
-3787
-3163
-2571
-1800
-1141
-751
-367
103
430
533
628
834
1020
1158
1377
1660
1947
2216
2492
2858
3219
3403
3463
3504
3508
3321
2935
2549
2102
1425
704
149
-394
-1052
-1638
-1975
-2214
-2493
-2599
-2490
-2424
-2396
-2235
-1993
-1847
-1806
-1747
-1707
-1783
-1861
-1855
-1859
-1903
-1863
-1694
-1456
-1115
-651
-145
363
927
1551
2095
2536
2934
3195
3245
3213
3160
2937
2556
2193
1859
1480
1122
922
832
750
757
916
1124
1312
1533
1793
1991
2079
2153
2215
2152
1971
1817
1694
1496
1302
1236
1235
1194
1214
1401
1561
1561
1563
1553
1351
976
560
64
-675
-1547
-2315
-3047
-3877
-4646
-5165
-5558
-5909
-6013
-5819
-5532
-5222
-4723
-4025
-3353
-2747
-2079
-1414
-913
-532
-130
233
419
534
702
874
1027
1193
1434
1725
1977
2225
2549
2885
3112
3217
3290
3312
3159
2846
2496
2068
1452
774
194
-350
-940
-1510
-1911
-2197
-2453
-2583
-2558
-2461
-2366
-2249
-2040
-1789
-1614
-1540
-1476
-1406
-1437
-1537
-1560
-1539
-1570
-1589
-1466
-1237
-993
-678
-241
236
706
1194
1696
2151
2490
2709
2810
2833
2761
2560
2282
1996
1690
1347
1063
892
764
653
651
787
972
1178
1422
1687
1904
2039
2133
2190
2155
2020
1843
1687
1527
1337
1188
1144
1124
1106
1193
1375
1506
1524
1528
1505
1290
934
566
71
-638
-1407
-2077
-2748
-3494
-4140
-4597
-4987
-5299
-5345
-5177
-4960
-4666
-4212
-3649
-3124
-2599
-2030
-1537
-1175
-856
-538
-294
-143
-30
81
191
300
467
699
953
1210
1501
1845
2202
2492
2717
2892
2972
2937
2792
2581
2271
1811
1273
765
262
-288
-804
-1214
-1558
-1870
-2069
-2106
-2078
-2049
-1943
-1744
-1552
-1412
-1272
-1143
-1094
-1116
-1146
-1187
-1275
-1349
-1371
-1344
-1253
-1056
-779
-470
-81
383
845
1283
1697
2061
2311
2467
2562
2547
2410
2186
1925
1636
1312
1035
830
665
578
613
735
900
1118
1378
1626
1841
2021
2172
2244
2220
2157
2055
1882
1660
1458
1273
1064
914
861
840
846
935
1090
1209
1269
1325
1315
1146
879
565
107
-509
-1138
-1751
-2438
-3135
-3678
-4120
-4543
-4808
-4842
-4780
-4670
-4390
-3973
-3552
-3123
-2625
-2121
-1723
-1378
-1030
-768
-613
-474
-348
-267
-203
-112
57
253
459
727
1025
1350
1671
1959
2240
2440
2537
2551
2480
2315
2024
1643
1228
768
266
-219
-643
-1014
-1328
-1564
-1673
-1675
-1643
-1547
-1375
-1197
-1045
-909
-785
-712
-730
-795
-861
-968
-1091
-1183
-1249
-1292
-1264
-1140
-941
-672
-337
52
477
906
1338
1725
2029
2272
2428
2495
2476
2382
2239
2031
1787
1568
1357
1156
1028
969
959
994
1102
1276
1433
1575
1719
1839
1886
1866
1812
1701
1518
1292
1070
849
625
442
327
291
295
333
474
691
867
992
1129
1195
1098
923
717
372
-157
-740
-1289
-1909
-2587
-3163
-3618
-4042
-4403
-4532
-4474
-4372
-4170
-3783
-3314
-2912
-2477
-1945
-1507
-1232
-968
-698
-555
-536
-495
-421
-430
-451
-341
-153
15
228
555
927
1266
1587
1939
2224
2376
2453
2487
2411
2178
1854
1507
1121
651
185
-212
-580
-913
-1165
-1292
-1338
-1355
-1294
-1176
-1057
-941
-850
-779
-741
-772
-842
-936
-1040
-1135
-1239
-1319
-1309
-1245
-1159
-983
-678
-331
4
390
842
1258
1581
1884
2178
2332
2355
2346
2297
2152
1913
1689
1479
1231
1014
868
799
744
709
767
877
999
1111
1240
1369
1431
1445
1433
1383
1271
1109
955
808
655
520
416
363
365
412
518
665
833
1018
1165
1273
1347
1317
1158
915
609
197
-335
-883
-1420
-2012
-2623
-3118
-3488
-3842
-4127
-4200
-4130
-4044
-3861
-3511
-3116
-2800
-2461
-2038
-1684
-1460
-1235
-978
-834
-782
-668
-529
-436
-356
-174
77
301
568
904
1245
1565
1861
2127
2327
2430
2452
2404
2251
2007
1714
1362
977
597
233
-98
-392
-632
-801
-907
-944
-936
-890
-819
-759
-693
-628
-605
-611
-636
-697
-775
-837
-885
-917
-948
-928
-821
-711
-556
-306
-44
196
451
740
1004
1187
1347
1482
1529
1509
1478
1418
1291
1131
991
878
751
641
601
589
582
614
699
817
910
989
1110
1206
1242
1269
1278
1246
1142
1013
923
810
664
546
477
427
387
401
472
544
601
689
781
837
827
768
699
562
345
78
-222
-552
-927
-1295
-1599
-1888
-2207
-2449
-2572
-2682
-2784
-2779
-2678
-2603
-2536
-2374
-2173
-2049
-1934
-1741
-1586
-1518
-1402
-1207
-1071
-1023
-890
-685
-552
-436
-223
18
192
356
607
864
1018
1153
1331
1448
1468
1482
1502
1449
1319
1196
1092
940
755
609
486
342
213
132
67
-4
-56
-91
-140
-187
-213
-256
-319
-369
-415
-487
-569
-612
-664
-745
-777
-751
-722
-687
-575
-423
-300
-148
62
256
405
553
715
827
884
940
974
953
894
848
814
750
680
642
623
583
561
600
632
656
710
779
836
893
962
1019
1050
1061
1073
1058
1005
955
885
783
685
599
501
410
347
305
272
235
246
280
290
303
319
326
311
266
204
120
-23
-192
-371
-560
-776
-1016
-1222
-1403
-1595
-1752
-1840
-1897
-1955
-1989
-1946
-1882
-1843
-1753
-1618
-1513
-1448
-1348
-1229
-1159
-1119
-1056
-977
-935
-886
-780
-672
-575
-462
-306
-127
42
235
436
617
794
959
1080
1162
1215
1229
1203
1138
1058
957
832
696
557
423
290
167
63
-32
-121
-198
-256
-302
-374
-472
-539
-604
-699
-788
-840
-888
-941
-958
-914
-845
-773
-642
-457
-256
-38
200
458
683
875
1068
1231
1336
1396
1427
1417
1358
1274
1185
1094
988
874
784
718
663
636
628
622
623
622
615
608
579
545
482
399
331
251
170
107
55
17
-22
-22
16
57
114
188
276
369
453
542
618
650
666
692
695
647
589
521
429
316
193
69
-71
-217
-357
-504
-648
-790
-929
-1067
-1181
-1288
-1402
-1481
-1540
-1592
-1636
-1663
-1662
-1658
-1638
-1603
-1565
-1503
-1422
-1341
-1255
-1155
-1037
-905
-785
-651
-501
-366
-224
-62
92
219
343
465
573
652
711
766
784
772
765
753
696
621
569
507
408
314
254
175
69
-23
-79
-136
-204
-233
-236
-253
-259
-228
-198
-168
-129
-79
-11
39
105
185
229
278
342
396
441
489
541
585
627
684
751
794
822
853
872
867
846
811
762
695
618
546
459
363
272
180
108
47
7
-21
-47
-43
-22
4
45
85
120
152
181
218
250
253
250
271
284
276
280
304
312
296
296
312
291
245
235
209
141
80
32
-30
-128
-218
-292
-385
-491
-580
-659
-754
-840
-894
-943
-999
-1045
-1061
-1069
-1075
-1074
-1062
-1029
-998
-976
-924
-864
-820
-777
-714
-652
-611
-550
-472
-408
-355
-291
-208
-131
-79
-11
64
118
166
229
289
314
340
370
378
387
391
393
390
381
385
385
382
370
363
361
347
353
365
369
371
368
379
385
382
383
383
377
363
342
328
319
289
257
245
233
213
205
222
216
200
223
251
258
249
268
295
281
266
278
280
251
219
203
189
151
120
104
85
52
29
32
35
38
45
59
87
107
118
138
168
180
168
170
177
162
136
115
102
79
39
2
-29
-83
-143
-185
-231
-292
-359
-414
-471
-551
-615
-661
-715
-761
-797
-820
-827
-833
-835
-829
-807
-783
-769
-736
-686
-648
-616
-571
-515
-463
-422
-371
-307
-261
-225
-172
-106
-65
-40
11
55
69
80
117
143
134
140
164
170
171
180
204
209
206
227
250
266
280
301
319
332
347
365
389
411
434
454
481
510
521
541
558
568
565
549
550
542
517
495
470
447
417
383
363
332
288
259
243
217
174
154
145
103
67
63
48
6
-13
-6
-12
-28
-43
-40
-36
-56
-49
-22
-9
-11
-5
28
35
31
57
75
82
90
110
121
111
109
98
74
65
43
2
-46
-93
-137
-196
-253
-311
-372
-423
-466
-505
-549
-580
-593
-607
-613
-607
-593
-578
-554
-532
-512
-487
-467
-457
-447
-434
-421
-410
-396
-381
-361
-346
-326
-290
-259
-240
-211
-175
-141
-107
-81
-59
-52
-51
-41
-52
-53
-41
-44
-45
-32
-11
8
35
70
106
142
189
243
297
346
394
446
488
527
564
597
615
617
635
655
663
665
657
649
635
616
596
573
546
509
454
408
364
301
243
189
141
94
45
14
-21
-63
-79
-86
-102
-113
-116
-109
-103
-98
-89
-75
-67
-65
-59
-53
-53
-55
-60
-65
-63
-64
-71
-66
-56
-56
-64
-58
-48
-55
-73
-85
-91
-122
-167
-191
-219
-265
-313
-340
-365
-414
-443
-441
-458
-484
-481
-460
-451
-447
-421
-380
-349
-332
-290
-242
-221
-212
-186
-161
-163
-148
-124
-116
-111
-98
-68
-43
-21
9
39
63
85
118
140
142
155
168
168
160
152
146
143
137
132
142
153
169
201
225
246
277
310
334
341
348
359
349
326
307
287
258
225
208
194
166
158
157
154
151
141
151
173
172
161
165
171
161
147
140
130
99
78
67
38
11
-3
-21
-27
-41
-62
-65
-70
-80
-90
-101
-105
-117
-137
-155
-166
-188
-210
-223
-239
-254
-268
-265
-258
-257
-251
-235
-206
-199
-198
-165
-142
-131
-115
-102
-91
-90
-78
-65
-68
-63
-54
-59
-59
-55
-58
-60
-61
-57
-53
-64
-64
-52
-54
-69
-81
-76
-85
-100
-97
-99
-109
-119
-106
-89
-105
-97
-68
-60
-62
-47
-9
10
23
54
95
126
149
186
222
247
270
305
333
337
350
368
378
370
361
361
352
336
321
308
292
269
246
230
206
170
141
116
86
50
13
-12
-38
-78
-103
-119
-146
-163
-168
-170
-175
-176
-176
-174
-180
-177
-170
-169
-169
-172
-164
-147
-142
-139
-126
-116
-111
-104
-93
-84
-83
-80
-87
-96
-101
-110
-118
-127
-139
-150
-150
-149
-144
-136
-120
-98
-80
-50
-19
6
33
61
88
111
127
129
138
146
140
130
111
101
86
62
45
25
5
-9
-21
-30
-41
-58
-64
-71
-78
-77
-81
-78
-74
-64
-57
-56
-45
-39
-30
-22
-7
19
37
42
67
99
115
135
151
166
181
199
212
214
206
199
197
182
167
154
135
114
95
73
55
37
8
-16
-31
-50
-71
-91
-110
-117
-132
-147
-149
-159
-163
-156
-152
-142
-120
-102
-92
-76
-58
-38
-22
-5
9
14
16
20
20
21
12
6
-1
-18
-18
-12
-13
-16
-14
-3
-1
4
12
14
13
4
0
-4
-8
-11
-22
-30
-32
-30
-30
-18
-6
3
21
35
45
58
81
90
87
102
116
125
117
113
125
110
97
104
94
77
70
72
67
55
57
61
66
64
66
80
68
48
42
38
20
-1
-19
-35
-48
-66
-74
-76
-94
-105
-103
-105
-116
-116
-114
-116
-121
-130
-132
-142
-152
-153
-149
-149
-157
-149
-142
-135
-114
-107
-99
-75
-55
-41
-26
-12
5
13
15
22
24
19
20
23
24
18
17
26
24
25
33
44
46
42
51
57
58
59
54
51
41
28
22
16
1
-9
-18
-23
-27
-37
-48
-50
-49
-50
-48
-48
-35
-18
-18
-1
19
29
46
61
72
79
90
98
96
98
101
108
106
99
102
102
102
111
117
118
129
138
146
162
166
165
168
167
157
151
140
123
114
90
57
40
20
-1
-30
-49
-57
-70
-81
-93
-104
-100
-95
-102
-106
-112
-121
-124
-129
-138
-147
-155
-156
-154
-154
-160
-167
-161
-159
-165
-155
-150
-153
-143
-129
-120
-113
-94
-70
-56
-49
-27
-9
-1
10
21
34
37
41
58
57
53
63
65
71
71
69
73
72
62
58
52
41
26
14
3
-8
-9
-13
-18
-16
-8
-6
-7
14
21
23
42
52
55
65
71
73
72
76
76
74
76
66
62
60
52
46
52
47
43
50
49
49
37
30
37
28
22
15
6
2
-9
-8
-12
-21
-13
-16
-25
-29
-30
-33
-32
-33
-40
-44
-46
-42
-42
-46
-48
-49
-42
-34
-37
-40
-35
-31
-29
-29
-27
-22
-16
-9
-16
-10
1
7
17
30
33
42
45
35
36
31
29
22
18
12
4
-5
-16
-20
-32
-40
-44
-50
-58
-66
-69
-70
-76
-82
-84
-89
-88
-89
-92
-98
-99
-99
-96
-86
-80
-71
-57
-46
-31
-9
9
25
43
57
73
98
109
120
134
141
156
156
160
163
157
162
162
161
161
144
128
120
106
92
73
60
41
21
20
7
-15
-28
-39
-42
-45
-51
-57
-62
-69
-72
-68
-67
-70
-74
-73
-77
-85
-85
-93
-102
-92
-88
-87
-82
-74
-69
-69
-58
-46
-36
-27
-18
-12
-10
-9
-9
-6
-6
-4
-6
-4
-1
-5
-4
-6
-2
9
20
33
40
49
54
64
78
77
80
87
87
74
68
58
47
34
16
9
-1
-12
-23
-27
-27
-42
-40
-36
-42
-39
-36
-34
-44
-45
-37
-41
-34
