-1
-5
-1
1
1
-3
-2
-8
-13
-14
-16
-5
-1
-3
-2
-2
-5
-7
-1
0
3
2
7
4
-6
-7
-10
-13
-13
-12
-10
-8
-8
-8
-7
0
-3
0
-5
-5
3
-12
-8
-2
-2
7
1
-5
-5
-4
-1
-3
-5
1
6
-2
-10
-4
-1
-3
1
6
1
-2
-2
0
5
-1
-8
5
1
-9
-4
-7
-7
-7
-1
1
-8
-7
-4
2
2
-2
0
-3
-8
-9
-6
4
7
4
6
2
-2
6
6
6
9
6
-3
-7
-10
-1
4
9
12
5
4
5
5
1
2
3
-4
-2
-1
0
6
3
4
6
-2
4
10
4
5
8
3
0
6
10
0
4
14
12
6
3
2
-3
-5
-5
-3
0
0
1
0
-3
-1
0
2
-5
-3
-3
-10
-5
0
4
2
3
-1
-1
4
-5
-3
-1
-5
-3
-7
3
-2
-14
-4
-1
-3
-4
-2
2
2
-1
-3
-2
-5
-1
-2
-10
-8
-7
-7
-7
2
-2
-8
1
-4
-10
-6
-8
-7
-3
-2
-7
-11
0
0
-4
1
-3
-8
-8
-2
0
-2
-1
-2
-4
2
7
8
5
1
0
3
1
3
12
9
6
8
-3
-9
-6
-8
0
-3
-8
-3
-9
-10
-6
-2
-5
-2
0
-8
1
6
3
9
10
10
17
11
9
7
7
11
7
4
5
1
3
1
-8
-3
5
2
-6
-12
-5
-4
-10
-4
10
8
2
15
22
18
10
5
17
18
19
22
18
20
23
20
14
10
13
8
-2
1
1
-3
0
-1
-2
3
-3
-8
7
7
-3
3
2
-3
-2
11
12
2
7
3
-5
-8
-11
-12
-14
-12
-16
-18
-24
-24
-23
-24
-27
-27
-21
-26
-24
-21
-15
-14
-20
-6
-7
-6
3
0
7
10
9
7
6
4
-1
4
3
2
6
8
4
-2
-1
0
3
8
8
7
3
-1
1
4
5
2
0
-3
-4
1
0
-3
-2
2
5
3
6
17
18
11
8
15
24
23
23
19
10
0
1
4
4
5
6
7
7
13
23
22
21
21
19
16
13
17
17
6
9
6
-2
-5
-6
-5
-5
-7
-7
2
14
14
16
24
25
28
31
30
23
15
22
25
16
6
2
-1
-10
-27
-33
-37
-50
-50
-47
-45
-34
-28
-33
-25
-3
-1
7
28
30
21
25
25
12
0
-7
-16
-32
-31
-22
-31
-41
-40
-27
-24
-31
-16
2
-8
-21
-12
-12
-21
-24
-27
-33
-55
-56
-47
-59
-71
-69
-63
-72
-67
-45
-45
-45
-40
-35
-32
-31
-18
-16
-24
-23
-26
-24
-10
8
13
8
25
36
36
63
90
85
68
73
92
84
82
105
103
63
55
87
93
69
85
110
66
40
99
126
82
73
122
107
53
74
102
-14
-187
-250
-329
-523
-657
-671
-774
-982
-1006
-883
-862
-834
-622
-378
-289
-129
254
534
631
816
1072
1133
1088
1237
1386
1269
1143
1215
1235
1098
1081
1205
1167
990
973
1053
960
816
803
731
468
242
174
21
-299
-572
-786
-1108
-1449
-1627
-1754
-1976
-2170
-2234
-2263
-2259
-2137
-1948
-1805
-1674
-1459
-1206
-944
-636
-339
-121
71
315
558
761
977
1168
1251
1287
1394
1502
1510
1494
1466
1303
1072
929
814
581
299
68
-198
-513
-713
-782
-935
-1161
-1266
-1298
-1369
-1357
-1163
-1016
-1023
-902
-620
-450
-329
-51
175
63
-81
68
141
-66
-140
-12
-115
-368
-218
178
229
174
470
740
632
651
1065
1190
831
688
862
718
379
507
760
532
314
653
1054
1077
1253
1769
1979
1863
2100
2598
2692
2529
2625
2689
2373
2106
2154
1943
1239
621
186
-504
-1320
-1850
-2336
-3118
-3833
-4122
-4281
-4502
-4480
-4242
-4142
-4029
-3577
-2980
-2533
-2099
-1553
-1136
-845
-332
304
724
1020
1403
1746
1972
2304
2736
2960
2959
2973
2972
2830
2666
2516
2154
1559
1001
538
18
-485
-887
-1344
-1876
-2259
-2407
-2496
-2566
-2538
-2508
-2526
-2409
-2108
-1810
-1563
-1290
-1054
-871
-571
-143
177
337
527
707
745
841
1101
1209
1042
936
975
872
718
794
835
550
269
291
294
75
-15
47
-145
-461
-397
-120
-74
-58
234
515
593
889
1473
1847
1962
2197
2532
2696
2850
3204
3452
3405
3362
3462
3458
3298
3163
2824
2069
1245
539
-313
-1343
-2266
-3145
-4196
-5117
-5531
-5726
-5998
-6030
-5724
-5452
-5167
-4461
-3534
-2921
-2471
-1784
-1121
-740
-251
484
974
1112
1430
2007
2428
2743
3252
3697
3755
3739
3924
4007
3797
3466
3054
2375
1581
972
367
-400
-1141
-1791
-2478
-3034
-3192
-3197
-3348
-3399
-3184
-3025
-2941
-2555
-2028
-1935
-2102
-1937
-1659
-1721
-1695
-1211
-881
-995
-764
83
750
1040
1646
2453
2687
2626
3029
3504
3265
2703
2490
2195
1444
880
835
663
126
-114
151
436
657
1141
1736
2046
2211
2548
2952
3217
3335
3310
3166
3032
2938
2761
2557
2392
1914
1053
361
-55
-749
-1770
-2563
-3176
-4154
-5142
-5404
-5396
-5820
-6201
-5971
-5627
-5542
-5098
-4097
-3358
-3079
-2512
-1563
-848
-321
444
1182
1504
1736
2257
2812
3161
3417
3605
3623
3588
3615
3579
3429
3205
2756
2087
1536
1161
597
-175
-816
-1406
-2181
-2807
-2970
-3041
-3347
-3556
-3439
-3326
-3261
-2958
-2621
-2612
-2725
-2642
-2515
-2404
-2098
-1723
-1527
-1234
-561
161
784
1607
2447
2816
2968
3448
3889
3728
3414
3331
2897
1997
1505
1559
1316
782
763
1112
1148
1253
1997
2742
2843
2875
3296
3525
3366
3411
3629
3401
2884
2724
2742
2487
2204
2079
1634
759
63
-423
-1234
-2263
-3099
-3991
-5165
-6073
-6391
-6652
-7083
-7155
-6813
-6565
-6228
-5291
-4155
-3419
-2784
-1820
-892
-296
425
1326
1856
1993
2264
2757
3061
3261
3595
3802
3707
3626
3752
3790
3609
3360
2942
2247
1555
1052
473
-297
-1022
-1691
-2463
-3109
-3347
-3463
-3768
-4084
-4201
-4282
-4391
-4269
-3975
-3853
-3882
-3762
-3376
-2853
-2243
-1548
-835
-120
599
1356
2249
3141
3688
3874
4039
4224
4139
3873
3756
3571
2962
2356
2271
2341
2121
1966
2194
2337
2200
2344
2847
3073
2876
2776
2877
2791
2629
2720
2848
2721
2536
2553
2615
2555
2315
1760
949
66
-930
-2094
-3200
-4184
-5325
-6573
-7337
-7540
-7718
-7847
-7486
-6840
-6407
-5868
-4720
-3477
-2761
-2156
-1243
-485
-128
387
1183
1657
1738
2001
2556
2973
3263
3717
4147
4296
4320
4376
4373
4170
3766
3165
2393
1622
857
-26
-873
-1542
-2242
-3058
-3652
-3901
-4220
-4731
-4966
-4929
-5116
-5405
-5272
-4892
-4781
-4676
-4031
-3159
-2567
-1857
-629
594
1398
2246
3403
4287
4648
5007
5483
5543
5182
4937
4808
4441
3968
3751
3658
3383
3096
3048
3088
3057
3028
3020
2900
2706
2535
2347
2218
2192
2094
1908
1907
2145
2338
2407
2538
2526
1925
1019
319
-506
-1839
-3271
-4437
-5684
-7118
-8011
-8182
-8349
-8596
-8323
-7594
-6927
-6171
-4959
-3679
-2883
-2278
-1459
-717
-242
246
774
1060
1169
1452
1933
2430
2944
3467
3864
4180
4552
4826
4876
4796
4490
3807
2936
2187
1478
509
-533
-1351
-2162
-3079
-3770
-4123
-4504
-5078
-5491
-5593
-5678
-5806
-5687
-5328
-5060
-4851
-4305
-3410
-2546
-1752
-750
412
1390
2222
3224
4247
4865
5148
5479
5764
5711
5492
5422
5340
4978
4567
4411
4298
3990
3717
3659
3575
3304
3044
2948
2814
2477
2150
2034
1970
1780
1690
1943
2292
2457
2621
2901
2834
2106
1234
491
-661
-2293
-3736
-4884
-6282
-7733
-8405
-8464
-8711
-8880
-8314
-7451
-6880
-6118
-4780
-3579
-2983
-2390
-1562
-1040
-830
-423
101
308
401
803
1363
1890
2543
3268
3812
4256
4723
4974
4948
4895
4643
3875
2925
2236
1482
328
-704
-1333
-2162
-3343
-4101
-4316
-4768
-5469
-5678
-5521
-5716
-6019
-5674
-5015
-4788
-4618
-3825
-2799
-2144
-1424
-115
1235
2021
2702
3797
4811
5213
5431
5920
6219
5903
5527
5551
5541
5114
4702
4647
4504
4020
3664
3645
3582
3337
3141
3052
2900
2639
2429
2380
2440
2418
2169
2002
2249
2530
2474
2472
2583
1910
297
-1074
-1789
-2910
-4680
-5932
-6616
-7841
-9051
-8827
-7844
-7609
-7660
-6821
-5733
-5309
-4628
-3079
-1983
-2036
-2060
-1428
-923
-775
-328
314
480
458
959
1860
2771
3568
4072
4236
4376
4604
4563
4165
3727
3028
1696
382
-233
-719
-1708
-2723
-3338
-4070
-5018
-5405
-5205
-5312
-5785
-5854
-5498
-5224
-4856
-4077
-3311
-2891
-2408
-1542
-520
482
1498
2341
2931
3542
4263
4838
5220
5569
5679
5371
5078
5142
5194
4938
4692
4573
4280
3868
3697
3649
3359
2969
2742
2515
2225
2107
2092
1914
1738
1809
1867
1853
2172
2777
3160
3402
3972
4360
3797
2840
2205
1213
-657
-2482
-3730
-5261
-7340
-8724
-9018
-9382
-10018
-9888
-9077
-8563
-8136
-7003
-5554
-4693
-4187
-3406
-2671
-2310
-1940
-1385
-965
-737
-424
59
720
1605
2533
3243
3964
4887
5532
5745
6032
6324
5927
4955
4244
3704
2584
1150
119
-902
-2432
-3809
-4492
-5082
-5944
-6482
-6478
-6535
-6657
-6235
-5524
-5166
-4873
-4154
-3289
-2624
-1856
-768
198
848
1650
2701
3591
4286
4985
5577
5884
6074
6365
6620
6649
6544
6402
6167
5869
5531
5156
4775
4367
3914
3455
3156
2998
2705
2286
2060
2050
1986
1844
1938
2337
2643
2788
3202
3759
3731
2936
1985
1098
-278
-2105
-3678
-5057
-6830
-8710
-9801
-10092
-10348
-10578
-10182
-9367
-8748
-8063
-6746
-5202
-4216
-3710
-3083
-2324
-1831
-1492
-970
-413
-141
-5
469
1396
2398
3208
3960
4760
5496
5977
6238
6463
6417
5773
4761
3822
2965
1753
157
-1279
-2479
-3888
-5282
-6018
-6307
-6869
-7521
-7439
-6815
-6495
-6194
-5277
-4289
-3849
-3372
-2193
-906
-194
485
1551
2443
2998
3748
4747
5471
5783
6083
6491
6761
6907
7078
7111
6914
6621
6278
5918
5519
4983
4373
3798
3249
2722
2264
1922
1582
1209
1110
1209
1175
1292
1809
2378
2753
3264
3982
4007
3026
2076
1339
-153
-2213
-3794
-5120
-7054
-9044
-9824
-9810
-10171
-10389
-9714
-8841
-8293
-7460
-6013
-4702
-4074
-3612
-2968
-2510
-2229
-1855
-1500
-1238
-970
-610
5
958
2086
3024
3731
4653
5681
6215
6417
6719
6748
6008
4895
4082
3271
1784
11
-1347
-2611
-4161
-5458
-6043
-6386
-7003
-7387
-7009
-6438
-6101
-5486
-4504
-3764
-3370
-2705
-1573
-648
-124
590
1513
2191
2749
3586
4572
5241
5594
6061
6617
6983
7265
7518
7589
7408
7052
6681
6261
5629
4911
4238
3554
2859
2254
1843
1515
1159
998
1129
1274
1395
1764
2331
2800
3222
3763
3921
3174
2099
1170
-173
-2109
-3890
-5288
-6985
-8933
-10018
-10072
-10144
-10330
-9853
-8876
-8100
-7360
-6090
-4648
-3838
-3478
-2973
-2459
-2165
-1914
-1589
-1291
-1095
-789
-122
861
1978
2983
3787
4650
5592
6231
6540
6746
6705
6084
4973
3976
3182
1897
71
-1519
-2707
-4027
-5414
-6130
-6265
-6710
-7325
-7152
-6380
-5914
-5528
-4602
-3643
-3273
-2878
-1753
-635
-212
281
1263
2039
2426
3137
4308
5128
5401
5881
6637
7102
7306
7547
7752
7628
7208
6838
6480
5874
5139
4452
3803
3171
2533
2056
1765
1408
1143
1194
1355
1465
1655
2082
2585
2930
3235
3334
2719
1636
577
-726
-2472
-4243
-5761
-7375
-9173
-10328
-10494
-10485
-10566
-10094
-9122
-8254
-7433
-6210
-4780
-3833
-3355
-2814
-2273
-1924
-1594
-1218
-872
-605
-271
377
1295
2325
3323
4152
4926
5736
6360
6697
6850
6759
6203
5199
4176
3334
2130
301
-1467
-2760
-4053
-5493
-6384
-6531
-6856
-7559
-7533
-6611
-5916
-5608
-4773
-3574
-3017
-2749
-1643
-247
263
447
1271
2193
2497
2886
4017
5017
5206
5416
6241
6992
7221
7387
7700
7714
7250
6784
6507
6050
5326
4534
3806
3145
2491
1927
1469
1092
892
836
887
1139
1572
2044
2518
3071
3608
3633
2903
1969
992
-506
-2402
-4096
-5557
-7313
-9205
-10227
-10332
-10454
-10587
-10046
-9006
-8116
-7329
-6086
-4599
-3711
-3342
-2860
-2312
-1982
-1826
-1585
-1215
-969
-749
-136
866
1953
2942
3842
4820
5779
6413
6780
7014
6950
6373
5324
4282
3391
2025
133
-1540
-2783
-4069
-5471
-6288
-6385
-6706
-7299
-7105
-6209
-5623
-5320
-4555
-3518
-3052
-2785
-1818
-714
-305
-13
816
1700
2168
2745
3870
4882
5312
5800
6674
7368
7613
7747
7992
8017
7557
7034
6665
6076
5222
4440
3862
3285
2564
2026
1734
1366
1110
1210
1399
1479
1648
2093
2565
2848
3194
3327
2623
1472
437
-797
-2516
-4234
-5604
-7119
-8902
-10000
-10095
-10107
-10224
-9803
-8915
-8125
-7403
-6231
-4807
-3935
-3522
-3000
-2491
-2179
-1896
-1539
-1189
-952
-632
14
917
1943
2982
3882
4720
5569
6220
6620
6810
6728
6237
5288
4231
3254
1941
245
-1354
-2687
-3965
-5208
-6000
-6267
-6581
-6928
-6694
-6029
-5495
-5018
-4250
-3406
-2936
-2515
-1642
-791
-407
33
820
1548
2038
2692
3744
4655
5137
5747
6587
7175
7423
7634
7904
7891
7456
7010
6639
5982
5127
4431
3886
3245
2530
2084
1849
1456
1179
1314
1425
1345
1502
1964
2346
2533
2839
3039
2398
1284
406
-695
-2385
-4063
-5377
-6812
-8570
-9728
-9879
-9933
-10109
-9713
-8867
-8162
-7490
-6387
-5036
-4115
-3590
-3000
-2478
-2163
-1823
-1429
-1092
-820
-501
49
838
1775
2773
3661
4465
5276
5919
6330
6597
6599
6181
5375
4392
3381
2120
545
-986
-2362
-3699
-4908
-5753
-6194
-6529
-6816
-6646
-6070
-5538
-4984
-4183
-3363
-2809
-2305
-1466
-608
-169
254
993
1666
2095
2693
3660
4525
4998
5525
6327
6938
7194
7445
7743
7752
7342
6872
6528
5949
5116
4440
3901
3236
2504
1979
1686
1363
1081
1087
1155
1129
1293
1682
2075
2437
2794
2867
2302
1396
560
-576
-2200
-3748
-5114
-6716
-8404
-9469
-9761
-9919
-10055
-9661
-8907
-8251
-7463
-6285
-5015
-4078
-3465
-2868
-2324
-1963
-1623
-1252
-955
-732
-483
13
818
1720
2615
3500
4352
5178
5873
6367
6671
6711
6367
5601
4607
3633
2508
893
-867
-2211
-3396
-4766
-5819
-6167
-6410
-6957
-7065
-6305
-5562
-5239
-4571
-3491
-2842
-2580
-1806
-647
-79
66
693
1593
2055
2428
3358
4417
4941
5283
6006
6814
7227
7402
7699
7899
7608
7090
6713
6272
5539
4710
4046
3451
2724
2113
1814
1557
1314
1266
1315
1394
1573
1902
2287
2583
2821
2767
2076
1116
202
-1082
-2801
-4454
-5899
-7477
-9157
-10154
-10301
-10390
-10460
-9940
-9032
-8205
-7357
-6170
-4828
-3908
-3376
-2765
-2185
-1840
-1551
-1211
-852
-560
-288
288
1175
2083
2960
3816
4697
5541
6093
6428
6668
6587
6081
5226
4218
3200
1888
208
-1390
-2716
-3951
-5172
-6075
-6415
-6649
-6989
-6833
-6094
-5382
-4818
-4036
-3056
-2361
-1886
-1053
-88
399
711
1333
2029
2479
2974
3843
4701
5151
5567
6270
6893
7204
7437
7687
7718
7374
6923
6533
5955
5172
4437
3782
3093
2380
1849
1560
1296
1094
1112
1205
1318
1558
1902
2302
2694
2927
2730
1982
1057
111
-1288
-3011
-4520
-5956
-7659
-9272
-10087
-10219
-10402
-10456
-9856
-8999
-8280
-7386
-6101
-4849
-4093
-3587
-2951
-2404
-2098
-1781
-1391
-1064
-836
-526
162
1111
2007
2862
3762
4705
5553
6147
6582
6903
6858
6338
5540
4666
3684
2310
584
-993
-2311
-3639
-4917
-5793
-6231
-6639
-7030
-6863
-6189
-5600
-5109
-4355
-3469
-2837
-2269
-1358
-427
26
357
1041
1785
2264
2811
3692
4523
4967
5377
6114
6835
7186
7409
7692
7764
7472
7079
6742
6219
5433
4700
4070
3322
2561
2077
1785
1452
1208
1218
1351
1486
1765
2221
2656
3004
3119
2667
1769
841
-278
-1883
-3667
-5196
-6701
-8508
-9947
-10417
-10534
-10776
-10643
-9871
-8939
-8105
-6969
-5442
-4255
-3645
-3029
-2306
-1811
-1539
-1222
-839
-647
-560
-134
708
1614
2434
3258
4170
5105
5843
6376
6820
7011
6745
6082
5269
4474
3445
1924
211
-1362
-2776
-4114
-5320
-6075
-6501
-6990
-7303
-7027
-6315
-5638
-5068
-4285
-3392
-2739
-2082
-1099
-168
321
665
1272
1959
2438
2993
3846
4585
4951
5360
6105
6852
7287
7588
7886
7939
7659
7263
6877
6351
5618
4817
4000
3168
2469
1955
1556
1282
1113
1046
1166
1455
1850
2310
2783
3121
2899
2071
1190
270
-1166
-3000
-4679
-6167
-7899
-9647
-10532
-10668
-10887
-11032
-10514
-9546
-8597
-7575
-6125
-4604
-3693
-3114
-2366
-1680
-1276
-1003
-713
-455
-391
-281
318
1217
2066
2818
3566
4482
5400
6059
6556
6922
6947
6488
5670
4866
4143
3022
1343
-468
-2035
-3389
-4774
-5948
-6512
-6858
-7419
-7710
-7198
-6263
-5583
-5015
-4073
-3094
-2472
-1754
-605
405
803
1098
1810
2522
2913
3462
4335
4960
5164
5509
6293
7038
7394
7660
7919
7889
7587
7242
6896
6393
5674
4868
4008
3116
2454
1988
1512
1124
903
909
1072
1312
1814
2441
2872
2963
2549
1808
989
-156
-1735
-3453
-5171
-6910
-8688
-10149
-10792
-11001
-11228
-11131
-10513
-9559
-8451
-7192
-5685
-4312
-3464
-2784
-2007
-1357
-932
-702
-521
-353
-357
-186
520
1420
2168
2833
3655
4704
5578
6156
6783
7213
7025
6411
5707
5026
4088
2698
1111
-615
-2390
-3826
-4998
-6092
-6834
-7182
-7433
-7615
-7258
-6165
-5157
-4673
-3946
-2785
-1886
-1315
-469
637
1207
1250
1692
2556
3087
3427
4102
4824
5160
5408
6120
7000
7414
7545
7752
7851
7614
7152
6748
6334
5640
4716
3794
3036
2432
1875
1404
1095
953
1000
1202
1525
2050
2720
3147
2934
2242
1565
697
-818
-2619
-4238
-5933
-8012
-9897
-10820
-11163
-11581
-11700
-11130
-10290
-9427
-8191
-6475
-4902
-3906
-3063
-2125
-1440
-1034
-645
-327
-236
-343
-328
132
874
1636
2365
3114
4032
5000
5762
6442
7038
7241
6909
6210
5495
4778
3703
2206
468
-1305
-2890
-4311
-5577
-6456
-6978
-7420
-7795
-7706
-6926
-5947
-5223
-4488
-3526
-2622
-1862
-978
56
801
1094
1426
2009
2544
3018
3655
4328
4761
5074
5666
6491
7101
7431
7711
7895
7812
7508
7171
6800
6204
5387
4503
3640
2875
2241
1743
1338
960
806
977
1219
1521
2111
2827
3072
2562
1849
1261
192
-1544
-3264
-4779
-6569
-8649
-10210
-10819
-11138
-11526
-11434
-10759
-9913
-8919
-7559
-5884
-4450
-3518
-2673
-1817
-1188
-765
-478
-263
-165
-258
-165
407
1224
1979
2596
3348
4395
5337
5979
6618
7197
7301
6777
5975
5382
4702
3345
1575
-119
-1735
-3412
-4971
-5992
-6591
-7287
-7912
-7965
-7487
-6780
-5978
-5057
-4112
-3343
-2563
-1510
-452
305
838
1323
1808
2230
2689
3356
4025
4435
4748
5230
5929
6630
7120
7478
7750
7820
7691
7425
7085
6645
5970
5089
4184
3383
2703
2094
1593
1209
918
843
1047
1424
1919
2524
3065
3089
2437
1641
872
-404
-2234
-4062
-5729
-7585
-9534
-10796
-11195
-11463
-11734
-11439
-10575
-9506
-8296
-6765
-5090
-3835
-2982
-2105
-1275
-719
-400
-200
-64
-95
-168
114
782
1527
2186
2868
3774
4812
5631
6267
6888
7234
7018
6360
5659
5013
4025
2552
878
-816
-2503
-4088
-5401
-6333
-7005
-7594
-7988
-7938
-7402
-6540
-5651
-4837
-3989
-3081
-2144
-1194
-249
575
1147
1558
2020
2600
3192
3765
4307
4746
5150
5663
6334
6996
7457
7731
7906
7942
7775
7465
7042
6488
5766
4838
3866
3060
2461
1973
1464
1023
922
1096
1275
1573
2245
2994
3077
2372
1661
1107
-75
-1926
-3652
-5153
-7071
-9260
-10618
-10975
-11339
-11828
-11608
-10711
-9796
-8826
-7265
-5358
-4058
-3325
-2375
-1319
-688
-417
-116
227
220
-12
161
814
1538
2118
2704
3560
4568
5350
5958
6603
7072
7016
6412
5671
5086
4290
2993
1437
-137
-1686
-3327
-4911
-5969
-6601
-7335
-8032
-8170
-7721
-7120
-6558
-5653
-4510
-3712
-3024
-1912
-625
249
756
1482
2327
2749
3081
3806
4579
4912
5028
5506
6232
6678
6950
7371
7748
7798
7622
7470
7294
6852
6187
5468
4625
3710
2923
2306
1783
1279
939
887
952
1133
1618
2248
2634
2440
1768
1072
248
-1072
-2678
-4289
-5965
-7810
-9545
-10576
-10940
-11218
-11392
-11076
-10308
-9300
-8075
-6544
-4926
-3723
-2883
-1983
-1102
-484
-124
129
328
275
126
401
1069
1715
2229
2840
3732
4624
5247
5868
6552
6863
6600
6007
5416
4836
3891
2583
1169
-385
-1986
-3503
-4901
-5984
-6748
-7431
-8015
-8228
-7873
-7187
-6589
-5898
-4865
-3845
-2995
-1991
-750
329
1001
1677
2564
3205
3585
4164
4861
5233
5347
5730
6415
6818
6928
7274
7730
7791
7525
7353
7273
6864
6128
5443
4746
3841
2976
2384
1897
1318
874
849
916
911
1303
2015
2295
1802
1112
667
-183
-1754
-3280
-4575
-6237
-8249
-9797
-10450
-10823
-11292
-11306
-10739
-10023
-9114
-7752
-6081
-4592
-3496
-2497
-1503
-741
-175
286
585
685
586
550
915
1528
2100
2598
3200
4058
4866
5374
5944
6620
6836
6397
5732
5255
4689
3536
2143
954
-413
-2131
-3685
-4778
-5698
-6710
-7453
-7672
-7791
-7778
-7204
-6313
-5612
-4999
-4008
-2768
-1843
-1076
35
1141
1767
2225
2911
3668
4134
4440
4902
5347
5640
6005
6440
6799
7101
7336
7439
7346
7136
6930
6565
5959
5265
4492
3641
2857
2231
1710
1177
785
714
743
828
1244
1911
2242
1821
1114
640
-124
-1594
-3158
-4421
-5889
-7848
-9517
-10128
-10304
-10795
-11019
-10464
-9625
-8853
-7754
-6088
-4528
-3613
-2804
-1747
-905
-430
-26
397
555
360
371
870
1464
1946
2435
3069
3858
4572
5130
5740
6337
6519
6140
5552
5164
4678
3609
2328
1202
-54
-1594
-3052
-4073
-4950
-6015
-6841
-7180
-7400
-7465
-7073
-6410
-5864
-5348
-4403
-3181
-2268
-1462
-328
789
1500
2064
2867
3733
4185
4428
4891
5344
5588
5859
6264
6612
6784
6963
7203
7192
6983
6914
6739
6188
5525
4963
4327
3456
2704
2294
1782
1130
904
1028
1022
1110
1662
2135
1725
905
569
52
-1427
-3031
-4072
-5313
-7317
-9093
-9689
-9947
-10694
-11084
-10542
-9819
-9301
-8381
-6763
-5203
-4239
-3324
-2171
-1254
-660
-91
442
699
679
759
1134
1598
2054
2524
2998
3601
4281
4826
5322
5863
6149
5894
5321
4972
4664
3740
2481
1492
496
-923
-2338
-3194
-3947
-5183
-6256
-6593
-6877
-7335
-7254
-6623
-6240
-6122
-5316
-3923
-3029
-2428
-1202
203
897
1386
2521
3706
4035
4150
4832
5388
5323
5401
5961
6266
6040
6057
6553
6692
6387
6410
6622
6285
5598
5242
5027
4302
3345
2800
2383
1650
1013
890
906
776
888
1395
1718
1446
1045
759
16
-1264
-2486
-3542
-4941
-6758
-8219
-8977
-9629
-10317
-10521
-10180
-9695
-9152
-8187
-6719
-5280
-4175
-3143
-2085
-1155
-431
124
597
878
896
914
1135
1499
1873
2206
2634
3210
3755
4254
4805
5321
5615
5559
5262
4980
4637
3913
2873
1851
965
-97
-1490
-2611
-3203
-4022
-5325
-6223
-6265
-6356
-6987
-7078
-6201
-5632
-5700
-5055
-3407
-2243
-1955
-1064
639
1576
1679
2515
3974
4437
4022
4377
5392
5515
5021
5297
6017
5985
5569
5904
6579
6524
6085
6048
6060
5615
5036
4624
4076
3228
2499
2007
1408
947
946
992
863
1008
1592
1881
1383
909
832
82
-1492
-2722
-3551
-5031
-7124
-8448
-8773
-9506
-10628
-10658
-9846
-9505
-9315
-8121
-6258
-5095
-4474
-3193
-1691
-997
-653
54
762
859
654
855
1263
1428
1630
2042
2507
3038
3596
4150
4717
5241
5574
5501
5177
4998
4696
3838
2780
1924
1050
-207
-1613
-2502
-3099
-4152
-5334
-5856
-5874
-6164
-6689
-6512
-5723
-5383
-5310
-4487
-3074
-2198
-1895
-963
527
1294
1491
2291
3480
3910
3730
4138
5006
5162
4822
5028
5564
5608
5357
5573
6080
6075
5714
5624
5604
5290
4801
4311
3770
3065
2375
1890
1443
1085
1020
1040
1034
1264
1789
2281
2304
1962
1670
1141
21
-1270
-2441
-3779
-5516
-7262
-8377
-9086
-9881
-10389
-10258
-9843
-9413
-8709
-7405
-5876
-4755
-3808
-2658
-1628
-970
-511
-38
371
405
232
327
688
1038
1337
1747
2402
3135
3730
4358
5088
5671
5906
5797
5609
5421
4917
4031
3011
1986
923
-286
-1496
-2405
-3170
-4143
-5145
-5692
-5840
-6096
-6406
-6218
-5669
-5382
-5142
-4310
-3189
-2531
-2090
-1135
17
624
1063
2020
2998
3298
3404
4006
4693
4805
4767
5142
5494
5403
5322
5647
5961
5832
5549
5421
5199
4728
4288
3945
3448
2725
2072
1673
1362
1103
1023
1129
1282
1449
1798
2343
2697
2532
2036
1455
655
-517
-1881
-3199
-4615
-6284
-7821
-8801
-9350
-9777
-10033
-9849
-9266
-8570
-7659
-6357
-4990
-3929
-3113
-2270
-1430
-892
-577
-235
-16
-75
-167
61
592
1036
1381
1958
2722
3419
4081
4840
5597
6016
5978
5765
5509
5071
4368
3440
2405
1331
189
-889
-1827
-2715
-3557
-4370
-5104
-5601
-5834
-5864
-5839
-5852
-5688
-5248
-4723
-4138
-3402
-2563
-1796
-1150
-337
682
1558
2250
2914
3504
3914
4231
4663
5071
5159
5101
5176
5287
5330
5366
5456
5489
5245
4888
4675
4496
4230
3828
3270
2693
2208
1843
1611
1441
1393
1509
1604
1733
2133
2707
2992
2663
2059
1557
782
-498
-1824
-3016
-4432
-6198
-7720
-8446
-8873
-9438
-9655
-9327
-8858
-8378
-7506
-6119
-4884
-4188
-3493
-2586
-1911
-1546
-1148
-644
-413
-584
-579
-76
530
1007
1517
2227
3048
3752
4442
5272
5986
6310
6211
5885
5577
5167
4437
3503
2493
1429
328
-732
-1524
-2177
-2999
-3850
-4513
-5010
-5393
-5613
-5633
-5686
-5893
-5856
-5389
-4817
-4258
-3574
-2741
-1949
-1243
-299
887
1905
2657
3304
3863
4324
4730
5089
5252
5158
5025
4935
4784
4725
4868
4943
4731
4414
4321
4321
4118
3879
3713
3337
2723
2268
2135
2015
1688
1458
1497
1449
1347
1641
2230
2470
2064
1534
1228
624
-536
-1675
-2575
-3810
-5565
-7057
-7687
-8070
-8774
-9230
-9033
-8675
-8438
-7825
-6528
-5263
-4582
-3945
-2946
-2080
-1602
-1083
-405
-42
-151
-101
472
1067
1416
1879
2556
3152
3575
4109
4900
5562
5792
5763
5651
5460
5146
4599
3839
2968
1986
893
-196
-1013
-1528
-2202
-3178
-3906
-4220
-4612
-5203
-5485
-5356
-5528
-6043
-5893
-5046
-4542
-4413
-3700
-2452
-1693
-1300
-136
1517
2290
2406
3141
4255
4543
4258
4570
5127
4798
4052
4055
4450
4278
3870
4004
4321
4142
3876
4092
4332
4101
3753
3621
3406
2959
2660
2579
2300
1845
1652
1695
1678
1727
2044
2278
1973
1450
1173
738
-214
-1259
-2148
-3295
-4886
-6264
-6980
-7638
-8575
-9148
-9093
-8956
-8894
-8361
-7187
-6110
-5477
-4663
-3474
-2481
-1859
-1177
-356
124
189
388
908
1358
1602
1932
2414
2861
3258
3778
4455
5013
5306
5429
5424
5331
5089
4600
3916
3078
2152
1163
168
-638
-1305
-2097
-2985
-3688
-4164
-4615
-5078
-5310
-5334
-5490
-5680
-5513
-5056
-4644
-4278
-3673
-2849
-2167
-1522
-562
490
1253
1821
2468
3128
3539
3789
4123
4325
4230
4090
4058
4059
3991
3957
4042
4049
3993
4069
4189
4178
4063
3953
3823
3558
3206
2905
2612
2257
1901
1625
1485
1490
1550
1638
1874
2197
2340
2123
1748
1398
741
-350
-1474
-2493
-3721
-5221
-6501
-7235
-7859
-8574
-8859
-8603
-8269
-7921
-7148
-5940
-4883
-4149
-3237
-2139
-1380
-931
-401
142
351
286
405
786
1048
1196
1555
2096
2602
3067
3663
4335
4833
5093
5215
5196
4996
4655
4127
3362
2458
1539
610
-338
-1188
-1849
-2462
-3149
-3734
-4092
-4369
-4681
-4891
-4941
-5040
-5179
-5069
-4724
-4422
-4148
-3647
-2988
-2452
-1930
-1096
-113
603
1141
1872
2679
3161
3397
3761
4134
4160
3981
3972
4082
4004
3825
3858
4015
4027
3975
4082
4226
4160
4006
3953
3863
3529
3090
2788
2494
2067
1676
1452
1349
1267
1232
1338
1551
1747
1734
1440
1081
722
89
-884
-1872
-2766
-3864
-5170
-6174
-6710
-7222
-7822
-8052
-7798
-7475
-7141
-6378
-5268
-4393
-3774
-2937
-1969
-1325
-917
-369
169
307
250
514
977
1214
1343
1694
2173
2518
2843
3393
4019
4399
4544
4599
4555
4358
3989
3460
2747
1875
966
74
-773
-1477
-2055
-2657
-3262
-3669
-3839
-3943
-4042
-4039
-4003
-4111
-4241
-4138
-3896
-3783
-3722
-3435
-3003
-2649
-2193
-1388
-484
148
675
1454
2335
2949
3374
3865
4279
4343
4206
4250
4394
4311
4039
3859
3830
3761
3656
3714
3860
3821
3620
3482
3431
3298
3021
2708
2406
2028
1603
1325
1217
1143
1034
973
1079
1333
1574
1681
1649
1495
1149
533
-183
-848
-1668
-2826
-4071
-5068
-5872
-6677
-7321
-7583
-7655
-7722
-7561
-6935
-6070
-5308
-4566
-3686
-2858
-2230
-1599
-850
-247
16
182
465
701
849
1097
1483
1807
2005
2297
2770
3246
3619
3929
4159
4220
4128
3995
3765
3316
2701
1968
1124
275
-452
-1085
-1742
-2381
-2900
-3321
-3714
-3967
-4039
-4180
-4394
-4456
-4370
-4301
-4212
-3877
-3457
-3229
-2938
-2277
-1516
-958
-376
462
1256
1725
2246
3037
3615
3771
3922
4226
4324
4137
4077
4198
4063
3695
3601
3728
3654
3450
3427
3476
3269
2984
2967
2988
2723
2354
2098
1846
1506
1271
1242
1195
1045
1042
1213
1364
1548
1807
1901
1650
1253
922
441
-351
-1203
-2042
-3120
-4340
-5298
-5903
-6474
-7075
-7363
-7333
-7258
-7031
-6364
-5468
-4759
-4151
-3348
-2497
-1871
-1303
-640
-147
-1
86
355
631
765
950
1281
1532
1731
2128
2674
3122
3422
3708
3918
3903
3783
3670
3387
2814
2125
1465
742
-61
-757
-1306
-1908
-2530
-2911
-3109
-3363
-3576
-3548
-3500
-3667
-3766
-3576
-3424
-3498
-3427
-3043
-2765
-2710
-2352
-1565
-926
-562
102
1090
1779
2155
2815
3660
4027
3978
4167
4517
4420
4058
4008
4055
3693
3228
3205
3359
3210
3017
3140
3259
3056
2863
2970
2987
2634
2272
2108
1847
1397
1096
1010
801
476
380
508
596
690
955
1167
1081
886
732
441
-115
-763
-1416
-2296
-3366
-4249
-4915
-5602
-6251
-6626
-6767
-6846
-6726
-6200
-5466
-4813
-4149
-3336
-2538
-1903
-1276
-623
-186
-13
113
285
370
387
483
615
684
794
1106
1519
1879
2242
2636
2926
3075
3194
3297
3208
2844
2410
1961
1369
674
39
-511
-1115
-1779
-2271
-2514
-2715
-2972
-3141
-3112
-3059
-3109
-3050
-2781
-2554
-2514
-2454
-2161
-1799
-1567
-1297
-820
-344
-41
345
986
1614
2008
2362
2838
3214
3375
3561
3858
3981
3821
3674
3698
3647
3422
3263
3225
3073
2775
2610
2620
2499
2209
1998
1865
1614
1304
1148
1047
790
492
378
366
287
271
433
615
697
801
1048
1279
1298
1196
1047
740
267
-256
-790
-1424
-2191
-2938
-3606
-4243
-4764
-5092
-5312
-5486
-5521
-5330
-4996
-4622
-4168
-3625
-3134
-2734
-2310
-1848
-1473
-1235
-1041
-847
-715
-591
-367
-118
70
276
593
993
1379
1776
2216
2556
2730
2859
2990
3018
2867
2616
2323
1919
1421
959
533
54
-449
-867
-1211
-1544
-1832
-1989
-2074
-2231
-2355
-2316
-2226
-2190
-2139
-1949
-1721
-1602
-1442
-1107
-737
-464
-179
249
686
984
1286
1717
2093
2280
2463
2737
2933
2937
2937
3049
3044
2857
2709
2686
2601
2360
2189
2158
2040
1787
1618
1565
1428
1201
1044
971
851
672
598
632
623
596
673
815
935
1047
1206
1386
1518
1611
1658
1612
1484
1249
867
382
-162
-788
-1541
-2324
-2996
-3626
-4279
-4813
-5141
-5374
-5573
-5591
-5347
-5038
-4780
-4404
-3862
-3391
-3043
-2622
-2134
-1805
-1638
-1379
-1018
-791
-655
-382
-14
269
512
914
1406
1757
2034
2406
2789
3007
3132
3290
3358
3206
2938
2697
2409
1975
1481
1009
554
74
-407
-776
-1052
-1340
-1670
-1957
-2101
-2181
-2299
-2384
-2354
-2313
-2350
-2325
-2100
-1831
-1673
-1492
-1132
-747
-463
-91
452
911
1156
1454
1893
2198
2322
2489
2721
2757
2596
2560
2669
2608
2390
2301
2302
2154
1947
1929
1975
1844
1653
1610
1587
1422
1268
1234
1155
942
755
704
660
545
477
504
514
493
548
677
796
892
974
1014
977
922
826
562
196
-186
-638
-1227
-1831
-2289
-2760
-3344
-3822
-4082
-4292
-4543
-4627
-4468
-4304
-4218
-3971
-3518
-3142
-2894
-2520
-2037
-1730
-1558
-1242
-834
-604
-480
-199
164
373
543
897
1309
1567
1793
2154
2499
2666
2797
2987
3046
2881
2675
2502
2189
1714
1289
925
440
-128
-575
-907
-1289
-1682
-1895
-1979
-2119
-2244
-2213
-2090
-2016
-1958
-1789
-1566
-1430
-1315
-1104
-875
-714
-573
-350
-90
124
349
670
1032
1324
1593
1905
2188
2362
2476
2614
2718
2694
2597
2500
2371
2147
1895
1719
1549
1329
1140
1022
934
843
772
751
750
704
650
646
625
560
488
433
375
300
248
239
231
231
279
369
456
534
623
680
666
631
563
387
123
-170
-519
-957
-1434
-1870
-2289
-2741
-3145
-3410
-3605
-3783
-3855
-3776
-3643
-3531
-3312
-2961
-2635
-2359
-2021
-1651
-1385
-1186
-918
-631
-458
-333
-115
125
271
428
715
1012
1191
1375
1665
1922
2060
2195
2366
2442
2370
2250
2141
1950
1633
1301
971
563
120
-249
-571
-920
-1264
-1527
-1734
-1931
-2056
-2102
-2111
-2123
-2099
-2003
-1886
-1747
-1550
-1323
-1112
-877
-606
-334
-40
274
577
839
1086
1377
1643
1824
2004
2180
2267
2271
2301
2343
2286
2163
2066
1970
1792
1594
1474
1376
1212
1035
945
884
784
714
699
675
602
541
548
546
509
503
488
457
455
484
533
580
635
696
742
799
888
943
898
826
746
570
296
27
-246
-630
-1106
-1513
-1855
-2258
-2660
-2934
-3136
-3368
-3548
-3539
-3422
-3359
-3267
-3011
-2731
-2540
-2314
-1960
-1627
-1449
-1273
-986
-742
-618
-456
-185
33
141
311
584
820
984
1192
1448
1614
1700
1824
1934
1930
1843
1733
1574
1315
1024
764
482
158
-153
-420
-683
-930
-1102
-1224
-1327
-1370
-1350
-1317
-1269
-1172
-1041
-929
-833
-697
-560
-480
-404
-290
-156
-53
51
211
384
530
699
918
1113
1272
1440
1596
1708
1781
1862
1916
1874
1781
1705
1602
1438
1282
1153
1008
850
739
688
626
555
537
570
579
577
644
729
748
726
749
762
696
618
584
554
468
395
393
421
433
449
512
580
602
608
610
555
431
259
42
-231
-551
-899
-1272
-1650
-2020
-2371
-2664
-2911
-3092
-3209
-3265
-3233
-3135
-2990
-2809
-2577
-2299
-2050
-1803
-1536
-1296
-1106
-930
-733
-561
-418
-270
-95
86
248
435
652
848
1011
1202
1401
1538
1637
1734
1781
1724
1607
1487
1332
1088
801
536
264
-60
-369
-597
-795
-999
-1156
-1219
-1248
-1258
-1207
-1101
-979
-879
-769
-640
-519
-415
-329
-248
-182
-123
-67
6
104
204
309
431
568
738
918
1095
1279
1452
1583
1667
1734
1784
1780
1723
1628
1504
1348
1186
1052
922
805
718
656
604
586
622
671
707
733
779
828
846
851
851
827
759
674
605
543
474
407
361
322
285
265
267
285
282
250
210
153
52
-86
-251
-465
-721
-1006
-1312
-1585
-1845
-2121
-2363
-2548
-2674
-2760
-2801
-2754
-2644
-2530
-2394
-2199
-1969
-1761
-1571
-1354
-1149
-994
-860
-706
-548
-447
-367
-232
-82
30
147
323
496
614
747
925
1087
1178
1240
1311
1324
1258
1178
1091
936
712
481
264
23
-225
-423
-594
-770
-910
-977
-982
-994
-976
-869
-758
-682
-565
-404
-258
-158
-62
67
165
217
299
411
494
551
659
817
927
1027
1174
1303
1380
1444
1529
1589
1561
1510
1474
1389
1238
1084
945
782
606
455
353
272
203
186
203
224
271
358
443
509
580
651
692
703
720
732
704
663
625
571
500
452
429
404
364
342
352
355
334
312
280
187
44
-109
-277
-492
-763
-1036
-1292
-1569
-1845
-2084
-2267
-2424
-2574
-2646
-2636
-2579
-2483
-2339
-2148
-1955
-1780
-1586
-1369
-1193
-1059
-922
-777
-653
-548
-427
-299
-203
-121
-6
142
277
405
553
702
818
918
1027
1101
1113
1083
1033
953
826
683
525
340
146
-33
-194
-339
-459
-533
-581
-621
-624
-580
-515
-443
-339
-219
-128
-54
48
151
199
243
314
362
369
377
431
482
488
512
597
683
730
798
917
1014
1040
1084
1160
1171
1122
1081
1052
968
849
762
684
589
479
421
420
402
384
425
501
549
602
692
781
830
858
890
900
864
801
750
666
559
456
356
266
175
98
36
-11
-44
-81
-114
-149
-187
-242
-324
-422
-536
-681
-841
-1009
-1187
-1364
-1535
-1685
-1808
-1903
-1980
-2002
-1964
-1920
-1850
-1744
-1624
-1489
-1350
-1216
-1088
-980
-882
-782
-717
-663
-600
-539
-476
-423
-351
-250
-159
-65
46
156
262
352
447
539
606
654
682
685
662
625
573
499
422
340
259
170
100
52
3
-27
-44
-49
-42
-23
3
14
34
60
80
82
76
90
101
100
106
128
163
182
218
291
356
411
493
588
660
716
787
862
884
878
890
885
837
770
723
669
588
505
444
410
365
341
357
379
402
427
483
529
559
604
646
657
643
645
635
595
546
502
441
351
281
235
177
110
57
20
-22
-69
-104
-131
-169
-233
-290
-347
-426
-518
-616
-723
-841
-963
-1068
-1167
-1256
-1324
-1375
-1408
-1427
-1415
-1376
-1329
-1264
-1178
-1087
-1009
-922
-808
-706
-633
-562
-484
-430
-398
-367
-320
-277
-261
-237
-185
-127
-80
-26
58
132
180
233
302
356
370
373
382
360
302
250
214
152
70
-4
-59
-101
-152
-177
-172
-160
-149
-126
-88
-45
-15
17
69
112
136
170
208
234
260
284
316
350
389
450
517
582
641
710
766
813
864
891
911
910
896
877
829
776
719
660
587
513
456
399
342
297
273
239
208
189
180
173
149
134
128
106
85
64
52
39
6
-23
-31
-41
-70
-84
-89
-93
-114
-126
-112
-112
-129
-148
-150
-170
-222
-258
-284
-324
-399
-470
-525
-589
-657
-719
-766
-818
-872
-893
-897
-907
-907
-884
-859
-830
-802
-761
-708
-674
-635
-586
-546
-502
-452
-389
-334
-300
-243
-187
-159
-123
-69
-25
-14
4
33
43
34
29
31
14
-13
-27
-34
-68
-87
-72
-62
-58
-53
-17
17
26
62
122
169
201
252
320
363
390
444
508
526
529
563
596
597
597
621
642
632
622
656
682
660
651
674
672
648
639
636
619
573
528
506
465
405
359
328
281
229
204
182
158
140
127
128
127
121
130
145
139
131
132
126
103
80
47
-3
-31
-62
-113
-156
-188
-216
-249
-275
-287
-296
-309
-323
-323
-325
-337
-350
-359
-377
-402
-425
-458
-490
-523
-564
-592
-624
-656
-664
-667
-670
-671
-658
-639
-619
-593
-555
-518
-495
-461
-429
-404
-376
-354
-327
-307
-302
-283
-260
-246
-230
-218
-206
-183
-161
-139
-106
-75
-64
-51
-11
15
37
63
84
103
117
128
147
176
192
210
226
241
257
275
302
331
339
349
374
397
420
447
468
487
502
523
554
570
571
582
597
598
594
606
611
590
569
553
531
497
463
440
403
367
335
307
275
240
214
186
156
129
110
83
51
26
9
-19
-60
-79
-95
-120
-151
-176
-180
-204
-239
-239
-241
-265
-274
-256
-238
-236
-228
-200
-177
-171
-167
-149
-138
-141
-146
-142
-149
-179
-198
-201
-220
-243
-252
-267
-280
-302
-320
-325
-344
-363
-383
-410
-437
-465
-483
-496
-512
-533
-535
-530
-534
-511
-486
-457
-429
-402
-346
-305
-263
-208
-167
-129
-95
-59
-27
0
22
33
54
69
81
104
137
161
169
189
219
243
258
277
299
314
321
328
331
328
330
320
308
303
287
285
293
299
303
310
330
352
373
393
415
433
441
448
456
457
446
419
390
361
320
275
236
202
157
108
77
53
21
-7
-31
-57
-71
-92
-112
-113
-129
-145
-147
-152
-159
-172
-156
-139
-146
-135
-116
-93
-77
-58
-24
-12
3
20
32
46
45
38
29
17
3
-15
-30
-57
-99
-130
-156
-189
-220
-244
-264
-284
-306
-316
-324
-331
-338
-357
-362
-361
-370
-367
-368
-374
-369
-369
-368
-352
-338
-329
-313
-293
-259
-230
-211
-166
-130
-105
-75
-45
-19
-7
6
21
24
19
21
31
36
28
28
45
50
60
96
132
156
181
212
243
267
272
283
301
304
296
286
278
266
257
247
234
230
221
226
236
241
254
264
272
275
279
280
263
243
228
198
167
141
114
86
65
49
30
13
3
-1
-10
-16
-14
-3
-3
-13
-3
3
4
-6
-12
-11
-24
-27
-29
-36
-44
-57
-57
-53
-69
-75
-60
-61
-75
-80
-85
-94
-101
-102
-107
-114
-128
-136
-139
-152
-161
-165
-170
-178
-187
-182
-179
-181
-182
-174
-171
-176
-163
-151
-156
-164
-163
-166
-169
-172
-176
-168
-172
-177
-164
-149
-140
-128
-105
-86
-73
-50
-18
7
15
31
53
64
75
83
79
80
83
78
75
81
88
91
90
96
108
116
127
145
146
147
145
140
142
137
122
101
83
75
59
43
27
12
8
-3
-4
6
16
28
31
45
63
76
96
105
111
122
140
148
150
147
148
166
163
158
161
157
157
146
136
135
117
104
97
89
75
62
59
44
23
1
-10
-19
-46
-66
-77
-83
-90
-102
-91
-85
-90
-81
-65
-57
-50
-41
-30
-27
-28
-13
-10
-16
-26
-44
-53
-75
-88
-100
-120
-135
-154
-163
-168
-174
-176
-176
-174
-170
-167
-174
-171
-167
-175
-181
-184
-178
-180
-182
-171
-166
-161
-148
-129
-103
-77
-56
-37
-2
25
39
60
83
93
94
97
106
103
87
78
74
52
28
32
29
16
7
11
27
20
16
29
40
42
37
51
61
48
47
45
44
45
35
34
41
36
33
40
49
57
63
72
86
92
101
102
100
97
87
87
78
65
63
55
40
36
28
17
12
9
0
-11
-13
-7
-3
2
0
1
9
17
25
29
30
34
40
46
49
49
58
54
48
43
35
33
26
22
10
-9
-17
-29
-48
-65
-79
-96
-116
-123
-136
-145
-149
-160
-155
-155
-160
-157
-148
-146
-135
-115
-116
-105
-95
-89
-71
-71
-57
-43
-41
-26
-8
9
16
20
43
57
67
84
92
103
109
113
120
127
129
118
108
100
85
69
62
51
26
20
17
1
-3
1
3
-3
-2
10
15
15
18
21
32
40
40
41
40
34
27
31
30
21
26
19
6
2
1
1
-6
-9
-7
-17
-26
-26
-34
-38
-42
-44
-41
-39
-40
-41
-37
-36
-31
-26
-26
-25
-33
-32
-28
-32
-33
-31
-25
-33
-39
-34
-35
-34
-43
-43
-44
-61
-67
-68
-74
-83
-84
-77
-87
-95
-82
-82
-81
-69
-57
-49
-47
-34
-18
-2
5
11
24
33
38
34
41
43
42
48
47
56
60
56
63
57
54
57
54
51
47
41
35
30
30
25
22
26
22
19
21
21
21
28
36
34
42
51
46
42
47
52
50
55
56
45
48
59
54
53
53
43
55
60
55
54
48
47
50
51
51
52
58
58
54
52
54
56
50
42
35
29
24
15
4
-12
-17
-24
-39
-46
-63
-74
-79
-81
-89
-100
-93
-88
-94
-96
-95
-93
-94
-91
-89
-91
-96
-96
-90
-84
-82
-78
-66
-54
-52
-39
-27
-18
3
13
25
35
38
52
55
55
53
48
48
45
41
38
33
36
32
23
24
25
23
24
17
14
10
8
10
6
9
-2
-7
2
0
-4
-13
-12
-7
-4
5
8
13
19
21
30
32
28
21
23
19
7
3
-4
-10
-12
-14
-9
-14
-15
-3
1
7
14
21
33
39
39
39
45
46
46
44
33
29
22
14
10
-1
-2
-7
-9
-4
-3
-6
-6
3
-3
-5
-5
-15
-12
-16
-26
-37
-47
-47
-50
-53
-63
-71
-73
-75
-74
-73
-77
-66
-55
-45
-26
-23
-12
-2
6
22
19
21
29
31
25
17
24
15
13
18
16
16
19
16
10
20
24
22
23
23
29
26
24
20
17
17
11
10
4
-2
-7
-6
1
-5
0
15
16
25
34
34
43
46
47
58
59
55
61
58
50
47
38
29
23
15
10
9
1
-6
-10
-14
-22
-24
-25
-33
-25
-23
-33
-40
-45
-42
-40
-41
-43
-38
-36
-35
-20
-12
-8
-3
3
21
24
27
33
35
38
39
51
53
45
49
51
49
44
34
32
28
17
10
14
8
3
2
-2
-12
-16
-17
-18
-20
-26
-18
-17
-24
-18
-19
-21
-24
-29
-31
-32
-31
-36
-40
-44
-44
-43
-44
-41
-40
-37
-33
-31
-30
-30
-25
-30
-32
-29
-33
-33
-36
-37
-40
-45
-42
-45
-46
-37
-31
-28
-20
-19
-13
0
7
12
22
29
33
40
39
32
27
30
33
26
24
22
25
30
22
12
16
17
10
7
3
0
-1
-3
-7
-3
-4
-9
-4
-3
-8
-7
-4
0
5
20
28
32
36
41
60
64
54
61
64
56
61
64
59
60
62
62
61
59
48
43
48
36
31
31
21
11
6
1
-17
-23
-31
-43
-44
-52
-63
-68
-71
-75
-71
-69
-71
-67
-55
-47
-42
-32
-30
-19
-16
-21
-14
-18
-20
-14
-17
-25
-26
-25
-28
-36
-41
-38
-35
-37
-42
-35
-27
-27
-20
-19
-29
-19
-17
-25
-22
-34
-31
-26
-22
-16
-20
-13
-5
-7
-1
5
4
4
14
19
21
26
30
29
30
29
25
25
18
22
23
20
19
13
