-9
-10
-3
1
-8
-4
3
2
0
5
4
-2
-3
-3
8
2
1
14
9
15
17
2
8
1
2
13
7
11
12
8
10
2
5
9
4
-1
-4
-8
-10
-5
-11
-10
-1
-3
-6
-2
-4
-8
-5
2
10
11
6
6
6
6
4
3
0
-3
-4
-7
-8
-17
-9
-3
-11
-3
4
3
7
3
-6
-1
0
0
4
6
11
10
5
-1
0
0
3
6
-1
-1
-2
-5
-3
0
5
2
0
-2
-5
0
-2
-3
-2
-3
1
-3
-4
5
3
0
0
-4
-3
3
3
2
3
1
4
5
2
4
11
23
17
16
15
6
5
8
12
13
5
9
12
12
15
9
14
13
3
6
0
3
-4
-5
10
-4
-6
0
-10
-12
-14
-13
-13
-19
-15
-9
-16
-14
-8
-9
-6
-9
-7
-10
-11
-3
-5
-6
-12
-10
-6
-12
-3
-2
-7
-3
-4
-6
-6
0
-3
-1
0
-2
7
5
11
14
17
23
18
22
20
22
25
24
27
22
16
13
10
10
8
9
11
5
-5
-5
-7
-5
-11
-17
-10
-10
-11
-13
-14
-1
-3
-4
2
1
3
-6
-9
-10
-16
-8
-5
-8
-11
-11
-5
-9
-8
-1
-6
-8
-11
-8
-11
-15
-7
-7
-8
-14
-17
-10
-7
-11
-9
-4
-4
-4
-3
-5
-7
-10
-5
-1
-6
-4
3
5
5
1
1
-3
-3
-1
-6
-7
1
6
0
4
6
-1
5
9
11
14
13
11
8
5
9
12
8
18
16
9
22
21
12
9
9
10
1
2
10
5
-2
-3
-2
-1
-1
-2
-2
2
7
6
1
8
10
5
11
10
13
5
3
5
-4
1
1
-6
-3
-4
-7
-1
8
2
0
5
4
-1
4
2
-3
-2
-9
-5
3
0
3
0
-9
-13
-14
-9
-9
-6
-1
-6
-8
-11
-8
-6
-6
-8
-6
-1
3
1
1
8
8
8
10
-1
-9
-6
-4
-3
-10
-16
-12
-11
-7
-2
-6
-2
-5
-12
-15
-15
-18
-21
-16
-17
-11
-1
-11
-10
-1
-8
-6
-2
-5
-5
-2
-2
-2
7
8
8
13
11
10
3
8
14
6
13
13
7
6
5
5
7
10
6
6
13
10
7
8
3
4
19
10
9
19
12
12
16
15
15
20
18
15
9
-2
7
-1
-8
-8
-12
-4
-8
-7
4
-7
-6
-5
-9
1
-8
-11
-5
-5
-1
-2
-8
-9
-16
-23
-19
-18
-18
-19
-20
-15
-18
-15
-8
-7
-3
-2
6
4
4
6
4
9
12
18
14
10
15
14
20
22
7
6
5
3
7
9
11
8
0
4
5
5
3
-8
-11
-12
-18
-12
-11
-21
-16
-16
-29
-32
-30
-30
-26
-25
-26
-18
-17
-16
-9
-9
-8
-11
-18
-6
3
2
10
14
23
31
27
38
44
44
52
45
41
43
38
33
28
23
15
12
2
-4
1
-13
-22
-16
-20
-36
-39
-43
-44
-44
-48
-44
-42
-38
-34
-33
-18
-2
8
13
26
37
29
34
38
33
32
34
36
28
20
17
16
4
-5
1
-5
-11
-19
-30
-36
-47
-51
-53
-66
-71
-75
-89
-80
-69
-65
-55
-52
-42
-23
-8
10
27
42
64
86
104
131
154
174
186
191
203
204
205
206
191
186
172
151
143
123
97
71
29
-7
-45
-90
-134
-174
-217
-262
-291
-321
-343
-342
-338
-322
-297
-270
-228
-191
-158
-114
-72
-34
-3
25
62
90
119
145
172
193
216
247
255
264
271
261
255
237
206
167
125
85
39
-5
-46
-89
-121
-138
-159
-173
-180
-181
-183
-185
-176
-174
-181
-168
-146
-124
-107
-91
-54
-18
13
60
102
134
164
197
220
237
245
242
237
220
204
179
149
123
82
51
24
-20
-57
-86
-117
-150
-176
-198
-227
-241
-246
-258
-264
-253
-241
-216
-185
-166
-131
-93
-62
-21
20
49
84
116
135
159
181
205
221
230
238
239
231
214
192
170
141
102
61
24
-13
-49
-67
-89
-111
-120
-126
-122
-117
-118
-116
-111
-104
-100
-97
-87
-85
-79
-67
-55
-41
-16
5
25
56
85
106
110
115
117
110
109
91
71
57
38
22
-10
-35
-55
-77
-89
-111
-130
-137
-145
-149
-161
-165
-159
-170
-169
-162
-154
-147
-146
-129
-114
-94
-64
-31
5
47
100
157
219
286
352
404
451
494
527
552
553
542
547
526
499
473
448
427
390
363
333
280
217
135
28
-106
-255
-407
-569
-731
-876
-1004
-1111
-1172
-1199
-1202
-1154
-1070
-958
-832
-697
-552
-412
-278
-154
-41
71
184
296
406
515
627
736
841
931
1005
1054
1066
1046
981
882
758
594
414
225
29
-142
-302
-446
-547
-638
-696
-719
-736
-724
-705
-677
-641
-606
-560
-500
-433
-350
-256
-156
-35
97
238
381
503
624
728
802
854
866
850
808
738
652
545
434
315
190
80
-32
-136
-222
-309
-387
-455
-516
-580
-640
-687
-723
-756
-771
-774
-759
-716
-650
-553
-439
-305
-149
13
190
363
522
676
802
910
996
1047
1082
1089
1078
1073
1056
1020
979
936
888
823
741
647
527
363
160
-59
-310
-588
-863
-1127
-1372
-1584
-1732
-1809
-1831
-1798
-1703
-1545
-1360
-1155
-928
-702
-490
-302
-129
34
184
314
442
587
725
863
1007
1154
1289
1385
1441
1455
1411
1312
1157
944
693
403
105
-180
-454
-689
-896
-1055
-1166
-1239
-1270
-1269
-1240
-1200
-1160
-1108
-1035
-969
-895
-803
-713
-600
-461
-304
-130
49
240
430
603
770
920
1027
1095
1135
1147
1130
1093
1046
994
927
866
827
790
776
775
767
767
771
780
792
799
793
769
733
684
604
499
357
152
-92
-363
-667
-974
-1272
-1549
-1796
-2007
-2131
-2166
-2141
-2053
-1903
-1705
-1484
-1245
-988
-737
-511
-312
-129
50
217
377
544
725
905
1077
1242
1414
1575
1685
1736
1735
1673
1543
1344
1091
805
486
144
-170
-453
-698
-887
-1037
-1141
-1196
-1211
-1188
-1148
-1095
-1048
-1017
-971
-903
-852
-790
-702
-587
-434
-270
-64
179
420
660
894
1101
1273
1406
1472
1473
1418
1297
1125
910
668
404
134
-123
-360
-559
-721
-841
-920
-967
-990
-986
-944
-901
-853
-791
-734
-659
-568
-465
-359
-245
-103
59
233
426
624
806
982
1154
1303
1423
1518
1565
1573
1549
1482
1390
1282
1151
1004
848
690
560
456
371
305
241
187
135
81
9
-119
-297
-505
-763
-1060
-1360
-1644
-1912
-2164
-2359
-2454
-2460
-2378
-2209
-1963
-1673
-1349
-993
-635
-308
-18
224
393
525
631
708
764
805
837
857
885
935
980
991
960
882
751
579
373
107
-208
-545
-902
-1238
-1508
-1701
-1840
-1923
-1931
-1861
-1720
-1521
-1259
-979
-716
-464
-212
51
330
612
878
1143
1431
1729
2031
2359
2686
2955
3151
3309
3448
3531
3560
3554
3475
3329
3140
2921
2670
2348
1957
1431
746
7
-722
-1520
-2395
-3205
-3940
-4633
-5199
-5517
-5611
-5591
-5433
-5086
-4603
-4038
-3374
-2651
-1951
-1306
-712
-168
359
906
1393
1789
2157
2546
2923
3250
3583
3883
4033
4030
3948
3795
3520
3114
2574
1907
1178
456
-257
-935
-1516
-2020
-2508
-2914
-3112
-3158
-3161
-3117
-3001
-2839
-2703
-2528
-2260
-2004
-1799
-1602
-1383
-1096
-756
-375
24
421
836
1231
1599
1980
2323
2517
2540
2476
2359
2155
1868
1514
1107
654
203
-174
-469
-680
-846
-1004
-1104
-1097
-966
-788
-596
-348
-95
119
345
652
988
1246
1437
1636
1858
2085
2332
2596
2836
3013
3144
3258
3347
3386
3268
2921
2410
1774
1026
153
-775
-1712
-2687
-3638
-4438
-4977
-5326
-5521
-5529
-5402
-5137
-4729
-4216
-3649
-3090
-2604
-2185
-1794
-1376
-923
-501
-116
283
731
1229
1771
2352
2919
3392
3733
3978
4147
4198
4064
3735
3243
2631
1933
1199
492
-210
-912
-1579
-2163
-2603
-2926
-3181
-3385
-3535
-3647
-3728
-3730
-3639
-3500
-3373
-3212
-2932
-2561
-2110
-1541
-905
-279
357
1032
1729
2363
2918
3377
3668
3840
3955
4006
3963
3820
3639
3445
3231
3054
2965
2897
2807
2724
2685
2719
2796
2843
2870
2865
2762
2541
2231
1867
1337
526
-431
-1386
-2390
-3441
-4378
-5132
-5784
-6321
-6548
-6411
-6106
-5685
-5069
-4361
-3679
-2988
-2252
-1557
-1023
-596
-196
143
456
832
1270
1678
2036
2446
2932
3391
3776
4079
4254
4242
4012
3644
3208
2622
1837
953
102
-686
-1454
-2105
-2544
-2882
-3202
-3416
-3431
-3344
-3288
-3228
-3136
-3089
-3130
-3131
-3014
-2886
-2800
-2653
-2352
-1969
-1515
-891
-141
566
1193
1858
2513
3013
3352
3571
3641
3460
3112
2775
2436
2038
1637
1346
1188
1104
1130
1323
1624
1897
2107
2356
2626
2794
2884
2987
3065
2999
2880
2862
2849
2666
2410
2182
1791
1132
426
-212
-1008
-1999
-2927
-3735
-4555
-5337
-5829
-6078
-6281
-6348
-6159
-5793
-5346
-4755
-4043
-3348
-2699
-2035
-1357
-730
-125
477
1011
1469
1900
2343
2803
3227
3571
3822
4008
4128
4098
3942
3741
3433
2889
2195
1561
943
197
-559
-1170
-1767
-2434
-3002
-3375
-3658
-3962
-4212
-4348
-4431
-4475
-4401
-4197
-3946
-3665
-3312
-2849
-2261
-1597
-860
-79
669
1370
2056
2736
3319
3729
4017
4194
4196
4077
3993
3939
3773
3546
3426
3365
3288
3278
3368
3444
3415
3343
3309
3288
3258
3203
3080
2918
2770
2571
2303
2020
1693
1144
313
-554
-1384
-2350
-3428
-4388
-5225
-6090
-6833
-7179
-7203
-7161
-6971
-6486
-5886
-5271
-4504
-3572
-2704
-2030
-1395
-718
-133
378
927
1481
1919
2255
2662
3174
3661
4023
4284
4478
4534
4402
4148
3842
3398
2682
1782
943
189
-633
-1456
-2117
-2703
-3357
-3931
-4228
-4360
-4552
-4767
-4835
-4833
-4852
-4760
-4452
-4085
-3840
-3547
-2978
-2249
-1517
-704
248
1164
1873
2552
3388
4116
4466
4605
4728
4698
4423
4178
4143
4029
3657
3366
3379
3452
3410
3463
3659
3663
3451
3376
3511
3568
3430
3304
3238
3071
2809
2614
2443
2056
1311
344
-593
-1515
-2600
-3747
-4776
-5737
-6708
-7471
-7730
-7662
-7601
-7406
-6882
-6231
-5562
-4695
-3629
-2699
-2092
-1476
-701
-43
486
1081
1693
2082
2339
2810
3445
3961
4291
4530
4710
4742
4603
4387
4125
3621
2789
1836
996
245
-592
-1445
-2185
-2904
-3639
-4193
-4486
-4731
-5072
-5393
-5561
-5628
-5618
-5419
-5053
-4709
-4397
-3901
-3110
-2152
-1205
-258
761
1729
2539
3352
4250
4965
5250
5277
5337
5362
5206
5036
4956
4769
4410
4158
4175
4259
4235
4163
4090
3913
3698
3637
3713
3679
3438
3195
3084
2964
2723
2474
2184
1523
384
-792
-1728
-2786
-4174
-5500
-6551
-7572
-8544
-8998
-8866
-8673
-8549
-8115
-7330
-6449
-5506
-4379
-3263
-2470
-1840
-1074
-267
422
1018
1575
2032
2360
2786
3434
4112
4614
4894
5094
5277
5314
5149
4876
4440
3645
2554
1524
697
-163
-1206
-2204
-3023
-3816
-4563
-5042
-5279
-5595
-6059
-6353
-6377
-6320
-6193
-5844
-5378
-4999
-4545
-3712
-2584
-1508
-500
647
1827
2803
3700
4755
5692
6111
6191
6313
6435
6320
6080
5934
5709
5227
4760
4616
4610
4410
4137
3970
3748
3442
3325
3476
3527
3310
3190
3281
3274
3141
3040
2803
2003
726
-444
-1543
-2958
-4543
-5949
-7223
-8489
-9437
-9721
-9596
-9430
-9075
-8395
-7516
-6522
-5348
-4096
-3072
-2307
-1598
-886
-201
451
1027
1476
1839
2248
2793
3475
4194
4776
5146
5447
5738
5858
5750
5473
4898
3927
2770
1705
687
-417
-1488
-2472
-3410
-4178
-4609
-4916
-5356
-5758
-6038
-6394
-6722
-6712
-6535
-6526
-6498
-6083
-5375
-4579
-3486
-2101
-821
346
1736
3249
4536
5614
6566
7094
7099
7042
7108
6932
6417
5884
5443
4934
4468
4331
4415
4376
4188
4068
4074
4116
4187
4264
4181
3914
3672
3581
3510
3353
3133
2721
1812
536
-620
-1685
-3096
-4793
-6276
-7510
-8787
-9767
-9969
-9825
-9816
-9637
-8961
-8051
-7153
-6009
-4700
-3729
-3051
-2210
-1242
-479
168
912
1560
1923
2351
3123
3961
4588
5031
5440
5849
6126
6205
6129
5873
5261
4224
3093
2149
1175
-38
-1266
-2261
-3160
-3995
-4512
-4811
-5324
-5997
-6424
-6661
-6988
-7214
-7134
-7065
-7183
-7015
-6199
-5118
-4131
-2995
-1550
-23
1416
2924
4596
6050
6932
7381
7697
7918
7845
7508
7133
6655
5991
5374
5068
4980
4852
4732
4757
4768
4670
4675
4866
4948
4689
4344
4158
4007
3762
3512
3374
3086
2261
1017
-138
-1132
-2451
-4151
-5667
-6928
-8375
-9776
-10455
-10509
-10639
-10816
-10420
-9552
-8710
-7709
-6249
-4758
-3711
-2831
-1669
-484
392
1143
1959
2638
2987
3354
4036
4771
5166
5316
5606
5940
5961
5747
5569
5248
4448
3352
2364
1444
361
-805
-1903
-2950
-3909
-4753
-5622
-6484
-7089
-7586
-8239
-8629
-8422
-8200
-8240
-7808
-6650
-5612
-4763
-3164
-1130
233
1326
3189
5161
6089
6651
7771
8483
7999
7533
7840
7840
6961
6275
6297
6057
5362
5128
5418
5394
4921
4621
4587
4413
4111
3927
3792
3559
3277
3129
3206
3333
3166
2489
1456
232
-1264
-2914
-4413
-5813
-7445
-9138
-10264
-10679
-10789
-10699
-10175
-9351
-8610
-7844
-6590
-4995
-3739
-2958
-2220
-1405
-788
-295
399
1156
1540
1681
2123
2940
3755
4419
5064
5610
5877
5982
6146
6227
5846
4921
3768
2666
1536
288
-869
-1823
-2844
-3961
-4705
-4893
-5075
-5672
-6201
-6349
-6617
-7070
-7104
-6788
-6821
-7060
-6640
-5566
-4552
-3480
-1856
-121
1209
2616
4540
6330
7317
7891
8424
8547
8196
7875
7716
7234
6282
5440
5050
4889
4767
4767
4906
4932
4762
4744
5078
5373
5176
4678
4342
4082
3658
3395
3432
2995
1550
-74
-1065
-2060
-3607
-5019
-6007
-7354
-9087
-9991
-9769
-9614
-9960
-9961
-9424
-8974
-8522
-7383
-5879
-5036
-4731
-4027
-2866
-1820
-895
190
1170
1627
1977
2921
4213
5081
5418
5701
6035
6125
6045
6114
6113
5449
4154
2962
2243
1563
508
-605
-1441
-2319
-3341
-3940
-3959
-4253
-5348
-6425
-6869
-7330
-8111
-8393
-8138
-8376
-8894
-8265
-6528
-5126
-4052
-2180
94
1640
3015
5258
7471
8277
8304
8718
9059
8598
7940
7734
7338
6254
5316
5214
5438
5379
5260
5434
5595
5418
5298
5606
5835
5352
4538
4199
4132
3715
3249
3233
2993
1694
71
-814
-1550
-3110
-4923
-6157
-7364
-9067
-10332
-10440
-10322
-10762
-11022
-10473
-9681
-9027
-8001
-6498
-5271
-4595
-3768
-2436
-1148
-257
553
1451
2121
2528
3169
4189
5050
5353
5424
5719
6080
6127
5984
5847
5456
4514
3355
2565
1953
967
-302
-1385
-2250
-3168
-4038
-4642
-5242
-6194
-7277
-7990
-8261
-8479
-8772
-8846
-8625
-8248
-7566
-6229
-4421
-2779
-1349
389
2429
4268
5808
7280
8449
8827
8695
8717
8824
8498
7806
7208
6717
6146
5715
5748
5959
5897
5705
5653
5671
5631
5633
5633
5281
4652
4233
4046
3834
3705
3647
3014
1507
2
-996
-2279
-4087
-5638
-6966
-8805
-10683
-11369
-11171
-11397
-11795
-11378
-10602
-10134
-9302
-7545
-5864
-5155
-4564
-3302
-2017
-1164
-216
976
1745
1941
2431
3579
4654
5206
5556
5986
6300
6337
6404
6599
6434
5602
4436
3432
2630
1722
615
-552
-1690
-2814
-3900
-4834
-5528
-6217
-7269
-8388
-8884
-8924
-9166
-9399
-9033
-8357
-7901
-7054
-5175
-3160
-1838
-437
1711
3720
4910
6147
7805
8681
8392
8225
8713
8766
7940
7347
7359
7024
6246
6035
6535
6653
6131
5894
6048
5896
5531
5501
5478
4896
4188
4011
4012
3862
3923
3932
3031
1407
150
-850
-2534
-4532
-6147
-7930
-10163
-11726
-11980
-11988
-12405
-12315
-11509
-10793
-10006
-8397
-6394
-5201
-4619
-3552
-2225
-1340
-576
486
1351
1517
1675
2561
3674
4433
4989
5585
6124
6440
6747
7093
7138
6719
5838
4683
3584
2558
1420
51
-1369
-2615
-3856
-5050
-5866
-6459
-7249
-8190
-8739
-8834
-9001
-9152
-8901
-8430
-8027
-7435
-6151
-4471
-3027
-1623
177
2181
3879
5283
6816
8194
8809
8903
9110
9424
9247
8573
8097
7834
7302
6648
6429
6552
6358
5894
5719
5751
5629
5457
5444
5332
4887
4506
4414
4340
4279
4239
3703
2255
543
-749
-2247
-4283
-6111
-7676
-9595
-11568
-12418
-12198
-12256
-12460
-11875
-10920
-10207
-9258
-7507
-5751
-4991
-4462
-3319
-2197
-1488
-731
320
1121
1332
1825
3036
4244
5006
5567
6258
6857
7062
7213
7424
7266
6506
5322
4143
3122
2009
708
-625
-1823
-3014
-4337
-5412
-6052
-6753
-7834
-8738
-9000
-9159
-9539
-9550
-8955
-8393
-8036
-7003
-5136
-3446
-2139
-423
1818
3698
4949
6380
8005
8867
8871
8909
9305
9286
8602
8099
8014
7672
6962
6580
6774
6798
6345
6080
6119
5996
5666
5494
5476
5074
4491
4276
4228
4135
4062
3768
2692
969
-467
-1764
-3632
-5553
-7125
-8912
-11011
-12366
-12402
-12333
-12696
-12421
-11495
-10778
-10030
-8468
-6470
-5305
-4766
-3684
-2382
-1525
-795
215
1181
1481
1715
2720
3961
4801
5370
6021
6638
6889
7077
7435
7486
6916
5888
4707
3614
2552
1348
2
-1304
-2523
-3888
-5219
-5973
-6474
-7486
-8639
-9035
-9080
-9586
-9953
-9391
-8656
-8542
-7995
-6151
-4242
-3092
-1574
890
3048
4237
5649
7681
8925
8958
9030
9596
9670
8900
8339
8347
7987
7109
6635
6826
6899
6497
6269
6398
6342
6030
5900
5908
5516
4900
4592
4442
4252
4107
3810
2737
945
-544
-1807
-3643
-5510
-6967
-8612
-10626
-12059
-12138
-11957
-12298
-12106
-11258
-10587
-9933
-8603
-6725
-5497
-5009
-4056
-2796
-1911
-1128
-127
919
1413
1701
2722
4017
4908
5571
6193
6783
7099
7238
7544
7583
7038
6110
4958
3856
2824
1659
347
-1000
-2239
-3494
-4861
-5947
-6652
-7598
-8833
-9577
-9735
-9985
-10374
-10143
-9269
-8652
-8094
-6539
-4449
-2896
-1556
482
2841
4333
5386
7041
8493
8801
8655
8970
9387
8991
8291
8232
8255
7730
7141
7122
7419
7238
6781
6671
6639
6334
5921
5625
5295
4743
4229
3919
3758
3750
3640
2805
1244
-112
-1229
-2978
-4923
-6332
-7838
-9985
-11813
-12173
-12021
-12546
-12652
-11763
-10968
-10438
-9278
-7242
-5633
-5102
-4203
-2675
-1620
-967
-104
1067
1711
1706
2423
3751
4617
5115
5671
6417
6885
6912
7210
7531
7165
6300
5242
4265
3295
2053
734
-559
-1929
-3363
-4748
-5817
-6596
-7587
-8773
-9540
-9850
-10140
-10374
-10116
-9392
-8760
-8105
-6681
-4713
-3016
-1528
265
2380
4109
5259
6673
8172
8780
8689
8755
9172
9179
8531
8201
8265
7941
7347
7126
7474
7664
7204
6827
6891
6828
6436
6055
5781
5321
4587
4008
3871
3914
3715
2767
1110
-292
-1431
-3226
-5152
-6475
-7943
-10135
-12033
-12306
-11974
-12553
-12813
-11917
-11123
-10715
-9660
-7552
-5789
-5358
-4624
-2969
-1765
-1102
-212
1061
1832
1746
2328
3806
4793
5249
5761
6497
7024
6997
7189
7596
7301
6368
5232
4213
3331
2178
819
-438
-1702
-3081
-4527
-5674
-6286
-7172
-8635
-9604
-9800
-10125
-10681
-10563
-9655
-9056
-8837
-7519
-5204
-3468
-2218
-310
2167
3933
4873
6446
8372
8980
8612
8748
9402
9319
8448
8202
8452
7975
7156
7085
7622
7710
7180
6937
7068
6873
6358
6070
5866
5194
4329
3823
3670
3581
3352
2712
1316
-295
-1446
-2858
-4683
-6088
-7469
-9422
-11325
-12027
-11786
-12169
-12604
-11929
-11225
-10875
-9921
-8045
-6192
-5522
-4898
-3333
-2077
-1319
-330
887
1745
1798
2229
3571
4587
5113
5647
6250
6747
6839
7042
7499
7383
6642
5634
4659
3858
2797
1539
379
-928
-2504
-4129
-5321
-6071
-7168
-8634
-9565
-9887
-10315
-10752
-10366
-9355
-8814
-8517
-7111
-4842
-3174
-1917
56
2346
3774
4674
6317
8095
8538
8263
8549
9054
8890
8368
8401
8558
7965
7338
7452
7806
7750
7356
7123
6990
6566
6124
5979
5683
4925
4142
3752
3610
3480
3447
3084
1720
35
-1086
-2346
-4158
-5791
-7240
-9151
-11291
-12345
-12194
-12383
-12832
-12457
-11741
-11127
-10137
-8383
-6440
-5431
-4787
-3520
-2257
-1304
-353
613
1359
1528
1870
2997
4067
4754
5332
5851
6371
6744
7114
7571
7563
6959
6009
4972
4147
3233
1997
635
-879
-2526
-4064
-5245
-6152
-7207
-8427
-9437
-10067
-10389
-10405
-10061
-9542
-9036
-8367
-7162
-5365
-3521
-1929
-288
1472
3111
4542
5963
7395
8258
8366
8373
8606
8838
8770
8470
8274
8032
7651
7479
7587
7762
7621
7086
6669
6498
6302
6024
5592
4988
4333
3815
3560
3505
3572
3363
2195
475
-618
-1548
-3317
-5202
-6580
-8242
-10523
-12090
-12016
-11874
-12651
-12783
-11884
-11115
-10418
-8987
-6847
-5399
-5013
-4028
-2406
-1299
-550
294
1226
1651
1695
2573
3891
4683
5223
5714
6333
6977
7356
7756
7947
7577
6733
5571
4691
4001
2749
1139
-374
-1845
-3452
-4968
-5918
-6696
-7974
-9346
-10047
-10167
-10361
-10484
-9977
-9262
-8822
-8094
-6347
-4195
-2713
-1365
610
2609
4011
5268
6953
8300
8445
8277
8713
9144
8936
8501
8444
8373
7797
7398
7646
7924
7703
7218
6944
6803
6410
5927
5659
5182
4207
3426
3258
3242
3010
2847
2696
1598
-101
-980
-1711
-3409
-5334
-6836
-8355
-10320
-11717
-11687
-11794
-12572
-12630
-11907
-10990
-10039
-8674
-6774
-5557
-4968
-3799
-2339
-1147
-320
329
1091
1508
1797
2650
3637
4366
4812
5117
5686
6377
6865
7124
7088
6747
6082
5166
4384
3700
2574
952
-680
-2153
-3569
-4916
-6090
-7134
-8390
-9620
-10185
-10244
-10180
-10004
-9583
-8840
-7953
-6768
-4951
-3015
-1460
-83
1454
3206
4687
5826
6948
7764
8031
8084
8348
8743
8818
8540
8266
8141
8030
7900
7891
7891
7642
7112
6587
6346
6064
5522
4951
4270
3577
3182
3027
3037
3107
3087
2584
1274
147
-464
-1847
-3872
-5529
-7019
-8989
-11062
-11790
-11668
-12432
-13162
-12590
-11552
-10780
-9812
-7967
-6087
-5343
-4595
-2975
-1545
-790
-239
586
1295
1371
1784
2941
3810
4136
4500
5227
6072
6592
6976
7405
7412
6925
6253
5559
4950
3985
2418
881
-430
-1939
-3635
-5028
-5990
-7222
-8828
-9712
-9788
-10100
-10585
-10350
-9492
-8900
-8399
-6910
-4814
-3419
-2408
-639
1539
3027
4035
5439
6912
7545
7645
8147
8839
8903
8532
8385
8489
8423
8080
7954
8115
7975
7504
7164
7063
6797
6024
5322
5053
4442
3499
3126
3247
3055
2540
2566
2762
1711
111
-592
-1407
-3401
-5515
-6838
-8224
-10382
-11956
-12097
-12305
-13074
-13049
-12081
-11132
-10335
-8972
-7023
-5611
-4775
-3476
-1933
-879
-195
528
1327
1783
2027
2726
3533
4023
4462
4926
5552
6248
6664
6892
6929
6744
6335
5523
4700
4005
2795
1197
-278
-1646
-3070
-4626
-5874
-6784
-8000
-9167
-9695
-9878
-10046
-10121
-9657
-8754
-8005
-7070
-5462
-3675
-2230
-914
819
2751
4054
4964
6211
7414
7863
7882
8297
8870
8732
8231
8260
8536
8290
7752
7722
7920
7527
6865
6616
6553
6002
5148
4827
4668
3941
3324
3358
3474
3216
2995
3128
2605
1163
145
-624
-2211
-4183
-5810
-7257
-9120
-10858
-11406
-11612
-12279
-12480
-11892
-11066
-10241
-9090
-7413
-6036
-5220
-4049
-2625
-1582
-788
-39
670
1120
1435
2118
2938
3477
3941
4468
5067
5790
6369
6690
6850
6761
6418
5863
5208
4560
3544
2051
684
-507
-1916
-3357
-4515
-5566
-6883
-8125
-8698
-9064
-9679
-9910
-9548
-9191
-8875
-8014
-6555
-5202
-4103
-2622
-786
867
2298
3722
5115
6213
6948
7556
8123
8481
8476
8289
8201
8166
8029
7786
7577
7433
7133
6782
6640
6488
6118
5620
5193
4928
4467
3839
3609
3515
3135
2811
2903
2995
2076
621
-89
-936
-2825
-4670
-5900
-7330
-9455
-11081
-11249
-11449
-12306
-12369
-11558
-10831
-10236
-9061
-7199
-5895
-5256
-4016
-2476
-1418
-675
87
1001
1487
1609
2326
3301
3840
4105
4461
5176
5854
6112
6394
6740
6692
6199
5527
5036
4512
3365
1912
735
-397
-1823
-3256
-4306
-5238
-6529
-7754
-8265
-8562
-9102
-9394
-9171
-8772
-8472
-7860
-6502
-5087
-4101
-2861
-1016
873
2263
3461
5012
6397
7030
7505
8260
8806
8705
8323
8315
8430
8102
7635
7460
7377
7043
6643
6606
6614
6173
5558
5256
5120
4618
3929
3706
3685
3241
2746
2886
3117
2176
586
-99
-671
-2521
-4572
-5679
-6798
-8896
-10698
-10843
-10840
-11761
-12073
-11305
-10528
-10063
-9144
-7376
-5997
-5456
-4382
-2774
-1616
-921
-234
766
1399
1417
1986
3019
3567
3700
3912
4589
5306
5503
5698
6067
6124
5742
5086
4663
4387
3442
1991
825
-94
-1305
-2756
-3805
-4475
-5616
-6970
-7417
-7458
-8160
-8907
-8768
-8273
-8373
-8321
-6993
-5549
-5055
-4201
-2225
-197
977
2022
3893
5538
6117
6719
7811
8560
8389
7928
8044
8116
7542
7101
7031
6784
6295
5979
6147
6253
5855
5500
5373
5186
4895
4484
4151
4038
3718
3162
2988
3255
3282
2313
935
437
-157
-2005
-3728
-4581
-5780
-7979
-9846
-10006
-10031
-11221
-11729
-11021
-10513
-10277
-9387
-7627
-6324
-5988
-4973
-3221
-2134
-1488
-615
428
989
933
1533
2762
3256
3192
3442
4175
4920
5183
5459
6031
6141
5699
5266
5070
4892
4088
2768
1731
867
-224
-1359
-2388
-3299
-4361
-5575
-6241
-6513
-7086
-7775
-8207
-8261
-8182
-8157
-7597
-6499
-5684
-5089
-3950
-2017
-167
856
1988
3826
5238
5785
6485
7726
8359
7788
7289
7593
7713
7096
6518
6492
6307
5613
5310
5686
5854
5371
4919
4999
4931
4502
4361
4339
4018
3537
3218
3258
3351
3199
2530
1358
638
77
-1493
-3156
-4082
-5322
-7415
-9199
-9434
-9424
-10643
-11399
-10782
-10252
-10126
-9395
-7723
-6387
-6127
-5334
-3576
-2378
-1791
-976
45
584
568
1164
2375
2894
2847
3182
3913
4563
4887
5185
5684
5781
5352
5069
5038
4911
4259
3055
2033
1315
317
-822
-1812
-2688
-3687
-4993
-5810
-5982
-6571
-7481
-7944
-7948
-7924
-8005
-7474
-6313
-5630
-5163
-3900
-2064
-495
528
1775
3513
4690
5191
6001
7102
7541
7086
6773
7135
7223
6657
6253
6284
6140
5594
5322
5641
5820
5413
4976
4981
4969
4588
4328
4255
3908
3364
3042
3092
3129
2919
2556
1717
729
147
-791
-2278
-3517
-4659
-6255
-8020
-8913
-9021
-9811
-10824
-10713
-10228
-10025
-9516
-8317
-6943
-6271
-5656
-4192
-2780
-1975
-1246
-386
368
680
1064
2046
2751
2783
2951
3517
4086
4434
4710
5146
5410
5210
5048
5092
4988
4544
3665
2759
2105
1256
261
-629
-1601
-2618
-3695
-4621
-5097
-5623
-6357
-6974
-7364
-7392
-7325
-7213
-6658
-6012
-5534
-4733
-3411
-1905
-760
180
1523
2915
3843
4617
5549
6359
6490
6223
6377
6721
6519
5931
5684
5751
5498
5090
5122
5338
5152
4818
4861
5025
4860
4551
4386
4242
3851
3393
3309
3359
3052
2654
2682
2738
1964
912
547
-40
-1610
-3134
-4048
-5167
-6921
-8304
-8757
-9364
-10351
-10714
-10387
-10000
-9666
-8937
-7727
-6712
-5970
-4855
-3471
-2411
-1722
-961
-32
570
865
1395
2028
2338
2445
2762
3372
3922
4196
4398
4743
5053
5098
4997
4983
4903
4373
3498
2804
2240
1305
100
-910
-1723
-2763
-3950
-4685
-5145
-5928
-6741
-6983
-6916
-7055
-7111
-6559
-5767
-5289
-4665
-3402
-2025
-1079
-178
1192
2581
3408
4020
4858
5584
5775
5723
5916
6175
6033
5692
5654
5771
5696
5547
5621
5802
5719
5554
5572
5482
5121
4670
4303
4027
3540
2952
2726
2674
2432
2120
2171
2527
2176
1172
781
587
-582
-2173
-3222
-4116
-5773
-7603
-8379
-8834
-9898
-10695
-10619
-10229
-9959
-9466
-8309
-7087
-6341
-5345
-3882
-2633
-1785
-1056
-161
579
823
1188
1879
2292
2333
2419
2873
3490
3764
3916
4372
4789
4900
4900
4973
5096
4842
4156
3585
3112
2365
1349
264
-693
-1743
-3007
-3938
-4550
-5416
-6351
-6870
-7014
-7223
-7442
-7025
-6294
-5971
-5508
-4332
-2956
-1966
-1119
152
1524
2382
3051
3941
4741
5092
5162
5378
5712
5809
5678
5646
5779
5817
5766
5860
5979
5907
5716
5631
5586
5223
4684
4318
3931
3403
2856
2475
2390
2178
1805
1830
2160
2319
1918
1246
1014
582
-723
-2025
-2933
-4111
-5878
-7491
-8163
-8762
-9908
-10545
-10400
-10229
-10049
-9357
-8160
-7138
-6433
-5239
-3693
-2564
-1692
-789
84
678
920
1364
2066
2360
2246
2305
2769
3330
3571
3769
4313
4744
4815
4935
5239
5469
5225
4567
4042
3567
2745
1743
699
-382
-1570
-2866
-3823
-4526
-5456
-6348
-6866
-7080
-7239
-7349
-6971
-6294
-5913
-5460
-4383
-3003
-1967
-1256
-139
1280
2169
2759
3659
4593
4998
4987
5243
5769
5929
5733
5655
5794
5825
5621
5570
5710
5577
5176
4984
5023
4783
4209
3790
3474
2897
2323
2062
1970
1791
1540
1499
1753
2096
2096
1587
1225
1053
193
-1163
-2115
-2941
-4483
-6388
-7498
-8031
-9041
-10052
-10224
-10013
-9921
-9601
-8581
-7305
-6453
-5573
-4172
-2797
-1885
-1103
-126
626
759
896
1520
1984
1901
1839
2208
2729
3009
3223
3768
4376
4626
4731
5031
5400
5423
4975
4467
4024
3346
2478
1520
458
-660
-1852
-2957
-3817
-4621
-5455
-6235
-6759
-6937
-7081
-7035
-6556
-6066
-5716
-5069
-3892
-2669
-1868
-1031
204
1294
2000
2727
3651
4377
4573
4656
5057
5472
5511
5347
5321
5368
5257
5138
5240
5298
5048
4790
4719
4614
4343
4013
3681
3259
2727
2389
2309
2110
1839
1734
1785
1957
2147
2373
2361
1837
1359
915
-65
-1198
-2196
-3479
-5158
-6655
-7395
-7990
-8994
-9611
-9588
-9516
-9302
-8611
-7545
-6518
-5759
-4835
-3594
-2469
-1570
-861
-311
114
331
595
1095
1371
1324
1445
1832
2283
2700
3181
3780
4166
4354
4727
5153
5368
5249
4812
4337
3839
3126
2283
1325
227
-948
-2149
-3124
-3843
-4580
-5307
-5923
-6341
-6436
-6377
-6244
-5936
-5524
-5022
-4386
-3518
-2460
-1581
-898
-36
903
1634
2264
2949
3504
3679
3775
4189
4634
4675
4546
4643
4793
4724
4666
4883
5059
4811
4492
4535
4627
4431
4149
3873
3498
3017
2642
2544
2358
1970
1815
1879
1946
2108
2371
2517
2146
1528
1253
801
-230
-1317
-2387
-3721
-5207
-6351
-7003
-7802
-8742
-9136
-9134
-9001
-8502
-7653
-6739
-5947
-5116
-3977
-2786
-1856
-1100
-536
-150
169
394
683
1000
1041
978
1132
1540
2078
2509
2915
3433
3838
4209
4718
5122
5302
5155
4720
4314
3800
3072
2237
1167
15
-1061
-2071
-2853
-3553
-4311
-4914
-5381
-5656
-5682
-5630
-5425
-5193
-5046
-4629
-3939
-3233
-2619
-2048
-1322
-611
-42
650
1392
1950
2314
2640
3066
3504
3842
4037
4119
4204
4311
4392
4493
4596
4599
4492
4429
4471
4456
4380
4278
4016
3623
3295
3129
2993
2699
2376
2257
2269
2263
2277
2445
2673
2454
1810
1439
1193
372
-872
-1915
-2873
-4257
-5689
-6480
-7088
-8101
-8912
-9017
-8871
-8763
-8342
-7451
-6590
-5986
-5118
-3869
-2790
-2099
-1497
-794
-229
40
343
848
1205
1261
1374
1826
2418
2828
3167
3697
4258
4644
4960
5331
5595
5490
5106
4716
4294
3634
2755
1807
789
-296
-1328
-2195
-2939
-3685
-4395
-4946
-5265
-5477
-5663
-5656
-5484
-5387
-5275
-4819
-4127
-3606
-3194
-2534
-1702
-1034
-429
376
1191
1737
2153
2700
3280
3656
3906
4142
4324
4430
4531
4679
4774
4755
4725
4740
4744
4684
4609
4550
4407
4129
3805
3591
3382
3008
2649
2410
2216
2080
1989
1952
1978
2018
1988
1662
1214
953
405
-676
-1732
-2610
-3697
-5095
-6273
-6925
-7667
-8579
-8957
-8860
-8702
-8427
-7829
-6932
-6086
-5283
-4199
-3079
-2226
-1493
-783
-123
313
545
939
1359
1489
1563
1875
2376
2774
2990
3394
3997
4366
4552
4841
5142
5200
4908
4539
4211
3616
2768
1893
963
-65
-1117
-2077
-2883
-3693
-4448
-4889
-5179
-5487
-5690
-5636
-5385
-5260
-5155
-4662
-4061
-3698
-3286
-2579
-1767
-1203
-720
27
716
1170
1673
2257
2725
3017
3356
3774
4027
4181
4436
4694
4763
4756
4925
5150
5126
4939
4869
4866
4686
4332
4048
3794
3344
2806
2402
2165
1908
1562
1348
1326
1330
1352
1483
1634
1496
1072
785
508
-223
-1164
-1956
-2858
-4118
-5330
-6027
-6564
-7343
-7910
-7931
-7744
-7510
-7060
-6287
-5377
-4646
-3908
-2934
-1974
-1242
-719
-220
268
525
681
1000
1256
1262
1303
1589
1986
2262
2505
2947
3383
3606
3820
4134
4359
4256
3880
3519
3130
2486
1693
921
126
-766
-1689
-2411
-2951
-3533
-4070
-4418
-4641
-4801
-4864
-4762
-4606
-4531
-4349
-3920
-3491
-3168
-2740
-2150
-1620
-1215
-639
97
635
1026
1557
2176
2647
2994
3414
3828
4044
4176
4411
4665
4752
4717
4747
4801
4727
4566
4466
4342
4026
3643
3355
3088
2710
2287
1979
1755
1528
1327
1270
1351
1420
1439
1553
1801
1868
1587
1280
1042
499
-403
-1250
-2006
-3063
-4316
-5204
-5796
-6565
-7285
-7529
-7489
-7471
-7292
-6662
-5877
-5308
-4710
-3845
-2957
-2318
-1777
-1164
-652
-389
-181
172
503
654
763
1053
1483
1841
2192
2685
3212
3588
3877
4271
4602
4611
4420
4183
3810
3220
2541
1881
1088
104
-824
-1582
-2307
-3040
-3674
-4143
-4515
-4844
-4995
-4916
-4774
-4659
-4486
-4134
-3666
-3231
-2783
-2238
-1704
-1256
-776
-192
374
815
1218
1679
2114
2485
2876
3242
3522
3739
3967
4225
4424
4552
4654
4707
4708
4677
4595
4433
4181
3879
3524
3154
2851
2533
2160
1849
1624
1469
1360
1324
1424
1524
1593
1740
1946
2104
2004
1688
1410
997
240
-632
-1453
-2400
-3595
-4744
-5506
-6157
-6938
-7482
-7614
-7589
-7510
-7164
-6473
-5776
-5205
-4468
-3538
-2725
-2090
-1465
-854
-417
-175
118
528
773
839
1001
1334
1689
1967
2293
2767
3139
3312
3542
3854
4039
3956
3728
3518
3156
2591
2025
1402
619
-218
-998
-1693
-2360
-2986
-3469
-3909
-4306
-4493
-4534
-4504
-4425
-4317
-4099
-3769
-3372
-2910
-2468
-2005
-1484
-990
-472
91
633
1097
1458
1832
2283
2694
3013
3284
3551
3798
4019
4244
4459
4621
4685
4677
4661
4632
4567
4390
4090
3768
3427
3054
2734
2416
2025
1640
1330
1129
997
891
882
940
955
979
1105
1290
1277
957
636
372
-165
-938
-1635
-2306
-3222
-4251
-4958
-5396
-5954
-6476
-6633
-6568
-6479
-6212
-5623
-4935
-4403
-3863
-3120
-2368
-1814
-1336
-824
-439
-285
-146
143
379
400
417
605
899
1184
1454
1856
2301
2574
2795
3128
3463
3583
3451
3292
3091
2649
2136
1635
984
203
-571
-1226
-1832
-2442
-2918
-3295
-3668
-3913
-3945
-3825
-3649
-3512
-3291
-2921
-2539
-2163
-1762
-1308
-882
-598
-276
197
612
899
1201
1565
1904
2192
2533
2926
3187
3339
3578
3867
4048
4128
4228
4314
4233
4067
3997
3912
3621
3222
2896
2620
2270
1872
1576
1324
1011
738
629
641
636
626
712
842
936
1071
1253
1298
1094
812
551
152
-470
-1124
-1749
-2542
-3432
-4141
-4622
-5102
-5596
-5850
-5879
-5833
-5640
-5226
-4731
-4291
-3817
-3221
-2615
-2104
-1639
-1240
-982
-814
-619
-396
-230
-146
-71
77
309
584
903
1272
1628
1927
2212
2550
2875
3054
3081
3003
2812
2541
2207
1778
1265
683
88
-453
-930
-1339
-1697
-2026
-2283
-2452
-2526
-2484
-2426
-2392
-2308
-2165
-1997
-1800
-1583
-1383
-1222
-1039
-777
-512
-230
113
424
686
988
1395
1800
2088
2350
2664
2913
3068
3266
3469
3564
3573
3576
3631
3628
3524
3433
3321
3120
2884
2677
2510
2270
1945
1685
1494
1265
1016
865
791
667
542
537
627
659
650
728
794
713
572
435
184
-243
-715
-1183
-1745
-2376
-2954
-3472
-3988
-4477
-4835
-5044
-5179
-5229
-5128
-4888
-4595
-4270
-3851
-3362
-2899
-2500
-2098
-1700
-1407
-1159
-881
-623
-431
-266
-59
194
419
641
948
1271
1530
1783
2071
2349
2514
2592
2664
2667
2537
2322
2086
1810
1411
927
499
112
-326
-764
-1102
-1360
-1630
-1869
-1979
-2028
-2115
-2189
-2141
-2044
-2002
-1905
-1699
-1508
-1358
-1129
-836
-558
-284
34
371
681
1001
1340
1655
1942
2179
2377
2563
2716
2841
2927
2970
2994
2992
2979
2947
2874
2780
2643
2461
2275
2111
1932
1720
1496
1320
1167
991
874
824
767
699
677
719
764
784
835
917
916
829
730
570
249
-180
-592
-1040
-1623
-2235
-2747
-3241
-3758
-4185
-4467
-4649
-4776
-4789
-4647
-4415
-4129
-3790
-3396
-2967
-2543
-2137
-1746
-1380
-1095
-864
-638
-447
-295
-155
13
186
345
549
825
1105
1336
1594
1887
2138
2337
2496
2619
2652
2568
2430
2244
1980
1649
1262
847
444
50
-316
-636
-932
-1200
-1430
-1587
-1684
-1781
-1826
-1786
-1743
-1705
-1618
-1468
-1310
-1225
-1118
-922
-732
-575
-414
-198
44
237
445
706
973
1215
1410
1623
1880
2080
2231
2373
2495
2594
2654
2707
2737
2690
2611
2528
2405
2252
2095
1939
1771
1569
1389
1287
1177
1041
934
854
816
793
782
810
825
818
806
761
665
517
301
-31
-438
-866
-1318
-1833
-2387
-2870
-3328
-3781
-4115
-4322
-4460
-4551
-4509
-4327
-4115
-3845
-3456
-3062
-2720
-2362
-1963
-1606
-1349
-1103
-858
-696
-579
-418
-245
-82
113
338
594
870
1176
1500
1789
2065
2311
2499
2639
2708
2695
2602
2443
2218
1923
1580
1203
811
390
-40
-421
-742
-1041
-1305
-1494
-1614
-1703
-1770
-1769
-1724
-1684
-1626
-1546
-1448
-1326
-1214
-1111
-979
-840
-699
-555
-379
-172
17
224
464
708
959
1186
1421
1672
1866
2016
2179
2342
2427
2466
2514
2561
2541
2453
2413
2368
2228
2078
1955
1823
1648
1457
1306
1171
1002
840
732
634
522
411
334
303
241
171
156
151
116
35
-45
-119
-296
-544
-771
-1018
-1344
-1708
-2013
-2281
-2574
-2834
-2993
-3101
-3205
-3211
-3109
-2997
-2862
-2663
-2397
-2128
-1876
-1578
-1281
-1056
-857
-649
-461
-309
-194
-79
44
131
235
383
547
705
854
1038
1228
1378
1530
1690
1794
1823
1819
1796
1705
1529
1323
1110
836
514
225
-53
-353
-648
-892
-1097
-1305
-1458
-1531
-1603
-1672
-1660
-1605
-1547
-1473
-1358
-1205
-1072
-936
-754
-566
-397
-228
-54
128
308
482
665
845
1013
1165
1314
1464
1570
1661
1780
1870
1920
1958
2016
2078
2087
2082
2089
2078
2009
1901
1813
1721
1566
1383
1234
1100
942
788
669
574
480
409
375
350
342
344
341
330
316
301
246
137
-9
-196
-437
-718
-1038
-1378
-1711
-2035
-2340
-2605
-2811
-2953
-3062
-3137
-3120
-3033
-2916
-2752
-2552
-2316
-2062
-1817
-1554
-1300
-1078
-880
-710
-546
-389
-251
-115
38
179
316
494
705
890
1040
1224
1416
1531
1604
1693
1760
1742
1672
1608
1519
1356
1140
919
664
381
108
-157
-408
-646
-850
-1007
-1132
-1220
-1283
-1307
-1324
-1346
-1308
-1222
-1135
-1068
-970
-831
-709
-592
-443
-269
-121
13
164
343
529
689
856
1006
1125
1255
1382
1486
1538
1561
1608
1633
1627
1635
1666
1668
1624
1583
1579
1556
1471
1397
1348
1273
1169
1081
1022
920
787
700
635
542
445
392
349
278
227
223
243
224
184
165
123
51
-49
-186
-358
-555
-783
-1049
-1321
-1571
-1814
-2054
-2251
-2389
-2500
-2583
-2604
-2552
-2467
-2348
-2172
-1982
-1805
-1617
-1409
-1226
-1072
-915
-759
-634
-525
-419
-315
-204
-104
-2
108
239
385
500
634
802
938
1043
1131
1203
1250
1242
1208
1156
1048
909
743
551
354
163
-30
-227
-421
-585
-708
-822
-902
-949
-978
-960
-917
-861
-787
-704
-600
-502
-430
-340
-210
-109
-26
84
188
284
377
471
571
668
776
876
970
1070
1163
1228
1279
1336
1368
1369
1369
1365
1339
1313
1302
1281
1245
1216
1199
1161
1110
1082
1068
1026
961
913
865
811
752
695
653
615
562
500
455
410
349
292
261
236
160
71
-7
-108
-249
-405
-555
-747
-998
-1219
-1403
-1619
-1826
-1966
-2079
-2192
-2273
-2282
-2239
-2189
-2127
-2019
-1887
-1766
-1626
-1463
-1302
-1154
-1036
-908
-771
-666
-580
-485
-374
-279
-177
-24
146
287
423
592
753
880
986
1089
1145
1133
1109
1081
1003
860
697
523
323
118
-75
-251
-426
-596
-723
-800
-844
-861
-843
-808
-764
-696
-614
-528
-440
-351
-285
-241
-194
-142
-105
-82
-49
-7
46
107
179
279
394
506
634
787
925
1048
1165
1284
1379
1438
1506
1565
1572
1553
1526
1511
1474
1411
1358
1302
1233
1167
1111
1076
1046
1007
966
931
887
833
775
703
611
520
435
332
235
156
67
-26
-104
-163
-214
-280
-354
-419
-480
-545
-620
-695
-778
-892
-1018
-1131
-1250
-1382
-1493
-1588
-1677
-1738
-1753
-1732
-1707
-1673
-1601
-1512
-1417
-1313
-1204
-1092
-994
-907
-817
-730
-645
-571
-521
-460
-391
-331
-244
-150
-51
54
174
308
423
523
626
727
791
815
834
832
771
668
586
500
357
211
87
-41
-169
-265
-332
-387
-433
-445
-432
-414
-373
-319
-260
-202
-163
-110
-63
-31
1
32
70
110
152
197
252
314
375
452
537
625
724
818
901
979
1055
1125
1161
1163
1154
1129
1073
1014
955
886
814
747
689
644
608
593
582
566
573
587
601
619
621
614
605
576
540
502
447
390
323
250
175
112
55
-11
-73
-121
-174
-247
-320
-402
-496
-604
-716
-825
-950
-1084
-1212
-1329
-1443
-1545
-1612
-1659
-1701
-1719
-1694
-1638
-1583
-1513
-1411
-1303
-1212
-1126
-1028
-911
-801
-725
-632
-525
-441
-357
-261
-157
-63
22
120
213
288
354
427
497
531
560
604
617
587
553
532
490
411
331
279
233
167
122
102
81
65
49
55
76
95
120
148
184
216
242
270
295
324
351
377
403
432
466
492
515
536
550
571
594
598
591
591
597
581
549
523
503
480
459
451
444
440
449
451
449
471
501
521
517
519
530
513
498
482
457
420
380
351
309
267
235
201
163
113
86
61
3
-49
-95
-147
-217
-304
-386
-472
-572
-678
-763
-837
-923
-1006
-1075
-1132
-1193
-1226
-1231
-1233
-1227
-1203
-1164
-1109
-1056
-1000
-938
-869
-803
-738
-661
-591
-532
-461
-376
-305
-234
-161
-91
-13
52
114
181
228
267
311
337
347
359
359
335
311
296
275
242
215
208
189
167
158
170
186
185
198
229
245
252
272
303
312
300
290
299
305
289
290
309
319
318
328
362
383
387
411
445
459
460
470
478
447
406
396
374
324
276
243
218
177
147
148
160
166
166
197
232
250
285
320
342
355
354
365
373
366
356
351
345
325
304
293
271
227
185
157
105
34
-19
-79
-168
-258
-339
-431
-534
-617
-701
-780
-849
-908
-935
-954
-977
-976
-954
-940
-917
-880
-831
-780
-730
-664
-603
-543
-486
-433
-380
-337
-301
-254
-194
-150
-106
-57
-11
29
66
106
132
140
148
162
173
167
169
167
148
139
134
116
100
92
88
76
55
58
64
57
74
103
119
137
161
191
216
231
261
287
308
328
351
373
379
389
403
415
426
418
404
403
398
394
391
381
383
379
378
385
376
378
378
372
364
352
351
336
316
295
258
223
182
139
110
61
20
8
-19
-38
-44
-56
-68
-78
-80
-87
-100
-114
-131
-155
-187
-218
-263
-304
-355
-410
-464
-521
-556
-601
-640
-656
-673
-673
-669
-653
-623
-599
-567
-531
-498
-458
-422
-394
-368
-342
-311
-288
-273
-254
-216
-187
-164
-123
-79
-42
-2
55
104
146
179
201
237
249
252
263
252
238
218
201
181
159
136
113
110
102
87
94
109
119
134
162
185
204
225
247
267
284
294
311
333
346
358
377
399
415
430
439
442
443
434
419
404
386
355
314
291
268
227
200
175
147
116
95
83
61
49
44
36
28
9
-11
-23
-38
-65
-89
-101
-123
-151
-167
-169
-182
-195
-200
-207
-210
-215
-216
-209
-216
-223
-222
-225
-237
-252
-261
-274
-290
-306
-325
-334
-352
-372
-374
-375
-382
-377
-366
-362
-352
-341
-339
-321
-300
-290
-281
-263
-241
-225
-206
-186
-180
-167
-150
-150
-144
-135
-128
-119
-119
-105
-73
-51
-36
2
36
51
81
115
141
164
183
206
239
263
290
313
320
327
341
362
364
371
384
385
391
385
381
375
364
364
356
353
353
336
321
306
280
255
230
205
171
139
116
91
69
55
43
36
24
17
20
18
14
14
11
5
3
5
0
-9
-14
-18
-29
-42
-51
-59
-72
-86
-98
-98
-91
-105
-114
-106
-114
-131
-130
-124
-129
-146
-157
-158
-174
-186
-187
-193
-198
-209
-206
-201
-209
-209
-205
-195
-180
-168
-159
-150
-152
-156
-148
-138
-141
-141
-140
-143
-143
-146
-141
-126
-124
-132
-126
-114
-109
-99
-98
-79
-63
-50
-31
-30
-24
-11
11
34
55
80
102
136
173
197
226
264
297
318
346
369
375
382
386
380
361
333
310
281
244
213
181
149
129
102
75
53
25
4
-15
-33
-54
-67
-80
-100
-104
-108
-120
-119
-125
-129
-131
-133
-124
-115
-104
-86
-64
-36
-8
10
36
58
69
80
91
107
113
99
94
95
85
72
61
44
26
9
2
-1
-13
-29
-41
-50
-62
-76
-84
-95
-102
-111
-110
-116
-126
-120
-117
-110
-108
-106
-99
-95
-99
-107
-103
-104
-107
-104
-102
-101
-106
-109
-104
-108
-113
-108
-105
-96
-85
-70
-43
-33
-26
-5
12
15
30
44
46
56
63
71
80
91
98
110
126
129
139
148
153
149
139
150
150
131
122
111
97
76
60
51
39
25
11
-4
-9
-23
-33
-43
-59
-70
-82
-91
-103
-113
-112
-125
-135
-136
-138
-136
-135
-132
-126
-115
-99
-83
-68
-57
-42
-22
-11
7
29
32
43
48
46
58
64
66
76
76
67
65
64
61
54
40
40
42
36
26
25
18
11
16
26
30
19
21
34
39
34
44
62
55
58
62
59
64
56
54
58
49
35
35
36
18
11
17
15
-2
-6
5
-1
0
4
11
21
22
26
35
42
45
48
51
51
49
51
55
58
60
64
67
70
67
69
71
66
66
58
45
30
22
8
-13
-34
-51
-64
-82
-104
-123
-135
-136
-138
-137
-133
-133
-126
-115
-106
-101
-97
-87
-84
-85
-90
-95
-97
-92
-96
-96
-81
-76
-72
-59
-52
-44
-23
-11
-6
7
16
20
27
24
18
18
18
6
-12
-20
-31
-36
-41
-50
-46
-47
-46
-34
-32
-24
-12
0
13
20
25
33
35
39
45
45
50
53
50
49
47
54
65
71
81
89
94
98
95
89
92
93
88
82
77
72
71
70
64
56
53
51
41
36
32
25
24
18
13
8
-5
-5
-19
-23
-23
-33
-33
-37
-39
-33
-28
-27
-19
-9
-9
-12
-16
-14
-13
-14
-11
-18
-25
-24
-28
-35
-34
-32
-29
-22
-19
-16
-5
3
10
8
5
11
15
4
0
1
-9
-18
-17
-21
-32
-38
-47
-50
-50
-61
-68
-77
-81
-77
-78
-77
-79
-76
-69
-69
-61
-60
-59
-44
-39
-32
-11
1
9
24
38
47
54
64
74
83
91
98
109
110
112
120
119
120
125
116
107
106
100
91
84
72
55
39
26
9
-6
-17
-36
-39
-38
-54
-50
-49
-56
-44
-40
-40
-33
-35
-29
-24
-17
-2
-2
0
4
0
5
0
-2
-2
-5
0
0
-6
-4
-4
-11
-16
-15
-21
-32
-35
-39
-40
-37
-42
-49
-46
-41
-43
-34
-30
-30
-25
-23
-22
-28
-29
-21
-27
-32
-36
-46
-51
-60
-67
-70
-73
-73
-75
-79
-83
-85
-73
-68
-68
-64
-66
-56
-49
-50
-44
-32
-29
-26
-11
-7
-4
2
15
27
38
59
66
71
85
90
94
104
110
112
110
112
114
115
114
110
113
114
107
103
93
88
85
76
69
72
64
60
60
48
46
41
33
34
31
24
22
21
14
11
14
10
7
4
2
-5
-9
-15
-21
-26
-39
-42
-39
-42
-47
-44
-43
-36
-25
-29
-27
-20
-17
-16
-20
-25
-27
-32
-37
-41
-53
-58
-55
-64
-67
-68
-66
-59
-58
-61
-60
-53
-42
-43
-48
-40
-35
-35
-40
-42
-44
-47
-50
-57
-65
-65
-64
-69
-68
-71
-68
-57
-56
-50
-47
-33
-21
-21
-13
0
8
0
9
14
12
18
14
19
19
18
27
29
33
31
32
42
46
44
50
53
48
48
48
50
41
37
36
27
30
23
18
22
12
23
28
23
27
27
30
37
37
39
50
56
54
64
59
56
69
67
65
71
66
65
72
67
61
58
54
50
40
29
17
2
-6
-19
-34
-41
-47
-54
-54
-59
-62
-60
-68
-66
-59
-57
-51
-43
-41
-37
-35
-32
-27
-26
-22
-19
-16
-12
-6
-4
0
11
11
16
18
15
16
10
8
6
2
3
-1
-9
-10
-12
-22
-30
-31
-41
-43
-41
-47
-38
-27
-19
-17
-13
-3
-4
7
9
12
24
34
41
40
40
46
53
53
54
56
60
62
62
62
52
55
53
49
47
35
32
32
19
16
14
6
12
13
7
4
-9
-19
-25
-29
-32
-37
-40
-42
-43
-46
-52
-57
-56
-53
-57
-52
-49
-49
-41
-39
-38
-33
-35
-35
-33
-42
-47
-50
-50
-46
-50
-48
-41
-39
-33
-22
-19
-16
-15
-8
1
1
8
18
21
21
20
18
13
9
7
5
4
5
5
7
16
11
10
21
17
18
21
22
24
22
24
27
24
21
16
13
8
0
-2
-9
-8
-3
-8
-1
1
0
10
12
10
17
20
21
26
31
37
42
39
44
51
46
48
50
49
57
60
66
64
58
64
59
59
60
53
52
47
33
25
20
12
9
4
-2
-7
-6
-12
-13
-14
-21
-13
-11
-15
-22
-28
-26
-27
-30
-32
-31
-41
-41
-37
-49
-42
-41
-47
-38
-33
-34
-36
-27
-22
-19
-10
-6
-6
-8
-2
-1
-2
5
2
3
9
6
9
5
3
4
8
9
1
3
-1
-4
-5
-13
-13
-16
-22
-29
-31
-35
-39
-38
-41
-42
-43
-40
-32
-36
-32
-30
-33
-30
-32
-29
-21
-23
-14
-13
-17
-11
-19
-20
-12
-10
-4
0
-1
-3
-3
1
3
10
17
15
15
5
2
3
-1
-1
0
3
8
9
4
0
6
13
21
25
21
19
22
25
24
17
18
22
14
13
8
2
1
-5
-6
-8
-14
-9
-10
-8
-5
-6
2
3
4
9
12
14
17
21
21
25
24
22
