5
8
10
7
3
4
10
8
-2
-3
4
2
-3
1
-2
-7
-7
-5
1
-4
-7
-9
-12
-6
-4
-6
-9
-6
-5
-5
3
3
3
-3
2
8
5
8
1
5
6
3
4
-1
9
12
1
1
1
4
7
7
2
-4
-4
-6
-1
-3
-7
-1
-1
-1
1
0
1
-3
-7
-2
-4
-9
-5
-2
1
2
3
5
6
6
5
-1
-5
-4
-8
-16
-17
-6
-5
-3
-11
-17
-6
-11
-14
-7
-10
-9
-4
-7
-9
-7
-8
-11
-5
-3
-7
-6
-3
0
1
-8
-7
-5
-9
2
-2
-8
-4
-2
3
-7
-1
15
8
3
6
7
0
1
2
2
6
11
7
-1
9
11
5
7
8
6
8
8
9
9
5
8
2
3
11
7
7
5
2
2
1
9
9
4
8
14
18
8
5
9
10
11
11
7
1
1
0
-4
1
-2
-7
-8
-9
-7
-9
-8
-2
0
6
11
8
3
1
-4
-1
-4
-7
2
2
2
2
-3
0
0
-8
-10
-11
-8
-6
-6
-5
-4
-1
-7
-6
-3
0
6
7
2
-2
1
4
3
-6
-5
-2
-8
-4
-9
-13
-7
-6
-3
0
-5
-2
1
-7
-4
-3
-6
3
-4
-11
-9
-14
-12
-10
-10
-6
-11
-3
0
-5
-4
-3
-1
-5
-6
-9
-8
-2
-1
-1
-4
0
2
-4
0
9
9
10
12
17
18
17
20
17
18
17
13
11
10
1
-4
0
-5
-1
3
-4
0
0
-4
4
5
5
3
-2
6
7
-1
2
6
8
2
2
5
7
10
7
3
4
1
-4
-3
-2
-5
-3
0
-9
-12
-17
-25
-26
-22
-14
-14
-10
-5
-14
-8
0
-6
-14
-4
-3
-8
-3
-6
-7
-13
-21
-11
-3
-14
-13
-4
-13
-11
-11
-18
-6
-2
-4
-3
-6
2
-3
-4
0
-6
0
14
13
13
14
8
13
9
7
19
20
24
19
10
15
15
7
14
19
11
15
21
16
18
22
11
7
3
1
8
9
4
1
0
-1
0
-1
-3
-3
-5
-6
-10
-5
-4
-3
3
-4
-3
0
-6
-1
-2
0
-5
-14
-10
-11
-6
3
-1
1
-1
-5
-2
-1
-2
-3
-2
1
6
6
13
14
5
12
17
9
7
12
15
4
3
11
-1
3
2
-4
0
-3
-4
-4
-1
-5
-10
-1
0
-3
-7
-11
-8
-4
-4
3
1
-5
5
0
-8
-5
-8
-5
-5
-9
-4
-4
-4
-9
-9
-3
-2
-5
-6
-6
-5
-1
1
2
5
2
4
5
4
14
10
4
2
-1
1
-3
-4
-5
-9
-3
3
-6
-3
9
3
0
10
10
11
6
-2
6
6
-1
-3
0
2
0
2
-3
-2
5
-3
2
2
-8
-3
2
7
3
0
2
3
6
-1
6
8
-2
1
-4
-10
-5
-8
-5
4
-4
-4
0
1
-2
-5
-4
-7
-5
-5
-1
1
0
7
3
3
4
6
9
3
5
4
0
-3
0
0
-7
-6
-3
-5
-1
-2
-2
-1
0
10
4
-1
7
0
-6
5
7
7
13
12
14
17
22
29
23
20
17
12
10
11
10
-2
-3
-2
-13
-12
-18
-28
-29
-28
-32
-28
-20
-24
-28
-17
-21
-24
-19
-25
-23
-18
-21
-20
-23
-11
-9
-15
-13
-18
-20
-16
-12
-11
-15
-11
-3
-5
-6
0
-3
-2
1
-11
-6
1
-8
-1
8
8
15
23
29
30
36
32
32
36
24
27
27
17
12
9
9
8
12
11
19
22
18
30
36
29
30
35
23
20
25
26
30
24
20
18
17
18
13
13
12
3
-1
-10
-20
-23
-30
-41
-44
-45
-46
-48
-42
-37
-31
-31
-34
-26
-27
-27
-23
-19
-16
-23
-26
-18
-12
-12
-2
0
-10
1
3
-7
4
14
9
13
14
20
33
42
51
51
58
67
54
53
52
38
35
24
18
14
13
29
24
21
33
35
31
33
41
36
31
41
35
29
28
16
20
26
18
15
7
4
-3
-7
-5
-16
-22
-27
-31
-34
-39
-38
-48
-49
-43
-46
-40
-43
-47
-41
-47
-59
-62
-66
-76
-67
-69
-73
-63
-62
-61
-63
-54
-44
-48
-44
-44
-44
-39
-42
-38
-28
-21
-14
-4
4
10
16
26
24
26
32
27
28
27
29
22
22
38
39
37
44
56
71
74
74
86
104
111
115
133
146
151
153
164
172
158
159
175
168
157
146
133
113
101
101
97
95
96
104
102
102
113
112
101
90
84
78
57
26
1
-24
-63
-110
-143
-185
-233
-277
-325
-352
-378
-408
-432
-451
-468
-478
-478
-479
-475
-457
-445
-423
-394
-369
-338
-308
-272
-240
-214
-169
-123
-89
-54
-12
26
54
71
92
129
157
179
199
218
239
262
282
302
332
347
350
376
415
451
479
520
586
654
720
803
885
941
986
1031
1061
1077
1077
1068
1055
1054
1094
1157
1227
1309
1402
1488
1537
1565
1536
1364
1010
570
70
-550
-1241
-1939
-2596
-3222
-3756
-4084
-4232
-4251
-4151
-3909
-3526
-3066
-2564
-2050
-1559
-1139
-794
-478
-189
76
293
474
676
906
1194
1519
1853
2186
2466
2681
2843
2936
2907
2714
2380
1952
1452
878
276
-297
-869
-1429
-1886
-2188
-2382
-2494
-2498
-2424
-2309
-2117
-1875
-1657
-1480
-1327
-1215
-1207
-1225
-1142
-1066
-1072
-984
-722
-422
-139
300
904
1379
1714
2133
2562
2752
2732
2732
2666
2339
1930
1647
1400
1072
792
718
751
795
961
1264
1556
1784
2008
2210
2365
2471
2514
2486
2401
2362
2292
2135
2016
1900
1621
1103
597
147
-546
-1373
-2152
-2888
-3695
-4485
-4950
-5235
-5514
-5658
-5546
-5219
-4828
-4308
-3639
-2973
-2371
-1781
-1156
-556
-13
437
807
1171
1541
1899
2236
2566
2844
3008
3119
3259
3350
3267
3052
2760
2357
1839
1299
760
145
-537
-1189
-1745
-2216
-2560
-2810
-3009
-3117
-3118
-3018
-2866
-2604
-2298
-2100
-1892
-1527
-1095
-777
-463
-18
316
420
635
1032
1161
981
944
1065
876
510
529
661
374
27
162
413
248
119
454
683
458
404
787
972
749
735
1094
1262
1174
1410
1954
2242
2343
2716
3246
3536
3653
3949
4285
4335
4326
4438
4474
4323
4027
3704
3198
2334
1392
356
-898
-2188
-3498
-4751
-5894
-6882
-7523
-7937
-8165
-8077
-7780
-7317
-6654
-5819
-4922
-4080
-3270
-2442
-1672
-996
-293
383
922
1426
1993
2648
3291
3844
4399
4874
5146
5331
5425
5345
4990
4360
3650
2826
1880
948
-15
-1002
-1948
-2796
-3415
-3852
-4170
-4352
-4483
-4479
-4288
-4032
-3708
-3378
-3070
-2834
-2671
-2314
-1902
-1659
-1479
-1214
-796
-445
-34
659
1261
1615
2011
2626
3191
3406
3527
3669
3483
3004
2669
2454
1966
1246
738
506
276
164
426
775
961
1266
1847
2514
2987
3282
3566
3637
3588
3732
3840
3808
3734
3644
3650
3693
3801
3934
3583
2833
2151
1291
172
-1121
-2548
-4009
-5695
-7140
-7930
-8505
-8953
-9173
-9063
-8539
-7811
-6797
-5551
-4500
-3634
-2779
-1884
-916
-92
467
891
1245
1636
2176
2800
3428
3930
4232
4593
5084
5484
5694
5556
5122
4513
3709
2883
2005
937
-269
-1554
-2624
-3333
-3911
-4410
-4748
-4904
-4913
-4781
-4317
-3699
-3365
-3222
-2950
-2565
-2448
-2506
-2303
-2210
-2454
-2452
-1868
-1145
-774
-183
990
1946
2554
3423
4440
4868
4596
4498
4636
4129
3195
2566
2054
1275
551
484
774
742
804
1485
2274
2872
3517
4167
4539
4474
4431
4646
4533
4172
3948
3694
3444
3347
3465
3543
3049
2316
1779
942
-149
-1283
-2678
-4230
-5977
-7399
-8176
-8941
-9530
-9814
-9906
-9499
-8741
-7603
-6231
-5131
-4061
-2926
-1813
-591
450
1156
1586
1830
2196
2730
3225
3658
4010
4190
4405
4824
5293
5585
5445
5016
4539
3868
3147
2397
1345
54
-1387
-2613
-3416
-4131
-4732
-5201
-5569
-5640
-5473
-4992
-4358
-4013
-3876
-3767
-3587
-3416
-3320
-3144
-3077
-3151
-2914
-2137
-1161
-294
718
1921
2916
3714
4695
5704
6062
5783
5502
5238
4590
3679
3009
2515
1760
1071
996
1324
1659
1992
2560
3299
3795
4151
4575
4824
4886
4658
4289
4190
4011
3711
3496
3335
3312
2786
1870
1362
634
-580
-1963
-3323
-4429
-5948
-7541
-8288
-8846
-9474
-9927
-10027
-9443
-8760
-8082
-6893
-5599
-4450
-3408
-2384
-1032
198
889
1512
2151
2702
3275
3718
4181
4672
4822
4977
5294
5513
5732
5521
4986
4632
3990
3238
2499
1440
364
-934
-2179
-2861
-3671
-4471
-4887
-5307
-5523
-5502
-5230
-4747
-4947
-5265
-4900
-4899
-5150
-4899
-4424
-4157
-4344
-3597
-1728
-759
-47
1579
3198
4077
4539
5828
7148
6737
5934
5931
5777
4827
3740
3432
3160
2111
1443
1921
2510
2575
2773
3384
3951
4084
4255
4829
4877
4480
4294
4137
4154
4072
3890
3792
3365
2821
2001
997
179
-1132
-2856
-4456
-5817
-7095
-8514
-9446
-9835
-10297
-10643
-10443
-9644
-8692
-7821
-6730
-5417
-4119
-3038
-2004
-762
299
931
1420
2129
2944
3396
3795
4437
4911
5155
5364
5699
5956
5764
5398
4984
4365
3651
2735
1709
680
-535
-1721
-2737
-3600
-4293
-4931
-5400
-5619
-5619
-5440
-5255
-5253
-5190
-4970
-5097
-5233
-4971
-4677
-4481
-4327
-3514
-2176
-1234
-53
1505
2916
4177
5133
6261
7259
7431
7327
7014
6490
5906
5042
4254
3625
2873
2315
2176
2295
2611
2940
3224
3603
3836
4146
4619
4678
4587
4513
4428
4476
4385
4466
4557
3941
2911
1958
1083
-130
-1804
-3474
-4992
-6687
-8352
-9275
-9743
-10300
-10848
-11096
-10598
-9757
-8911
-7736
-6550
-5431
-4362
-3393
-2007
-646
117
679
1257
2062
2881
3454
4174
4781
5054
5394
5828
6296
6577
6326
5741
5108
4470
3768
2781
1629
487
-842
-2105
-2905
-3574
-4273
-4822
-5329
-5567
-5486
-5264
-5121
-5668
-6028
-5883
-6385
-6681
-6342
-5929
-5722
-5683
-4212
-2106
-951
560
2472
4179
5454
6348
7872
8837
8434
7930
7402
6890
6183
5069
4359
3671
2774
2400
2539
3060
3514
3606
3897
4291
4609
5066
5289
5086
4759
4518
4347
4265
4345
4303
3666
2326
1259
628
-664
-2232
-3783
-5461
-7042
-8722
-9527
-9689
-10386
-10872
-11127
-10831
-9720
-8851
-7744
-6460
-5495
-4366
-3312
-1887
-262
492
988
1652
2402
3311
3970
4530
5090
5344
5573
5987
6437
6727
6423
5644
5040
4526
3766
2762
1597
415
-853
-2139
-3092
-3699
-4341
-5163
-5840
-6024
-5792
-5874
-6352
-6507
-6636
-7013
-7233
-7068
-6530
-6306
-6090
-4943
-3433
-1791
-38
1564
3292
4812
6170
7543
8383
8850
8745
8022
7492
6967
6288
5489
4459
3786
3351
3082
3363
3685
3967
4117
4029
4386
4854
5045
4973
4554
4432
4328
4080
4308
4431
3986
2760
1369
695
-380
-2027
-3656
-5380
-6976
-8700
-9808
-9952
-10286
-10714
-11094
-10940
-9820
-8730
-7719
-6620
-5549
-4479
-3726
-2597
-968
53
443
811
1603
2614
3326
3994
4642
5072
5394
5757
6349
6811
6726
6101
5303
4771
4100
3092
1946
591
-756
-2118
-3253
-3833
-4477
-5233
-5842
-6233
-6083
-6155
-6501
-6520
-6896
-7282
-7358
-7276
-6811
-6644
-6153
-5008
-3926
-2083
13
1631
3337
4951
6662
7962
8625
9482
9542
8713
8101
7555
6987
6024
4929
4305
3712
3482
3692
3955
4335
4488
4552
4825
5285
5645
5405
5010
4855
4643
4444
4432
4402
3584
1944
704
-242
-1643
-3227
-4895
-6483
-8230
-9831
-10288
-10473
-10826
-11083
-11366
-10899
-9879
-8806
-7603
-6630
-5559
-4513
-3694
-2276
-744
160
665
1118
2053
3123
3959
4770
5325
5749
6136
6472
6938
7254
7052
6239
5340
4708
3961
2961
1726
416
-888
-2310
-3337
-3914
-4621
-5308
-5963
-6340
-6396
-6875
-7094
-7166
-7805
-8069
-8102
-7902
-7457
-7144
-5996
-4735
-3554
-1385
648
2353
4111
5745
7466
8395
8908
9619
9356
8626
8060
7380
6749
5754
4801
4297
3809
3727
3905
4022
4347
4503
4510
4767
5084
5210
4893
4503
4411
4235
4092
4153
4072
3142
1626
669
-341
-1843
-3456
-5143
-6689
-8618
-10075
-10364
-10774
-11122
-11423
-11611
-10833
-9859
-8706
-7426
-6494
-5190
-4173
-3312
-1643
-292
513
1008
1424
2497
3365
3975
4762
5167
5615
6093
6429
6971
7235
6961
6254
5412
4848
4152
3015
1713
478
-854
-2260
-3143
-3824
-4620
-5276
-5935
-6303
-6750
-7153
-7090
-7826
-8490
-8331
-8489
-8449
-8105
-7107
-5803
-5242
-3421
-761
874
2642
4639
6653
8116
8619
9711
10338
9698
9207
8528
7878
7212
6125
5472
4863
4449
4527
4452
4674
5000
5060
5152
5285
5559
5527
5187
4909
4568
4397
4218
3992
3336
1779
494
-693
-2323
-3874
-5658
-7199
-8912
-10870
-11500
-11749
-12098
-12231
-12496
-11785
-10589
-9489
-7907
-6557
-5131
-3787
-2976
-1449
231
1196
1793
2154
2967
3869
4392
5107
5609
5859
6177
6410
6772
7144
7081
6408
5478
4778
4104
3065
1793
565
-836
-2323
-3398
-4199
-4904
-5542
-6309
-7027
-7430
-7514
-7769
-8400
-8598
-8517
-8822
-8772
-7827
-6591
-5779
-4785
-2740
-524
1259
3202
5337
7097
8236
9128
9970
10350
10111
9452
8575
7809
7119
6287
5494
4878
4583
4491
4504
4815
5131
5336
5396
5327
5514
5551
5242
4831
4293
3811
3279
2833
2177
686
-747
-1889
-3334
-4880
-6277
-7271
-8610
-10234
-10764
-10779
-10860
-10905
-10874
-10243
-9462
-8494
-7177
-6067
-4820
-3738
-2979
-1804
-409
821
1556
2006
2875
3718
4372
5099
5620
6015
6195
6255
6437
6513
6437
5795
4764
4002
3237
2268
1146
127
-923
-2316
-3316
-3881
-4454
-4967
-5519
-5985
-6513
-6872
-6911
-7431
-7898
-7909
-8125
-8262
-7898
-6724
-5551
-4840
-3155
-940
878
2695
4619
6639
7914
8589
9480
9874
9749
9287
8442
7753
6922
6091
5469
4691
4402
4355
4331
4734
4903
5248
5604
5483
5767
5763
5514
5398
4797
4642
4520
4149
3921
2486
1062
221
-1443
-3021
-4670
-6248
-7660
-9848
-10820
-10956
-11721
-11954
-12231
-12193
-11400
-10666
-9339
-8221
-7315
-5788
-4859
-3830
-2088
-737
240
822
1650
2959
3728
4472
5281
5690
6144
6463
6709
7101
7256
6870
6055
5356
4856
4062
2855
1725
655
-768
-2014
-2830
-3603
-4351
-5216
-6026
-6666
-7232
-7504
-8154
-8967
-9038
-9181
-9394
-8995
-7963
-6662
-5824
-4353
-1821
252
2114
4231
6252
7879
8815
9760
10503
10329
9983
9381
8471
7787
7002
6339
5645
4978
5116
5268
5352
5686
5841
6179
6179
6004
6350
6059
5433
4981
4325
4139
3814
3334
2639
761
-482
-1377
-3248
-4732
-6215
-7747
-9437
-11255
-11355
-11345
-12079
-12041
-12042
-11619
-10518
-9523
-8122
-7068
-6041
-4652
-3892
-2521
-719
152
769
1407
2389
3494
4132
4848
5412
5725
6160
6433
6752
7159
7023
6171
5292
4871
4242
3119
1912
736
-452
-1808
-2778
-3320
-4125
-4900
-5956
-6889
-6933
-7305
-8002
-8510
-8837
-8872
-9310
-8960
-7525
-6870
-6121
-4534
-2562
-384
1466
3678
5674
6719
8169
9394
9821
10072
9847
9369
8494
7639
7411
6728
5808
5299
5063
5297
5524
5652
5923
6063
6059
5898
5980
6091
5483
4718
4190
3876
3622
3264
2794
1276
-377
-1159
-2536
-4239
-5713
-7163
-8763
-10840
-11542
-11211
-11842
-12224
-12204
-11918
-10870
-9865
-8475
-7135
-6254
-4873
-3903
-2817
-897
214
755
1315
2107
3346
4041
4631
5377
5579
5893
6328
6669
7145
7153
6531
5685
5059
4652
3818
2556
1280
67
-1223
-2354
-3033
-3752
-4640
-5788
-6944
-7250
-7537
-8273
-8874
-9330
-9470
-9680
-9395
-8031
-7114
-6350
-4719
-2816
-655
1493
3605
5616
6752
8040
9479
9882
10076
10060
9447
8695
7876
7515
7168
6207
5617
5494
5522
5903
6049
6115
6469
6301
6077
6307
6167
5730
5035
4323
4130
3706
3440
3183
1375
-227
-941
-2492
-4176
-5852
-7324
-8840
-11236
-11951
-11578
-12348
-12665
-12778
-12583
-11396
-10387
-8911
-7526
-6664
-5072
-4069
-3050
-978
206
738
1264
1992
3330
4081
4571
5317
5528
5837
6361
6629
7124
7304
6630
5819
5203
4852
4209
2700
1339
267
-1194
-2332
-3040
-3810
-4831
-6433
-7423
-7703
-8573
-9186
-9632
-10228
-10397
-10371
-9283
-7969
-7301
-5725
-3905
-2137
234
2522
4750
6197
7121
8794
9755
9923
10197
9885
9337
8500
7831
7900
7423
6644
6249
6137
6450
6694
6761
6938
6848
6418
6234
6186
5769
5121
4427
3816
3382
3182
3307
2673
788
-423
-1122
-2701
-4384
-5937
-7334
-9261
-11474
-11807
-11761
-12482
-12771
-12990
-12537
-11377
-10195
-8585
-7388
-6301
-4733
-3770
-2352
-425
535
1082
1455
2243
3432
3984
4491
4918
5083
5537
5965
6355
6872
6870
6204
5534
5188
4949
4129
2692
1444
263
-1100
-2120
-2867
-3770
-5073
-6687
-7490
-7766
-8650
-9317
-9788
-10250
-10360
-10119
-8772
-7555
-6947
-5345
-3502
-1667
673
2942
5023
6193
7133
8894
9716
9772
10013
9701
9177
8381
7906
8126
7561
6716
6464
6528
6888
7067
7056
7220
6959
6405
6389
6276
5648
4980
4267
3678
3285
3169
3303
2233
217
-627
-1491
-3300
-4886
-6466
-7994
-10192
-12150
-12070
-12348
-13148
-13226
-13387
-12660
-11341
-10049
-8337
-7253
-6028
-4401
-3450
-1748
105
818
1340
1763
2691
3819
4240
4751
5136
5324
5890
6360
6790
7336
7184
6398
5846
5593
5259
4177
2622
1458
165
-1279
-2261
-3181
-4305
-5785
-7387
-8050
-8458
-9292
-9886
-10516
-10792
-10640
-10222
-8870
-7749
-6816
-5089
-3327
-1248
1158
3292
5192
6337
7541
9205
9820
9924
10054
9702
9233
8532
8192
8239
7578
6817
6585
6708
7053
7184
7062
7074
6827
6346
6362
6167
5468
4840
4109
3618
3406
3376
3485
2138
163
-497
-1565
-3390
-5014
-6663
-8236
-10598
-12235
-12012
-12489
-13198
-13358
-13458
-12513
-11213
-9813
-8179
-7187
-5816
-4323
-3358
-1547
108
756
1207
1660
2759
3810
4205
4693
5008
5278
5822
6251
6728
7235
7005
6222
5720
5546
5216
4005
2416
1318
56
-1346
-2296
-3218
-4368
-5943
-7430
-7917
-8357
-9070
-9648
-10418
-10671
-10495
-9929
-8684
-7844
-6853
-5227
-3584
-1390
1009
3153
4943
6009
7446
9134
9812
10058
10057
9767
9316
8607
8443
8372
7644
6879
6514
6765
7096
7087
7040
6911
6615
6283
6253
6185
5469
4664
4081
3533
3336
3475
3437
2156
210
-543
-1400
-3280
-4971
-6547
-8327
-10654
-12229
-12082
-12432
-13264
-13467
-13428
-12582
-11188
-9722
-8212
-7220
-5924
-4404
-3340
-1638
11
681
1072
1573
2692
3791
4229
4608
4905
5286
5903
6349
6829
7318
7082
6275
5775
5681
5328
4089
2461
1281
81
-1295
-2303
-3303
-4495
-6004
-7546
-7988
-8264
-9102
-9700
-10370
-10683
-10521
-9997
-8665
-7887
-7206
-5392
-3616
-1654
751
2957
4826
5831
7223
9264
9983
10088
10234
9972
9543
8835
8605
8565
7675
6817
6516
6641
6948
6932
6821
6755
6464
6170
6235
6204
5475
4617
4061
3599
3379
3388
3463
2555
587
-304
-852
-2482
-4193
-5929
-7626
-9673
-11617
-11792
-11988
-13025
-13455
-13596
-12953
-11616
-10414
-8923
-7870
-6806
-5043
-3750
-2207
-482
318
891
1434
2385
3671
4236
4519
4797
5124
5865
6448
6786
7234
7310
6794
6254
6121
5983
5038
3430
2056
985
-295
-1587
-2788
-4110
-5434
-6845
-7795
-8092
-8663
-9441
-10191
-10564
-10212
-9881
-9233
-8264
-7661
-6479
-4666
-2735
-628
1227
3123
4736
5895
7686
9231
9643
9669
9637
9720
9466
8899
8755
8316
7421
6857
6755
7004
7023
6733
6594
6467
6314
6140
5996
5688
4790
4000
3683
3381
3200
3135
2993
2155
634
-6
-506
-2241
-4055
-5672
-7277
-9078
-10840
-11262
-11727
-12892
-13239
-13174
-12563
-11405
-10446
-9178
-7974
-6691
-4900
-3645
-2333
-802
-47
584
1231
2020
3031
3434
3607
3920
4405
5134
5526
5746
6261
6585
6260
5875
5911
5738
4875
3530
2359
1532
348
-1017
-2179
-3355
-4377
-5709
-6917
-7182
-7880
-8868
-9415
-9758
-9535
-9495
-9033
-7885
-7394
-6193
-4166
-2542
-755
1118
3149
4804
5712
7392
8886
9042
9131
9270
9368
9073
8417
8317
7988
7344
7031
6908
7120
7192
7034
7019
6882
6701
6484
6198
5827
4972
4198
3877
3367
2960
2859
2760
2159
774
-21
-450
-1975
-3772
-5307
-6852
-8633
-10544
-11387
-11775
-12790
-13369
-13364
-12985
-12011
-10991
-9723
-8345
-7104
-5453
-3997
-2747
-1234
-153
517
1118
1794
2721
3310
3509
3847
4309
4913
5444
5733
6175
6609
6539
6203
6096
6061
5468
4231
3040
2201
1083
-408
-1739
-2980
-4264
-5599
-6811
-7536
-8200
-8983
-9549
-9974
-9888
-9410
-9020
-8327
-7400
-6176
-4564
-3048
-1291
596
2228
3828
5157
6430
7704
8362
8576
8651
8746
8826
8467
8032
7823
7551
7260
6961
6871
7040
6968
6731
6533
6438
6363
5835
5221
4847
4175
3573
3207
2844
2799
2713
2662
2377
1231
607
81
-1614
-3272
-4786
-6345
-8152
-10329
-11166
-11620
-12864
-13327
-13334
-12953
-11899
-10999
-9587
-8037
-6779
-5077
-3770
-2510
-867
16
562
1122
1635
2383
2806
2974
3299
3669
4201
4726
5078
5679
6326
6304
6081
6200
6204
5755
4634
3407
2670
1459
-78
-1241
-2448
-3610
-5237
-6703
-6985
-7823
-8919
-9265
-9651
-9677
-9555
-8916
-7652
-7262
-6272
-4264
-2911
-1394
496
2334
3832
4602
6064
7668
7988
8241
8573
8663
8598
8184
8149
8136
7651
7347
7203
7289
7453
7292
7257
7217
6842
6502
6172
5822
5169
4176
3652
3185
2572
2426
2430
2329
1547
411
39
-696
-2305
-3798
-5271
-6887
-8823
-10527
-11108
-11858
-12988
-13310
-13231
-12736
-11792
-10672
-9235
-8007
-6634
-4840
-3423
-2101
-687
278
875
1364
1979
2724
3126
3212
3399
3863
4483
4862
5101
5625
6133
6016
5775
5989
5972
5247
4083
3097
2355
1162
-235
-1517
-2876
-4139
-5442
-6583
-7223
-7939
-8755
-9274
-9458
-9176
-8761
-8251
-7479
-6752
-5601
-3931
-2439
-1012
549
2160
3550
4599
5880
7132
7635
7769
7986
8273
8348
8031
7776
7630
7352
7114
6975
6994
7013
6818
6669
6626
6464
6178
5774
5185
4572
3943
3301
2922
2523
2153
2215
2250
2138
1613
765
398
-634
-2393
-3593
-5016
-6808
-8745
-10301
-10781
-11760
-12875
-12835
-12765
-12359
-11337
-10203
-8641
-7368
-6057
-4302
-3097
-1788
-398
305
874
1318
1863
2587
2838
2936
3333
3863
4329
4678
5163
5918
6271
5992
6036
6262
5975
5283
4214
3326
2522
1064
-255
-1346
-2586
-3881
-5660
-6679
-7083
-8370
-9149
-9318
-9562
-9476
-9186
-7981
-6903
-6496
-4819
-2960
-1848
-322
1518
3249
4127
4805
6363
7224
7143
7335
7610
7642
7283
7088
7355
7336
7089
7034
7241
7445
7350
7305
7373
7103
6448
5916
5550
4842
3886
3140
2702
2162
1669
1847
2162
2108
1775
1207
918
331
-1051
-2337
-3836
-5646
-7482
-9362
-10361
-11278
-12637
-13161
-13253
-13002
-12133
-11101
-9627
-8239
-6954
-5056
-3461
-2214
-816
196
849
1243
1643
2330
2650
2549
2643
3071
3599
3958
4302
4929
5530
5658
5701
6054
6204
5760
4907
4025
3280
2228
805
-564
-1900
-3224
-4564
-5800
-6594
-7329
-8180
-8683
-8825
-8710
-8359
-7854
-7201
-6489
-5515
-4116
-2803
-1643
-261
1190
2461
3502
4594
5732
6426
6749
7070
7534
7869
7775
7647
7708
7726
7622
7476
7467
7435
7158
6917
6724
6426
6061
5472
4797
4239
3682
3151
2736
2386
2103
2060
2234
2396
2107
1432
1076
340
-1208
-2539
-3865
-5622
-7679
-9536
-10411
-11328
-12572
-12946
-12959
-12710
-11825
-10737
-9265
-7803
-6449
-4793
-3466
-2151
-685
140
580
992
1476
2014
2275
2399
2612
2983
3494
3932
4412
5147
5792
5892
5820
6189
6448
5892
4994
4207
3278
2079
780
-433
-1592
-2829
-3974
-5089
-6064
-6349
-6814
-7873
-8195
-7962
-7951
-8035
-7770
-6763
-6117
-5726
-4234
-2753
-1705
-239
1270
2644
3810
5042
6364
6819
7048
7758
8014
7707
7452
7435
7315
6828
6477
6561
6642
6290
5995
6119
6171
5958
5407
5005
4858
4129
3473
3209
2777
2476
2072
1974
2323
2234
2138
1722
939
445
-662
-2009
-3250
-4967
-6645
-8373
-9727
-10534
-11598
-12177
-12288
-12350
-11675
-10544
-9305
-8134
-6973
-5327
-3895
-2882
-1596
-425
201
456
922
1743
2162
2200
2368
2779
3261
3590
4086
4764
5249
5429
5506
5866
6153
5847
5180
4425
3641
2691
1593
540
-713
-2089
-3265
-4301
-5171
-5947
-6593
-7208
-7931
-8124
-7806
-7592
-7387
-6984
-6194
-5174
-4219
-2979
-1566
-372
806
1984
3256
4603
5538
6090
6532
6976
7390
7470
7337
7239
7045
6764
6574
6540
6493
6252
5897
5630
5576
5503
5134
4662
4187
3682
3292
2932
2559
2229
1954
1881
1934
2127
2521
2454
1699
1133
710
-264
-1596
-3060
-4596
-6347
-8147
-9187
-9982
-11042
-11636
-11888
-11831
-11030
-9890
-8721
-7657
-6526
-4995
-3671
-2578
-1251
-334
-6
261
679
1214
1535
1596
1653
1885
2356
2917
3465
4061
4715
5099
5265
5777
6210
6017
5455
4682
3928
3089
2009
909
-420
-1798
-2919
-4005
-4846
-5413
-6087
-6840
-7409
-7493
-7245
-7052
-6861
-6551
-6033
-5259
-4306
-3268
-2190
-1012
67
1047
2360
3784
4803
5362
5798
6481
6950
6980
7055
7034
6764
6413
6150
6139
6021
5675
5363
5096
5010
5055
4944
4598
4157
3776
3418
3169
2930
2588
2411
2240
2128
2374
2739
3006
2531
1604
1363
852
-451
-1709
-3088
-4651
-6526
-8185
-8846
-9711
-10809
-11232
-11450
-11233
-10391
-9376
-8350
-7494
-6345
-4872
-3795
-2769
-1573
-851
-589
-218
392
959
1282
1369
1526
2027
2720
3429
3999
4587
5320
5646
5790
6303
6590
6234
5473
4672
4044
3206
2044
879
-396
-1736
-2826
-3731
-4472
-5043
-5642
-6198
-6601
-6802
-6609
-6397
-6533
-6451
-5908
-5234
-4579
-3857
-2747
-1575
-756
310
1792
3065
3987
4777
5505
6142
6588
6836
6887
6647
6358
6233
5951
5596
5476
5257
4895
4603
4514
4719
4658
4251
3990
3769
3553
3337
3078
2913
2700
2468
2406
2526
2813
3031
2847
2225
1691
1299
373
-936
-2296
-3784
-5346
-7019
-8229
-8951
-9918
-10664
-10995
-11064
-10506
-9721
-8907
-7996
-7073
-5815
-4584
-3680
-2643
-1695
-1149
-807
-371
332
903
1109
1317
1808
2495
3117
3663
4237
4859
5354
5581
5882
6253
6245
5775
5040
4396
3785
2822
1671
511
-703
-1818
-2840
-3752
-4550
-5404
-6124
-6691
-7123
-7102
-6880
-6810
-6746
-6342
-5417
-4447
-3695
-2716
-1523
-466
484
1563
2809
3775
4267
4676
5210
5703
5934
5946
5865
5751
5653
5586
5613
5587
5438
5328
5117
4950
4999
4961
4729
4196
3703
3612
3370
3027
2831
2555
2462
2391
2433
2913
3245
3366
3095
2449
2183
1607
311
-1091
-2623
-4213
-5960
-7574
-8520
-9484
-10544
-11097
-11268
-11021
-10328
-9418
-8499
-7608
-6405
-4995
-3870
-2946
-1904
-1083
-742
-364
236
790
1124
1179
1379
1923
2564
3217
3741
4380
5165
5581
5869
6351
6672
6441
5728
5053
4418
3522
2444
1217
-78
-1316
-2444
-3413
-4320
-5008
-5578
-6324
-6832
-6925
-6866
-6788
-6774
-6542
-6001
-5337
-4491
-3654
-2832
-1778
-743
168
1193
2337
3294
3830
4256
4933
5513
5636
5579
5589
5567
5486
5426
5437
5431
5314
5147
4983
4934
4989
4894
4564
4162
3902
3699
3421
3208
2946
2690
2671
2675
2749
3000
3275
3330
2736
2081
1845
1018
-443
-1834
-3212
-4732
-6506
-7895
-8628
-9587
-10509
-10840
-10842
-10456
-9719
-8856
-7922
-6955
-5780
-4508
-3512
-2607
-1695
-1096
-737
-335
144
656
996
1096
1394
2025
2696
3273
3780
4492
5227
5548
5868
6368
6547
6243
5616
4996
4414
3504
2376
1228
13
-1159
-2276
-3277
-4087
-4893
-5678
-6271
-6682
-6884
-6834
-6703
-6620
-6426
-5886
-5075
-4352
-3692
-2781
-1759
-880
-17
999
2014
2737
3212
3765
4373
4787
4996
5080
5163
5254
5303
5395
5466
5487
5493
5451
5397
5367
5353
5256
4937
4541
4262
3999
3653
3278
2971
2727
2524
2437
2473
2633
2840
2908
2670
2210
1839
1237
62
-1257
-2543
-3963
-5571
-7065
-8054
-8954
-9937
-10509
-10665
-10520
-10029
-9247
-8305
-7356
-6223
-4936
-3855
-2890
-1906
-1066
-567
-226
322
806
1061
1276
1493
1927
2473
2923
3428
3976
4625
5166
5408
5802
6178
6050
5590
5060
4545
3799
2734
1655
507
-737
-1868
-2911
-3869
-4652
-5297
-5921
-6435
-6630
-6606
-6580
-6567
-6373
-5953
-5475
-4858
-4152
-3444
-2566
-1689
-917
-55
871
1771
2429
2935
3658
4286
4604
4862
5086
5281
5374
5405
5539
5595
5554
5567
5546
5488
5437
5356
5169
4858
4553
4321
4031
3594
3198
2951
2679
2424
2320
2326
2440
2536
2567
2517
2184
1741
1181
170
-989
-2153
-3557
-5063
-6494
-7584
-8420
-9367
-9999
-10113
-10045
-9664
-8944
-8057
-7018
-5967
-4860
-3702
-2708
-1771
-1005
-595
-238
169
482
715
893
1095
1425
1836
2336
2901
3475
4113
4659
5030
5486
5893
5889
5590
5202
4712
4009
3037
2039
1013
-226
-1396
-2387
-3350
-4195
-4973
-5670
-6150
-6494
-6620
-6584
-6555
-6379
-6027
-5537
-4873
-4186
-3450
-2597
-1780
-976
-94
805
1642
2321
2897
3508
4050
4423
4744
4978
5101
5233
5314
5358
5430
5441
5433
5400
5320
5244
5066
4821
4571
4241
3924
3632
3268
2885
2609
2419
2225
2100
2098
2182
2296
2405
2514
2426
2088
1659
994
54
-1005
-2214
-3528
-4884
-6130
-7103
-7999
-8780
-9201
-9334
-9238
-8833
-8151
-7302
-6407
-5465
-4423
-3457
-2652
-1901
-1284
-881
-569
-251
49
284
478
771
1184
1635
2163
2766
3404
4035
4547
4991
5407
5652
5619
5344
4958
4433
3663
2768
1818
736
-422
-1505
-2441
-3342
-4172
-4799
-5362
-5842
-6078
-6106
-6066
-6060
-5922
-5544
-5098
-4604
-3979
-3277
-2556
-1863
-1156
-299
589
1318
1947
2581
3202
3701
4066
4401
4673
4791
4870
5019
5109
5163
5251
5270
5256
5234
5235
5243
5067
4826
4656
4401
4054
3652
3251
2921
2568
2236
2069
2058
2095
2097
2192
2401
2481
2267
1888
1481
821
-174
-1228
-2368
-3684
-5052
-6284
-7249
-8146
-8910
-9251
-9353
-9264
-8814
-8072
-7222
-6395
-5480
-4440
-3480
-2665
-1923
-1273
-815
-475
-139
176
500
736
939
1338
1841
2351
2876
3427
4017
4434
4735
5140
5367
5238
4957
4567
4025
3300
2435
1563
608
-445
-1398
-2170
-2835
-3468
-4137
-4710
-4987
-5287
-5645
-5709
-5683
-5731
-5717
-5363
-4710
-4356
-3988
-3100
-2285
-1685
-841
269
1185
1666
2350
3332
3881
4106
4471
4815
4814
4683
4833
5053
4986
4854
4944
5127
5173
5178
5262
5263
5085
4813
4640
4481
4034
3494
3107
2789
2407
2024
1937
1944
1740
1697
1969
2219
2142
1849
1681
1333
559
-295
-1171
-2279
-3689
-5061
-6109
-7102
-8100
-8864
-9314
-9496
-9457
-9039
-8295
-7514
-6653
-5671
-4616
-3572
-2690
-1887
-1204
-772
-421
-78
270
514
591
807
1187
1564
1981
2513
3176
3728
4135
4650
5163
5432
5404
5214
4938
4410
3689
2903
2011
989
-116
-1106
-1966
-2804
-3552
-4167
-4654
-5026
-5262
-5306
-5275
-5270
-5189
-4970
-4668
-4344
-3968
-3526
-3043
-2517
-1922
-1207
-460
231
914
1585
2268
2932
3491
3990
4389
4650
4886
5100
5235
5279
5261
5259
5214
5130
5113
5072
4929
4710
4483
4288
4030
3695
3335
2959
2596
2281
2049
1873
1739
1652
1596
1642
1768
1921
1975
1762
1453
1105
586
-113
-993
-1998
-3126
-4353
-5432
-6332
-7170
-7910
-8473
-8754
-8746
-8464
-7947
-7342
-6689
-5924
-5057
-4200
-3396
-2658
-2058
-1584
-1160
-716
-260
85
355
662
1028
1500
2025
2536
3049
3512
3930
4341
4690
4917
4924
4695
4324
3848
3296
2615
1791
926
49
-795
-1556
-2200
-2769
-3328
-3786
-4106
-4338
-4472
-4547
-4594
-4630
-4640
-4514
-4291
-4068
-3763
-3344
-2861
-2297
-1639
-893
-134
585
1326
2085
2813
3469
4010
4470
4833
5055
5211
5314
5308
5212
5077
4992
4908
4768
4667
4588
4447
4245
4064
3917
3699
3406
3115
2826
2483
2136
1884
1650
1406
1265
1212
1204
1256
1396
1570
1571
1418
1242
894
353
-325
-1162
-2127
-3239
-4337
-5300
-6249
-7080
-7711
-8206
-8460
-8404
-8085
-7600
-7016
-6267
-5391
-4501
-3592
-2681
-1884
-1264
-737
-288
83
397
609
752
870
1048
1364
1667
1980
2377
2740
3108
3492
3847
4120
4167
4080
3906
3552
3109
2548
1822
1005
173
-585
-1319
-2034
-2636
-3152
-3603
-3919
-4091
-4175
-4225
-4235
-4170
-4039
-3854
-3618
-3355
-3083
-2729
-2274
-1797
-1273
-693
-117
469
1077
1731
2351
2854
3324
3735
4055
4347
4555
4660
4654
4569
4515
4441
4322
4211
4083
3947
3799
3680
3608
3501
3303
3044
2838
2663
2406
2127
1870
1626
1403
1215
1159
1142
1075
1099
1188
1293
1360
1301
1160
834
343
-170
-818
-1641
-2597
-3571
-4470
-5360
-6113
-6648
-7080
-7371
-7443
-7236
-6799
-6277
-5650
-4953
-4247
-3526
-2829
-2161
-1589
-1186
-867
-570
-298
-98
54
248
467
711
1046
1508
1979
2364
2793
3242
3579
3816
3949
3939
3741
3391
3011
2520
1869
1178
452
-259
-886
-1437
-1852
-2180
-2453
-2594
-2602
-2537
-2514
-2584
-2605
-2610
-2752
-2858
-2835
-2879
-3002
-2991
-2689
-2313
-2002
-1479
-774
-164
465
1301
2148
2746
3205
3724
4133
4286
4359
4415
4297
4004
3772
3644
3474
3252
3108
3081
3060
3018
3042
3110
3082
2923
2798
2745
2576
2259
1945
1705
1412
1046
858
806
676
569
648
883
1064
1111
1188
1174
907
526
73
-536
-1366
-2352
-3264
-4143
-5036
-5797
-6424
-6916
-7242
-7343
-7123
-6688
-6209
-5632
-4873
-4053
-3290
-2542
-1823
-1247
-890
-617
-252
12
89
183
297
405
555
811
1206
1562
1869
2302
2788
3219
3570
3811
3933
3879
3661
3377
2982
2418
1739
1028
363
-272
-913
-1469
-1907
-2294
-2599
-2736
-2755
-2750
-2775
-2766
-2662
-2602
-2570
-2475
-2415
-2393
-2339
-2168
-1884
-1624
-1322
-893
-437
37
574
1174
1742
2199
2635
3075
3440
3697
3844
3921
3906
3798
3693
3584
3456
3301
3151
3055
2987
2943
2900
2829
2736
2613
2515
2424
2270
2080
1868
1662
1479
1306
1182
1096
1011
959
973
1075
1162
1126
1030
847
537
122
-427
-1044
-1772
-2636
-3471
-4248
-4951
-5569
-6132
-6552
-6773
-6811
-6655
-6324
-5877
-5353
-4747
-4081
-3381
-2692
-2097
-1612
-1226
-908
-595
-325
-127
30
190
409
676
985
1357
1732
2091
2465
2855
3244
3565
3742
3765
3686
3523
3272
2892
2401
1846
1232
604
56
-410
-864
-1327
-1730
-1989
-2175
-2343
-2417
-2450
-2551
-2661
-2662
-2599
-2600
-2650
-2598
-2471
-2375
-2164
-1764
-1357
-1015
-587
2
600
1110
1629
2174
2591
2889
3197
3478
3604
3549
3452
3376
3233
3060
2935
2827
2691
2549
2504
2551
2543
2475
2449
2416
2316
2210
2139
2045
1830
1552
1362
1228
1052
894
811
777
747
760
911
1088
1120
1076
1020
866
574
180
-309
-935
-1709
-2478
-3174
-3886
-4563
-5147
-5617
-5921
-6078
-6045
-5827
-5528
-5155
-4674
-4113
-3496
-2907
-2406
-1904
-1464
-1150
-848
-553
-326
-190
-63
167
429
676
995
1374
1752
2112
2505
2916
3229
3438
3564
3601
3522
3312
3019
2605
2068
1475
867
295
-264
-814
-1271
-1652
-1959
-2177
-2315
-2363
-2411
-2466
-2454
-2397
-2330
-2306
-2268
-2191
-2145
-2084
-1937
-1716
-1486
-1252
-919
-470
-35
401
907
1401
1806
2156
2514
2819
2984
3066
3126
3114
3023
2917
2806
2660
2487
2357
2284
2228
2179
2164
2176
2174
2158
2146
2130
2064
1923
1784
1649
1469
1282
1091
921
774
630
562
546
555
603
638
651
640
557
369
102
-239
-710
-1285
-1883
-2487
-3120
-3762
-4301
-4730
-5112
-5350
-5416
-5361
-5190
-4912
-4503
-4016
-3516
-2971
-2415
-1927
-1489
-1096
-762
-481
-262
-95
57
220
382
564
800
1083
1392
1686
2042
2433
2737
2997
3211
3333
3332
3207
3035
2763
2343
1868
1387
877
346
-185
-644
-1049
-1445
-1766
-1995
-2154
-2279
-2383
-2390
-2329
-2312
-2305
-2231
-2143
-2094
-2015
-1839
-1637
-1489
-1287
-939
-587
-276
112
543
925
1255
1620
2041
2352
2550
2756
2917
2975
2953
2915
2861
2715
2510
2376
2274
2148
2025
1915
1852
1777
1668
1598
1535
1409
1242
1118
1016
878
736
638
565
466
393
409
456
486
516
612
754
827
846
876
829
638
360
53
-319
-820
-1383
-1905
-2430
-2986
-3464
-3825
-4126
-4387
-4512
-4477
-4354
-4166
-3886
-3514
-3137
-2777
-2384
-1993
-1657
-1388
-1157
-926
-738
-586
-397
-198
-9
185
419
721
1037
1332
1649
1978
2239
2437
2611
2720
2724
2616
2449
2224
1901
1527
1140
701
216
-240
-653
-1023
-1359
-1665
-1890
-2069
-2185
-2222
-2249
-2227
-2161
-2097
-1986
-1847
-1685
-1503
-1338
-1119
-864
-612
-310
5
309
629
933
1240
1554
1827
2059
2242
2370
2475
2542
2541
2498
2415
2297
2186
2060
1922
1806
1674
1569
1487
1413
1386
1346
1283
1233
1182
1150
1107
1028
967
904
824
759
721
724
716
705
753
839
924
998
1077
1141
1130
1059
971
818
547
204
-176
-626
-1140
-1647
-2130
-2616
-3087
-3475
-3750
-3965
-4106
-4117
-4043
-3910
-3735
-3498
-3197
-2915
-2635
-2340
-2073
-1809
-1574
-1375
-1164
-973
-797
-603
-401
-173
83
355
664
995
1301
1602
1896
2123
2294
2406
2447
2411
2285
2101
1869
1566
1201
815
414
21
-373
-760
-1058
-1320
-1557
-1718
-1808
-1834
-1846
-1836
-1758
-1659
-1564
-1442
-1295
-1142
-994
-832
-641
-437
-242
-42
191
440
686
931
1201
1477
1698
1905
2124
2293
2385
2438
2473
2461
2375
2276
2193
2058
1887
1756
1657
1551
1439
1366
1337
1280
1206
1185
1167
1104
1038
992
951
893
806
743
695
609
538
518
502
471
452
474
528
550
551
544
486
381
209
-3
-256
-608
-1007
-1406
-1806
-2215
-2605
-2925
-3210
-3465
-3626
-3678
-3656
-3605
-3485
-3293
-3076
-2838
-2573
-2298
-2057
-1839
-1623
-1432
-1266
-1101
-957
-807
-632
-440
-207
46
318
607
896
1205
1509
1749
1935
2088
2177
2180
2120
1990
1757
1443
1088
720
315
-107
-488
-842
-1153
-1379
-1516
-1591
-1619
-1578
-1482
-1359
-1215
-1052
-880
-737
-606
-462
-338
-241
-156
-79
0
82
176
317
490
664
867
1100
1355
1603
1813
2014
2178
2281
2333
2349
2323
2228
2074
1917
1745
1562
1393
1242
1112
1002
930
913
924
933
944
979
998
996
995
960
902
822
721
617
507
419
343
280
265
273
293
351
419
465
475
460
422
310
132
-81
-356
-704
-1084
-1461
-1842
-2236
-2605
-2909
-3156
-3337
-3437
-3442
-3381
-3275
-3112
-2893
-2648
-2411
-2172
-1940
-1758
-1605
-1455
-1324
-1212
-1112
-1009
-869
-701
-517
-290
-24
259
551
845
1147
1420
1646
1825
1926
1961
1924
1802
1621
1389
1097
772
450
135
-158
-405
-596
-739
-835
-862
-834
-790
-725
-647
-571
-501
-452
-406
-382
-385
-382
-383
-365
-314
-256
-169
-34
138
340
572
829
1095
1347
1575
1782
1961
2079
2133
2138
2093
2001
1870
1710
1538
1353
1165
1008
881
782
709
663
640
647
676
721
757
768
750
716
664
581
480
373
265
174
93
48
59
83
132
214
304
406
491
561
604
568
490
390
212
-32
-324
-653
-1019
-1393
-1742
-2070
-2368
-2628
-2805
-2905
-2963
-2934
-2838
-2727
-2575
-2404
-2222
-2033
-1878
-1728
-1604
-1519
-1418
-1316
-1229
-1127
-1015
-873
-689
-476
-220
38
292
571
838
1073
1288
1458
1550
1585
1559
1469
1346
1148
905
671
435
197
-22
-177
-289
-404
-468
-456
-426
-400
-356
-282
-209
-189
-160
-99
-99
-129
-139
-145
-147
-140
-94
-5
86
207
388
597
796
982
1172
1337
1477
1554
1606
1628
1569
1468
1361
1256
1116
948
821
730
654
607
606
643
686
730
815
899
942
971
977
950
889
799
699
582
439
315
227
151
111
104
128
185
246
322
420
502
555
577
559
518
417
246
51
-189
-477
-774
-1060
-1340
-1615
-1873
-2069
-2213
-2327
-2391
-2407
-2393
-2359
-2297
-2215
-2132
-2057
-1993
-1934
-1891
-1849
-1803
-1753
-1690
-1622
-1531
-1399
-1244
-1060
-846
-603
-336
-80
172
430
655
841
985
1084
1151
1150
1111
1056
958
839
710
595
493
392
314
270
244
216
218
245
264
275
273
279
266
236
213
189
160
125
104
107
133
183
244
338
450
575
705
822
949
1052
1127
1192
1223
1215
1186
1146
1086
1012
950
902
864
823
800
810
824
839
878
919
946
957
958
955
934
864
769
685
585
471
380
293
210
147
106
94
98
107
115
125
135
123
101
72
11
-92
-212
-355
-528
-716
-914
-1111
-1302
-1490
-1644
-1754
-1861
-1950
-1997
-2006
-1994
-1969
-1910
-1833
-1765
-1696
-1612
-1524
-1451
-1386
-1322
-1261
-1193
-1116
-1024
-931
-828
-721
-608
-467
-319
-181
-48
86
201
287
368
440
469
471
461
437
409
365
324
284
232
189
156
140
112
84
84
79
78
89
106
116
119
128
140
158
177
205
238
261
312
376
439
509
572
647
719
772
826
874
901
917
926
936
941
935
931
922
910
898
890
891
904
903
894
913
913
895
883
865
840
792
743
712
670
608
558
522
476
434
409
381
340
299
275
256
212
159
117
70
9
-67
-136
-201
-295
-391
-473
-561
-653
-757
-845
-921
-1016
-1107
-1172
-1228
-1296
-1360
-1395
-1420
-1458
-1478
-1468
-1459
-1439
-1405
-1355
-1291
-1231
-1161
-1079
-999
-918
-833
-736
-647
-570
-489
-401
-319
-267
-207
-138
-84
-46
-11
46
83
104
140
176
193
198
203
207
206
187
181
180
160
147
139
144
141
127
138
155
163
184
216
246
283
315
353
393
420
444
464
489
510
518
534
550
563
576
599
620
641
669
693
727
761
787
817
839
849
858
860
855
844
829
800
775
741
692
651
611
563
514
487
458
423
387
357
333
298
263
225
182
129
71
20
-51
-129
-199
-262
-320
-385
-437
-474
-520
-550
-565
-582
-601
-622
-640
-673
-720
-761
-803
-850
-902
-957
-1003
-1038
-1064
-1091
-1103
-1100
-1091
-1060
-1003
-952
-886
-808
-738
-668
-593
-516
-459
-414
-367
-341
-310
-276
-256
-230
-208
-184
-151
-115
-88
-54
-10
22
55
85
104
125
131
128
128
115
97
79
69
68
63
62
77
103
133
165
209
253
288
321
366
397
414
431
441
452
450
445
459
467
469
484
514
540
566
600
644
691
728
764
797
818
822
810
794
765
720
677
638
585
528
488
458
435
416
406
410
419
421
417
416
410
382
344
302
237
155
66
-24
-108
-208
-307
-384
-458
-535
-584
-613
-633
-651
-657
-643
-638
-647
-651
-652
-666
-696
-724
-753
-793
-833
-847
-857
-865
-850
-824
-777
-721
-663
-582
-491
-414
-349
-284
-225
-190
-171
-155
-144
-152
-167
-167
-166
-172
-175
-168
-145
-132
-118
-90
-76
-54
-36
-29
-15
-12
-16
-23
-45
-62
-69
-79
-80
-75
-61
-32
16
66
113
173
230
274
319
363
400
425
434
443
455
453
443
440
436
434
437
446
459
475
491
508
526
541
551
539
521
495
456
427
395
359
320
279
250
232
225
225
225
232
245
262
277
286
287
291
295
275
247
225
188
136
78
31
-8
-57
-98
-141
-191
-222
-252
-285
-317
-352
-383
-414
-452
-495
-518
-543
-584
-605
-614
-621
-618
-609
-581
-555
-529
-482
-435
-391
-357
-319
-281
-250
-212
-190
-173
-157
-148
-138
-127
-118
-107
-98
-98
-92
-88
-88
-89
-95
-115
-129
-136
-160
-179
-199
-219
-233
-245
-243
-243
-244
-238
-222
-196
-176
-147
-117
-88
-59
-36
-11
14
47
77
98
127
159
188
221
258
289
323
365
407
441
478
510
529
538
550
559
552
540
524
503
488
473
449
434
416
382
369
361
342
329
311
300
288
271
254
230
199
164
148
126
102
87
76
69
62
64
67
70
69
63
76
78
63
54
37
18
-6
-43
-78
-100
-134
-175
-203
-231
-253
-269
-279
-274
-279
-286
-277
-275
-282
-284
-281
-287
-299
-305
-310
-316
-329
-334
-330
-333
-324
-315
-301
-290
-292
-280
-257
-243
-243
-245
-246
-251
-263
-278
-286
-299
-312
-319
-318
-310
-301
-293
-274
-247
-219
-187
-154
-123
-100
-64
-31
-11
8
31
49
66
80
93
113
130
146
177
202
231
259
286
325
344
350
363
367
365
359
340
321
299
276
263
248
230
225
225
234
247
256
271
282
291
307
315
312
300
287
261
230
200
165
134
98
68
52
31
13
8
1
6
17
24
29
27
21
14
1
-23
-49
-81
-123
-164
-196
-228
-252
-277
-293
-291
-285
-281
-266
-243
-223
-197
-171
-152
-134
-125
-128
-127
-126
-136
-147
-157
-176
-194
-203
-218
-225
-223
-222
-214
-206
-197
-180
-159
-138
-123
-117
-116
-109
-103
-99
-92
-90
-89
-74
-66
-67
-54
-40
-21
1
12
18
28
34
36
34
33
28
14
6
-8
-15
-7
-10
-5
14
34
48
70
95
117
141
159
178
196
205
214
227
233
229
231
242
243
253
264
273
283
290
303
312
314
317
320
314
299
278
257
236
207
177
145
109
71
33
9
-12
-34
-52
-64
-70
-78
-90
-95
-100
-112
-125
-132
-140
-158
-168
-172
-175
-171
-174
-174
-171
-170
-166
-160
-153
-150
-147
-135
-139
-151
-144
-145
-156
-159
-165
-167
-163
-168
-174
-163
-162
-161
-143
-137
-127
-126
-121
-108
-107
-105
-102
-95
-92
-88
-79
-75
-59
-50
-36
-15
-15
2
26
32
35
37
43
41
35
30
22
19
5
-9
-9
-19
-32
-31
-29
-27
-19
-13
-5
1
-3
7
19
23
34
33
34
50
58
68
78
88
99
119
139
151
167
183
196
209
216
219
229
229
211
206
195
178
164
150
137
126
113
98
87
81
70
67
57
38
29
14
0
-13
-40
-57
-71
-84
-89
-102
-107
-105
-103
-94
-84
-74
-69
-51
-39
-31
-23
-19
-15
-18
-15
-15
-21
-23
-34
-41
-47
-49
-49
-55
-53
-60
-67
-65
-61
-53
-54
-54
-49
-49
-48
-48
-55
-49
-41
-42
-38
-32
-26
-20
-10
-4
-2
12
16
18
28
26
31
38
31
28
25
22
20
14
14
13
11
9
15
20
16
19
23
19
23
24
15
12
13
1
3
2
-7
-4
-3
-2
-5
-4
6
16
22
19
20
22
33
41
34
38
38
40
43
41
32
32
39
37
36
29
19
16
11
6
3
-5
-15
-25
-31
-38
-44
-42
-42
-36
-42
-47
-42
-47
-50
-50
-55
-59
-62
-66
-70
-71
-74
-71
-73
-71
-60
-61
-53
-53
-54
-43
-41
-43
-41
-37
-39
-41
-42
-49
-51
-51
-51
-45
-39
-27
-24
-17
-5
9
30
45
56
63
74
80
79
85
82
82
81
82
80
74
77
77
76
77
79
81
78
70
59
48
34
22
11
-3
-21
-43
-58
-71
-86
-90
-93
-97
-100
-91
-76
-63
-53
-40
-27
-16
-6
-1
8
12
15
21
24
21
12
15
18
20
29
35
44
46
55
66
72
85
90
92
94
87
75
73
64
47
40
30
24
19
9
8
10
7
5
6
8
10
11
18
22
12
7
7
2
-12
-15
-15
-20
-18
-21
-23
-17
-14
-7
1
5
8
12
18
12
6
-1
-4
-8
-18
-29
-42
-50
-59
-62
-64
-67
-64
-59
-49
-41
-40
-40
-27
-18
-17
-14
-13
-19
-25
-25
-28
-31
-34
-38
-38
-37
-38
-35
-31
-26
-20
-18
-16
-15
-13
-13
-21
-27
-35
-45
-58
-71
-85
-92
-90
-102
-112
-105
-99
-94
-84
-77
-67
-49
-40
-31
-12
-2
7
19
23
22
24
24
27
36
45
47
47
53
57
62
69
73
72
73
80
76
70
69
65
59
61
53
45
42
34
34
33
32
33
37
43
47
57
62
66
73
79
88
96
99
98
100
105
107
106
110
111
114
123
116
113
115
117
109
102
98
82
78
58
36
28
9
-10
-32
-45
-59
-69
-71
-81
-83
-87
-88
-87
-85
-77
-76
-72
-68
-71
-72
-66
-69
-76
-69
-71
-77
-79
-79
-75
-72
-64
-59
-50
-43
-40
-31
-26
-22
-23
-18
-18
-25
-23
-26
-28
-29
-40
-44
-43
-45
-48
-44
-40
-41
-36
-35
-34
-29
-25
-18
-18
-16
-17
-19
-12
-14
-16
-8
-7
-11
-7
-1
-5
-5
-1
4
5
6
5
2
5
2
-12
-14
-14
-27
-22
-18
-13
-9
3
13
14
32
41
52
62
65
78
82
89
88
84
95
94
88
89
93
85
82
82
74
74
78
77
74
68
59
53
42
31
24
10
7
-1
-13
-18
-24
-30
-35
-26
-31
-36
-37
-48
-37
-32
-33
-28
-32
-27
-23
-23
-27
-31
-27
-28
-23
-26
-29
-22
-22
-24
-26
-28
-30
-28
-28
-30
-31
-33
-34
-30
-24
-17
-14
-14
-12
-8
-4
-3
2
6
7
16
8
-2
-2
-10
-9
-10
-13
-9
-10
-6
-9
-9
0
7
9
5
6
6
1
2
-11
-17
-17
-24
-25
-34
-38
-34
-31
-33
-33
-25
-15
1
9
19
35
38
39
44
41
48
57
53
56
53
52
51
50
53
49
49
52
44
44
43
44
43
40
38
26
16
5
-6
-13
-22
-36
-40
-45
-49
-53
-56
-55
-60
-58
-57
-56
-54
-50
-46
-46
-45
-48
-47
-42
-41
-43
-36
-32
-31
-25
-21
-22
-16
-5
-7
-1
0
-5
2
-3
-8
-6
-5
-11
-15
-16
-22
-17
-15
-21
-16
-14
-18
-10
-5
-5
-2
0
0
0
-4
-6
-7
-8
-8
-7
-9
-9
-6
-5
6
11
12
15
15
20
27
34
34
34
32
31
28
17
10
11
12
10
7
4
6
13
20
24
30
39
40
48
59
61
