2
2
-3
-1
2
-2
5
4
2
5
-5
-6
-4
-1
4
-1
-4
-5
-2
-3
-5
-2
0
0
4
5
6
7
11
4
-6
2
7
9
11
12
7
8
15
9
13
15
9
10
-1
-2
1
5
11
10
12
8
9
15
8
6
7
3
0
7
6
11
11
7
18
15
9
14
13
11
14
13
12
18
13
10
11
3
-1
-5
-3
2
-5
-1
4
2
6
7
4
-4
-7
-2
-1
-7
-8
-3
1
-4
-10
-7
-6
-9
-8
-13
-10
-7
-10
-6
-10
-20
-18
-13
-13
-19
-18
-14
-12
-15
-18
-12
-16
-19
-15
-20
-15
-12
-15
-14
-13
-2
-6
-10
3
-3
0
0
-9
-2
-3
-8
-6
-4
-9
-17
-12
-5
-9
-2
6
5
1
-6
-5
-4
-4
-1
-2
-3
-1
1
-2
-4
2
3
-1
2
7
7
4
10
9
6
12
10
4
8
13
13
9
10
5
7
12
10
13
7
7
9
3
10
7
1
4
2
4
12
10
6
7
7
2
5
7
-2
1
6
8
1
-6
2
2
-7
-2
-1
2
8
-1
-4
0
1
-3
-2
6
0
-2
5
5
2
-3
-3
-1
0
4
3
2
7
8
11
11
10
9
-1
-3
-1
0
3
-1
-9
-4
-2
-2
0
-2
-2
-2
-3
-3
-5
-5
-5
-11
-11
-7
-8
-6
-7
-6
-6
-4
-3
1
0
-2
3
-10
-10
-8
-17
-14
-13
-15
-16
-11
-7
-6
2
0
0
2
2
6
2
0
-3
2
2
3
11
6
0
2
6
-2
-4
3
1
6
3
-2
6
8
9
10
4
5
-2
-11
-7
-7
-5
-2
-2
0
-2
3
2
-1
2
0
-2
-4
-1
0
-3
0
2
4
-1
3
11
6
0
1
2
2
-1
-2
3
3
-1
4
9
8
9
12
9
9
8
12
13
11
12
7
13
8
1
0
-5
-2
-1
-5
-6
-4
-7
-14
-14
-17
-11
-3
-6
-1
8
4
0
0
6
1
-5
1
4
2
-1
-1
-2
7
11
11
14
9
10
13
7
5
10
0
-6
1
-5
-4
-5
-15
-13
-9
-9
-6
-8
-16
-12
-10
-17
-8
-1
-2
-9
-11
-2
-3
3
4
-2
5
8
-6
-8
6
7
7
7
7
12
16
18
11
12
19
17
10
8
6
3
5
4
4
5
-4
-13
-12
-13
-12
-17
-18
-9
-12
-10
-8
-12
-9
-5
-6
1
5
-2
-4
-1
1
3
6
3
1
6
6
5
7
10
16
20
16
12
11
6
3
2
-4
-7
-10
-13
-11
-15
-24
-20
-21
-22
-15
-16
-15
-19
-17
-11
-22
-28
-26
-26
-32
-32
-32
-37
-33
-20
-26
-28
-21
-18
-7
-9
-1
11
3
6
6
7
12
9
11
9
10
13
15
21
30
29
27
30
30
36
36
35
37
25
23
23
17
10
11
6
-4
7
8
5
4
2
10
8
5
8
5
1
-5
-12
-19
-24
-25
-28
-28
-24
-30
-19
-11
-10
-3
0
8
8
5
3
6
10
8
13
15
13
10
3
-3
-9
-13
-16
-9
-7
-11
-10
-8
-1
2
-4
2
10
6
7
4
-2
0
-13
-17
-8
-12
-18
-14
-13
-12
-9
-17
-14
-8
-6
-4
-2
10
11
11
18
10
9
19
17
14
15
13
25
21
12
22
16
7
7
3
6
5
4
15
21
25
29
29
30
35
36
34
26
18
15
-2
-25
-36
-47
-61
-61
-64
-75
-73
-66
-58
-52
-35
-11
-6
-2
20
32
31
35
47
47
47
49
53
48
38
41
30
15
9
10
14
18
18
17
19
23
20
15
13
1
-6
-6
-8
-20
-36
-42
-54
-53
-45
-51
-44
-38
-37
-17
4
13
33
45
46
54
64
52
30
14
-3
-21
-46
-67
-72
-79
-86
-78
-60
-47
-44
-29
-4
14
17
26
44
53
51
51
53
41
23
16
5
-13
-25
-41
-62
-74
-75
-78
-88
-101
-97
-83
-71
-36
7
24
35
72
118
128
127
131
103
60
42
19
-28
-87
-148
-189
-190
-166
-164
-172
-141
-100
-82
-51
-14
-66
-264
-420
-505
-748
-1066
-1306
-1574
-1906
-2121
-2123
-2133
-2191
-2041
-1725
-1430
-1031
-466
27
394
864
1410
1807
2114
2456
2690
2768
2913
3141
3250
3284
3393
3512
3619
3821
4059
4168
4227
4297
4221
3999
3744
3291
2386
1352
464
-659
-2026
-3193
-4209
-5347
-6356
-6805
-6945
-7154
-7162
-6714
-6108
-5540
-4785
-3911
-3165
-2543
-1957
-1297
-653
-173
190
596
1132
1652
2105
2712
3395
3840
4186
4719
5190
5274
5127
4941
4552
3841
3033
2253
1291
140
-907
-1743
-2467
-3111
-3627
-3964
-4109
-4115
-4022
-3776
-3458
-3229
-3064
-2769
-2344
-2059
-1907
-1616
-1251
-975
-621
-29
586
1003
1466
2174
2780
3125
3478
3743
3601
3237
2971
2546
1714
866
203
-612
-1453
-1882
-2133
-2569
-2831
-2631
-2380
-2223
-1786
-1196
-853
-537
83
675
981
1327
1789
2083
2327
2810
3294
3538
3857
4374
4832
5195
5626
6018
6085
5939
5811
5506
4770
3688
2502
1176
-385
-1973
-3409
-4759
-6141
-7330
-7989
-8280
-8497
-8509
-8118
-7526
-6935
-6191
-5242
-4372
-3763
-3188
-2466
-1755
-1189
-698
-117
559
1208
1918
2832
3774
4478
5048
5735
6371
6623
6561
6391
5967
5165
4246
3355
2291
997
-284
-1349
-2247
-3056
-3736
-4225
-4525
-4703
-4726
-4542
-4273
-4091
-3997
-3793
-3453
-3170
-2972
-2728
-2426
-2135
-1806
-1278
-643
-165
197
701
1288
1682
1986
2362
2543
2426
2407
2548
2411
2047
1879
1737
1330
1072
1198
1172
912
1007
1399
1573
1746
2271
2730
2856
3121
3631
3923
4062
4366
4582
4578
4717
4925
4772
4473
4300
3758
2715
1883
1139
-245
-1853
-2963
-4016
-5480
-6602
-7013
-7529
-8219
-8301
-7864
-7560
-7203
-6458
-5674
-5007
-4225
-3356
-2597
-1848
-1111
-615
-59
816
1526
1917
2562
3433
3921
4239
4916
5508
5479
5324
5391
5154
4472
3815
3150
2164
1093
191
-700
-1579
-2333
-3066
-3720
-4050
-4183
-4392
-4475
-4263
-4104
-4033
-3657
-3135
-2882
-2711
-2330
-1974
-1808
-1546
-1212
-1101
-1009
-730
-449
-162
225
599
887
1282
1792
2157
2412
2701
2828
2753
2759
2787
2602
2379
2294
2181
2062
2186
2437
2554
2754
3205
3618
3902
4336
4859
5121
5247
5540
5782
5662
5327
4999
4480
3507
2317
1211
-49
-1658
-3256
-4522
-5674
-6921
-7903
-8346
-8601
-8882
-8825
-8311
-7765
-7308
-6637
-5757
-4959
-4292
-3567
-2747
-1975
-1264
-560
215
1096
1888
2588
3449
4369
5043
5497
6001
6462
6493
6234
5990
5547
4709
3758
2891
1927
797
-284
-1162
-1947
-2677
-3261
-3713
-4042
-4247
-4400
-4451
-4295
-4147
-4142
-3991
-3610
-3348
-3291
-3042
-2597
-2536
-2613
-2137
-1624
-1573
-1330
-550
72
312
990
2030
2460
2593
3225
3743
3606
3525
3738
3548
2966
2773
2835
2508
2202
2384
2508
2449
2761
3303
3615
3830
4255
4757
5047
5304
5636
5764
5680
5450
5060
4616
3865
2553
1191
-13
-1496
-3219
-4654
-5738
-7034
-8347
-8837
-8903
-9278
-9426
-8948
-8391
-7963
-7279
-6273
-5418
-4827
-4046
-3120
-2302
-1434
-619
72
913
1840
2669
3493
4384
5159
5607
6011
6625
6895
6617
6342
6011
5274
4341
3506
2611
1373
127
-752
-1595
-2478
-3132
-3729
-4267
-4511
-4609
-4707
-4667
-4488
-4462
-4547
-4209
-3751
-4006
-4334
-3958
-3830
-4216
-3929
-3017
-2690
-2669
-1524
143
845
1548
3133
4220
4367
4902
5887
5972
5239
4983
4960
4253
3588
3539
3294
2773
2703
3106
3478
3750
4228
4694
4885
5269
5863
6063
5991
5985
5846
5379
4784
4309
3473
1913
424
-680
-2075
-3743
-5107
-6167
-7401
-8618
-9067
-9079
-9408
-9639
-9327
-8854
-8385
-7721
-6879
-6084
-5428
-4709
-3819
-2821
-1788
-980
-260
785
1837
2634
3561
4614
5289
5602
6070
6644
6756
6503
6289
5842
5017
4221
3460
2528
1467
366
-650
-1520
-2240
-2837
-3418
-3875
-4147
-4378
-4497
-4460
-4429
-4477
-4619
-4836
-4891
-4858
-5116
-5325
-5079
-4800
-4712
-4119
-2769
-1700
-1044
405
2232
3159
3884
5291
6288
6112
6008
6510
6264
5231
4836
4771
3976
3209
3333
3535
3343
3516
4152
4512
4686
5208
5674
5752
5845
5925
5731
5464
5262
4796
4031
3270
2248
841
-450
-1637
-3179
-4859
-6107
-7198
-8457
-9260
-9459
-9773
-10165
-9992
-9409
-8943
-8401
-7473
-6554
-5875
-4985
-3830
-2808
-1870
-884
5
906
1940
2925
3735
4446
5177
5746
6110
6576
6879
6693
6312
5914
5382
4586
3493
2322
1141
-146
-1282
-2164
-2876
-3524
-4256
-4571
-4335
-4248
-4299
-4185
-4101
-4179
-4419
-4408
-4196
-4596
-5225
-5306
-5081
-4833
-4500
-3649
-2440
-1585
-500
1430
3284
4451
5430
6562
7374
7442
7465
7701
7176
6052
5306
4883
4356
3778
3554
3622
3531
3630
4207
4753
5175
5578
5829
6078
6323
6416
6263
5781
5177
4214
2644
1145
-220
-2090
-4191
-5900
-7214
-8583
-9841
-10234
-10245
-10608
-10670
-10064
-9328
-8778
-8151
-7188
-6321
-5788
-5079
-4121
-3239
-2485
-1830
-972
166
1201
2163
3278
4425
5310
5891
6592
7300
7388
7070
6799
6400
5631
4612
3667
2718
1467
232
-620
-1335
-2134
-2878
-3357
-3639
-3966
-4248
-4452
-4882
-5404
-5807
-6374
-6919
-7164
-7437
-7857
-7839
-6985
-6045
-5338
-3805
-1627
-91
1325
3607
5768
6686
7302
8522
9084
8416
8035
8133
7342
6016
5475
5380
4831
4332
4609
4998
4993
5185
5658
5904
5963
6013
5875
5567
5316
4976
4413
3919
3470
2469
1008
-97
-1093
-2670
-4324
-5493
-6652
-8167
-9303
-9579
-9858
-10493
-10700
-10373
-10040
-9631
-8808
-7755
-6868
-6061
-5040
-3856
-2615
-1457
-581
283
1373
2324
3073
3998
4980
5527
5752
6274
6913
6964
6684
6537
6203
5440
4568
3823
2939
1689
449
-492
-1396
-2319
-3106
-3753
-4292
-4792
-5137
-5387
-5839
-6228
-6456
-6933
-7354
-7322
-7247
-7443
-7299
-6247
-5145
-4435
-2921
-694
827
2002
4006
6082
6898
7274
8322
8861
8130
7642
7808
7233
5967
5351
5322
4891
4359
4601
5046
4961
4959
5348
5606
5645
5607
5416
5097
4840
4629
4256
3881
3556
2533
961
-67
-1021
-2718
-4513
-5792
-7073
-8821
-9965
-9977
-10270
-11057
-11150
-10631
-10212
-9720
-8658
-7418
-6690
-5995
-4827
-3592
-2381
-1246
-410
432
1460
2447
3337
4300
5302
5820
5944
6532
7245
7229
6886
6709
6319
5402
4453
3856
2980
1574
342
-581
-1519
-2390
-3159
-3872
-4521
-5143
-5725
-6332
-6731
-6966
-7624
-8268
-8206
-8042
-8228
-8007
-6877
-5769
-5112
-3660
-1320
445
1746
3674
5757
6867
7399
8392
9162
8813
8234
8145
7911
7055
6236
5959
5650
5124
4946
5215
5461
5420
5336
5430
5562
5579
5347
4917
4655
4408
3867
3469
3463
3057
1492
-215
-908
-1936
-4008
-5530
-6323
-7801
-9834
-10436
-9697
-10060
-11052
-10717
-9851
-9612
-9171
-7605
-6063
-5743
-5371
-3987
-2522
-1474
-585
322
1186
1871
2620
3719
4938
5633
5630
5750
6486
6974
6676
6384
6229
5393
4129
3398
3065
2108
538
-641
-1414
-2315
-3132
-3712
-4264
-4900
-5624
-6250
-6499
-6508
-6893
-7714
-8092
-7782
-7788
-8021
-7198
-5888
-5311
-4642
-2706
-302
1100
2316
4536
6335
6915
7615
8793
9279
8623
8011
8028
7665
6751
6175
5946
5544
5041
4903
5278
5620
5507
5358
5406
5451
5396
4995
4504
4175
3585
2981
2825
2993
2940
1912
771
391
-474
-2034
-3275
-4370
-6023
-8192
-9407
-9422
-10092
-11164
-11354
-11111
-10860
-10364
-9120
-7480
-6585
-5964
-4746
-3226
-1774
-795
-127
777
1443
1738
2413
3488
4206
4145
4123
4912
5593
5626
5826
6155
5823
5000
4444
4204
3508
2172
912
-176
-1288
-2200
-2998
-3678
-4198
-4963
-5793
-6149
-6155
-6444
-7187
-7598
-7549
-7840
-8066
-7402
-6447
-5942
-5276
-3723
-1796
-186
1457
3442
5110
6193
7209
8263
8918
8874
8402
8043
7745
7178
6604
6247
5903
5498
5292
5581
6062
6164
6093
6090
6048
6098
5918
5454
5133
4671
4108
3828
3871
3898
2834
1268
506
-583
-2415
-4005
-5329
-7006
-9385
-10857
-10826
-11336
-12251
-12302
-11853
-11448
-10921
-9487
-7649
-6721
-6056
-4859
-3464
-2132
-1115
-275
643
1329
1848
2695
3898
4892
5176
5331
6124
6836
6914
7045
7205
6715
5670
4765
4266
3448
2058
764
-399
-1490
-2375
-3276
-3952
-4498
-5515
-6576
-7118
-7325
-7807
-8706
-9013
-8927
-9263
-9022
-7890
-6789
-5937
-4740
-2735
-732
982
3110
4979
6153
7271
8301
8998
9219
9072
8736
8062
7530
7333
6901
6412
6167
5996
5967
6173
6481
6591
6322
6045
5957
5765
5395
4925
4468
4055
3604
3446
3616
3129
1721
528
-421
-2012
-3864
-5295
-6727
-8971
-10985
-11354
-11507
-12332
-12506
-11919
-11408
-10997
-9777
-7753
-6518
-5909
-4767
-3515
-2408
-1384
-523
331
908
1331
2071
3069
4151
4755
4930
5645
6559
6895
7121
7430
7259
6336
5291
4810
4134
2709
1298
99
-1127
-2224
-3061
-3645
-4326
-5332
-6314
-6915
-7154
-7463
-8105
-8623
-8792
-9035
-9038
-8177
-7050
-6256
-5354
-3752
-1696
160
2135
4266
5752
6765
7795
8750
9321
9294
8937
8375
7731
7316
6928
6525
6204
5854
5661
5825
6273
6548
6455
6332
6194
6058
5894
5525
5107
4573
3963
3597
3519
3482
2634
1100
64
-1049
-2829
-4439
-5736
-7354
-9652
-11256
-11310
-11642
-12425
-12350
-11856
-11501
-11006
-9587
-7658
-6664
-5982
-4818
-3646
-2439
-1363
-477
372
920
1415
2176
3278
4438
4917
5109
5866
6680
6994
7245
7554
7271
6216
5256
4836
4106
2728
1373
166
-1024
-2062
-2809
-3302
-4098
-5270
-6288
-6974
-7355
-7808
-8454
-8966
-9372
-9518
-9082
-8170
-7111
-6050
-4813
-3238
-1272
969
3059
4670
5972
7203
8108
8658
9180
9321
8757
7999
7661
7538
7073
6634
6542
6367
6175
6414
6946
7123
6836
6548
6372
6152
5695
5127
4631
3972
3317
2967
2930
2687
1433
39
-872
-2237
-3884
-5318
-6646
-8418
-10607
-11540
-11531
-12094
-12477
-12205
-11743
-11297
-10484
-8697
-7023
-6161
-5170
-3991
-2783
-1514
-508
374
1083
1539
2048
2789
3894
4829
5064
5376
6212
6810
6995
7288
7468
6886
5765
5015
4594
3550
2068
775
-532
-1803
-2800
-3503
-4144
-5178
-6332
-7209
-7741
-7934
-8316
-8864
-9161
-9324
-9158
-8438
-7320
-6165
-5191
-3911
-2138
-155
1952
3870
5367
6535
7551
8428
9031
9360
9231
8580
7930
7632
7405
7030
6697
6489
6283
6209
6575
7011
6962
6662
6366
6124
5882
5414
4952
4431
3685
3210
3021
2983
2492
1064
-121
-1149
-2784
-4298
-5597
-7039
-9060
-11010
-11450
-11630
-12352
-12408
-12003
-11658
-11237
-10110
-8145
-6804
-6092
-4981
-3814
-2713
-1611
-638
274
817
1148
1792
2762
3834
4505
4774
5336
6081
6466
6824
7300
7217
6466
5601
5079
4580
3423
2114
940
-470
-1651
-2586
-3365
-4059
-5371
-6621
-7283
-7894
-8271
-8673
-9035
-9172
-9457
-8912
-7734
-6861
-5634
-4293
-2935
-1204
675
2846
4474
5469
6755
7642
8080
8616
8882
8709
8096
7664
7710
7483
7130
7112
7053
6856
6870
7155
7342
7122
6698
6479
6234
5660
5195
4809
4244
3701
3270
3211
2822
1474
362
-658
-2358
-4039
-5532
-6952
-8881
-10991
-11670
-12032
-12885
-13002
-12672
-12241
-11802
-10943
-9041
-7608
-6781
-5455
-4207
-3004
-1864
-923
169
814
1216
1926
2759
3806
4554
4894
5576
6371
6823
7181
7624
7731
7097
6253
5781
5188
3961
2634
1465
85
-1261
-2283
-3147
-4155
-5444
-6545
-7338
-8025
-8434
-8835
-9312
-9528
-9475
-8983
-8132
-7166
-5961
-4768
-3450
-1603
414
2344
3970
5313
6643
7587
8268
8985
9285
9088
8633
8338
8266
7923
7602
7498
7295
7074
7061
7355
7463
7168
6836
6547
6279
5771
5190
4791
4155
3486
3042
2838
2495
1168
-193
-1176
-2800
-4533
-6009
-7398
-9122
-11263
-12113
-12186
-12853
-13038
-12644
-12107
-11547
-10788
-9001
-7338
-6499
-5387
-4159
-2957
-1788
-883
133
903
1340
1958
2761
3832
4695
5032
5573
6387
6925
7211
7565
7770
7275
6355
5727
5206
4143
2784
1541
217
-1120
-2292
-3297
-4227
-5381
-6572
-7467
-8100
-8423
-8778
-9224
-9339
-9272
-8928
-8200
-7240
-5997
-4854
-3640
-1883
10
1838
3464
4839
6199
7177
7866
8633
9072
9040
8704
8434
8369
8032
7625
7474
7300
7027
6872
7046
7170
6895
6583
6391
6206
5806
5260
4967
4562
3982
3643
3484
3262
2214
746
-188
-1559
-3417
-4992
-6474
-8156
-10306
-11688
-11862
-12468
-13065
-12856
-12427
-11912
-11232
-9785
-8006
-7062
-6136
-4838
-3662
-2467
-1494
-649
169
678
1216
2000
3001
3966
4438
4846
5709
6510
6919
7356
7744
7536
6819
6167
5749
4945
3554
2271
1061
-289
-1446
-2511
-3407
-4417
-5844
-6805
-7342
-7941
-8489
-9075
-9326
-9535
-9690
-8822
-7832
-7178
-6044
-4598
-2939
-1218
766
3022
4372
5398
6957
8053
8625
9107
9401
9288
8629
8339
8479
8061
7583
7486
7370
7299
7362
7576
7716
7350
6935
6785
6402
5906
5394
4796
4321
3712
3277
3131
2177
700
-445
-1816
-3514
-5190
-6641
-8130
-10333
-11889
-12139
-12727
-13323
-13155
-12741
-12303
-11752
-10278
-8367
-7365
-6336
-4940
-3824
-2581
-1422
-420
473
923
1505
2272
3122
4227
4817
5146
5957
6671
7116
7577
7948
7901
7134
6344
5929
5085
3769
2460
1108
-279
-1629
-2756
-3537
-4524
-5886
-6932
-7505
-8003
-8610
-9052
-9115
-9458
-9802
-9058
-7937
-7229
-6307
-4789
-3110
-1679
197
2664
4306
5263
6645
7969
8709
9116
9549
9687
9019
8457
8419
8118
7650
7322
7125
7020
6934
7134
7356
7179
6893
6594
6272
5879
5345
4867
4268
3601
3182
2874
2273
998
-283
-1349
-3023
-4738
-6054
-7485
-9340
-11211
-11885
-12095
-12891
-13071
-12564
-12170
-11767
-10824
-9021
-7554
-6828
-5660
-4265
-3149
-2111
-1094
-45
658
1035
1734
2721
3680
4385
4851
5510
6262
6692
7070
7586
7724
7231
6564
6071
5463
4448
3259
2109
793
-559
-1637
-2703
-3747
-4709
-5894
-6971
-7624
-8075
-8666
-9388
-9524
-9342
-9466
-8984
-7725
-6594
-5699
-4388
-2280
-330
1132
3033
4916
6057
6921
7937
8940
9214
8937
8925
8816
8346
7944
7793
7708
7366
7062
7248
7514
7432
7276
7216
6993
6647
6268
5814
5370
4758
4183
3849
3497
3153
2124
586
-376
-1726
-3589
-5119
-6636
-8278
-10411
-11876
-11903
-12568
-13392
-13163
-12782
-12327
-11740
-10362
-8428
-7609
-6792
-5283
-4075
-2837
-1805
-916
90
547
1077
2039
3059
4069
4521
4889
5850
6577
6897
7416
7860
7685
6961
6306
6005
5272
3843
2591
1414
-17
-1259
-2375
-3178
-4068
-5631
-6645
-7140
-7851
-8421
-9034
-9284
-9522
-9991
-9285
-8302
-7717
-6594
-5294
-3706
-1921
-44
2278
3902
5127
6773
7853
8662
9456
9741
9669
9184
8868
8804
8308
7964
7873
7556
7409
7540
7755
7886
7653
7378
7276
6884
6299
5893
5423
4768
4060
3566
3261
2110
423
-613
-1996
-4021
-5707
-7117
-8657
-10797
-12266
-12298
-12900
-13625
-13264
-12756
-12278
-11658
-10291
-8452
-7536
-6593
-5144
-4013
-2798
-1738
-874
116
739
1350
2213
3196
4300
4882
5298
6276
7035
7302
7696
8096
7958
7169
6459
6076
5138
3712
2517
1320
-105
-1433
-2389
-3171
-4301
-5540
-6361
-7079
-7917
-8580
-9038
-9549
-10153
-10240
-9628
-9101
-8531
-7240
-5670
-4270
-2505
-19
2255
3696
5305
7263
8472
9031
9819
10451
10034
9304
9199
9027
8274
7621
7524
7376
6992
7152
7633
7673
7429
7250
7207
6991
6418
5872
5283
4503
3822
3297
2981
2319
815
-532
-1606
-3149
-4765
-6219
-7620
-9389
-11288
-11933
-12101
-12815
-13057
-12781
-12405
-11939
-11101
-9460
-8126
-7398
-6223
-4964
-3753
-2447
-1387
-359
478
1132
2023
3000
4087
5008
5385
5885
6671
7162
7439
7706
7754
7252
6401
5825
5305
4290
3012
1805
579
-659
-1683
-2503
-3323
-4352
-5588
-6528
-7177
-7904
-8547
-9126
-9570
-9915
-10056
-9345
-8450
-7730
-6478
-4989
-3350
-1465
620
2807
4321
5603
7128
8082
8695
9243
9404
9147
8649
8485
8388
7925
7680
7617
7436
7393
7626
7923
7868
7585
7341
7026
6644
6082
5436
4837
4123
3487
3049
2825
2322
974
-178
-997
-2467
-4116
-5475
-6764
-8637
-10667
-11282
-11549
-12493
-12858
-12550
-12155
-11862
-11055
-9245
-7876
-7110
-5868
-4491
-3178
-2000
-991
91
851
1346
1988
2863
3885
4490
4705
5246
6036
6480
6733
7200
7401
6899
6199
5820
5446
4414
3031
1930
733
-625
-1739
-2626
-3435
-4663
-6008
-6661
-7211
-7936
-8473
-8938
-9266
-9620
-9634
-8865
-8176
-7503
-6366
-5094
-3485
-1607
362
2326
3824
5269
6717
7677
8538
9152
9168
8903
8590
8465
8243
7737
7472
7262
6946
6937
7193
7520
7545
7221
7086
6959
6635
6242
5597
4985
4298
3449
3134
3018
2539
1541
218
-616
-1703
-3432
-4723
-6000
-7784
-9748
-11029
-11202
-11762
-12676
-12622
-12224
-11977
-11411
-10017
-8247
-7368
-6699
-5295
-3865
-2740
-1737
-716
143
566
1064
1986
3077
3887
4238
4673
5466
6239
6712
7131
7616
7475
6729
6280
6050
5361
4060
2699
1628
324
-1068
-1941
-2756
-3807
-4981
-6094
-6632
-7117
-7926
-8466
-8878
-9127
-9256
-9231
-8297
-7324
-6749
-5561
-3938
-2121
-377
1302
3381
4916
5912
7182
8207
8813
8959
8740
8629
8365
8010
7789
7498
7263
7018
6756
6921
7281
7325
7126
6912
6737
6399
5913
5465
4841
4051
3342
2847
2692
2638
2260
1275
261
-385
-1643
-3281
-4498
-5859
-7831
-9965
-10875
-11039
-12148
-12952
-12666
-12415
-12242
-11527
-9748
-8078
-7461
-6404
-4810
-3505
-2337
-1364
-362
365
614
1170
2051
3025
3724
3886
4372
5271
5899
6349
6922
7421
7154
6410
6155
5963
5122
3779
2480
1411
58
-1272
-2049
-2756
-3767
-5138
-6112
-6255
-6839
-7750
-8026
-8277
-8825
-9281
-8812
-7758
-7586
-7133
-5607
-4310
-2967
-1067
1128
2906
3964
5524
7144
7857
8535
9064
8942
8516
8214
8213
7935
7395
7139
6922
6666
6780
7183
7338
7171
6928
6714
6587
6259
5725
5109
4298
3539
2963
2711
2696
2143
1003
-1
-848
-2042
-3416
-4649
-6023
-7888
-9800
-10644
-10914
-11707
-12322
-12349
-12155
-11828
-11099
-9478
-7927
-7197
-6261
-4914
-3558
-2342
-1404
-452
240
537
1167
2147
3096
3792
4052
4454
5293
5970
6480
7005
7259
7029
6367
5973
5830
5009
3734
2523
1302
61
-1079
-1924
-2754
-3855
-4953
-5858
-6400
-6692
-7186
-7848
-8269
-8364
-8509
-8494
-7748
-6872
-6422
-5710
-4141
-2259
-813
718
2731
4299
5300
6533
7888
8654
8598
8429
8517
8253
7817
7632
7378
6992
6535
6342
6627
6814
6830
6754
6506
6382
6191
5877
5571
4918
4109
3417
2878
2686
2572
2220
1452
409
-355
-1181
-2533
-3851
-5080
-6780
-8746
-9981
-10314
-10995
-12064
-12312
-11998
-11883
-11444
-10030
-8400
-7586
-6884
-5464
-4007
-2926
-1906
-908
-194
217
793
1669
2557
3315
3723
4036
4766
5606
6108
6461
6853
6883
6342
5884
5789
5229
3974
2792
1711
485
-602
-1529
-2403
-3384
-4357
-5089
-5840
-6205
-6388
-7255
-7908
-7911
-7950
-8143
-8018
-7034
-6310
-6134
-4819
-2840
-1476
-264
1511
3506
4706
5589
7060
8124
8181
8086
8242
8248
7862
7451
7278
7047
6575
6319
6502
6704
6756
6677
6592
6564
6300
6016
5821
5205
4382
3752
3239
2926
2734
2616
2357
1429
567
111
-981
-2392
-3625
-5050
-6805
-8688
-9641
-10047
-11167
-11964
-11912
-11764
-11512
-10813
-9375
-7996
-7294
-6237
-4752
-3528
-2459
-1511
-678
-2
441
999
1786
2525
3073
3411
3807
4612
5322
5657
6120
6491
6428
6094
5797
5698
5080
3833
2825
1918
757
-434
-1439
-2163
-3186
-4441
-4970
-5218
-5798
-6352
-6663
-6779
-7229
-7659
-7267
-7000
-7156
-6774
-5864
-4908
-4063
-2684
-774
527
1684
3504
5142
6070
6815
7746
8258
8037
7960
8187
7889
7163
6807
6726
6383
6081
6200
6396
6345
6163
6203
6234
5858
5512
5156
4493
3971
3576
3221
2986
2692
2496
1862
740
184
-628
-2229
-3639
-4912
-6326
-8136
-9603
-9883
-10571
-11714
-11801
-11376
-11073
-10698
-9647
-8038
-7130
-6461
-5066
-3708
-2772
-1940
-1149
-406
124
543
1196
1988
2662
3134
3537
4301
5237
5668
5943
6467
6643
6285
5904
5703
5258
4171
2973
2158
1125
-106
-1000
-1896
-2715
-3418
-4156
-4507
-4942
-5433
-5822
-6585
-6813
-6783
-7278
-7436
-7199
-6716
-6236
-5703
-4143
-2562
-1664
-189
1774
3442
4591
5645
6967
7620
7501
7707
7996
7654
7046
6639
6403
6097
5689
5655
5859
5815
5868
5995
6036
6079
5797
5442
5183
4671
4136
3698
3288
3055
2797
2536
2317
1576
697
67
-1060
-2420
-3657
-5064
-6603
-8313
-9394
-9881
-10883
-11586
-11517
-11398
-11203
-10619
-9379
-8122
-7425
-6398
-4983
-3878
-2902
-1862
-959
-305
229
821
1534
2233
2825
3345
3794
4482
5246
5595
5998
6436
6397
6156
5918
5710
5196
4136
3192
2343
1175
119
-762
-1650
-2564
-3584
-4262
-4631
-5191
-5653
-5990
-6449
-6839
-7095
-7094
-6985
-7019
-6755
-6152
-5523
-4535
-3159
-1754
-395
1015
2622
4115
5250
6370
7297
7632
7767
7945
7862
7499
7068
6727
6321
5814
5647
5682
5535
5496
5603
5603
5542
5434
5279
5038
4627
4129
3642
3275
3029
2710
2399
2264
1816
890
238
-305
-1466
-2900
-4094
-5252
-6888
-8459
-9046
-9601
-10713
-11201
-10903
-10671
-10514
-9755
-8411
-7477
-6855
-5614
-4218
-3308
-2504
-1606
-813
-264
235
887
1506
2027
2506
2931
3536
4344
4886
5154
5596
6033
6012
5790
5760
5526
4656
3616
2918
2189
1027
-54
-767
-1660
-2721
-3431
-3785
-4152
-4896
-5491
-5588
-5997
-6473
-6528
-6591
-6740
-6992
-6676
-5772
-5284
-4461
-3008
-1763
-506
994
2801
4346
5149
6153
7154
7392
7492
7679
7544
6951
6324
6128
5904
5418
5254
5348
5219
5150
5400
5599
5525
5260
5023
4817
4432
3999
3617
3213
2849
2551
2419
2555
2446
1671
936
442
-558
-1901
-3079
-4196
-5810
-7743
-8684
-9081
-10090
-10862
-10904
-10769
-10688
-10249
-8930
-7655
-7047
-6148
-4895
-3815
-2850
-1984
-1180
-567
-197
317
1008
1712
2362
2740
3128
3938
4718
5181
5677
6186
6335
6075
5898
5940
5476
4437
3531
2741
1704
615
-231
-953
-1948
-2985
-3548
-3961
-4458
-4867
-5290
-5744
-6163
-6460
-6582
-6720
-6745
-6562
-6353
-5832
-4787
-3567
-2435
-1211
315
1857
3077
4284
5573
6356
6564
6783
7127
7121
6621
6173
6000
5557
4934
4836
5004
4886
4621
4646
5023
5102
4862
4900
4847
4449
4062
3743
3617
3405
2978
2888
2904
2906
2752
2040
1524
978
-286
-1553
-2621
-3814
-5540
-7359
-8139
-8763
-9963
-10641
-10570
-10495
-10623
-10092
-8741
-7761
-7210
-6266
-4947
-3873
-3112
-2165
-1296
-805
-411
46
767
1525
1979
2382
2978
3827
4538
4965
5644
6267
6253
6055
6148
6203
5628
4649
3905
3111
1994
921
70
-676
-1686
-2760
-3325
-3632
-3991
-4634
-5241
-5350
-5848
-6574
-6630
-6534
-6722
-7067
-6686
-5583
-4991
-4180
-2555
-1167
-75
1313
3074
4485
5182
5974
6719
6802
6765
6875
6574
5828
5331
5088
4725
4485
4538
4637
4498
4545
5070
5312
5202
5227
5110
4752
4410
4140
3904
3526
3087
2909
2830
2804
2791
2240
1545
1071
109
-1119
-2179
-3344
-4864
-6696
-7877
-8432
-9533
-10537
-10676
-10686
-10806
-10451
-9347
-8180
-7576
-6816
-5471
-4362
-3549
-2561
-1708
-1143
-683
-184
531
1242
1768
2230
2656
3369
4280
4818
5329
6006
6261
6154
6206
6381
6153
5302
4435
3810
2848
1710
900
48
-1048
-2130
-2920
-3325
-3830
-4455
-4870
-5392
-5883
-6116
-6340
-6442
-6505
-6570
-6368
-5983
-5219
-4143
-3299
-2338
-993
321
1525
2727
3971
4936
5316
5686
6255
6385
6081
5802
5617
5337
4951
4770
4838
4735
4464
4496
4812
5054
5149
5107
5076
4967
4559
4339
4258
3812
3355
3029
2872
2911
2855
2909
2633
1815
1312
669
-504
-1617
-2806
-4308
-6100
-7502
-8126
-9005
-10130
-10508
-10460
-10552
-10306
-9291
-8107
-7440
-6844
-5679
-4459
-3625
-2744
-1846
-1314
-943
-459
177
892
1424
1758
2145
2765
3615
4322
4829
5499
5939
5891
5991
6272
6178
5538
4747
4151
3357
2286
1434
631
-473
-1588
-2393
-2978
-3512
-4095
-4629
-5002
-5372
-5631
-5735
-5939
-6074
-6159
-6227
-5928
-5429
-4825
-4093
-3388
-2384
-1178
-52
1196
2362
3296
4064
4635
5242
5725
5759
5655
5544
5294
5083
4956
4884
4840
4624
4517
4738
4959
5134
5258
5262
5203
4986
4791
4782
4525
3966
3568
3367
3191
3045
3026
3035
2489
1598
1194
655
-547
-1798
-2973
-4358
-6040
-7326
-7843
-8642
-9769
-10226
-10197
-10161
-9886
-9079
-8037
-7330
-6679
-5529
-4267
-3306
-2457
-1727
-1161
-615
-134
419
1067
1525
1837
2182
2841
3738
4296
4719
5313
5724
5838
5956
6208
6145
5466
4666
4054
3304
2281
1302
388
-686
-1782
-2623
-3122
-3519
-4079
-4658
-5065
-5332
-5600
-5879
-5972
-6038
-6312
-6445
-6116
-5575
-5148
-4605
-3729
-2789
-1835
-642
708
1860
2799
3721
4525
5153
5620
5844
5816
5652
5475
5252
5024
4931
4818
4606
4548
4719
4946
5069
5159
5288
5230
5022
4889
4720
4416
3934
3406
3138
2960
2715
2641
2659
2524
2064
1509
1225
596
-630
-1752
-2787
-4133
-5657
-6758
-7413
-8387
-9434
-9761
-9656
-9642
-9436
-8655
-7700
-7019
-6252
-5092
-3906
-3093
-2448
-1718
-1107
-669
-260
159
638
992
1200
1623
2290
2968
3461
3904
4542
5061
5230
5398
5670
5605
5064
4453
3956
3286
2271
1270
449
-484
-1488
-2318
-2913
-3392
-3983
-4531
-4800
-4972
-5241
-5591
-5737
-5687
-5862
-6013
-5706
-5230
-4916
-4519
-3655
-2640
-1808
-815
432
1544
2406
3261
4144
4794
5188
5435
5512
5479
5381
5183
4950
4864
4838
4667
4570
4741
4913
4877
4898
5138
5195
4927
4733
4636
4308
3814
3427
3151
2826
2482
2295
2253
2233
2146
1825
1394
1048
405
-608
-1561
-2452
-3649
-5151
-6221
-6833
-7751
-8707
-9015
-8924
-9024
-8976
-8163
-7182
-6628
-5973
-4878
-3849
-3217
-2567
-1739
-1186
-904
-560
-92
361
701
1041
1469
2020
2618
3094
3603
4222
4674
4840
4977
5224
5176
4677
4158
3680
2931
1912
976
216
-715
-1734
-2447
-2939
-3438
-3928
-4266
-4423
-4589
-4756
-4819
-4866
-4868
-4878
-4922
-4778
-4499
-4177
-3814
-3344
-2561
-1734
-999
-49
1007
1928
2649
3370
4194
4705
4883
5093
5275
5224
4968
4808
4812
4695
4475
4422
4551
4613
4574
4638
4794
4848
4677
4485
4413
4179
3811
3531
3299
3075
2809
2631
2663
2715
2725
2604
2261
1905
1417
570
-391
-1364
-2574
-4061
-5470
-6441
-7324
-8397
-9110
-9308
-9448
-9525
-9108
-8247
-7489
-6909
-6033
-4900
-4029
-3328
-2502
-1774
-1303
-941
-495
39
447
774
1165
1629
2230
2815
3289
3871
4450
4800
4999
5212
5386
5183
4640
4173
3643
2781
1818
971
148
-777
-1668
-2283
-2700
-3122
-3498
-3671
-3668
-3717
-3972
-4189
-4213
-4425
-4879
-5057
-4949
-5044
-5194
-4798
-4019
-3444
-2792
-1559
-290
589
1670
3058
4064
4618
5196
5727
5764
5517
5476
5299
4734
4317
4209
4076
3921
4028
4310
4390
4459
4814
5106
5127
5077
5009
4729
4238
3869
3571
3046
2471
2122
1921
1728
1680
1857
1824
1451
1174
929
388
-432
-1301
-2267
-3628
-4995
-5918
-6814
-7865
-8675
-9091
-9303
-9378
-9017
-8232
-7524
-6870
-5968
-4906
-3872
-3007
-2230
-1538
-1044
-663
-298
142
508
671
868
1263
1801
2296
2742
3315
3840
4178
4521
4928
5192
5066
4676
4297
3808
3076
2268
1456
532
-464
-1318
-1957
-2514
-3049
-3536
-3974
-4282
-4393
-4486
-4689
-4768
-4741
-4867
-4924
-4576
-4150
-4013
-3809
-3122
-2358
-1849
-1031
137
957
1490
2313
3332
3950
4211
4643
5009
4946
4860
5015
5105
4889
4641
4647
4689
4618
4594
4662
4657
4524
4446
4453
4380
4107
3723
3397
3060
2748
2521
2268
2049
1906
1852
1891
2017
2181
2062
1677
1320
879
154
-791
-1758
-2865
-4271
-5558
-6448
-7225
-8065
-8726
-8947
-8932
-8815
-8338
-7527
-6739
-6115
-5378
-4399
-3499
-2830
-2225
-1650
-1196
-864
-481
30
456
710
1004
1478
2102
2705
3219
3791
4311
4591
4810
5053
5142
4846
4248
3679
3062
2240
1370
571
-269
-1172
-1921
-2430
-2823
-3190
-3520
-3754
-3887
-3951
-3994
-4080
-4131
-4174
-4285
-4267
-4053
-3798
-3568
-3271
-2717
-2024
-1349
-529
410
1271
2040
2813
3620
4311
4715
4948
5161
5216
5094
4925
4776
4598
4275
4038
4044
4039
3949
3896
3915
3917
3828
3766
3737
3538
3172
2829
2578
2350
2079
1816
1638
1506
1432
1498
1684
1858
1828
1611
1377
1047
487
-285
-1184
-2237
-3524
-4775
-5742
-6585
-7445
-8163
-8504
-8583
-8530
-8126
-7416
-6668
-5986
-5201
-4203
-3285
-2570
-1909
-1360
-964
-669
-392
-58
188
315
504
831
1291
1779
2267
2818
3335
3734
4088
4442
4647
4544
4211
3817
3374
2743
1951
1187
386
-538
-1428
-2097
-2584
-3148
-3721
-3958
-4030
-4185
-4200
-3993
-3781
-3724
-3603
-3195
-2833
-2662
-2337
-1877
-1507
-1130
-562
109
651
1146
1798
2460
3007
3544
4031
4325
4512
4717
4839
4823
4716
4568
4374
4128
3984
3900
3716
3497
3310
3174
3077
2965
2872
2739
2491
2224
2036
1932
1783
1528
1360
1306
1238
1260
1453
1624
1531
1318
1190
896
354
-249
-944
-1880
-2999
-3947
-4708
-5552
-6353
-6909
-7271
-7533
-7525
-7159
-6719
-6298
-5765
-5103
-4439
-3818
-3183
-2638
-2262
-1926
-1581
-1271
-962
-652
-350
-39
362
914
1470
1981
2530
3044
3447
3801
4133
4328
4279
4044
3730
3321
2763
2143
1492
767
44
-612
-1145
-1559
-1964
-2350
-2651
-2832
-2921
-3001
-3007
-2957
-2992
-3028
-2921
-2734
-2579
-2438
-2195
-1877
-1543
-1066
-464
118
667
1240
1830
2379
2903
3349
3641
3831
3962
4028
4028
3997
3923
3728
3507
3399
3303
3177
3081
3029
2956
2818
2767
2780
2668
2490
2306
2100
1895
1716
1580
1440
1299
1243
1260
1362
1545
1739
1843
1817
1801
1696
1310
807
209
-639
-1704
-2741
-3593
-4528
-5548
-6270
-6765
-7238
-7518
-7396
-7066
-6802
-6425
-5759
-5059
-4487
-3863
-3203
-2734
-2410
-2045
-1683
-1422
-1167
-866
-552
-187
299
850
1386
1977
2599
3115
3549
3992
4314
4353
4232
4076
3778
3279
2691
2146
1520
767
160
-268
-712
-1145
-1443
-1601
-1751
-1909
-1927
-1921
-2104
-2345
-2500
-2658
-2875
-3034
-3068
-3106
-3120
-2897
-2465
-2009
-1496
-811
-84
577
1304
2106
2752
3164
3518
3857
3970
3901
3874
3771
3473
3177
3050
3005
2898
2844
2960
3060
3077
3200
3377
3424
3299
3145
3022
2780
2448
2172
1891
1536
1249
1128
1080
1092
1194
1360
1481
1523
1609
1554
1191
747
184
-650
-1636
-2621
-3590
-4682
-5744
-6502
-7107
-7675
-7937
-7832
-7625
-7323
-6755
-5991
-5236
-4537
-3739
-2942
-2365
-1872
-1402
-1052
-779
-541
-311
-63
219
558
949
1408
1961
2502
2964
3462
3939
4245
4410
4487
4431
4155
3702
3204
2640
1931
1180
504
-112
-732
-1287
-1658
-1916
-2200
-2427
-2498
-2542
-2646
-2712
-2668
-2639
-2714
-2711
-2564
-2481
-2434
-2244
-1945
-1654
-1346
-860
-283
190
724
1382
1951
2436
2921
3367
3660
3808
3963
4024
3914
3789
3661
3448
3215
3089
3004
2847
2722
2690
2640
2539
2478
2465
2357
2163
2023
1902
1744
1562
1400
1299
1199
1099
1121
1231
1313
1325
1292
1295
1181
816
437
10
-655
-1498
-2316
-3028
-3869
-4773
-5419
-5865
-6322
-6665
-6654
-6452
-6270
-5965
-5393
-4737
-4212
-3687
-3060
-2526
-2151
-1779
-1414
-1135
-919
-712
-429
-78
283
658
1069
1540
2025
2443
2853
3309
3615
3706
3771
3780
3624
3299
2896
2498
1973
1356
840
380
-89
-546
-950
-1231
-1453
-1710
-1902
-1995
-2090
-2248
-2370
-2341
-2341
-2450
-2458
-2339
-2255
-2209
-1996
-1663
-1389
-1110
-680
-135
324
767
1323
1807
2178
2529
2838
3055
3157
3187
3174
3097
3008
2920
2797
2711
2676
2634
2583
2569
2590
2538
2442
2402
2353
2221
2058
1951
1838
1651
1501
1408
1318
1239
1185
1214
1297
1358
1417
1389
1314
1193
841
365
-111
-723
-1543
-2399
-3085
-3795
-4635
-5287
-5639
-5956
-6283
-6288
-5991
-5746
-5481
-4968
-4313
-3790
-3381
-2822
-2290
-2007
-1753
-1436
-1146
-944
-784
-520
-187
142
528
974
1482
1998
2407
2789
3210
3515
3631
3645
3630
3488
3148
2752
2394
1961
1391
858
443
39
-358
-691
-901
-1039
-1227
-1384
-1457
-1516
-1610
-1800
-1923
-1950
-2085
-2276
-2335
-2266
-2274
-2324
-2129
-1768
-1514
-1244
-742
-169
245
642
1200
1708
1998
2227
2523
2732
2742
2724
2758
2721
2600
2470
2401
2375
2327
2293
2312
2366
2411
2393
2401
2459
2445
2333
2215
2132
1976
1745
1569
1438
1295
1137
1023
1001
1007
1025
1055
1056
1036
957
739
452
133
-336
-993
-1677
-2277
-2939
-3706
-4313
-4691
-5084
-5456
-5513
-5327
-5174
-5000
-4592
-4043
-3619
-3234
-2697
-2219
-1928
-1673
-1387
-1103
-926
-795
-574
-314
-55
231
586
1057
1492
1841
2248
2698
3042
3212
3340
3455
3389
3130
2832
2548
2119
1566
1083
645
178
-279
-645
-881
-1106
-1341
-1481
-1559
-1657
-1785
-1893
-1942
-2037
-2178
-2260
-2328
-2395
-2430
-2412
-2325
-2186
-1978
-1687
-1338
-914
-417
84
570
1080
1571
1948
2247
2540
2737
2781
2760
2749
2696
2529
2386
2321
2232
2124
2098
2183
2258
2286
2368
2472
2523
2511
2476
2422
2263
2024
1809
1604
1366
1117
941
826
723
682
744
839
866
855
886
822
578
302
-35
-536
-1167
-1765
-2307
-2969
-3623
-4085
-4450
-4807
-5027
-4991
-4852
-4722
-4450
-3986
-3528
-3126
-2685
-2235
-1884
-1625
-1350
-1075
-880
-744
-597
-407
-195
51
342
666
1039
1404
1738
2098
2451
2704
2824
2876
2894
2762
2497
2219
1897
1476
997
578
237
-127
-453
-666
-827
-939
-1009
-1032
-1027
-1024
-1047
-1123
-1197
-1263
-1408
-1598
-1736
-1818
-1950
-2076
-2026
-1887
-1783
-1622
-1282
-862
-532
-168
340
783
1079
1383
1711
1925
1984
2023
2081
2058
1942
1843
1782
1708
1636
1607
1663
1747
1808
1906
2048
2176
2275
2334
2354
2336
2250
2117
1958
1772
1587
1377
1165
1034
950
870
831
878
986
1052
1066
1123
1152
1016
757
504
190
-335
-958
-1495
-2027
-2670
-3274
-3668
-3972
-4312
-4515
-4466
-4320
-4194
-3971
-3576
-3180
-2880
-2544
-2156
-1845
-1645
-1473
-1270
-1105
-1015
-904
-715
-485
-266
-22
314
705
1058
1389
1766
2122
2352
2493
2610
2643
2523
2308
2052
1748
1360
924
527
173
-163
-467
-691
-812
-891
-946
-942
-874
-818
-849
-881
-894
-993
-1179
-1355
-1491
-1679
-1891
-2012
-2050
-2050
-2001
-1842
-1580
-1273
-905
-472
-8
439
834
1195
1515
1767
1933
2004
2017
1987
1895
1764
1660
1588
1494
1394
1375
1423
1452
1495
1600
1732
1802
1844
1946
2019
1989
1929
1887
1789
1622
1453
1318
1185
1044
958
934
942
985
1037
1117
1243
1332
1330
1303
1246
1053
748
415
39
-471
-1059
-1589
-2098
-2645
-3126
-3442
-3679
-3906
-4007
-3916
-3774
-3634
-3391
-3064
-2777
-2553
-2286
-2013
-1833
-1706
-1577
-1439
-1338
-1246
-1099
-914
-693
-447
-172
172
543
881
1220
1572
1875
2085
2221
2317
2326
2210
2015
1801
1519
1162
817
499
198
-88
-330
-492
-606
-685
-707
-677
-606
-534
-487
-440
-413
-423
-470
-569
-670
-796
-979
-1129
-1212
-1254
-1274
-1237
-1098
-904
-696
-449
-130
192
438
667
912
1104
1198
1227
1249
1218
1091
978
915
842
770
730
769
853
924
1043
1202
1352
1485
1577
1683
1771
1775
1750
1724
1663
1558
1435
1321
1214
1096
979
907
869
835
832
850
874
927
956
969
998
978
904
766
602
438
177
-154
-469
-806
-1216
-1634
-1952
-2235
-2559
-2819
-2953
-3039
-3125
-3124
-3022
-2940
-2899
-2800
-2639
-2530
-2475
-2384
-2270
-2203
-2138
-2015
-1845
-1675
-1500
-1246
-946
-629
-278
91
495
895
1247
1575
1874
2109
2245
2314
2355
2311
2175
2012
1840
1622
1366
1136
942
744
537
375
268
168
63
-13
-79
-158
-245
-358
-483
-613
-784
-988
-1169
-1323
-1496
-1663
-1738
-1745
-1748
-1688
-1519
-1294
-1079
-822
-481
-150
138
429
731
987
1168
1323
1451
1518
1535
1531
1511
1477
1426
1370
1342
1315
1294
1291
1290
1300
1282
1234
1177
1111
1032
912
786
677
545
413
317
251
214
191
209
289
387
501
628
780
931
1053
1155
1254
1350
1376
1339
1318
1270
1151
989
820
648
382
69
-181
-442
-778
-1123
-1394
-1637
-1929
-2202
-2374
-2521
-2715
-2867
-2917
-2942
-2992
-3012
-2948
-2863
-2815
-2728
-2551
-2373
-2225
-2039
-1792
-1514
-1255
-975
-633
-317
-46
237
544
817
1032
1225
1408
1551
1640
1692
1722
1730
1696
1614
1534
1445
1318
1180
1048
911
756
577
396
242
75
-113
-278
-422
-572
-735
-890
-990
-1076
-1194
-1280
-1295
-1288
-1293
-1260
-1133
-992
-879
-728
-512
-300
-131
87
336
535
689
846
1021
1139
1200
1269
1321
1321
1302
1304
1297
1250
1191
1150
1108
1052
1005
952
908
857
783
717
662
621
557
484
446
410
375
341
340
362
375
407
474
563
640
714
807
893
947
997
1037
1049
1035
997
945
872
766
628
492
355
186
2
-192
-390
-590
-807
-1035
-1244
-1449
-1665
-1871
-2048
-2201
-2366
-2488
-2529
-2564
-2595
-2580
-2505
-2422
-2346
-2197
-2006
-1847
-1703
-1526
-1305
-1112
-947
-745
-538
-374
-214
-16
192
363
521
693
846
979
1074
1164
1251
1274
1268
1248
1212
1144
1042
934
832
723
594
474
379
289
193
118
72
30
-15
-62
-88
-106
-139
-169
-183
-180
-202
-224
-203
-173
-166
-134
-50
35
99
200
334
435
515
612
714
784
836
887
913
906
881
847
792
725
665
590
499
431
381
330
291
274
267
253
246
272
305
324
334
350
359
348
341
345
335
316
290
266
265
263
248
251
265
261
248
241
220
150
57
-30
-142
-295
-457
-601
-745
-914
-1045
-1133
-1235
-1320
-1359
-1355
-1359
-1363
-1315
-1266
-1227
-1187
-1125
-1071
-1057
-1024
-979
-951
-921
-874
-814
-745
-664
-566
-458
-350
-241
-125
-8
104
203
287
354
410
448
466
483
482
464
428
404
388
355
337
325
312
313
317
343
366
363
375
394
393
397
404
388
369
353
329
302
287
278
266
253
261
289
305
342
399
435
479
525
569
600
613
634
648
645
628
617
608
596
601
607
616
617
623
634
631
621
612
595
575
545
498
449
394
338
273
189
107
31
-51
-142
-229
-318
-427
-536
-638
-740
-847
-950
-1046
-1144
-1225
-1286
-1333
-1365
-1372
-1368
-1365
-1329
-1279
-1220
-1157
-1082
-1002
-933
-852
-768
-680
-610
-555
-478
-411
-346
-269
-197
-130
-65
0
64
132
188
237
280
302
327
353
364
358
342
316
278
241
198
155
122
89
71
54
45
55
67
83
103
131
166
189
221
258
282
304
325
342
351
360
372
386
410
432
451
477
510
547
571
603
647
663
654
657
652
619
579
543
498
433
372
315
270
234
193
190
177
153
158
180
200
207
238
266
272
280
287
286
257
236
217
171
127
93
60
22
-10
-36
-76
-109
-132
-157
-198
-252
-303
-372
-461
-544
-610
-680
-765
-831
-876
-919
-948
-954
-943
-927
-901
-860
-806
-754
-700
-643
-594
-548
-508
-468
-435
-404
-372
-342
-317
-284
-244
-222
-207
-175
-145
-121
-91
-66
-41
-11
10
34
61
81
99
114
126
145
156
155
168
167
162
193
213
209
222
257
291
310
339
383
406
417
449
481
503
518
534
561
583
598
616
647
675
695
719
746
768
772
778
776
770
754
716
693
672
625
568
527
484
426
376
340
313
274
218
178
142
80
24
-15
-63
-120
-179
-227
-271
-328
-391
-442
-480
-531
-600
-651
-682
-724
-792
-832
-843
-890
-944
-959
-961
-985
-1005
-1000
-995
-1000
-1005
-982
-943
-919
-898
-856
-794
-740
-680
-604
-518
-433
-365
-283
-191
-114
-47
30
108
154
188
224
258
286
307
333
347
346
351
358
362
367
375
380
392
400
398
397
396
403
407
394
378
375
362
337
332
336
318
288
283
281
269
264
271
287
292
297
302
313
322
321
326
315
287
268
256
248
227
206
202
195
187
187
190
194
194
193
193
202
208
207
214
217
212
211
206
205
203
196
195
197
196
183
181
168
143
115
82
48
10
-46
-106
-150
-200
-253
-303
-346
-394
-435
-465
-501
-521
-546
-567
-573
-589
-607
-605
-601
-617
-619
-602
-597
-595
-588
-569
-537
-510
-470
-421
-376
-328
-271
-210
-164
-112
-59
-17
23
54
78
98
105
113
123
114
99
95
90
77
71
75
71
58
57
64
61
55
59
59
52
55
56
46
43
57
63
66
81
108
139
171
208
250
300
343
378
425
473
498
520
539
536
529
530
521
502
482
458
436
408
378
356
337
309
286
258
235
219
189
161
135
110
61
19
-9
-53
-96
-133
-151
-182
-219
-227
-229
-242
-254
-248
-237
-244
-244
-228
-222
-232
-237
-245
-262
-273
-291
-308
-322
-345
-360
-370
-376
-384
-387
-383
-379
-378
-372
-369
-364
-367
-364
-360
-376
-386
-384
-388
-398
-398
-382
-374
-366
-339
-297
-248
-205
-145
-80
-39
-2
53
107
144
176
209
235
246
256
272
281
279
278
288
298
304
310
312
319
316
317
323
317
326
319
318
330
321
327
334
343
356
369
381
389
414
430
445
467
466
466
471
471
464
448
423
410
395
371
342
305
275
239
210
189
155
109
68
41
3
-38
-74
-111
-147
-176
-198
-217
-236
-257
-267
-281
-298
-313
-322
-322
-336
-336
-337
-351
-350
-356
-359
-370
-380
-381
-389
-393
-398
-408
-416
-422
-430
-442
-447
-445
-452
-459
-467
-470
-465
-467
-467
-461
-454
-447
-436
-423
-410
-399
-383
-352
-320
-293
-256
-212
-176
-134
-94
-56
-9
27
62
104
143
177
210
237
268
301
328
356
385
408
431
455
476
489
502
515
525
528
525
533
538
533
528
528
525
525
529
529
530
527
520
512
498
486
465
442
424
397
370
347
322
291
256
224
192
163
122
80
64
37
-9
-39
-65
-97
-136
-170
-197
-230
-267
-300
-325
-362
-408
-455
-503
-540
-585
-630
-651
-661
-665
-661
-640
-623
-607
-568
-515
-478
-440
-392
-343
-303
-281
-252
-225
-206
-185
-171
-148
-123
-96
-65
-40
-14
17
43
67
94
116
125
128
128
122
106
90
73
51
31
10
-3
-13
-23
-16
-6
10
23
45
68
85
109
137
164
179
183
184
188
201
201
192
200
209
215
214
231
258
267
281
306
330
336
342
352
350
337
321
305
288
257
227
206
177
147
123
101
86
73
55
42
27
2
-12
-34
-57
-76
-96
-112
-123
-140
-160
-169
-183
-200
-204
-203
-202
-204
-198
-184
-178
-178
-171
-167
-173
-173
-171
-174
-171
-173
-176
-163
-159
-155
-148
-152
-149
-130
-120
-116
-103
-98
-92
-85
-83
-84
-92
-98
-98
-95
-91
-89
-83
-74
-68
-57
-52
-43
-24
-6
7
21
41
55
66
84
100
114
125
134
144
152
159
158
155
152
148
153
147
141
141
147
137
121
120
109
100
94
81
78
79
68
60
67
74
79
85
99
112
130
149
171
191
198
214
223
224
224
225
218
213
201
181
174
158
138
129
116
94
75
48
17
1
-24
-53
-79
-95
-119
-152
-172
-202
-225
-244
-267
-279
-294
-305
-310
-311
-313
-320
-317
-311
-313
-310
-300
-285
-273
-263
-251
-237
-226
-219
-210
-204
-198
-188
-180
-165
-151
-140
-123
-104
-89
-74
-60
-38
-26
-22
-7
5
12
18
25
33
37
47
63
72
85
99
112
126
134
146
157
166
179
183
188
187
189
191
183
184
181
178
183
176
173
173
163
152
148
143
134
136
132
123
120
118
130
134
126
134
143
150
155
156
153
146
143
140
132
116
101
95
82
59
44
35
16
-5
-10
-17
-34
-51
-61
-68
-82
-98
-114
-130
-143
-162
-170
-189
-208
-203
-209
-214
-209
-214
-207
-190
-178
-163
-146
-133
-123
-111
-109
-106
-101
-105
-109
-118
-127
-130
-134
-138
-138
-135
-131
-129
-118
-107
-98
-82
-70
-54
-43
-35
-21
-21
-23
-10
-1
6
11
18
34
46
53
62
78
96
103
115
127
129
135
140
145
137
130
126
121
113
103
99
96
97
94
90
95
93
95
101
106
110
107
109
116
113
112
116
117
113
113
111
101
99
90
84
83
73
63
51
34
21
11
-6
-19
-31
-46
-59
-77
-97
-111
-120
-143
-157
-165
-177
-180
-192
-193
-188
-191
-193
-197
-190
-187
-184
-173
-163
-147
-133
-128
-115
-97
-84
-72
-55
-37
-18
0
12
22
32
41
42
46
43
37
42
31
18
16
8
1
-10
-14
-15
-16
-22
-22
-17
-13
-5
0
6
11
20
28
34
42
52
62
66
80
85
86
104
118
128
140
150
161
166
167
166
173
173
169
169
163
152
153
144
139
134
113
114
111
102
97
93
93
84
87
85
73
69
53
39
34
31
20
2
-3
-12
-30
-40
-53
-69
-80
-92
-107
-122
-133
-138
-143
-144
-152
-159
-158
-161
-174
-181
-178
-181
-185
-190
-189
-185
-190
-192
-187
-182
-180
-171
-157
-145
-133
-125
-112
-96
-88
-78
-71
-62
-48
-37
-24
-15
-4
11
24
39
47
55
64
71
86
93
101
107
108
110
116
121
125
129
135
140
137
135
139
138
138
137
135
132
126
120
112
113
105
94
90
82
79
67
60
55
50
43
28
23
17
7
0
-8
-10
-7
-6
-17
-21
-19
-14
-11
-10
-11
-18
-18
-19
-22
-24
-23
-22
-21
-22
-24
-32
-32
-27
-33
-27
-33
-47
-43
-46
-54
-61
-59
-58
-58
-62
-68
-62
-60
-60
-56
-58
-60
-58
-62
-63
-62
-60
-55
-54
-55
-55
-52
-49
-49
-48
-47
-42
-46
-47
-38
-41
-42
-39
-46
-40
-31
-31
-24
-19
-20
-15
-12
-6
3
13
22
34
47
59
71
83
93
108
117
128
137
134
141
148
139
133
126
117
111
99
90
