2
8
14
12
6
6
2
1
6
5
-6
-9
-3
0
7
2
2
2
4
5
-8
-3
-3
-4
3
0
-7
-2
3
5
6
1
-2
-1
2
4
5
-1
-3
3
-6
-7
0
-9
-13
-9
-5
2
1
-9
-10
-7
-6
-4
-6
-9
-13
-8
-4
-7
-9
-11
-1
0
-2
-3
-9
-4
-7
-10
-10
-17
-17
-10
-9
-7
-1
1
3
10
9
-1
2
1
-3
12
8
-2
3
4
1
-1
4
4
10
17
18
22
24
25
14
8
9
5
13
14
10
8
4
4
-4
-6
-3
1
3
-4
-6
-4
-1
6
7
5
5
5
2
7
5
-1
-6
-2
0
1
4
2
2
0
2
5
0
4
4
3
9
9
10
19
20
20
12
4
2
-9
-6
-1
3
1
-1
-1
-3
0
6
4
5
3
-13
-11
-12
-22
-16
-20
-22
-20
-17
-19
-28
-17
-13
-22
-11
-8
-10
0
-8
-14
-12
-20
-18
-13
-8
-12
-14
-10
-12
-9
-3
2
5
5
7
8
4
4
15
20
22
27
28
26
25
20
24
26
16
18
20
14
10
1
-6
-10
-15
-18
-17
-20
-23
-15
-7
-8
-5
-7
-10
-10
-7
-5
1
9
5
4
19
25
33
35
30
38
42
30
28
26
17
10
7
2
-8
-6
-6
-6
2
0
2
3
7
17
20
22
21
18
23
21
11
6
5
7
-1
-10
-8
-12
-16
-15
-20
-25
-22
-16
-10
-7
2
3
-4
-6
-6
-9
-12
-6
-14
-21
-16
-22
-28
-31
-30
-28
-33
-38
-38
-39
-38
-38
-46
-38
-39
-50
-42
-45
-49
-41
-31
-19
-12
-7
6
16
23
36
42
46
50
45
39
41
44
43
41
36
31
20
22
20
8
9
11
6
-1
-4
0
7
7
8
9
7
6
6
9
4
4
8
-5
-6
4
1
-5
-5
-1
8
10
4
9
14
15
13
16
11
-1
0
-9
-16
-20
-20
-15
-22
-16
-9
-14
-14
-10
0
-1
0
-6
-7
0
-5
-9
-11
-11
-12
-6
-2
-1
8
10
10
11
14
22
23
21
20
22
18
13
18
17
8
12
23
17
16
20
23
32
30
35
40
35
37
37
35
29
15
3
-9
-26
-40
-51
-59
-62
-57
-50
-49
-53
-55
-50
-52
-44
-32
-38
-39
-36
-35
-36
-43
-42
-37
-39
-43
-36
-28
-20
-25
-30
-32
-45
-57
-102
-149
-144
-180
-242
-249
-212
-224
-269
-200
-84
-59
-47
68
187
190
196
301
363
295
254
324
312
195
153
174
127
42
43
82
39
3
53
78
43
24
36
-30
-185
-286
-396
-645
-906
-1095
-1294
-1560
-1740
-1741
-1729
-1723
-1539
-1185
-852
-513
-24
506
898
1239
1643
1974
2133
2218
2320
2352
2257
2172
2146
2087
1993
1959
1988
1996
1977
1974
1948
1847
1683
1479
1224
885
484
83
-315
-718
-1089
-1349
-1539
-1701
-1770
-1737
-1663
-1596
-1521
-1418
-1373
-1426
-1489
-1563
-1718
-1909
-2055
-2146
-2224
-2250
-2139
-1938
-1703
-1378
-967
-539
-140
239
601
871
1037
1136
1150
1077
938
784
626
450
294
187
121
81
86
116
132
147
134
58
-58
-211
-436
-708
-982
-1256
-1526
-1742
-1864
-1917
-1911
-1795
-1562
-1284
-965
-581
-178
188
510
827
1086
1242
1356
1455
1473
1436
1435
1448
1431
1421
1480
1561
1613
1703
1828
1907
1940
1974
1983
1932
1833
1732
1609
1444
1288
1169
1060
949
884
861
832
830
861
894
908
916
936
937
906
837
729
593
411
141
-206
-562
-944
-1404
-1903
-2328
-2719
-3160
-3540
-3744
-3856
-3990
-4015
-3837
-3628
-3444
-3153
-2727
-2338
-2031
-1655
-1221
-861
-558
-222
134
429
687
997
1303
1555
1781
1969
2127
2257
2316
2278
2184
2056
1832
1488
1122
782
338
-207
-694
-1105
-1546
-2020
-2367
-2589
-2818
-2996
-3014
-2925
-2831
-2674
-2409
-2092
-1745
-1344
-909
-480
-32
441
883
1276
1671
2058
2366
2607
2851
3096
3240
3292
3389
3515
3536
3496
3504
3529
3454
3299
3214
3154
2965
2704
2503
2331
2094
1830
1636
1504
1396
1323
1311
1353
1454
1587
1606
1555
1566
1464
921
115
-493
-1225
-2509
-3864
-4756
-5582
-6846
-7822
-7877
-7771
-8085
-8020
-7025
-5997
-5485
-4706
-3315
-2208
-1801
-1241
-226
422
505
683
1156
1486
1605
1883
2351
2828
3216
3537
3910
4420
4813
4718
4399
4298
4062
3190
2098
1424
692
-722
-2075
-2660
-3190
-4293
-5170
-5186
-5132
-5535
-5656
-5056
-4515
-4464
-4180
-3384
-2719
-2434
-2036
-1318
-669
-212
367
1099
1775
2395
3028
3621
4153
4642
4989
5097
5097
5166
5096
4698
4236
3958
3648
3060
2520
2326
2150
1719
1400
1477
1577
1396
1270
1468
1606
1468
1377
1492
1557
1495
1523
1656
1829
2034
2220
2319
2431
2659
2533
1837
1216
803
-126
-1716
-2996
-3747
-5041
-6794
-7660
-7664
-8169
-9072
-8889
-7820
-7314
-7182
-6146
-4563
-3793
-3502
-2508
-1196
-644
-583
-103
633
986
1126
1543
2197
2721
3080
3499
4116
4821
5182
5115
5106
5296
5081
4209
3407
2890
1892
280
-1013
-1706
-2738
-4309
-5411
-5689
-6026
-6753
-6949
-6374
-5921
-5883
-5447
-4282
-3315
-2946
-2395
-1322
-396
56
646
1560
2283
2685
3166
3870
4453
4843
5202
5461
5663
5922
6078
5927
5692
5633
5384
4734
4187
4005
3602
2718
2097
1977
1701
1084
748
909
824
418
424
805
1021
1004
1240
1739
2087
2334
2599
2859
2915
2616
1975
1166
414
-657
-2236
-3746
-4877
-6033
-7464
-8444
-8613
-8822
-9330
-9265
-8333
-7492
-7133
-6378
-5098
-4149
-3729
-3068
-2007
-1356
-1178
-840
-188
412
802
1318
2024
2751
3436
4060
4756
5472
5979
6084
5955
5919
5669
4889
3846
2934
1949
472
-1006
-2048
-3052
-4359
-5569
-6112
-6416
-6937
-7213
-6910
-6424
-6183
-5771
-4840
-3893
-3214
-2513
-1504
-480
309
1133
2037
2903
3620
4258
4918
5486
6007
6387
6563
6709
6858
6915
6681
6327
6050
5642
5063
4424
3917
3434
2808
2222
1769
1525
1295
974
762
622
605
567
524
657
840
1120
1386
1665
2091
2541
2761
2365
1847
1600
914
-575
-2193
-3118
-4228
-6218
-7657
-7837
-8029
-9165
-9690
-8573
-7633
-7731
-7350
-5651
-4379
-4434
-3977
-2493
-1569
-1846
-1911
-1020
-480
-633
-601
40
846
1221
1616
2508
3772
4700
4905
5313
6257
6752
6091
5232
5136
4530
2668
913
146
-866
-3080
-4868
-5263
-5653
-6787
-7500
-6975
-6377
-6315
-5887
-4734
-3576
-3010
-2474
-1564
-592
144
539
948
1554
2230
2689
2950
3552
4330
4754
4938
5450
6325
6724
6582
6619
6940
6921
6248
5665
5396
4784
3735
2891
2581
2116
1265
719
708
740
493
420
718
963
1055
1239
1682
2127
2321
2334
2390
2666
2687
1968
1031
471
-282
-1886
-3446
-4135
-5008
-6874
-8341
-8279
-8226
-9266
-9751
-8792
-8045
-8342
-7903
-6156
-5094
-5243
-4763
-3224
-2359
-2383
-1811
-699
-244
-243
451
1600
2220
2565
3220
4009
4657
5231
5713
5912
5968
5857
5337
4658
4100
3313
1785
130
-881
-1875
-3412
-4827
-5481
-6001
-6902
-7322
-6827
-6222
-6063
-5727
-4699
-3577
-2768
-1992
-1001
-21
619
1210
1973
2770
3357
3665
4034
4567
5165
5620
5910
6267
6591
6840
6977
7003
7014
6787
6323
5728
5249
4881
4187
3333
2639
2195
1686
1068
834
688
349
104
328
799
946
1219
1802
2188
2352
2657
3076
2641
1562
866
75
-1456
-3266
-4408
-5552
-7535
-9003
-9220
-9295
-10072
-10398
-9464
-8685
-8432
-7592
-5972
-4904
-4788
-4144
-2923
-2247
-2165
-1919
-1340
-1146
-1030
-451
342
1090
1686
2415
3234
4252
5379
5933
6150
6440
6629
6201
5318
4776
3958
2193
241
-1017
-2019
-3700
-5330
-6101
-6579
-7235
-7582
-7009
-6219
-5803
-5274
-4275
-3042
-2101
-1363
-595
116
719
1123
1554
2120
2608
2906
3168
3791
4590
5181
5685
6264
6916
7374
7639
7833
7826
7592
7058
6368
5730
5083
4253
3187
2364
1912
1403
824
526
543
443
328
669
1259
1638
1898
2350
2789
2999
3198
3149
2424
1417
507
-692
-2410
-3970
-5108
-6658
-8498
-9412
-9406
-9736
-10386
-10103
-9132
-8648
-8319
-7127
-5654
-5122
-4975
-4141
-3126
-2758
-2631
-2141
-1662
-1517
-1212
-434
479
1244
1954
2781
3795
4920
5826
6314
6642
6863
6636
5974
5327
4635
3272
1417
-89
-1253
-2639
-4156
-5211
-5896
-6588
-6962
-6733
-6185
-5684
-5148
-4398
-3552
-2609
-1659
-970
-520
-29
598
1034
1361
1935
2522
2849
3193
3997
4951
5546
5996
6578
7185
7539
7709
7858
7745
7320
6703
6056
5446
4732
3887
2942
2206
1766
1368
1002
764
761
781
795
1116
1615
2060
2302
2504
2840
3115
3105
2527
1687
846
-378
-2047
-3697
-4928
-6352
-8248
-9589
-9953
-10136
-10740
-10860
-10014
-9276
-8914
-8105
-6606
-5490
-5187
-4638
-3612
-2855
-2651
-2412
-1836
-1463
-1282
-862
-17
934
1631
2369
3357
4559
5614
6230
6713
7105
7122
6585
5830
5149
4052
2377
620
-773
-1991
-3456
-4823
-5700
-6174
-6546
-6777
-6394
-5597
-4954
-4508
-3750
-2553
-1631
-1193
-711
27
554
669
1017
1747
2283
2487
2877
3753
4599
5169
5797
6559
7204
7548
7826
8117
8130
7778
7206
6610
5982
5205
4335
3473
2728
2093
1536
1131
864
723
667
723
970
1365
1847
2244
2544
2898
3246
3308
2852
2112
1300
136
-1472
-3121
-4510
-6018
-7837
-9275
-9926
-10302
-10845
-11040
-10478
-9784
-9290
-8511
-7204
-6030
-5480
-4948
-4045
-3251
-2912
-2687
-2221
-1795
-1569
-1200
-442
493
1286
2038
2983
4133
5235
5987
6519
6977
7154
6828
6130
5399
4455
2964
1168
-372
-1619
-3044
-4542
-5568
-6067
-6434
-6730
-6501
-5754
-5051
-4547
-3814
-2692
-1728
-1176
-659
4
525
741
1027
1575
2048
2336
2763
3494
4295
5019
5754
6503
7169
7706
8101
8317
8349
8181
7706
6995
6323
5689
4809
3773
3012
2481
1839
1201
948
932
748
624
936
1432
1754
2031
2458
2852
3044
3067
2795
2109
1187
114
-1327
-3023
-4505
-5888
-7574
-9174
-10012
-10364
-10899
-11286
-10865
-10087
-9607
-8970
-7708
-6451
-5802
-5270
-4336
-3498
-3185
-2927
-2381
-1937
-1760
-1371
-568
273
986
1828
2900
4002
5030
5922
6610
7085
7297
7122
6534
5774
4858
3456
1686
116
-1151
-2588
-4165
-5240
-5724
-6145
-6560
-6373
-5586
-4938
-4517
-3761
-2626
-1744
-1287
-735
-41
387
541
834
1363
1764
2035
2510
3243
4027
4740
5563
6431
7134
7682
8087
8385
8441
8189
7749
7148
6471
5677
4789
3918
3120
2464
1824
1280
965
854
860
870
1102
1610
2142
2507
2841
3388
3775
3587
2981
2335
1528
51
-1800
-3410
-4912
-6744
-8666
-9874
-10475
-11143
-11734
-11654
-10960
-10359
-9768
-8680
-7367
-6385
-5772
-4984
-4071
-3527
-3264
-2970
-2546
-2227
-1951
-1414
-633
257
1099
2033
3216
4484
5595
6380
7050
7615
7732
7311
6631
5924
4789
3054
1326
-75
-1493
-3197
-4644
-5421
-5980
-6559
-6768
-6313
-5660
-5195
-4563
-3593
-2588
-1875
-1317
-684
-117
262
517
836
1237
1617
2001
2506
3264
4129
4931
5727
6590
7442
8063
8454
8738
8810
8533
7984
7369
6686
5802
4783
3858
3102
2373
1709
1254
993
810
701
850
1188
1527
1927
2404
2824
3133
3396
3438
2944
2064
1114
-75
-1780
-3626
-5147
-6705
-8562
-10036
-10652
-11029
-11608
-11750
-11105
-10331
-9779
-8897
-7532
-6429
-5867
-5232
-4303
-3613
-3322
-3007
-2541
-2160
-1857
-1299
-444
453
1323
2264
3359
4559
5706
6602
7210
7647
7830
7544
6836
5987
4977
3434
1546
-72
-1381
-2878
-4520
-5584
-6021
-6454
-6861
-6628
-5813
-5195
-4803
-3975
-2760
-1873
-1416
-824
-86
344
517
872
1410
1759
2006
2493
3245
4047
4800
5614
6445
7173
7767
8216
8530
8607
8393
7935
7319
6655
5884
4969
4006
3182
2500
1795
1222
952
857
756
743
1088
1588
1957
2323
2833
3333
3555
3496
3174
2510
1541
282
-1280
-3004
-4670
-6344
-8132
-9613
-10444
-10978
-11561
-11785
-11297
-10601
-10011
-9142
-7859
-6742
-6087
-5394
-4490
-3792
-3462
-3150
-2681
-2306
-2008
-1477
-651
239
1074
2017
3185
4415
5496
6429
7233
7765
7905
7698
7238
6431
5212
3730
2077
349
-1279
-2768
-4268
-5592
-6348
-6706
-7020
-7046
-6435
-5645
-5167
-4503
-3275
-2180
-1692
-1194
-344
256
376
653
1289
1699
1839
2298
3143
3941
4627
5508
6481
7249
7870
8451
8880
8992
8805
8414
7814
7083
6247
5285
4283
3362
2573
1859
1271
901
720
658
713
978
1404
1897
2361
2796
3310
3696
3770
3453
2831
1997
774
-814
-2515
-4150
-5860
-7723
-9248
-10163
-10775
-11357
-11622
-11231
-10606
-10036
-9183
-7956
-6840
-6147
-5476
-4624
-3950
-3603
-3322
-2936
-2644
-2391
-1901
-1176
-335
521
1491
2633
3842
5039
6083
6922
7513
7810
7775
7356
6647
5586
4172
2525
788
-792
-2304
-3870
-5274
-6167
-6609
-6979
-7074
-6555
-5790
-5277
-4680
-3493
-2301
-1678
-1170
-362
310
482
733
1333
1763
1912
2262
3035
3819
4520
5405
6352
7129
7768
8424
8930
9087
9006
8728
8204
7476
6669
5797
4808
3795
2894
2136
1463
918
632
550
551
682
1081
1639
2100
2547
3096
3556
3639
3309
2735
1881
603
-1039
-2758
-4469
-6271
-8083
-9608
-10589
-11210
-11703
-11893
-11554
-10852
-10113
-9227
-8000
-6772
-5925
-5266
-4457
-3711
-3326
-3107
-2790
-2439
-2187
-1813
-1108
-233
641
1551
2680
3988
5206
6219
7108
7851
8172
8042
7684
7070
5942
4367
2773
1145
-669
-2391
-3819
-5126
-6317
-6944
-7037
-7074
-6915
-6214
-5308
-4694
-3933
-2687
-1703
-1332
-892
-71
437
461
799
1488
1844
1967
2589
3650
4483
5166
6144
7201
7896
8419
9028
9386
9266
8894
8451
7779
6829
5882
4960
3911
2874
2115
1548
986
623
603
711
797
1106
1756
2352
2731
3195
3739
3916
3566
2966
2169
905
-800
-2572
-4279
-6111
-7968
-9510
-10595
-11284
-11727
-11864
-11570
-10930
-10111
-9196
-8080
-6856
-5856
-5151
-4487
-3776
-3287
-3062
-2831
-2488
-2145
-1829
-1266
-384
579
1536
2587
3858
5154
6219
7094
7839
8294
8257
7847
7213
6223
4776
3104
1441
-296
-2072
-3655
-4993
-6153
-6991
-7313
-7339
-7234
-6775
-5979
-5192
-4467
-3472
-2370
-1691
-1248
-569
142
459
704
1290
1847
2115
2557
3474
4422
5123
5937
6950
7769
8271
8777
9248
9278
8920
8470
7928
7112
6134
5241
4318
3313
2449
1851
1328
838
649
703
791
968
1432
2071
2536
2935
3453
3819
3684
3112
2408
1393
-148
-1913
-3597
-5305
-7195
-8897
-10089
-10896
-11482
-11776
-11578
-11052
-10376
-9477
-8355
-7131
-6105
-5306
-4549
-3842
-3306
-3022
-2773
-2469
-2230
-1956
-1467
-660
240
1108
2129
3344
4621
5732
6668
7505
8065
8184
7904
7445
6720
5444
3787
2168
605
-1204
-3013
-4388
-5538
-6670
-7418
-7479
-7309
-7180
-6675
-5782
-4944
-4194
-3162
-2085
-1476
-1021
-324
325
627
957
1577
2016
2267
2872
3807
4620
5275
6140
7053
7664
8162
8713
9057
8920
8525
8133
7578
6704
5759
4953
4058
3025
2196
1700
1284
805
578
738
932
1090
1551
2234
2710
3021
3467
3806
3562
2892
2142
1062
-586
-2363
-3973
-5728
-7660
-9251
-10297
-11109
-11730
-11861
-11544
-11078
-10410
-9375
-8185
-7073
-6076
-5192
-4439
-3811
-3287
-2912
-2661
-2411
-2119
-1758
-1224
-428
509
1422
2425
3629
4913
6020
6901
7681
8225
8289
7955
7496
6782
5450
3712
2132
621
-1262
-3138
-4441
-5533
-6801
-7624
-7554
-7295
-7285
-6837
-5761
-4883
-4269
-3207
-1954
-1337
-1025
-267
515
754
1014
1727
2254
2414
2974
4027
4857
5414
6262
7249
7811
8194
8816
9252
9057
8633
8319
7763
6815
5864
5079
4134
3004
2152
1660
1191
711
530
675
834
1037
1586
2312
2816
3187
3633
3814
3389
2640
1764
398
-1512
-3389
-5076
-6995
-8988
-10378
-11209
-12012
-12569
-12369
-11710
-11102
-10282
-8939
-7538
-6498
-5555
-4524
-3710
-3246
-2873
-2487
-2261
-2136
-1870
-1404
-790
-44
860
1883
3024
4276
5512
6600
7482
8171
8542
8474
8089
7462
6464
4939
3138
1497
-184
-2149
-3988
-5319
-6411
-7561
-8221
-8063
-7739
-7624
-7120
-5991
-5002
-4300
-3283
-2085
-1362
-974
-253
579
966
1266
1887
2475
2835
3455
4456
5293
5923
6738
7654
8277
8720
9275
9578
9357
8939
8541
7929
6925
5910
5028
3981
2829
1980
1495
953
426
306
489
659
905
1561
2321
2751
3105
3532
3601
3002
2133
1205
-272
-2219
-4001
-5609
-7480
-9347
-10488
-11158
-11879
-12259
-11844
-11092
-10513
-9616
-8147
-6789
-5884
-5010
-3961
-3212
-2886
-2535
-2125
-1942
-1925
-1683
-1168
-586
87
931
1940
3021
4191
5399
6475
7371
7973
8265
8259
7940
7346
6367
4990
3344
1637
-39
-1789
-3497
-4937
-6100
-7141
-7859
-7916
-7638
-7434
-7087
-6238
-5210
-4447
-3603
-2468
-1556
-1110
-598
255
891
1159
1585
2228
2714
3139
3912
4869
5569
6169
6931
7651
8118
8536
8916
8879
8524
8194
7775
7014
6120
5371
4512
3439
2564
2066
1541
874
572
661
712
784
1271
2005
2454
2752
3252
3583
3278
2597
1869
774
-908
-2683
-4270
-5992
-7881
-9389
-10351
-11155
-11750
-11794
-11377
-10849
-10132
-8987
-7710
-6631
-5646
-4609
-3722
-3125
-2596
-2124
-1862
-1741
-1552
-1231
-832
-283
426
1197
2087
3143
4247
5267
6208
6999
7479
7666
7670
7436
6801
5807
4586
3117
1480
-146
-1723
-3288
-4748
-5938
-6862
-7523
-7775
-7672
-7449
-7109
-6436
-5503
-4614
-3717
-2682
-1730
-1063
-445
352
1049
1446
1832
2403
2920
3323
3936
4738
5384
5859
6477
7233
7776
8116
8443
8612
8442
8072
7734
7260
6490
5653
4862
4021
3170
2494
1989
1483
1094
1010
1115
1295
1680
2278
2771
3103
3444
3583
3216
2471
1587
339
-1413
-3245
-4918
-6706
-8600
-10039
-10925
-11692
-12274
-12249
-11669
-11004
-10208
-8946
-7524
-6373
-5350
-4217
-3210
-2580
-2132
-1719
-1436
-1319
-1165
-820
-421
46
680
1475
2408
3428
4497
5482
6344
7122
7647
7834
7764
7470
6812
5730
4503
3212
1665
-109
-1775
-3205
-4657
-6025
-6965
-7565
-8081
-8366
-8133
-7627
-7107
-6412
-5447
-4493
-3683
-2697
-1633
-856
-215
520
1220
1687
2191
2916
3498
3875
4416
5169
5787
6268
6918
7538
7857
8039
8294
8422
8166
7780
7389
6801
6047
5347
4725
3962
3149
2509
2024
1616
1370
1362
1436
1586
1961
2456
2868
3137
3228
2933
2235
1371
298
-1151
-2871
-4597
-6317
-8080
-9534
-10503
-11266
-11911
-12098
-11697
-11066
-10242
-9034
-7673
-6520
-5504
-4293
-3123
-2349
-1803
-1303
-968
-875
-701
-317
11
257
676
1375
2188
3082
4119
5102
5837
6431
7009
7406
7422
7178
6718
5872
4742
3615
2482
1018
-687
-2176
-3479
-4823
-6014
-6718
-7212
-7839
-8205
-7946
-7427
-7059
-6532
-5610
-4741
-4054
-3136
-1943
-996
-391
332
1180
1849
2414
3101
3746
4124
4498
5083
5669
6112
6557
7020
7296
7487
7764
7949
7849
7563
7268
6857
6284
5751
5241
4542
3694
3016
2554
2103
1721
1548
1525
1539
1682
2054
2463
2675
2600
2260
1733
992
-50
-1387
-2912
-4548
-6294
-7983
-9303
-10254
-11112
-11808
-11963
-11613
-11077
-10309
-9130
-7791
-6672
-5596
-4278
-3017
-2150
-1512
-892
-450
-276
-52
326
626
805
1103
1649
2315
3040
3815
4567
5236
5821
6324
6694
6876
6756
6275
5546
4718
3767
2596
1292
-91
-1572
-2996
-4222
-5298
-6288
-7068
-7624
-8092
-8241
-7875
-7339
-6925
-6317
-5313
-4367
-3600
-2536
-1240
-364
161
1006
2010
2586
2940
3552
4130
4267
4465
5085
5641
5876
6159
6671
7032
7185
7476
7760
7714
7429
7230
7011
6510
5939
5405
4694
3788
3028
2567
2091
1551
1278
1335
1400
1442
1817
2316
2374
1997
1643
1288
384
-974
-2273
-3613
-5377
-7264
-8591
-9534
-10610
-11562
-11898
-11722
-11462
-10917
-9776
-8437
-7271
-6130
-4741
-3322
-2221
-1373
-642
-76
234
435
702
956
1124
1230
1469
1964
2592
3254
3926
4649
5347
5897
6345
6713
6858
6596
5989
5249
4420
3409
2160
808
-551
-1965
-3389
-4629
-5578
-6432
-7303
-7921
-8111
-8070
-7903
-7471
-6784
-6071
-5372
-4457
-3332
-2291
-1395
-499
365
1118
1805
2496
3115
3554
3917
4300
4684
5094
5527
5903
6205
6544
6939
7259
7473
7629
7671
7474
7131
6848
6501
5886
5133
4436
3744
2951
2289
1905
1544
1146
1000
1189
1404
1574
1853
2040
1810
1315
852
135
-1097
-2490
-3796
-5311
-7035
-8375
-9261
-10203
-11119
-11433
-11181
-10866
-10367
-9265
-7908
-6805
-5735
-4328
-2924
-1976
-1221
-414
178
402
560
858
1042
1049
1147
1441
1858
2346
2954
3639
4308
4960
5539
5986
6298
6420
6219
5692
5049
4296
3263
2024
789
-432
-1831
-3212
-4271
-5168
-6109
-6912
-7324
-7540
-7704
-7585
-7111
-6562
-6053
-5331
-4400
-3505
-2647
-1713
-784
-52
600
1372
2083
2594
3078
3597
3995
4294
4729
5267
5690
5990
6384
6860
7167
7391
7650
7760
7608
7325
7076
6716
6152
5523
4889
4173
3387
2816
2436
2002
1614
1485
1578
1635
1724
2012
2191
1869
1286
875
234
-1052
-2497
-3725
-5152
-6967
-8447
-9208
-9963
-11017
-11517
-11168
-10793
-10514
-9586
-8120
-6962
-6150
-4911
-3321
-2268
-1664
-895
-162
106
174
495
917
1091
1152
1465
1995
2542
3150
3807
4452
5099
5623
5985
6286
6470
6304
5707
4962
4260
3354
2069
796
-259
-1428
-2729
-3773
-4423
-5072
-5908
-6460
-6552
-6610
-6785
-6713
-6337
-6006
-5766
-5329
-4587
-3856
-3312
-2664
-1801
-913
-117
670
1557
2423
3129
3742
4442
5175
5685
6004
6360
6797
7091
7160
7291
7474
7420
7182
6998
6877
6576
6056
5572
5178
4686
4086
3524
3034
2588
2141
1720
1519
1516
1472
1336
1335
1554
1543
1030
520
207
-571
-1933
-3067
-3867
-5121
-6784
-7862
-8307
-9094
-10112
-10264
-9757
-9628
-9546
-8593
-7237
-6428
-5814
-4611
-3239
-2527
-2080
-1243
-487
-268
-148
312
837
1048
1190
1624
2203
2688
3177
3779
4393
4893
5210
5449
5694
5753
5443
4863
4221
3530
2616
1501
471
-434
-1427
-2464
-3244
-3724
-4209
-4818
-5309
-5475
-5553
-5817
-6017
-5880
-5689
-5750
-5675
-5089
-4404
-4054
-3621
-2656
-1627
-892
-5
1219
2289
2957
3686
4685
5438
5794
6147
6543
6703
6692
6767
6831
6722
6528
6372
6229
6086
5988
5810
5505
5231
5004
4675
4256
3875
3452
2913
2422
2076
1783
1489
1278
1138
995
959
1025
850
374
-6
-417
-1292
-2321
-3065
-3918
-5321
-6660
-7295
-7838
-8864
-9580
-9436
-9332
-9607
-9263
-8099
-7163
-6767
-5966
-4538
-3495
-2969
-2112
-1013
-442
-281
183
913
1336
1430
1687
2182
2553
2845
3287
3796
4223
4464
4607
4862
5111
5065
4694
4212
3773
3213
2335
1421
732
-94
-1222
-2133
-2577
-2958
-3666
-4342
-4509
-4634
-5114
-5377
-5166
-5117
-5446
-5531
-5074
-4601
-4419
-4015
-3219
-2559
-1983
-1029
127
1107
1920
2769
3673
4449
5092
5683
6049
6190
6326
6366
6291
6273
6180
5899
5585
5422
5406
5280
5012
4868
4749
4422
4080
3895
3675
3200
2549
2114
1939
1595
1143
1031
1075
876
663
872
1230
1001
398
230
57
-855
-1884
-2460
-3263
-4775
-6189
-6789
-7318
-8442
-9226
-9126
-9081
-9344
-8969
-7844
-6926
-6478
-5670
-4288
-3219
-2613
-1758
-776
-262
-64
323
890
1232
1269
1368
1648
1919
2213
2597
3006
3438
3791
4006
4296
4670
4817
4557
4121
3781
3313
2464
1594
916
31
-1098
-1982
-2476
-2929
-3506
-3904
-4018
-4124
-4185
-4060
-3908
-3821
-3759
-3751
-3745
-3531
-3199
-3073
-3031
-2623
-1956
-1543
-1089
-87
911
1408
2021
3169
4175
4551
4944
5679
6012
5802
5810
6076
5920
5359
5039
5008
4764
4359
4222
4188
3930
3682
3665
3667
3525
3329
3134
2839
2515
2356
2192
1804
1477
1415
1274
971
924
1149
985
285
-106
-94
-681
-1811
-2464
-2872
-4030
-5536
-6191
-6344
-7280
-8492
-8606
-8262
-8638
-8889
-8014
-6949
-6727
-6473
-5212
-3883
-3409
-2925
-1796
-944
-764
-442
352
1008
1120
1222
1709
2155
2392
2686
3104
3502
3766
3903
4088
4386
4515
4286
3895
3584
3275
2630
1775
1192
667
-225
-1125
-1530
-1707
-2195
-2763
-2802
-2555
-2735
-2973
-2639
-2340
-2630
-2889
-2621
-2474
-2863
-3029
-2697
-2657
-2912
-2573
-1861
-1596
-1327
-435
488
959
1616
2757
3520
3708
4208
4951
5038
4764
4933
5078
4610
4117
4123
4089
3620
3354
3561
3559
3251
3237
3479
3431
3172
3128
3159
2885
2453
2271
2177
1787
1338
1201
1146
864
617
750
951
703
301
297
223
-490
-1280
-1652
-2226
-3461
-4604
-5044
-5564
-6722
-7565
-7551
-7652
-8199
-8167
-7313
-6668
-6538
-5923
-4614
-3664
-3262
-2513
-1420
-824
-674
-242
453
779
709
847
1259
1514
1632
1927
2369
2736
2972
3240
3653
4053
4220
4180
4104
4037
3825
3330
2773
2339
1735
862
118
-302
-717
-1378
-1968
-2138
-2221
-2562
-2766
-2579
-2474
-2726
-2898
-2712
-2608
-2899
-3149
-3065
-3045
-3238
-3220
-2852
-2484
-2228
-1784
-1027
-225
478
1236
2075
2811
3432
3992
4427
4727
4853
4787
4625
4461
4287
3993
3597
3313
3176
2977
2759
2749
2837
2798
2713
2795
2991
2983
2787
2678
2602
2362
2053
1844
1651
1392
1127
942
878
881
858
650
356
261
74
-541
-1182
-1589
-2260
-3435
-4416
-4818
-5392
-6528
-7304
-7293
-7471
-8036
-7924
-7085
-6608
-6583
-5917
-4571
-3715
-3382
-2547
-1387
-876
-740
-134
694
976
893
1192
1727
1926
2012
2405
2903
3184
3364
3691
4148
4478
4561
4539
4503
4423
4144
3621
3096
2576
1822
903
133
-408
-1011
-1775
-2338
-2528
-2691
-2978
-3043
-2825
-2691
-2781
-2778
-2477
-2289
-2472
-2603
-2489
-2484
-2676
-2717
-2474
-2251
-2197
-1934
-1322
-744
-260
377
1115
1766
2303
2838
3376
3732
3872
3917
3867
3739
3571
3303
3005
2806
2617
2423
2326
2364
2473
2503
2521
2687
2874
2923
2911
2938
2907
2702
2373
2120
1953
1602
1155
912
808
638
428
445
697
718
418
347
467
158
-505
-958
-1299
-2104
-3247
-3956
-4313
-5125
-6144
-6533
-6562
-6897
-7217
-6848
-6113
-5777
-5531
-4626
-3496
-2880
-2390
-1509
-657
-320
-148
362
885
924
835
1086
1389
1457
1544
1880
2298
2538
2713
3096
3529
3762
3854
3888
3890
3797
3494
3050
2617
2103
1398
637
9
-486
-1055
-1681
-2074
-2225
-2384
-2543
-2518
-2366
-2272
-2300
-2305
-2150
-2079
-2270
-2471
-2516
-2541
-2709
-2883
-2759
-2498
-2422
-2260
-1666
-960
-469
50
861
1697
2214
2673
3329
3787
3862
3916
4056
4036
3795
3514
3317
3095
2800
2613
2535
2432
2358
2340
2332
2382
2443
2418
2327
2220
2126
1983
1724
1463
1249
956
644
461
367
310
265
266
416
634
837
988
1015
992
895
547
74
-333
-907
-1806
-2720
-3388
-3985
-4792
-5527
-5820
-6033
-6413
-6498
-6055
-5569
-5334
-4959
-4162
-3377
-2933
-2407
-1601
-1057
-937
-724
-248
100
100
142
483
742
815
1095
1624
2068
2319
2612
3093
3534
3750
3893
4006
3939
3694
3352
2955
2501
1905
1164
446
-156
-685
-1215
-1723
-2042
-2201
-2380
-2494
-2380
-2163
-2085
-2103
-1969
-1715
-1654
-1775
-1789
-1741
-1876
-2085
-2082
-1903
-1842
-1849
-1589
-1099
-671
-264
314
965
1497
1906
2396
2939
3255
3361
3428
3448
3342
3109
2855
2636
2384
2057
1826
1766
1774
1791
1810
1917
2120
2274
2375
2512
2616
2584
2426
2241
2105
1872
1479
1118
825
541
271
80
44
86
123
230
481
792
1036
1141
1156
1173
1060
662
163
-306
-933
-1815
-2702
-3337
-3921
-4720
-5395
-5620
-5740
-5951
-5900
-5441
-4951
-4663
-4250
-3497
-2804
-2442
-2045
-1502
-1160
-1065
-944
-670
-502
-593
-593
-345
-93
107
430
896
1359
1758
2194
2739
3229
3526
3703
3808
3811
3691
3388
2962
2478
1861
1173
526
-41
-529
-1020
-1463
-1728
-1820
-1840
-1809
-1727
-1604
-1450
-1392
-1396
-1295
-1237
-1438
-1755
-1916
-1993
-2241
-2532
-2513
-2356
-2382
-2276
-1722
-1073
-628
-114
680
1462
1955
2425
3055
3464
3514
3550
3648
3567
3258
2926
2696
2417
2042
1808
1759
1696
1617
1663
1824
2002
2136
2263
2384
2398
2335
2258
2086
1826
1555
1218
828
481
223
12
-200
-306
-211
-63
66
361
790
1115
1350
1626
1896
1929
1708
1472
1149
526
-240
-950
-1713
-2635
-3507
-4133
-4657
-5199
-5564
-5610
-5547
-5480
-5179
-4655
-4160
-3753
-3294
-2744
-2306
-2052
-1795
-1556
-1472
-1484
-1455
-1360
-1274
-1221
-1092
-822
-502
-128
351
877
1403
1903
2378
2824
3190
3421
3515
3480
3333
3101
2752
2308
1869
1416
919
466
147
-91
-357
-578
-634
-637
-706
-724
-645
-638
-772
-903
-951
-1053
-1314
-1584
-1739
-1915
-2152
-2258
-2184
-2089
-2014
-1793
-1362
-902
-453
101
688
1197
1638
2078
2500
2765
2870
2912
2883
2751
2576
2405
2186
1941
1729
1574
1493
1455
1471
1517
1539
1601
1711
1797
1841
1854
1809
1690
1525
1368
1205
949
647
415
212
4
-112
-132
-129
-112
-48
137
372
557
744
948
1097
1181
1235
1265
1201
974
673
345
-74
-557
-1054
-1562
-2105
-2615
-3039
-3375
-3650
-3877
-3993
-4046
-4063
-3970
-3798
-3613
-3430
-3247
-3042
-2830
-2644
-2469
-2311
-2189
-2048
-1880
-1707
-1480
-1198
-906
-601
-233
206
644
1026
1416
1827
2138
2361
2595
2786
2839
2780
2691
2585
2384
2107
1863
1612
1303
1024
810
621
446
275
135
7
-139
-249
-361
-515
-674
-819
-993
-1195
-1354
-1472
-1598
-1739
-1800
-1747
-1685
-1625
-1435
-1148
-891
-631
-284
127
457
701
1032
1360
1530
1642
1807
1962
1979
1932
1947
1970
1888
1776
1769
1760
1674
1585
1553
1554
1501
1412
1377
1354
1250
1122
1037
957
830
683
557
434
288
164
81
0
-66
-84
-76
-57
-8
91
194
252
318
433
510
519
543
583
559
481
431
397
319
200
98
-3
-146
-313
-494
-690
-899
-1137
-1411
-1666
-1873
-2115
-2396
-2611
-2750
-2923
-3122
-3206
-3177
-3184
-3210
-3093
-2887
-2741
-2592
-2311
-1986
-1761
-1555
-1248
-928
-690
-471
-212
60
265
438
655
881
1075
1235
1386
1573
1747
1850
1930
2034
2111
2092
2035
2006
1931
1752
1540
1345
1124
830
526
277
16
-273
-509
-677
-830
-978
-1073
-1117
-1139
-1137
-1091
-1018
-954
-865
-744
-637
-516
-366
-242
-160
-65
89
223
315
461
644
783
893
1076
1295
1428
1514
1638
1760
1809
1799
1814
1821
1726
1581
1468
1348
1177
968
781
626
446
273
175
112
43
-5
4
38
60
91
145
181
190
231
276
276
270
278
269
243
239
272
271
242
258
301
313
307
336
364
346
290
256
246
174
41
-80
-187
-338
-519
-669
-805
-977
-1186
-1344
-1459
-1611
-1756
-1866
-1966
-2066
-2164
-2221
-2232
-2246
-2266
-2243
-2186
-2110
-2011
-1903
-1777
-1627
-1468
-1300
-1122
-933
-735
-542
-363
-159
57
246
406
567
741
891
991
1100
1235
1304
1319
1350
1387
1370
1282
1205
1163
1060
900
799
735
614
480
398
347
256
149
106
77
7
-34
-20
-16
-50
-63
-43
-41
-56
-53
-22
-12
14
88
153
216
305
407
500
580
678
762
809
838
880
913
901
873
849
788
708
644
573
498
409
330
282
233
212
209
201
201
216
249
280
309
330
335
325
296
279
274
238
172
124
102
84
71
94
133
143
150
186
235
264
265
247
213
166
112
65
3
-83
-177
-283
-389
-466
-524
-604
-708
-775
-825
-892
-958
-988
-1022
-1114
-1206
-1255
-1295
-1377
-1476
-1524
-1556
-1624
-1660
-1622
-1577
-1565
-1534
-1425
-1293
-1177
-1034
-829
-631
-469
-291
-78
122
257
374
494
581
647
695
750
803
825
829
847
883
907
906
897
916
926
898
864
851
820
720
614
533
437
305
163
65
-33
-160
-238
-256
-280
-307
-306
-258
-203
-162
-79
33
98
161
249
324
372
402
441
460
444
451
481
479
473
512
561
577
607
679
754
793
823
887
929
918
919
925
886
800
701
622
544
432
325
244
174
113
54
21
7
-19
-47
-72
-77
-96
-142
-172
-195
-243
-311
-363
-401
-455
-524
-569
-579
-594
-602
-590
-566
-539
-519
-491
-461
-437
-422
-430
-433
-421
-446
-487
-517
-537
-573
-638
-670
-677
-698
-739
-736
-692
-683
-671
-619
-571
-547
-537
-505
-464
-454
-453
-430
-406
-402
-392
-362
-335
-301
-275
-246
-194
-131
-77
-15
57
125
188
241
295
327
342
363
372
368
357
343
327
318
300
279
264
240
235
238
228
243
261
259
268
301
325
330
330
338
338
302
279
286
281
259
249
270
302
307
319
366
408
434
474
538
601
633
653
694
729
729
721
714
692
653
605
572
528
472
426
387
359
337
321
289
276
272
242
210
182
146
84
0
-73
-125
-201
-297
-362
-403
-447
-493
-509
-491
-482
-486
-476
-443
-406
-386
-368
-351
-346
-367
-388
-400
-431
-482
-537
-572
-590
-599
-604
-603
-586
-557
-535
-506
-452
-399
-381
-375
-345
-310
-304
-318
-329
-344
-385
-439
-449
-443
-476
-510
-499
-462
-439
-413
-345
-265
-223
-178
-89
-11
38
86
136
182
192
197
236
244
217
195
189
194
185
192
212
221
233
269
315
329
337
364
388
383
375
389
399
372
347
369
375
357
363
389
411
402
414
472
500
502
519
543
541
508
491
483
435
379
335
283
232
185
140
97
61
39
24
5
0
4
-7
-21
-18
-22
-48
-65
-80
-103
-122
-124
-121
-122
-124
-130
-110
-93
-97
-91
-72
-60
-57
-47
-38
-36
-43
-59
-76
-93
-106
-120
-147
-161
-151
-151
-161
-152
-138
-134
-137
-133
-132
-148
-157
-153
-163
-195
-219
-226
-248
-270
-293
-306
-321
-345
-349
-347
-336
-333
-341
-338
-331
-319
-310
-304
-295
-282
-263
-255
-235
-213
-211
-200
-181
-165
-159
-147
-128
-115
-94
-71
-46
-14
16
44
68
97
140
168
183
207
227
237
248
261
279
274
270
283
289
295
299
312
317
300
303
305
286
270
245
224
206
186
171
160
139
110
92
85
80
68
57
52
45
30
25
34
24
14
5
-12
-16
-31
-46
-54
-73
-88
-87
-76
-79
-74
-57
-51
-30
-2
25
56
81
110
139
159
178
198
196
183
177
168
150
128
117
110
86
61
62
57
42
40
33
30
22
4
-3
-9
-37
-69
-80
-96
-138
-185
-203
-215
-245
-260
-263
-262
-268
-267
-237
-215
-211
-193
-157
-131
-130
-122
-93
-81
-81
-71
-57
-45
-45
-49
-40
-22
-21
-24
-4
21
23
16
32
59
50
35
33
25
19
9
2
7
-8
-26
-21
-15
-12
-8
4
21
28
30
36
52
67
65
64
70
72
75
70
59
61
54
40
50
65
55
44
49
58
58
55
64
70
54
36
31
26
10
-7
-12
-31
-52
-55
-55
-67
-86
-83
-73
-84
-91
-74
-73
-94
-94
-73
-56
-62
-62
-28
-18
-35
-10
34
40
45
63
92
114
116
140
163
164
166
173
186
186
173
159
147
130
113
91
77
59
28
12
-2
-14
-29
-53
-62
-73
-85
-90
-94
-99
-107
-119
-134
-139
-150
-156
-166
-176
-171
-176
-180
-174
-169
-161
-158
-146
-122
-121
-115
-100
-91
-79
-80
-79
-79
-84
-91
-107
-111
-109
-110
-112
-100
-81
-68
-50
-23
1
24
46
72
109
134
152
164
173
185
176
166
163
146
128
125
113
96
85
71
71
83
88
87
97
95
91
85
80
89
70
49
35
10
-4
-26
-40
-42
-56
-56
-39
-17
9
24
44
69
87
101
102
113
126
117
103
112
119
103
97
101
97
94
97
110
121
121
117
120
123
106
96
77
54
30
0
-14
-39
-65
-88
-119
-131
-137
-141
-142
-136
-117
-113
-108
-82
-67
-71
-74
-69
-73
-93
-110
-117
-129
-160
-188
-195
-206
-228
-241
-243
-239
-246
-235
-201
-188
-172
-148
-125
-106
-102
-80
-66
-61
-55
-57
-48
-38
-39
-30
-13
-2
2
14
28
34
45
55
70
82
82
87
91
83
60
42
36
26
3
-12
-10
-10
-3
7
17
37
46
62
90
110
129
149
154
159
170
172
167
165
153
137
127
120
117
119
110
102
109
109
105
105
109
97
79
76
74
56
41
33
22
1
-17
-21
-38
-59
-65
-78
-79
-73
-77
-71
-58
-55
-47
-40
-34
-16
-10
-8
-7
-9
-1
0
-9
-16
-21
-34
-33
-22
-20
-22
-22
-10
4
5
4
9
11
9
3
4
-2
-20
-25
-34
-51
-64
-74
-87
-106
-121
-126
-120
-128
-126
-111
-108
-108
-99
-87
-89
-87
-79
-70
-63
-68
-55
-43
-49
-48
-42
-31
-23
-14
1
10
20
35
46
59
64
66
74
78
80
85
85
83
86
97
108
103
101
105
108
112
106
104
107
101
100
106
102
92
89
86
71
57
58
55
44
41
31
24
22
4
-6
-4
-13
-18
-24
-28
-19
-20
-35
-38
-40
-49
-54
-62
-67
-71
-76
-74
-73
-68
-65
-62
-39
-32
-37
-16
4
21
26
30
42
47
38
25
25
23
15
8
9
4
-9
2
10
11
14
13
25
37
32
34
48
42
36
36
27
19
9
5
-6
-21
-30
-44
-40
-42
-37
-29
-37
-33
-29
-33
-33
-34
-38
-37
-37
-40
-37
-40
-44
-46
-49
-44
-48
-54
-36
-14
-9
-1
5
14
19
18
25
30
26
17
22
27
14
7
12
7
-2
-9
-4
7
2
-2
8
7
7
15
12
8
9
1
-8
-20
-16
-8
-18
-23
-19
-13
-16
-21
-17
-11
-11
-5
5
16
15
18
44
58
48
46
48
48
41
36
38
36
33
24
12
8
-6
-21
-28
-30
-37
-42
-36
-31
-31
-31
-30
-27
-19
-17
-15
-7
-11
-10
-4
11
20
15
23
29
39
55
63
73
80
82
85
94
93
81
82
79
64
56
50
44
39
28
19
14
12
8
5
2
-8
-21
-28
-31
-39
-51
-58
-66
-84
-93
-96
-96
-108
-112
-105
-105
-104
-103
-97
-85
-78
-81
-78
-72
-71
-67
-62
-61
-57
-49
-50
-55
-57
-58
-59
-47
-33
-24
-12
-2
13
26
27
32
37
38
38
49
54
49
51
45
50
51
42
41
44
51
59
60
55
47
44
42
37
31
28
24
19
12
2
0
3
13
16
22
34
46
51
47
58
59
58
63
54
63
64
63
58
45
40
29
16
18
21
17
18
25
23
20
23
18
18
18
18
22
23
23
17
10
5
4
-1
-14
-11
-2
-10
-17
-7
-2
-5
-5
0
-2
-18
-22
-14
-20
-30
-39
-44
-63
-88
-100
-99
-103
-116
-119
-116
-117
-110
-99
-82
-67
-65
-67
-55
-43
-43
-40
-32
-22
-28
-32
-23
-26
-20
-17
-16
-17
-17
3
7
7
16
22
23
29
31
28
25
26
24
14
14
17
12
17
14
11
17
16
10
12
14
20
22
15
17
24
24
19
16
19
13
0
5
16
18
27
29
29
35
38
41
40
34
38
46
46
44
44
36
18
16
12
2
-2
2
7
-2
-6
-1
-4
-6
1
1
-12
-17
-17
-10
-10
-29
-35
-40
-48
-51
-60
-58
-54
-56
-54
-51
-37
-26
-22
