6
-1
3
10
7
6
12
13
12
13
10
12
7
9
13
6
8
2
-2
6
10
9
8
3
1
-1
-2
2
-5
-12
-3
-1
-8
-4
1
-1
-8
-11
-3
-5
-11
-6
-7
-7
-2
-5
-1
2
-4
-5
2
5
6
-2
-3
2
3
7
3
-1
1
-1
-7
-3
-2
-11
-6
-1
-2
-2
-4
3
5
2
0
2
7
7
6
6
4
2
1
-1
2
2
4
4
6
10
0
4
13
8
8
15
19
17
18
23
21
20
16
12
21
17
8
10
4
0
4
1
3
5
-3
3
-2
-8
-4
-4
-7
-8
-4
1
3
2
-6
-6
-7
-7
-3
-7
-12
-12
-14
-7
-12
-22
-20
-15
-15
-12
-10
-18
-13
-11
-16
-13
-9
-8
-5
-3
-5
-11
-12
-13
-16
-10
-3
-4
-3
-2
-1
-1
-3
-3
-5
2
2
-1
-8
-14
-9
-12
-6
-3
-10
2
5
3
13
13
14
10
4
6
0
6
9
-6
2
9
5
8
1
5
9
0
-2
0
1
7
12
9
13
14
12
7
6
11
11
12
12
8
14
14
8
10
11
6
8
6
3
4
2
-1
-2
-3
-1
-3
0
-6
-6
3
3
-2
-4
-2
-4
-6
-4
-6
1
2
-1
9
13
14
11
0
4
3
0
6
-1
-9
-3
-1
-5
-4
-4
-5
-2
-1
-5
-1
-1
-1
2
11
9
5
18
9
1
-1
-3
5
4
4
4
2
10
14
8
2
4
6
6
4
1
9
13
8
9
11
10
2
0
5
2
3
3
-5
-3
-1
-1
2
1
1
0
-5
-3
-5
-5
-2
-2
-4
-11
-6
-5
-6
-4
-7
-2
-1
-4
-4
-8
-8
-11
-6
-1
-5
-9
-10
-6
-9
-13
-9
-6
-4
-6
-4
-2
-4
-2
-9
-7
1
-5
-7
-9
-6
-3
-9
-8
-6
-11
-10
-7
-13
-6
-4
-7
0
-4
-1
-1
0
-2
-3
-5
-8
-2
2
4
1
-3
8
17
12
9
11
11
7
3
3
1
-2
5
2
5
13
2
-3
-6
0
3
0
2
-6
-15
-9
-6
0
6
-1
1
0
-5
2
9
7
2
4
3
6
5
8
9
4
6
4
6
10
10
10
3
2
8
8
4
5
-1
-3
-4
-2
-3
-11
-7
0
-1
-8
-8
0
5
1
-4
-3
-5
-13
-4
-3
-7
-2
0
5
-3
-3
-6
-11
-5
-5
-3
0
-2
-10
-7
-6
-9
-12
-14
-3
1
1
2
-1
1
1
5
-2
-11
-3
-4
-7
-3
-4
-1
3
-1
-5
0
1
2
4
-3
-8
-5
-1
-5
-8
-4
-3
-7
-6
-7
-4
3
3
6
6
3
-1
2
8
11
8
9
8
7
14
11
5
4
7
10
4
6
11
9
4
4
3
6
14
6
4
7
6
9
0
-2
2
8
10
11
13
9
12
15
13
14
9
5
8
7
3
2
-3
0
0
-11
-14
-12
-11
-13
-13
-13
-12
-9
-10
-4
4
4
2
-8
-3
6
3
6
9
12
12
10
12
14
12
3
-2
2
-2
-4
0
-8
-7
-8
-10
-5
-7
-7
3
5
-1
-5
-1
-2
-3
-1
-10
-16
-11
-20
-24
-21
-22
-22
-27
-28
-28
-25
-20
-18
-19
-25
-26
-24
-31
-35
-29
-23
-23
-26
-18
-15
-14
-6
-5
-8
-6
-4
-3
-6
-10
-4
1
-7
-3
9
5
1
5
3
6
4
-2
8
6
7
11
6
1
-2
4
11
9
9
9
16
26
28
27
34
31
25
28
30
28
27
29
27
25
28
26
32
40
37
40
40
38
36
33
36
30
27
29
34
36
21
14
15
11
11
-2
-8
-9
-18
-27
-39
-42
-44
-50
-54
-50
-42
-46
-47
-47
-41
-37
-41
-39
-42
-41
-47
-55
-55
-60
-57
-54
-50
-41
-36
-29
-12
-6
9
26
35
48
65
75
80
91
98
100
101
98
104
111
110
109
107
105
100
98
94
93
90
77
70
66
55
52
48
38
33
22
11
7
4
-3
-10
-10
-12
-8
-10
-10
-11
-12
-1
-12
-23
-31
-46
-59
-80
-99
-123
-157
-179
-205
-225
-237
-260
-269
-267
-272
-271
-265
-250
-232
-218
-204
-179
-151
-118
-89
-67
-32
0
12
30
53
68
74
90
105
111
127
140
153
174
193
222
255
286
318
350
372
402
423
421
433
432
408
393
384
360
339
328
323
309
279
278
271
254
236
202
148
67
-10
-115
-247
-376
-508
-634
-765
-875
-953
-1012
-1036
-1028
-989
-926
-835
-714
-588
-459
-324
-193
-80
23
115
182
232
275
310
330
339
361
379
396
407
412
414
402
388
353
296
228
139
47
-52
-163
-260
-350
-427
-477
-511
-516
-493
-452
-391
-311
-219
-124
-25
71
153
228
297
342
373
406
413
411
426
420
414
402
399
398
373
350
315
267
213
165
112
45
-14
-72
-128
-172
-213
-236
-256
-290
-312
-341
-401
-469
-521
-589
-672
-712
-715
-704
-648
-532
-360
-162
78
364
625
873
1134
1353
1500
1593
1633
1605
1516
1403
1276
1119
967
860
779
720
704
723
736
731
741
715
602
437
226
-83
-470
-867
-1282
-1726
-2131
-2462
-2714
-2883
-2927
-2834
-2647
-2373
-2006
-1569
-1130
-679
-224
149
457
714
894
999
1031
1030
989
922
872
827
789
771
768
783
787
784
766
704
594
435
239
-5
-289
-575
-871
-1158
-1392
-1570
-1686
-1729
-1711
-1607
-1432
-1208
-927
-638
-348
-58
202
430
593
711
789
814
798
754
718
677
620
588
582
579
598
636
670
692
704
698
636
535
408
232
-3
-283
-546
-816
-1114
-1340
-1478
-1586
-1630
-1525
-1325
-1099
-777
-371
42
430
835
1243
1516
1722
1929
2024
2011
1967
1923
1799
1621
1521
1431
1300
1232
1244
1238
1219
1275
1344
1348
1334
1345
1283
1100
917
713
376
-40
-429
-853
-1370
-1835
-2211
-2600
-2964
-3178
-3259
-3322
-3292
-3079
-2815
-2560
-2208
-1776
-1398
-1061
-680
-324
-70
153
395
571
676
812
966
1052
1151
1306
1401
1435
1497
1562
1519
1403
1325
1180
867
557
311
-39
-472
-789
-1032
-1357
-1634
-1714
-1738
-1804
-1751
-1545
-1377
-1242
-972
-655
-467
-287
-20
179
275
445
667
749
809
995
1141
1146
1207
1350
1282
1021
872
717
264
-219
-522
-945
-1519
-1866
-1963
-2149
-2296
-2082
-1759
-1572
-1197
-525
-10
306
823
1360
1548
1690
2053
2225
2080
2106
2300
2245
2115
2295
2476
2345
2345
2624
2713
2630
2762
2932
2788
2616
2683
2556
2117
1812
1528
823
7
-537
-1224
-2249
-3106
-3661
-4379
-5152
-5424
-5431
-5632
-5655
-5185
-4659
-4270
-3593
-2680
-2019
-1475
-733
-37
388
806
1304
1559
1656
1933
2202
2231
2313
2562
2623
2543
2676
2845
2689
2437
2354
2108
1553
1059
675
59
-739
-1340
-1814
-2403
-2912
-3149
-3308
-3476
-3438
-3178
-2882
-2548
-2098
-1649
-1254
-818
-357
21
316
632
908
1079
1278
1551
1766
1879
2024
2196
2274
2276
2262
2194
1959
1546
1107
650
44
-623
-1214
-1798
-2404
-2866
-3066
-3148
-3172
-2976
-2564
-2127
-1635
-915
-179
342
874
1483
1891
2133
2449
2742
2782
2740
2892
3034
2974
3031
3264
3320
3281
3453
3666
3677
3685
3792
3711
3452
3302
3120
2616
2000
1467
638
-479
-1388
-2242
-3401
-4584
-5396
-6078
-6899
-7374
-7308
-7248
-7246
-6777
-5943
-5251
-4525
-3491
-2500
-1760
-1001
-127
583
1082
1651
2129
2373
2712
3131
3340
3451
3732
3921
3822
3812
3955
3826
3349
2976
2688
1999
1159
581
-63
-1012
-1897
-2470
-3028
-3655
-4018
-4138
-4286
-4342
-4084
-3746
-3435
-2917
-2329
-1867
-1348
-683
-137
196
599
1020
1089
1024
1188
1248
962
790
871
759
522
594
814
787
740
995
1141
979
997
1157
954
619
566
476
117
-74
81
137
52
338
906
1251
1621
2357
3012
3353
3803
4375
4667
4776
5015
5143
4946
4799
4788
4476
3933
3579
3079
2028
991
263
-788
-2249
-3456
-4370
-5543
-6807
-7442
-7738
-8291
-8648
-8401
-7974
-7605
-6912
-5893
-4956
-4087
-3079
-1986
-1003
-51
886
1526
2086
2816
3341
3632
4031
4439
4529
4448
4578
4738
4546
4163
3913
3577
2898
2216
1659
941
37
-929
-1793
-2517
-3284
-3999
-4496
-4864
-5157
-5276
-5133
-4773
-4391
-4038
-3527
-2997
-2609
-2102
-1640
-1440
-1165
-855
-731
-556
-135
325
536
835
1588
2206
2445
3000
3730
3857
3737
3958
4034
3558
3038
2793
2329
1552
1194
1171
796
554
892
1152
1257
1764
2461
2819
3044
3595
4151
4250
4388
4814
4834
4535
4537
4484
4004
3395
2700
1755
634
-500
-1644
-3006
-4377
-5429
-6548
-7591
-8014
-8273
-8649
-8710
-8311
-7745
-7202
-6404
-5305
-4374
-3640
-2630
-1480
-623
172
971
1565
2122
2686
3215
3683
4014
4320
4510
4579
4797
4953
4739
4412
4128
3648
2960
2260
1560
710
-412
-1428
-2108
-2864
-3631
-4141
-4545
-4857
-5041
-5019
-4796
-4669
-4611
-4414
-4226
-4059
-3732
-3472
-3324
-2962
-2473
-1969
-1319
-459
486
1221
1952
3050
3979
4425
4915
5415
5412
5051
4821
4599
3901
2975
2445
2060
1439
1102
1229
1262
1249
1585
2134
2560
2911
3340
3613
3635
3822
4103
3991
3904
4107
3983
3615
3634
3766
3144
2028
1388
656
-1039
-2677
-3485
-4704
-6695
-7860
-8057
-8593
-9312
-9136
-8324
-8040
-7725
-6341
-4964
-4215
-3255
-2038
-1144
-508
348
1124
1410
1688
2136
2337
2436
2946
3398
3280
3421
3985
4184
4109
4196
4338
3904
3092
2700
2214
1142
72
-760
-1736
-2836
-3582
-4067
-4602
-5047
-5208
-5186
-5194
-4979
-4561
-4454
-4328
-3914
-3652
-3539
-3214
-2623
-2156
-1862
-1128
-44
684
1367
2523
3576
4119
4624
5322
5706
5525
5338
5292
4821
4014
3498
3145
2569
2084
1884
1754
1705
1813
2142
2516
2780
3143
3374
3472
3810
4109
4177
4231
4447
4671
4691
4809
5063
4933
4156
3221
2483
1285
-392
-1993
-3637
-5469
-7457
-8923
-9679
-10569
-11325
-11469
-11229
-10687
-9858
-8605
-7176
-5951
-4777
-3504
-2156
-901
141
902
1438
2040
2502
2820
3359
3826
4024
4135
4462
5061
5352
5417
5623
5542
5071
4604
4160
3413
2324
1126
-138
-1437
-2572
-3539
-4541
-5483
-6062
-6546
-7146
-7201
-6840
-6925
-7052
-6593
-5950
-5644
-5248
-4096
-3069
-2697
-1766
-211
890
1713
3020
4409
5073
5564
6480
7075
6927
6722
6700
6097
5189
4782
4309
3522
2856
2452
2143
1731
1754
2079
2020
2064
2388
2592
2729
3082
3523
3549
3571
3952
4279
4466
4699
5008
4651
3753
3375
2757
1454
120
-1222
-2720
-4610
-6070
-6724
-7746
-8842
-9337
-9528
-9609
-9388
-8562
-7718
-7146
-6371
-5394
-4322
-3306
-2279
-1388
-902
-248
462
1000
1720
2264
2637
2948
3305
3995
4452
4700
4994
4992
4835
4604
4344
3964
3154
2148
1129
138
-847
-1810
-2606
-3440
-4250
-4804
-5091
-5260
-5545
-5665
-5716
-5973
-5967
-5715
-5584
-5489
-5140
-4463
-3854
-3073
-1728
-462
523
1802
3351
4588
5428
6354
7102
7143
7019
7044
6716
5929
5107
4451
3666
2899
2569
2325
1975
1913
2139
2471
2879
3360
3741
3809
3824
4037
4230
4201
4112
4168
4155
4143
4369
4691
4813
4131
3112
2452
1319
-285
-1840
-3556
-5506
-7774
-9422
-10102
-11016
-11911
-12140
-12029
-11655
-10865
-9433
-7779
-6577
-5510
-4130
-2657
-1390
-241
693
1231
1626
1943
2439
3149
3494
3661
3867
4130
4671
5119
5486
5815
5634
5209
4869
4501
3953
3001
1767
471
-850
-2072
-3051
-3942
-4948
-5927
-6806
-7393
-7499
-7554
-7680
-7714
-7645
-7354
-6920
-6120
-4981
-4101
-3260
-2003
-450
1046
2467
4059
5326
6047
6779
7576
8029
7893
7565
7196
6437
5629
5115
4676
4054
3424
3122
3002
3035
3244
3535
3808
3886
4011
4134
4129
4213
4173
3940
3697
3679
3905
4029
4231
4614
4731
4117
3253
2831
1809
2
-1694
-3465
-5480
-7835
-9525
-10220
-11472
-12584
-12737
-12622
-12185
-11399
-9929
-8251
-7148
-5826
-4230
-2802
-1477
-355
542
1119
1529
1904
2340
2892
3176
3312
3551
3940
4480
4889
5350
5755
5644
5353
5113
4807
4249
3228
2007
822
-512
-1879
-2923
-3811
-4891
-6217
-7206
-7445
-7798
-8157
-7899
-7748
-7827
-7658
-6744
-5498
-4888
-3885
-2381
-1419
-233
1512
3263
4443
5188
6337
7109
7189
7611
7896
7334
6545
6098
5599
4793
4204
3905
3375
2675
2620
2960
2880
3031
3488
3558
3504
3580
3807
3863
3669
3660
3596
3545
3888
4365
4719
5054
5204
4517
3656
3115
1853
14
-1963
-3969
-6153
-8704
-10127
-10857
-12319
-13208
-13239
-12981
-12412
-11395
-9515
-7915
-6905
-5273
-3513
-2148
-915
198
1029
1346
1654
2191
2601
2951
3209
3405
3690
4180
4838
5282
5690
5990
5810
5572
5430
5157
4388
3081
1935
685
-890
-2122
-3153
-4348
-5928
-7284
-7736
-8330
-8932
-8869
-8852
-8931
-8851
-7923
-6454
-5697
-4559
-2807
-1525
-113
1767
3796
5174
5861
7025
7934
8017
8297
8546
8049
7095
6463
6110
5410
4742
4469
4039
3399
3257
3593
3732
3793
4031
4072
3869
3773
3800
3763
3559
3212
3018
3047
3277
3809
4257
4743
4952
4149
3589
3229
1878
158
-1857
-3971
-6325
-9010
-10328
-11289
-12967
-13828
-14014
-13769
-13111
-11986
-9936
-8333
-7198
-5384
-3574
-2021
-641
457
1246
1466
1682
2161
2525
2847
3014
3139
3468
3974
4683
5322
5861
6157
5969
5822
5763
5435
4665
3406
2120
686
-913
-2117
-3263
-4608
-6184
-7647
-8283
-8811
-9383
-9432
-9462
-9498
-9343
-8447
-6818
-5753
-4656
-2951
-1412
152
1946
3981
5560
6217
7133
8125
8412
8573
8637
8229
7396
6628
6319
5914
5275
4922
4540
4022
3930
4154
4344
4383
4262
4131
3845
3560
3507
3348
3039
2599
2369
2600
2965
3613
4306
4829
4840
4091
3790
3326
1809
152
-1910
-4225
-6794
-9238
-10282
-11590
-13309
-13875
-14056
-13774
-12916
-11438
-9293
-7926
-6664
-4657
-2929
-1422
-111
853
1497
1578
1753
2234
2532
2674
2691
2797
3198
3754
4424
5128
5696
5877
5746
5748
5774
5359
4391
3179
1928
361
-1201
-2284
-3458
-5043
-6658
-7751
-8349
-9049
-9339
-9163
-9350
-9399
-8774
-7593
-6364
-5309
-3793
-2302
-1112
660
2672
4225
5314
6281
7215
7632
7886
8301
8131
7350
6738
6373
5854
5341
5077
4795
4263
3905
4119
4311
4287
4432
4450
4231
3954
3790
3758
3492
3097
2753
2627
2875
3277
3903
4652
5211
5098
4396
4166
3531
1792
-4
-2066
-4469
-7240
-9671
-10729
-12257
-14084
-14595
-14763
-14521
-13643
-12078
-9824
-8390
-6982
-4767
-3023
-1489
-104
849
1556
1641
1806
2343
2581
2752
2856
3008
3521
4096
4789
5605
6209
6454
6398
6394
6376
5822
4765
3548
2127
435
-1158
-2447
-3825
-5643
-7346
-8439
-9425
-10149
-10198
-10157
-10259
-10052
-9065
-7642
-6408
-4798
-2955
-1626
-178
1809
3799
5201
6263
7386
7928
8033
8445
8722
8252
7445
7037
6621
5927
5664
5643
5258
4627
4440
4718
4672
4596
4717
4509
3996
3490
3348
3230
2787
2372
2049
2045
2349
2917
3877
4707
4964
4454
3964
3736
2549
842
-966
-3326
-6113
-8935
-10471
-11537
-13416
-14491
-14757
-14807
-14173
-12768
-10400
-8523
-7389
-5426
-3453
-1900
-389
735
1563
1641
1459
1935
2331
2525
2643
2630
2988
3498
4183
5204
6034
6465
6449
6386
6526
6321
5581
4385
2952
1284
-541
-1883
-3043
-4470
-6236
-7978
-8817
-9484
-10049
-9814
-9754
-9808
-9562
-8595
-6726
-5407
-4053
-2207
-944
527
2377
4314
5961
6619
7372
8064
8141
8456
8485
7953
7203
6383
5952
5574
5272
5157
4689
4224
4143
4277
4451
4512
4475
4130
3564
3285
3137
2907
2629
2117
1790
1904
2325
3225
4159
4968
5224
4483
4200
3985
2603
917
-1154
-3636
-6479
-9268
-10461
-11650
-13676
-14609
-14892
-14800
-14015
-12497
-10081
-8489
-7395
-5308
-3360
-1736
-287
714
1443
1394
1387
2016
2382
2586
2622
2689
3209
3796
4665
5705
6390
6723
6669
6720
6892
6532
5633
4312
2762
1020
-758
-2091
-3393
-5185
-7154
-8642
-9530
-10248
-10482
-10286
-10358
-10384
-9717
-8278
-6684
-5245
-3551
-2022
-768
1005
3088
4796
6000
6902
7565
7898
8262
8746
8651
7903
7275
6820
6268
5992
5930
5680
5119
4607
4690
4843
4797
4836
4596
4068
3494
3149
2996
2686
2291
1737
1512
1885
2443
3410
4396
5162
5304
4523
4400
4099
2384
510
-1736
-4328
-7218
-9941
-11019
-12426
-14508
-15204
-15332
-15022
-14028
-12344
-9907
-8394
-7101
-4840
-2927
-1369
-55
839
1436
1334
1407
1957
2224
2358
2350
2592
3304
4012
4964
5989
6730
7113
7073
7252
7419
6849
5747
4314
2756
961
-908
-2293
-3832
-5874
-7817
-9175
-9970
-10635
-10800
-10533
-10610
-10447
-9450
-7914
-6352
-4956
-3279
-1732
-481
1386
3431
4920
6015
6847
7541
7938
8309
8845
8657
7922
7486
7121
6738
6476
6329
6057
5326
4858
4914
4862
4743
4492
4101
3580
2948
2710
2496
2136
1759
1211
1275
1734
2289
3360
4289
4958
4836
4184
4309
3571
1716
-5
-2255
-4798
-7649
-9845
-10707
-12495
-14229
-14504
-14606
-14135
-13020
-11158
-8912
-7761
-6241
-3986
-2405
-981
147
904
1298
1072
1310
1811
1921
1973
1987
2364
3033
3782
4825
5764
6439
6743
6829
7140
7145
6537
5494
4084
2570
831
-852
-2190
-3919
-5935
-7605
-8925
-9781
-10222
-10303
-10236
-10305
-9779
-8539
-7287
-5788
-4118
-2733
-1468
43
1979
3554
4616
5822
6545
6772
7259
7866
8100
7575
7130
7092
6614
6341
6458
6298
5910
5308
5168
5265
4967
4922
4678
4085
3594
3052
2839
2589
2149
1844
1472
1654
2229
2916
4032
4938
5439
5187
4632
4564
3427
1423
-507
-2968
-5643
-8556
-10573
-11547
-13456
-14872
-15019
-14958
-14225
-13011
-10986
-8798
-7622
-5879
-3728
-2181
-766
186
904
1250
1051
1337
1760
1901
1975
2018
2557
3337
4107
5123
6097
6783
6989
7090
7410
7281
6513
5305
3889
2341
495
-1116
-2550
-4363
-6320
-8056
-9204
-9942
-10455
-10505
-10548
-10500
-9865
-8762
-7266
-5772
-4348
-2840
-1467
209
2132
3733
5119
6142
6810
7429
7969
8520
8690
8263
7891
7603
7256
7092
6928
6690
6265
5655
5456
5467
5311
5109
4698
4227
3662
3074
2788
2400
1906
1367
986
1224
1603
2307
3305
4059
4544
4145
3789
3744
2422
661
-1215
-3533
-5960
-8785
-10427
-11423
-13418
-14516
-14682
-14542
-13717
-12612
-10495
-8468
-7356
-5427
-3372
-1832
-461
363
1157
1437
1212
1591
1920
1907
1869
1935
2521
3191
3916
4954
5853
6461
6753
7028
7365
7205
6466
5286
3940
2425
656
-878
-2422
-4323
-6242
-7893
-8983
-9744
-10175
-10151
-10301
-10178
-9302
-8184
-6836
-5393
-3915
-2525
-1344
423
2330
3566
4756
5810
6432
6927
7458
8108
8134
7543
7396
7275
6891
6747
6627
6387
5828
5271
5320
5275
5010
4842
4430
3989
3499
3051
2896
2552
2130
1728
1515
1903
2383
3057
4017
4739
4931
4385
4101
3804
2198
287
-1684
-4101
-6787
-9445
-10849
-12095
-14006
-14819
-14901
-14633
-13723
-12391
-10258
-8517
-7252
-5198
-3283
-1722
-411
350
1062
1255
1236
1713
1985
2064
2071
2216
2915
3627
4397
5376
6161
6685
6920
7200
7483
7187
6315
5041
3644
2117
387
-1189
-2849
-4669
-6470
-8090
-9030
-9649
-10125
-10248
-10347
-10054
-9349
-8375
-6866
-5539
-4355
-2939
-1525
232
1880
3277
4765
5671
6330
7124
7782
8355
8274
7900
7825
7484
7163
7018
6784
6533
5942
5513
5561
5412
5249
5061
4653
4318
3811
3401
3210
2772
2376
1944
1713
2094
2441
2984
3867
4521
4699
4195
3913
3605
1999
83
-1745
-4037
-6782
-9415
-10772
-12013
-13937
-14844
-14826
-14550
-13932
-12632
-10425
-8756
-7550
-5561
-3543
-1971
-797
152
988
1065
1089
1612
1916
2018
1992
2253
2943
3471
4244
5237
6006
6603
6816
7068
7336
7008
6298
5123
3715
2321
613
-1007
-2545
-4127
-5672
-7395
-8535
-9042
-9596
-9987
-10144
-9849
-9416
-8986
-7625
-6031
-4983
-3775
-2138
-273
1208
2643
4660
5971
6440
7298
8322
8821
8580
8350
8422
7814
7021
6840
6666
6162
5501
5211
5234
4927
4780
4927
4746
4372
3960
3710
3470
2936
2652
2343
1827
1841
2102
2539
3236
3875
4418
4166
3688
3664
2698
985
-682
-2714
-5159
-7932
-9807
-10824
-12701
-14234
-14486
-14446
-14114
-13264
-11420
-9381
-8259
-6650
-4378
-2631
-1280
-174
855
1426
1387
1772
2336
2430
2325
2377
2828
3289
3753
4593
5438
6016
6276
6562
7010
6990
6489
5641
4506
3247
1670
135
-1258
-2852
-4531
-6232
-7515
-8370
-9184
-9620
-9837
-9931
-9693
-9186
-8187
-7041
-5939
-4576
-3263
-1851
-186
1387
2939
4277
5351
6301
6989
7669
8129
8022
7836
7668
7321
6844
6464
6336
6013
5480
5273
5251
5091
4869
4799
4756
4409
3998
3772
3473
3098
2827
2589
2382
2394
2700
3191
3782
4461
4939
4674
4132
3772
2732
977
-890
-2987
-5465
-8209
-10195
-11388
-13065
-14449
-14761
-14703
-14326
-13409
-11616
-9581
-8304
-6735
-4580
-2832
-1461
-356
645
1267
1228
1504
2050
2192
2205
2322
2780
3362
3893
4791
5706
6270
6663
6948
7227
7190
6640
5796
4601
3225
1758
154
-1390
-2968
-4602
-6195
-7548
-8360
-8948
-9518
-9811
-9739
-9397
-9002
-8226
-6929
-5770
-4751
-3430
-1746
-91
1263
2812
4398
5412
6216
7127
7912
8177
8022
7974
7803
7295
6845
6565
6267
5810
5347
5155
5050
4811
4661
4625
4468
4177
3853
3611
3326
2910
2691
2514
2260
2400
2772
3195
3792
4464
4960
4665
4073
3812
2746
844
-947
-2865
-5298
-8069
-9969
-11018
-12754
-14252
-14452
-14312
-14093
-13290
-11441
-9423
-8283
-6756
-4539
-2811
-1550
-410
670
1208
1139
1486
2060
2194
2191
2380
2855
3350
3899
4798
5697
6263
6569
6848
7112
7048
6572
5719
4611
3331
1819
291
-1197
-2734
-4329
-5891
-7088
-7935
-8578
-8989
-9250
-9314
-9126
-8674
-7986
-7099
-5998
-4950
-3935
-2557
-932
540
1836
3294
4659
5462
6212
7221
7841
7761
7590
7690
7474
6805
6393
6300
5873
5131
4819
4885
4659
4337
4332
4420
4212
3828
3798
3756
3318
3079
3032
2876
2821
3022
3511
3968
4372
4947
4888
4187
3762
2979
1363
-501
-2399
-4523
-7184
-9379
-10513
-12000
-13635
-14204
-14133
-13998
-13545
-12056
-10060
-8823
-7590
-5577
-3660
-2330
-1230
-20
837
960
1217
1887
2292
2317
2440
2988
3548
3991
4777
5698
6301
6571
6809
7109
7071
6650
5968
4933
3690
2254
772
-615
-2128
-3607
-4985
-6282
-7268
-8025
-8531
-8908
-9252
-9178
-8919
-8688
-8082
-7068
-6004
-5125
-3924
-2150
-640
596
2274
4045
5176
5930
7056
8023
8057
7890
8050
7901
7098
6386
6223
5809
5017
4625
4641
4542
4177
4171
4561
4527
4273
4239
4244
4034
3566
3429
3398
2956
2851
3121
3387
3772
4173
4574
4297
3500
3162
2247
490
-1205
-3074
-5250
-7722
-9585
-10549
-12095
-13526
-13794
-13773
-13618
-12907
-11299
-9516
-8491
-7053
-4903
-3230
-2021
-792
423
1045
1150
1682
2398
2594
2540
2801
3312
3649
4102
4867
5525
5900
6068
6402
6729
6540
6137
5446
4429
3331
1953
674
-626
-2229
-3621
-4989
-6178
-7060
-7946
-8437
-8904
-9317
-9077
-8808
-8452
-7745
-6824
-5606
-4576
-3234
-1406
-108
1191
2820
4269
5386
6094
6964
7631
7480
7431
7546
7222
6556
5928
5676
5310
4717
4497
4466
4246
3922
3945
4247
4266
4113
4003
3932
3669
3264
3295
3259
2852
2756
2877
3221
3697
4078
4590
4335
3531
3208
2342
879
-669
-2579
-4602
-7027
-8954
-9862
-11347
-12797
-13285
-13439
-13218
-12605
-11226
-9481
-8483
-7210
-5221
-3558
-2248
-1086
-3
669
841
1356
2077
2338
2295
2400
2816
3237
3715
4447
5127
5579
5880
6270
6730
6806
6510
5903
4972
3967
2742
1370
35
-1507
-3101
-4555
-5691
-6492
-7444
-8197
-8458
-8749
-8891
-8561
-7975
-7553
-7173
-6090
-4836
-4006
-2776
-1153
104
1060
2408
4094
5033
5555
6517
7104
7043
7066
7299
7135
6339
5880
5862
5416
4888
4773
4745
4422
4027
4180
4489
4349
4119
4052
4020
3760
3491
3633
3551
3147
3111
3423
3829
4116
4544
4865
4156
3331
2977
1970
287
-1522
-3272
-5384
-7882
-9331
-10173
-11717
-12975
-13297
-13132
-12847
-12109
-10400
-8885
-8010
-6525
-4553
-2980
-1884
-799
264
659
822
1479
2105
2188
2077
2353
2867
3263
3816
4550
5149
5494
5771
6228
6555
6493
6094
5326
4386
3381
2248
956
-500
-1914
-3264
-4543
-5519
-6236
-6977
-7785
-8258
-8343
-8436
-8364
-7979
-7548
-7155
-6493
-5224
-3952
-2983
-1678
-203
1056
2339
3819
5177
5887
6307
6896
7207
7147
7055
6845
6308
5656
5328
5181
4881
4556
4383
4255
4077
4200
4537
4609
4527
4374
4297
4222
3972
3959
3775
3342
3359
3513
3823
4244
4468
4608
4009
3274
3017
1932
302
-1308
-3150
-5141
-7414
-8862
-9699
-11365
-12677
-12967
-12897
-12628
-12023
-10528
-9095
-8358
-6897
-4883
-3313
-2233
-1254
-111
413
603
1342
2014
2170
2018
2228
2886
3280
3764
4472
5035
5434
5675
6233
6763
6653
6272
5608
4797
3874
2701
1573
123
-1501
-2828
-4090
-5018
-5763
-6580
-7271
-7952
-8124
-8021
-8137
-7871
-7530
-7297
-6741
-5780
-4448
-3493
-2640
-1160
208
1376
2746
4166
5247
5685
6200
6933
7125
6973
6678
6308
5875
5292
5038
4894
4537
4255
4052
4142
4375
4457
4666
4768
4642
4597
4516
4390
4183
3833
3505
3202
3104
3291
3444
3605
3902
3872
3288
2839
2483
1352
-311
-1843
-3336
-5337
-7479
-8622
-9562
-11190
-12260
-12315
-12147
-12019
-11367
-9870
-8586
-7756
-6220
-4331
-3025
-2057
-1018
-3
546
803
1385
1923
1921
1842
2146
2616
2952
3284
3866
4510
4866
5183
5747
6109
6038
5701
5138
4498
3651
2494
1305
21
-1351
-2616
-3746
-4557
-5236
-6027
-6559
-6885
-7173
-7203
-7154
-7161
-7093
-6812
-6268
-5672
-4919
-3873
-2932
-2026
-736
683
1852
2954
4190
5157
5674
6220
6797
6877
6475
6219
6123
5609
5008
4802
4662
4338
4054
4196
4475
4430
4512
4814
4950
4935
4843
4811
4569
4106
3886
3581
3262
3204
3174
3274
3324
3430
3450
2825
2385
1946
723
-618
-2011
-3497
-5291
-7253
-8248
-9273
-10866
-11639
-11763
-11737
-11602
-10938
-9440
-8354
-7556
-6012
-4311
-3017
-2056
-995
37
461
799
1389
1865
1927
1792
2135
2532
2718
3209
3769
4307
4619
4851
5520
5804
5620
5436
4906
4265
3451
2396
1393
147
-1132
-2313
-3448
-4141
-4794
-5614
-6144
-6368
-6607
-6959
-6906
-6693
-6886
-6830
-6247
-5637
-5233
-4548
-3281
-2386
-1649
-109
1359
2229
3143
4342
5316
5581
5917
6521
6356
5780
5613
5495
5015
4507
4449
4464
4209
4183
4518
4771
4802
4936
5245
5337
5181
5016
4819
4467
3998
3610
3309
3019
2801
2734
2849
3074
3278
3076
2570
2214
1524
309
-950
-2215
-3738
-5746
-7452
-8365
-9561
-10935
-11519
-11612
-11667
-11520
-10606
-9179
-8233
-7321
-5760
-4205
-3091
-2073
-920
-46
337
742
1399
1863
1858
1955
2383
2679
2972
3457
4041
4572
4813
5173
5702
5877
5803
5485
4947
4335
3471
2437
1285
31
-1250
-2616
-3754
-4531
-5211
-6012
-6747
-6971
-7113
-7389
-7358
-7185
-7028
-6956
-6606
-5636
-4872
-4231
-3141
-2014
-906
261
1642
3091
3958
4725
5705
6364
6678
6795
6846
6637
6131
5808
5610
5317
4922
4607
4552
4493
4512
4648
4704
4810
4770
4689
4679
4413
4083
3690
3266
2945
2534
2397
2436
2376
2536
2853
3182
3087
2666
2556
2034
902
-239
-1467
-2922
-4891
-6594
-7562
-8933
-10314
-10997
-11317
-11427
-11384
-10580
-9338
-8592
-7590
-6115
-4770
-3631
-2623
-1491
-659
-332
178
776
1134
1251
1370
1779
2115
2431
2985
3605
4222
4605
5019
5630
5903
5955
5759
5267
4720
3774
2677
1611
228
-1124
-2423
-3618
-4455
-5359
-6093
-6432
-6793
-7005
-6980
-6800
-6623
-6607
-6267
-5660
-5267
-4810
-4000
-3093
-2383
-1493
-208
923
1835
2852
3942
4803
5361
6044
6615
6627
6605
6648
6444
6089
5687
5491
5227
4731
4579
4563
4402
4260
4184
4310
4295
4062
4022
3910
3549
3195
3022
2916
2572
2401
2619
2740
2844
3195
3637
3575
2992
2742
2362
1160
-184
-1445
-2949
-4935
-6798
-7809
-8949
-10450
-11274
-11510
-11605
-11515
-10792
-9543
-8659
-7836
-6395
-4853
-3696
-2702
-1579
-702
-304
161
849
1402
1553
1635
2107
2559
2914
3452
4042
4630
4954
5237
5801
6087
6005
5703
5119
4440
3525
2426
1298
-18
-1359
-2646
-3774
-4542
-5168
-5792
-6311
-6494
-6499
-6593
-6424
-6135
-6076
-6060
-5794
-5152
-4684
-4334
-3507
-2659
-1937
-971
296
1635
2539
3392
4562
5467
6060
6565
6952
7025
6722
6485
6293
5879
5391
4939
4597
4268
4040
4071
4010
3874
3887
3950
4014
3934
3825
3700
3316
2949
2762
2582
2350
2146
2156
2261
2429
2802
3202
3293
2970
2684
2387
1509
390
-733
-2188
-3996
-5803
-6989
-8041
-9524
-10550
-10950
-11228
-11268
-10804
-9794
-8877
-8175
-6949
-5437
-4190
-3093
-2021
-1115
-564
-73
600
1148
1377
1467
1732
2087
2419
2879
3368
3820
4144
4376
4839
5241
5317
5188
4816
4357
3736
2855
1949
908
-272
-1475
-2594
-3374
-4056
-4812
-5361
-5673
-5839
-5970
-5962
-5753
-5704
-5685
-5377
-4930
-4511
-4081
-3445
-2756
-2144
-1251
-131
860
1749
2709
3710
4502
5179
5874
6263
6335
6321
6264
6102
5773
5464
5130
4696
4418
4266
4178
4085
3950
3912
3850
3821
3818
3702
3583
3322
2947
2701
2533
2396
2148
1933
1998
2059
2189
2535
2894
3080
2839
2533
2358
1727
711
-418
-1699
-3238
-5023
-6401
-7405
-8677
-9864
-10502
-10734
-10815
-10615
-9787
-8800
-8056
-7086
-5732
-4372
-3318
-2367
-1372
-739
-346
133
599
887
916
1018
1285
1528
1926
2403
2882
3377
3764
4248
4768
5112
5239
5048
4751
4334
3644
2845
1850
720
-456
-1644
-2571
-3342
-4040
-4623
-5153
-5337
-5305
-5326
-5217
-5100
-4974
-4851
-4735
-4286
-3848
-3653
-3272
-2684
-1981
-1271
-456
623
1540
2283
3280
4361
5123
5560
5991
6345
6319
6153
6081
5913
5401
4820
4582
4376
4052
3826
3712
3674
3522
3436
3594
3600
3428
3205
2972
2791
2445
2064
1855
1597
1283
1123
1233
1436
1537
1804
2270
2512
2406
2294
2206
1611
564
-413
-1483
-2940
-4578
-5883
-6900
-8168
-9279
-9752
-10007
-10169
-9990
-9323
-8431
-7699
-6723
-5397
-4267
-3346
-2420
-1539
-938
-609
-191
210
328
344
557
915
1166
1505
2060
2603
3100
3572
4147
4735
5016
5125
5091
4810
4389
3736
2927
2010
891
-203
-1216
-2136
-2854
-3452
-3908
-4302
-4582
-4524
-4376
-4366
-4343
-4147
-3973
-4053
-3889
-3376
-3151
-3091
-2642
-1830
-1165
-629
431
1564
2147
2871
4014
4906
5203
5481
6047
6127
5704
5609
5661
5191
4431
4124
4103
3723
3314
3311
3416
3255
3010
3166
3379
3174
2910
2804
2690
2334
1862
1723
1573
1129
897
1007
1203
1308
1517
2075
2447
2373
2367
2403
2020
1168
208
-764
-2106
-3727
-5135
-6317
-7574
-8825
-9654
-10070
-10329
-10309
-9857
-9073
-8235
-7349
-6198
-4994
-3938
-2944
-2048
-1279
-714
-313
122
458
622
791
1030
1339
1649
1987
2481
3011
3464
3894
4342
4762
4968
4936
4775
4490
3996
3250
2394
1482
496
-520
-1491
-2263
-2864
-3421
-3872
-4136
-4163
-4139
-4232
-4134
-3904
-3893
-3917
-3722
-3395
-3253
-3194
-2718
-2146
-1850
-1303
-374
429
991
1788
2903
3706
4155
4792
5471
5671
5592
5713
5771
5389
4923
4664
4436
4057
3681
3557
3416
3165
3082
3055
2990
2889
2708
2568
2377
2121
1908
1623
1348
1181
1048
984
1016
1184
1407
1632
2008
2425
2608
2532
2416
2170
1488
575
-326
-1454
-2936
-4420
-5553
-6578
-7788
-8703
-9096
-9381
-9547
-9279
-8554
-7784
-7146
-6229
-5073
-4092
-3246
-2387
-1612
-1135
-854
-477
-111
65
159
348
620
857
1211
1769
2338
2824
3275
3847
4448
4825
5045
5147
5044
4710
4168
3586
2897
1945
944
50
-769
-1515
-2152
-2636
-3100
-3491
-3577
-3591
-3718
-3774
-3698
-3686
-3821
-3708
-3367
-3337
-3385
-3040
-2498
-2138
-1734
-862
-1
507
1260
2369
3216
3644
4166
4832
5018
4899
5078
5186
4804
4296
4114
4002
3549
3169
3136
3007
2697
2552
2675
2708
2516
2428
2422
2280
2084
1942
1813
1573
1338
1252
1156
1124
1237
1384
1584
1820
2155
2441
2408
2294
2080
1556
794
-127
-1119
-2397
-3874
-5087
-6166
-7292
-8287
-8930
-9247
-9500
-9436
-8824
-8086
-7408
-6572
-5472
-4364
-3479
-2574
-1647
-1014
-616
-221
238
547
649
836
1089
1332
1646
2070
2626
3115
3512
3991
4479
4871
5094
5144
5054
4727
4209
3631
2958
2104
1094
126
-749
-1561
-2237
-2744
-3128
-3497
-3693
-3588
-3487
-3407
-3262
-3171
-3159
-3208
-3057
-2840
-2915
-2886
-2595
-2299
-1962
-1456
-693
-30
455
1293
2267
2941
3487
4078
4572
4675
4667
4856
4792
4344
3936
3716
3424
2984
2786
2756
2518
2304
2383
2590
2609
2543
2668
2691
2556
2532
2531
2366
2000
1721
1638
1447
1299
1347
1358
1322
1387
1693
2000
1976
1855
1687
1283
703
34
-714
-1769
-3095
-4276
-5297
-6284
-7201
-7921
-8391
-8767
-8845
-8446
-7843
-7201
-6522
-5666
-4675
-3773
-2861
-1967
-1301
-848
-475
-43
338
550
708
878
1062
1280
1617
2085
2514
2881
3273
3716
4189
4537
4739
4795
4623
4318
3891
3360
2737
1928
1038
162
-631
-1282
-1868
-2345
-2695
-2973
-3135
-3152
-3030
-2923
-2943
-2966
-2935
-2934
-3012
-3059
-3002
-3050
-3146
-2985
-2612
-2235
-1872
-1280
-484
186
892
1796
2642
3222
3663
4193
4570
4602
4580
4553
4319
3903
3560
3365
3053
2691
2521
2439
2358
2313
2398
2530
2528
2528
2600
2622
2552
2376
2159
1868
1510
1245
999
766
623
548
610
766
1038
1389
1541
1591
1608
1449
1156
663
32
-808
-1933
-2972
-3908
-4903
-5858
-6656
-7233
-7696
-7922
-7698
-7278
-6836
-6237
-5428
-4525
-3678
-2798
-1932
-1295
-811
-375
50
361
518
666
762
866
1085
1352
1699
2049
2394
2832
3294
3774
4191
4424
4531
4492
4299
3965
3487
2869
2031
1088
246
-517
-1286
-2016
-2546
-2945
-3309
-3416
-3282
-3115
-3024
-2926
-2623
-2426
-2399
-2223
-2156
-2356
-2560
-2551
-2443
-2534
-2489
-2110
-1810
-1498
-821
84
800
1349
2159
3010
3524
3955
4445
4687
4495
4254
4173
3851
3308
2853
2477
2055
1621
1517
1588
1492
1484
1675
1933
2133
2268
2512
2642
2524
2441
2390
2240
1956
1641
1431
1193
988
937
948
1024
1153
1365
1584
1674
1742
1649
1363
998
426
-270
-1147
-2173
-3125
-4131
-5101
-5925
-6658
-7206
-7579
-7664
-7436
-7079
-6537
-5808
-5005
-4148
-3260
-2351
-1575
-984
-446
-9
338
560
684
825
868
909
1051
1240
1517
1773
2070
2483
2880
3254
3566
3781
3870
3773
3574
3268
2807
2198
1496
786
26
-688
-1281
-1852
-2349
-2695
-2883
-2937
-2965
-2860
-2644
-2525
-2357
-2123
-1960
-1873
-1871
-1848
-1884
-2008
-2002
-1928
-1879
-1761
-1479
-1064
-633
-115
549
1209
1786
2356
2977
3492
3774
4009
4167
4127
3945
3678
3407
3041
2599
2272
2010
1770
1590
1509
1538
1573
1645
1812
1972
2063
2111
2177
2203
2132
2037
1906
1731
1520
1312
1212
1133
1047
1050
1101
1232
1391
1489
1579
1597
1447
1185
816
306
-349
-1162
-2005
-2861
-3766
-4580
-5281
-5929
-6449
-6751
-6836
-6775
-6566
-6165
-5629
-5055
-4399
-3637
-2912
-2287
-1719
-1195
-764
-432
-150
109
282
391
561
774
1002
1283
1592
1915
2239
2568
2936
3243
3434
3555
3558
3434
3221
2893
2465
1902
1229
567
-82
-700
-1278
-1802
-2210
-2529
-2715
-2738
-2645
-2523
-2433
-2260
-2022
-1878
-1743
-1582
-1520
-1591
-1653
-1544
-1460
-1510
-1397
-1140
-936
-661
-152
473
957
1394
1993
2557
2923
3248
3590
3709
3572
3444
3365
3155
2789
2460
2209
1888
1622
1578
1595
1577
1597
1731
1963
2136
2298
2482
2525
2445
2350
2276
2141
1858
1533
1252
970
709
582
542
462
436
530
718
946
1090
1189
1214
1038
828
563
100
-490
-1242
-2040
-2814
-3617
-4276
-4870
-5473
-5888
-6097
-6117
-5971
-5685
-5270
-4804
-4274
-3630
-2936
-2321
-1805
-1343
-986
-708
-434
-257
-161
-107
-83
39
180
358
644
872
1140
1495
1863
2282
2616
2848
3024
3079
3061
2940
2685
2315
1796
1221
668
127
-407
-915
-1339
-1692
-1948
-2043
-2045
-1986
-1919
-1796
-1578
-1428
-1272
-1081
-1026
-1050
-1111
-1152
-1171
-1278
-1340
-1325
-1318
-1222
-986
-634
-248
134
620
1175
1664
2129
2609
2985
3174
3310
3422
3396
3234
2995
2761
2484
2129
1861
1673
1465
1298
1216
1238
1317
1366
1474
1605
1650
1670
1691
1692
1614
1464
1319
1154
931
723
597
477
340
321
401
503
665
899
1189
1391
1488
1610
1596
1382
1104
710
146
-568
-1311
-2013
-2811
-3615
-4243
-4804
-5327
-5643
-5722
-5684
-5568
-5276
-4809
-4306
-3802
-3219
-2639
-2178
-1774
-1385
-1081
-870
-695
-558
-443
-343
-203
-6
195
463
789
1132
1518
1904
2277
2613
2876
3075
3179
3168
3044
2807
2459
2032
1560
1046
508
-28
-518
-919
-1254
-1526
-1681
-1754
-1800
-1779
-1692
-1563
-1445
-1377
-1300
-1237
-1220
-1204
-1195
-1203
-1218
-1213
-1144
-1011
-826
-590
-301
24
402
822
1248
1671
2047
2342
2585
2783
2886
2896
2839
2696
2487
2233
1985
1759
1500
1257
1090
955
851
827
875
939
998
1085
1200
1280
1319
1358
1352
1272
1171
1071
952
826
693
591
528
490
521
592
688
825
941
1068
1237
1336
1346
1303
1190
971
630
249
-177
-731
-1367
-1942
-2475
-3046
-3558
-3945
-4262
-4533
-4684
-4651
-4541
-4410
-4166
-3841
-3532
-3206
-2835
-2462
-2164
-1935
-1676
-1423
-1221
-1015
-801
-603
-403
-180
90
412
733
1033
1356
1672
1969
2244
2460
2618
2680
2652
2578
2433
2213
1942
1611
1248
903
557
220
-108
-402
-653
-912
-1118
-1235
-1351
-1480
-1534
-1507
-1491
-1471
-1369
-1247
-1176
-1091
-900
-702
-598
-434
-204
-35
121
336
592
771
895
1103
1313
1445
1582
1742
1849
1881
1929
1994
1986
1916
1841
1750
1595
1421
1295
1158
986
818
690
622
563
520
547
568
580
640
736
856
937
999
1083
1127
1167
1209
1224
1212
1148
1092
1055
998
951
909
857
794
736
727
692
628
557
430
286
102
-109
-356
-713
-1090
-1497
-1935
-2323
-2720
-3100
-3425
-3705
-3886
-3989
-4010
-3933
-3811
-3631
-3382
-3094
-2772
-2442
-2124
-1825
-1562
-1308
-1079
-900
-749
-598
-450
-327
-185
-4
173
357
563
812
1086
1322
1562
1787
1946
2067
2129
2130
2056
1904
1697
1433
1123
771
409
64
-276
-583
-841
-1042
-1177
-1281
-1314
-1265
-1207
-1119
-993
-828
-658
-532
-379
-220
-127
-39
65
155
214
276
383
495
607
770
967
1146
1323
1538
1730
1879
2014
2109
2154
2135
2074
1994
1845
1652
1458
1230
993
785
618
490
386
336
344
374
449
547
639
738
823
893
954
982
963
916
859
764
649
540
431
331
242
190
178
178
205
265
329
395
447
477
475
417
307
156
-53
-320
-630
-960
-1314
-1663
-1999
-2322
-2591
-2818
-2974
-3070
-3116
-3087
-3022
-2914
-2767
-2598
-2414
-2231
-2053
-1892
-1754
-1623
-1491
-1376
-1291
-1201
-1090
-973
-838
-645
-441
-235
12
285
540
771
1022
1228
1370
1496
1575
1577
1517
1414
1289
1103
869
657
453
232
33
-108
-214
-308
-345
-328
-296
-254
-190
-88
7
75
160
254
316
361
406
446
467
485
538
598
639
708
818
923
1023
1137
1267
1367
1427
1490
1540
1540
1507
1453
1355
1217
1078
938
790
632
500
410
321
266
267
269
289
338
382
433
498
553
576
570
556
534
481
415
360
287
204
159
137
126
116
120
157
180
207
260
288
284
261
220
147
54
-76
-240
-416
-633
-855
-1071
-1298
-1508
-1714
-1897
-2016
-2116
-2187
-2214
-2214
-2175
-2119
-2041
-1928
-1821
-1715
-1597
-1490
-1385
-1278
-1177
-1082
-989
-883
-781
-673
-540
-401
-259
-97
75
223
353
502
633
725
790
836
862
839
791
749
666
558
449
345
255
153
64
23
-10
-41
-36
-9
25
67
109
172
244
294
334
393
432
453
487
514
543
550
552
601
643
674
730
781
814
848
890
938
955
945
944
905
864
847
818
788
759
722
693
683
679
683
664
623
612
607
578
561
528
465
401
346
303
240
164
116
69
27
19
33
48
57
68
97
118
120
119
106
72
24
-25
-66
-115
-200
-291
-352
-436
-533
-607
-682
-770
-864
-925
-966
-1037
-1105
-1142
-1200
-1270
-1299
-1307
-1335
-1372
-1371
-1334
-1331
-1319
-1255
-1198
-1162
-1101
-1004
-916
-854
-771
-662
-581
-504
-410
-322
-258
-202
-133
-80
-23
46
98
151
200
242
297
333
361
382
383
394
393
371
366
348
310
293
275
253
244
234
238
244
260
295
318
352
398
447
496
542
599
660
700
715
748
786
786
780
776
744
713
694
671
652
607
586
584
558
552
558
563
565
557
572
583
566
545
519
477
427
374
327
291
257
211
176
174
171
184
213
238
275
316
379
440
474
499
509
504
475
441
398
312
207
108
12
-96
-199
-297
-398
-496
-572
-638
-705
-768
-844
-916
-987
-1060
-1126
-1208
-1293
-1366
-1434
-1489
-1520
-1538
-1544
-1539
-1508
-1455
-1398
-1311
-1206
-1109
-1010
-891
-767
-651
-554
-460
-376
-322
-276
-220
-178
-169
-146
-115
-84
-47
-16
49
106
134
201
268
319
364
397
442
462
462
474
460
413
379
343
309
277
248
243
245
253
285
345
400
457
527
592
660
730
794
839
867
888
895
889
872
849
808
762
735
704
675
658
645
639
632
636
651
652
645
646
651
624
589
564
524
464
405
368
321
263
227
215
207
194
207
239
256
266
298
324
322
313
291
246
188
113
45
-43
-159
-260
-352
-449
-532
-596
-657
-708
-751
-790
-812
-844
-883
-906
-943
-979
-1018
-1057
-1089
-1132
-1155
-1176
-1204
-1205
-1193
-1170
-1138
-1103
-1040
-961
-897
-834
-750
-679
-629
-577
-526
-492
-475
-444
-400
-382
-373
-335
-277
-240
-200
-139
-75
-19
45
125
192
248
304
365
417
449
480
507
528
534
540
550
555
551
546
561
577
584
590
615
644
660
685
713
747
770
785
813
825
830
842
845
833
813
807
801
778
756
742
722
698
680
663
627
591
566
529
495
458
416
378
335
305
274
237
220
193
160
132
100
72
32
-5
-39
-85
-125
-158
-198
-246
-290
-329
-370
-410
-440
-468
-499
-518
-534
-533
-535
-544
-548
-565
-572
-576
-598
-622
-645
-674
-706
-732
-755
-785
-811
-825
-838
-840
-824
-811
-787
-755
-731
-685
-644
-606
-572
-548
-518
-485
-450
-420
-379
-351
-326
-271
-223
-169
-109
-56
2
60
126
199
255
297
341
370
385
400
415
420
400
382
376
365
356
353
354
331
320
333
334
332
328
317
315
308
306
304
286
263
242
237
234
242
259
265
279
300
337
385
420
451
495
534
563
583
594
590
577
554
531
514
489
454
413
379
343
312
296
274
255
242
229
220
201
177
151
116
73
26
-17
-64
-118
-169
-210
-240
-257
-273
-289
-301
-303
-294
-292
-287
-291
-291
-294
-317
-329
-353
-393
-426
-463
-494
-520
-537
-547
-559
-569
-569
-556
-539
-523
-503
-476
-457
-437
-405
-381
-365
-349
-327
-309
-301
-277
-245
-219
-193
-155
-118
-83
-39
3
37
74
105
128
146
157
169
177
173
160
147
135
130
121
113
102
89
92
99
111
123
132
150
158
164
175
181
183
180
182
189
187
179
195
214
205
215
246
265
286
321
362
389
405
436
464
472
469
471
467
439
411
390
363
323
283
251
207
168
148
128
102
87
69
53
53
46
38
38
31
23
13
2
-4
-12
-30
-44
-55
-71
-84
-98
-111
-117
-130
-143
-149
-170
-182
-187
-209
-236
-257
-266
-272
-291
-302
-308
-328
-347
-354
-365
-374
-385
-395
-398
-408
-419
-422
-418
-425
-440
-429
-419
-422
-409
-383
-363
-346
-316
-293
-257
-220
-200
-166
-140
-124
-97
-70
-50
-40
-21
7
20
37
52
66
85
101
119
131
144
151
157
172
185
192
206
211
217
227
229
245
256
257
268
277
285
293
296
301
311
315
322
338
348
351
360
369
365
370
373
371
366
360
352
344
330
315
306
299
285
263
257
245
233
226
207
196
189
178
159
148
131
111
96
80
65
36
18
5
-19
-41
-65
-87
-114
-132
-141
-156
-169
-185
-195
-207
-230
-238
-243
-257
-271
-284
-290
-296
-310
-319
-323
-328
-334
-328
-316
-316
-311
-297
-292
-284
-282
-274
-271
-278
-273
-275
-281
-279
-281
-282
-283
-287
-297
-286
-276
-275
-260
-240
-221
-198
-181
-155
-116
-90
-64
-37
-8
21
37
54
76
85
89
100
113
117
130
147
162
171
173
184
195
208
214
217
218
211
217
221
215
201
200
206
188
174
173
174
168
166
166
178
186
184
188
194
199
197
203
209
204
212
208
193
185
179
175
171
176
171
163
154
145
138
126
113
90
68
41
15
-3
-21
-47
-76
-86
-99
-114
-120
-120
-113
-112
-114
-106
-100
-96
-94
-95
-96
-100
-96
-97
-102
-107
-109
-108
-112
-99
-79
-74
-73
-67
-59
-47
-47
-55
-52
-58
-69
-78
-94
-121
-143
-155
-176
-197
-209
-225
-236
-244
-251
-244
-232
-227
-215
-197
-187
-173
-156
-143
-132
-114
-97
-78
-59
-56
-37
-14
-6
11
27
41
61
82
102
109
123
147
150
160
168
164
163
159
149
146
139
132
128
119
109
108
109
102
104
108
102
105
115
112
99
91
88
77
61
44
22
11
-5
-19
-19
-19
-12
0
6
19
38
61
71
83
98
98
96
96
82
64
43
26
6
-13
-30
-54
-66
-74
-79
-77
-76
-75
-69
-59
-53
-43
-29
-28
-28
-25
-19
-17
-23
-30
-29
-36
-39
-26
-17
-11
-5
1
15
22
29
44
50
50
45
38
30
16
-3
-25
-44
-70
-86
-90
-107
-125
-133
-127
-122
-115
-105
-99
-93
-89
-81
-76
-70
-66
-57
-49
-54
-46
-36
-34
-25
-21
-2
15
27
45
58
77
89
103
120
127
139
143
148
144
139
143
132
127
125
113
112
102
92
84
76
68
56
52
47
38
25
18
13
4
-2
-5
-15
-32
-40
-49
-55
-60
-63
-67
-67
-66
-67
-69
-73
-69
-67
-56
-53
-53
-48
-53
-48
-49
-58
-62
-58
-59
-65
-62
-66
-70
-69
-66
-61
-60
-60
-57
-51
-55
-50
-40
-40
-39
-41
-31
-35
-40
-26
-25
-18
-16
-16
0
13
22
29
38
48
52
