-2
-12
-6
-8
-8
-7
-14
-13
-6
2
-4
-3
-4
-6
-2
-4
-6
-8
-6
6
4
0
8
2
-3
0
-5
-4
-7
-1
6
3
3
0
0
3
-3
-7
-1
0
-6
-3
-1
0
0
5
9
5
8
11
5
-4
-2
0
-7
-9
-6
-9
-9
-6
-10
-11
-11
-10
-12
-11
0
-3
-5
-1
4
10
1
-3
-3
3
4
-3
3
4
13
17
18
15
6
9
7
4
3
5
5
0
4
2
-1
0
-2
-2
8
10
11
13
8
12
10
15
26
21
23
28
20
19
17
12
18
8
-1
1
-3
3
-6
-8
-6
-13
-3
3
-5
-6
-7
-9
-7
-2
-3
-8
-9
-7
-7
-2
10
10
1
-3
-9
-6
-2
-13
-19
-19
-26
-31
-41
-44
-40
-39
-33
-31
-22
-18
-13
-4
-3
-3
-6
-18
-11
-6
-18
-20
-17
-9
-4
-3
8
13
21
21
14
25
25
18
22
19
9
10
15
23
22
22
31
28
30
27
28
28
24
25
22
11
2
1
-11
-25
-31
-30
-16
-15
-14
-8
-11
-6
4
6
2
0
5
2
-3
-1
-2
-3
0
2
1
3
0
-2
-3
-3
0
1
1
4
7
5
3
3
5
22
33
28
29
31
31
30
29
21
15
23
19
15
33
31
20
23
15
14
10
3
4
-9
-15
-12
-16
-21
-21
-21
-18
-17
-22
-7
-3
-17
-17
-22
-35
-46
-52
-58
-72
-82
-87
-91
-89
-94
-94
-91
-95
-97
-94
-90
-82
-78
-78
-67
-55
-54
-48
-36
-22
-7
7
28
46
65
88
109
131
147
162
173
181
190
199
211
209
203
203
202
183
175
170
155
150
140
123
114
106
90
67
55
44
13
-17
-45
-80
-111
-147
-178
-213
-252
-278
-297
-311
-326
-335
-338
-331
-311
-300
-276
-248
-229
-198
-168
-152
-125
-93
-66
-39
-16
4
21
35
42
52
58
61
59
52
50
38
22
16
1
-16
-25
-38
-44
-40
-29
-2
33
76
131
198
258
324
403
464
514
550
574
602
610
602
595
576
572
569
554
547
523
492
453
385
286
147
-12
-188
-402
-618
-810
-997
-1165
-1270
-1312
-1324
-1299
-1204
-1060
-931
-778
-580
-406
-267
-139
-6
107
196
294
396
479
559
662
771
844
903
955
955
915
845
734
573
371
159
-55
-266
-463
-622
-755
-855
-905
-914
-883
-841
-768
-685
-609
-523
-444
-370
-282
-208
-139
-38
63
173
307
445
586
714
837
951
1029
1061
1067
1027
943
831
692
528
343
171
13
-138
-272
-374
-453
-519
-555
-568
-582
-591
-594
-598
-606
-610
-601
-586
-562
-519
-449
-361
-257
-133
0
148
291
413
528
613
663
688
683
643
587
516
436
354
269
188
112
47
-13
-74
-119
-169
-221
-272
-314
-354
-398
-417
-434
-440
-423
-386
-331
-266
-186
-90
10
105
199
276
334
387
413
428
425
411
389
352
328
298
256
228
185
144
99
39
-13
-80
-158
-235
-311
-380
-452
-515
-560
-597
-609
-609
-600
-554
-489
-424
-358
-282
-197
-131
-72
-11
31
49
64
80
83
81
94
109
118
141
191
227
246
291
328
331
336
338
309
261
208
163
112
58
33
20
15
36
75
120
152
202
262
283
312
355
370
377
388
403
413
441
474
501
538
562
581
579
517
440
332
177
-6
-201
-404
-616
-808
-969
-1089
-1175
-1227
-1225
-1181
-1109
-1017
-909
-789
-677
-586
-483
-388
-315
-248
-171
-80
1
88
200
322
413
506
612
686
723
719
699
635
511
368
209
15
-210
-417
-610
-806
-980
-1098
-1171
-1234
-1244
-1185
-1099
-996
-859
-687
-527
-372
-197
-37
98
237
378
492
598
718
837
946
1078
1230
1361
1495
1644
1776
1864
1939
2013
2021
1985
1950
1900
1826
1740
1680
1623
1539
1443
1319
1170
982
687
269
-164
-616
-1206
-1828
-2328
-2791
-3311
-3704
-3791
-3770
-3808
-3646
-3188
-2751
-2427
-1926
-1263
-801
-520
-100
390
656
798
1070
1366
1496
1590
1821
2057
2145
2164
2216
2254
2169
1942
1671
1397
994
453
-26
-414
-859
-1376
-1761
-1942
-2122
-2322
-2330
-2185
-2117
-2051
-1807
-1511
-1312
-1138
-891
-645
-461
-256
-6
226
453
700
950
1223
1511
1746
1910
2042
2154
2151
2028
1862
1585
1162
711
284
-197
-697
-1105
-1453
-1762
-1927
-1926
-1892
-1820
-1607
-1338
-1120
-862
-537
-322
-215
-62
118
212
292
465
625
746
964
1266
1542
1788
2059
2291
2427
2534
2587
2521
2348
2138
1892
1618
1384
1178
975
828
763
697
634
629
540
234
-126
-414
-880
-1564
-2152
-2627
-3251
-3871
-4089
-4067
-4161
-4139
-3662
-3044
-2609
-2052
-1215
-525
-171
235
798
1131
1182
1264
1435
1483
1420
1475
1647
1760
1766
1787
1924
2049
1977
1764
1585
1360
908
345
-82
-475
-1100
-1747
-2047
-2195
-2468
-2641
-2504
-2341
-2322
-2164
-1819
-1609
-1593
-1531
-1404
-1358
-1318
-1177
-1033
-896
-616
-222
161
614
1152
1562
1829
2158
2496
2562
2412
2318
2179
1798
1408
1236
1059
756
590
686
840
959
1229
1600
1858
2086
2397
2678
2793
2830
2857
2737
2487
2276
2039
1580
954
392
-105
-760
-1505
-2079
-2560
-3185
-3777
-4008
-4026
-4194
-4394
-4233
-3850
-3663
-3519
-3053
-2470
-2203
-2016
-1434
-714
-340
-69
543
1247
1620
1886
2427
2962
3061
2964
3083
3226
3001
2543
2214
1980
1519
871
425
181
-267
-954
-1375
-1429
-1653
-2125
-2335
-2231
-2297
-2551
-2506
-2206
-2177
-2341
-2241
-1983
-1933
-1962
-1796
-1586
-1437
-1184
-821
-428
25
510
897
1284
1821
2216
2263
2306
2467
2367
1995
1758
1646
1293
851
752
843
803
816
1117
1468
1698
2000
2402
2689
2811
2914
3041
3097
3056
2992
2937
2806
2576
2336
2141
1797
1134
449
-100
-854
-1873
-2705
-3305
-4134
-5063
-5492
-5537
-5811
-6113
-5821
-5246
-4953
-4611
-3771
-2851
-2357
-1897
-1039
-169
310
662
1256
1893
2211
2394
2803
3304
3478
3376
3480
3787
3758
3324
3010
2892
2415
1545
909
558
-109
-1131
-1811
-2015
-2385
-3028
-3321
-3189
-3251
-3612
-3657
-3309
-3290
-3641
-3643
-3283
-3145
-3162
-2785
-2123
-1630
-1131
-300
658
1445
2135
2793
3312
3730
4000
3938
3709
3549
3226
2611
2189
2122
1878
1440
1431
1817
1970
1976
2356
2823
2884
2845
3059
3249
3107
2858
2756
2668
2457
2161
1867
1636
1295
612
-110
-521
-1085
-2162
-3117
-3539
-4120
-5142
-5682
-5543
-5724
-6267
-6092
-5279
-4931
-4863
-4093
-2984
-2462
-2121
-1195
-176
276
546
1182
1903
2242
2382
2702
3157
3377
3270
3273
3557
3610
3120
2649
2607
2348
1464
688
455
9
-1000
-1701
-1755
-2001
-2751
-3213
-3093
-3179
-3763
-4140
-4026
-4080
-4562
-4770
-4394
-4017
-3922
-3527
-2561
-1575
-839
69
1287
2342
3033
3634
4254
4693
4782
4606
4383
4195
3866
3326
2920
2854
2756
2456
2416
2812
3072
2998
3130
3520
3570
3294
3272
3381
3140
2742
2625
2594
2252
1863
1678
1306
573
-126
-709
-1568
-2636
-3514
-4272
-5176
-6012
-6407
-6599
-6899
-7013
-6677
-6156
-5719
-5167
-4318
-3435
-2750
-2065
-1194
-326
299
727
1258
1918
2338
2546
2910
3430
3679
3599
3717
4049
4014
3532
3142
2957
2439
1538
829
400
-270
-1237
-1915
-2161
-2506
-3150
-3620
-3717
-3943
-4474
-4836
-4843
-4925
-5294
-5431
-5035
-4533
-4145
-3510
-2465
-1332
-312
802
2083
3252
4061
4608
5123
5523
5575
5297
4943
4624
4181
3630
3271
3163
3034
2823
2812
3084
3355
3436
3475
3589
3593
3399
3235
3188
3041
2727
2483
2393
2255
1987
1706
1251
481
-303
-1033
-2034
-3266
-4291
-5148
-6220
-7132
-7389
-7440
-7764
-7847
-7197
-6397
-5939
-5284
-4115
-3102
-2584
-1895
-771
124
437
744
1438
2052
2262
2490
3056
3566
3652
3675
4057
4453
4297
3793
3513
3349
2755
1818
1150
716
-127
-1280
-1932
-2111
-2731
-3830
-4424
-4483
-4983
-5825
-6005
-5766
-6050
-6408
-5915
-5023
-4530
-3961
-2786
-1507
-422
812
2199
3336
4222
5010
5560
5907
6216
6213
5728
5297
5179
4857
4246
3970
4034
3790
3399
3548
3910
3752
3353
3359
3466
3169
2860
2885
2862
2593
2426
2515
2565
2361
1902
1235
552
-228
-1392
-2684
-3764
-4910
-6298
-7325
-7669
-7958
-8458
-8507
-7887
-7252
-6729
-5794
-4562
-3666
-3059
-2135
-986
-239
161
671
1249
1593
1858
2333
2838
3100
3286
3599
3972
4292
4420
4281
4014
3706
3204
2468
1731
995
-27
-1157
-1951
-2497
-3178
-3984
-4613
-5017
-5420
-5896
-6147
-6120
-6270
-6593
-6425
-5704
-5103
-4607
-3654
-2424
-1335
-116
1448
2904
3929
4806
5676
6332
6736
6888
6690
6244
5760
5332
4931
4554
4227
3913
3663
3597
3769
3996
3952
3702
3580
3555
3404
3255
3203
3003
2698
2603
2703
2755
2614
2118
1209
311
-351
-1399
-2915
-4169
-5275
-6752
-7930
-8077
-8058
-8636
-8946
-8321
-7483
-6935
-6115
-4894
-3986
-3541
-2852
-1591
-481
-109
74
674
1335
1677
2115
2857
3309
3279
3471
4158
4720
4817
4636
4324
3938
3536
3035
2292
1412
472
-667
-1682
-2110
-2422
-3341
-4452
-4906
-5068
-5644
-6108
-6019
-6170
-6804
-6841
-5964
-5211
-4827
-4073
-2931
-1799
-476
1169
2650
3730
4625
5438
6162
6806
7130
6838
6284
5895
5570
5220
4895
4555
4143
3804
3745
3931
4177
4183
3819
3484
3451
3458
3293
3095
2938
2710
2574
2796
3212
3403
3138
2489
1783
1206
374
-1012
-2576
-4037
-5612
-7169
-8065
-8389
-8943
-9720
-9889
-9244
-8430
-7785
-6973
-5859
-4952
-4367
-3411
-1967
-964
-816
-610
251
1057
1387
1860
2632
3060
3128
3602
4561
5179
5122
4893
4822
4716
4378
3818
3085
2190
1130
-3
-891
-1400
-2065
-3359
-4634
-5092
-5400
-6296
-6946
-6957
-7304
-7981
-7729
-6687
-6100
-5715
-4692
-3382
-2115
-526
1176
2456
3579
4741
5599
6240
6954
7223
6725
6228
6125
5914
5450
5103
4854
4530
4344
4442
4679
4865
4799
4469
4201
4154
4070
3759
3353
3006
2796
2712
2732
2973
3332
3233
2487
1889
1695
871
-805
-2297
-3516
-5294
-7214
-8180
-8605
-9473
-10356
-10396
-9790
-9080
-8346
-7436
-6326
-5254
-4403
-3492
-2246
-1165
-825
-689
18
908
1361
1651
2218
2841
3202
3581
4347
5161
5411
5183
5066
5177
5039
4366
3446
2580
1652
478
-666
-1361
-1989
-3254
-4676
-5211
-5390
-6289
-7144
-7210
-7446
-8011
-7775
-6907
-6447
-5943
-4750
-3558
-2419
-600
1229
2221
3305
4965
6030
6340
6967
7578
7193
6514
6447
6369
5768
5196
4926
4666
4443
4446
4542
4579
4589
4491
4236
4005
3857
3582
3102
2605
2381
2397
2344
2305
2632
3128
2958
2198
1894
1655
323
-1497
-2706
-3975
-6076
-7903
-8620
-9249
-10322
-10863
-10545
-10060
-9482
-8519
-7386
-6277
-5147
-4091
-3146
-2049
-1020
-641
-454
231
1005
1334
1588
2219
2862
3225
3724
4539
5261
5547
5495
5456
5527
5329
4525
3495
2694
1710
280
-873
-1500
-2527
-4059
-4985
-5391
-6209
-7001
-7185
-7489
-8029
-7790
-7086
-6850
-6318
-4999
-3949
-3213
-1614
394
1497
2400
4010
5376
5945
6526
7238
7356
7010
6842
6737
6363
5932
5594
5204
4898
4818
4812
4699
4552
4569
4540
4194
3804
3638
3444
2906
2389
2383
2539
2428
2423
2941
3458
3125
2319
2010
1535
-22
-1787
-3024
-4523
-6699
-8349
-8991
-9770
-10758
-11005
-10659
-10249
-9445
-8198
-7066
-6036
-4759
-3540
-2689
-1709
-678
-301
-202
338
1080
1495
1751
2288
2925
3435
3990
4700
5446
5845
5708
5537
5602
5328
4451
3486
2655
1518
123
-875
-1708
-2946
-4176
-5107
-6022
-6796
-7238
-7644
-8186
-8283
-7774
-7372
-6906
-5822
-4611
-3667
-2496
-797
850
2077
3257
4492
5494
6237
6737
6995
7102
6934
6598
6331
6138
5937
5583
5235
5112
5091
5042
4927
4857
4853
4588
4072
3677
3435
3104
2556
2063
1987
2087
2097
2319
2957
3385
2876
2159
1989
1285
-441
-2070
-3386
-5280
-7451
-8658
-9286
-10374
-11227
-11129
-10774
-10318
-9194
-7800
-6782
-5792
-4374
-3091
-2293
-1364
-532
-352
-263
264
916
1233
1457
1966
2551
3142
3926
4755
5454
5856
5862
5858
5984
5713
4853
3845
2905
1672
295
-640
-1603
-3055
-4350
-5237
-6151
-6989
-7383
-7730
-8319
-8403
-7757
-7209
-6734
-5699
-4454
-3465
-2299
-593
1077
2223
3275
4505
5576
6269
6715
7055
7159
6938
6719
6656
6503
6254
5995
5749
5570
5558
5609
5396
5118
5044
4734
4088
3613
3358
2878
2122
1651
1651
1712
1759
2094
2749
3210
2879
2289
2101
1425
-251
-1972
-3318
-5121
-7404
-8853
-9509
-10535
-11490
-11434
-10930
-10488
-9497
-7974
-6750
-5753
-4339
-2978
-2247
-1497
-669
-458
-556
-206
432
698
800
1335
2075
2703
3444
4398
5305
5826
5946
6036
6204
6011
5196
4139
3213
2102
608
-684
-1669
-2937
-4468
-5631
-6274
-6972
-7678
-7891
-7925
-7953
-7544
-6710
-5923
-5139
-3985
-2752
-1757
-518
1060
2259
3020
4006
5105
5726
5987
6375
6731
6626
6444
6535
6554
6352
6130
6020
5898
5732
5611
5410
5137
4883
4513
3997
3490
3081
2676
2256
1878
1710
1868
2115
2388
2889
3492
3363
2494
2035
1525
-11
-1869
-3300
-4958
-7297
-8934
-9484
-10310
-11322
-11406
-10831
-10391
-9515
-7937
-6572
-5670
-4546
-3167
-2308
-1710
-1008
-704
-739
-618
-117
366
652
1112
1715
2487
3392
4235
5099
5834
6081
5962
6026
6017
5308
4210
3216
2070
538
-703
-1729
-3195
-4550
-5621
-6632
-7291
-7480
-7635
-7989
-7709
-6936
-6508
-5755
-4407
-3440
-2882
-1656
-85
832
1713
3066
4010
4317
5108
6141
6353
6345
6714
6987
6778
6654
6951
6876
6413
6170
6122
5929
5482
5144
4881
4336
3623
3132
2870
2496
2032
1725
1764
1930
2112
2593
3189
3380
2799
2112
1759
714
-1088
-2702
-4168
-6243
-8409
-9343
-9781
-10876
-11633
-11141
-10461
-10104
-8947
-7143
-6043
-5452
-4151
-2631
-2036
-1608
-859
-570
-744
-540
234
709
894
1474
2298
3131
4019
4961
5774
6248
6345
6250
6194
5937
5042
3721
2603
1468
-100
-1493
-2477
-3696
-5271
-6381
-6694
-7132
-7740
-7658
-7231
-7120
-6813
-5698
-4546
-4011
-3223
-1860
-796
-34
1173
2500
3220
3734
4664
5581
5955
6271
6735
6883
6824
6873
7025
6972
6634
6366
6151
5870
5551
5215
4871
4357
3711
3185
2858
2576
2213
1836
1752
2014
2211
2512
3176
3585
3053
2167
1842
1094
-779
-2543
-3880
-5825
-8178
-9380
-9718
-10679
-11587
-11280
-10571
-10167
-9147
-7434
-6229
-5552
-4425
-2993
-2234
-1790
-1120
-791
-858
-723
-114
498
778
1190
1932
2879
3850
4683
5514
6205
6405
6306
6314
6216
5483
4169
2944
1912
530
-1027
-2314
-3451
-4819
-6264
-6876
-6983
-7532
-7950
-7560
-6965
-6766
-6081
-4551
-3595
-3268
-2113
-475
341
970
2349
3523
3734
4186
5468
6178
6089
6345
6905
7033
6827
7030
7378
7084
6595
6516
6501
6154
5661
5343
4946
4177
3506
3193
2859
2364
1851
1705
1937
2064
2287
2888
3365
2953
2047
1708
1135
-647
-2547
-3848
-5656
-8088
-9509
-9851
-10745
-11929
-11782
-10917
-10545
-9746
-7976
-6456
-5799
-4808
-3114
-2130
-1858
-1244
-640
-655
-757
-190
540
746
1009
1818
2827
3740
4609
5484
6233
6556
6515
6556
6558
5934
4601
3353
2373
826
-920
-2066
-3221
-4918
-6316
-6736
-7120
-7879
-7917
-7328
-7183
-7017
-5899
-4595
-4009
-3345
-2000
-872
-259
760
2074
2811
3237
4056
5013
5538
5938
6512
6839
6913
7124
7413
7457
7258
7078
6872
6498
6121
5814
5360
4721
4073
3518
3025
2581
2237
1891
1616
1688
1988
2305
2784
3343
3250
2458
1868
1327
-86
-1990
-3545
-5226
-7492
-9208
-9802
-10459
-11452
-11652
-11009
-10462
-9737
-8229
-6705
-5858
-4962
-3565
-2482
-1950
-1421
-951
-899
-949
-549
44
411
757
1330
2185
3203
4225
5164
5934
6451
6644
6657
6668
6349
5330
4026
2834
1502
-49
-1526
-2811
-4243
-5710
-6556
-6984
-7424
-7659
-7493
-7129
-6750
-6023
-4932
-4036
-3324
-2392
-1321
-375
510
1461
2351
3009
3646
4431
5168
5767
6205
6534
6892
7185
7384
7508
7495
7365
7067
6746
6507
6115
5570
4974
4344
3715
3133
2702
2363
1952
1666
1719
1980
2352
2823
3326
3390
2719
2017
1412
140
-1715
-3516
-5255
-7370
-9338
-10228
-10770
-11680
-12117
-11623
-10848
-10096
-8805
-7127
-5994
-5199
-3925
-2602
-1926
-1524
-1083
-867
-946
-778
-142
327
579
1072
1930
2990
3967
4932
5838
6373
6595
6687
6701
6416
5559
4286
2978
1689
224
-1351
-2782
-4098
-5534
-6691
-7096
-7333
-7705
-7704
-7195
-6655
-6147
-5072
-3851
-3186
-2484
-1294
-159
571
1397
2403
3048
3464
4193
5077
5619
5975
6410
6836
7148
7371
7655
7771
7592
7328
7051
6788
6348
5779
5185
4457
3716
3080
2674
2367
1927
1586
1635
1951
2238
2690
3339
3505
2859
2109
1629
500
-1400
-3203
-4906
-7019
-9151
-10226
-10723
-11624
-12217
-11823
-11045
-10369
-9181
-7463
-6257
-5522
-4324
-2900
-2151
-1780
-1243
-920
-986
-868
-211
389
629
1059
1878
2929
3972
4948
5894
6524
6787
6896
6952
6762
6010
4816
3484
2134
705
-784
-2247
-3677
-5077
-6272
-6921
-7225
-7502
-7587
-7384
-6958
-6356
-5494
-4490
-3698
-3010
-2145
-1162
-201
683
1463
2187
2909
3629
4390
5184
5860
6258
6576
7088
7496
7633
7693
7670
7444
7058
6754
6444
5917
5299
4662
4008
3425
2955
2563
2236
1907
1713
1826
2114
2509
2948
3326
3338
2755
2095
1431
151
-1640
-3380
-5101
-7132
-8949
-9901
-10596
-11496
-11861
-11374
-10713
-9989
-8745
-7270
-6204
-5364
-4152
-2953
-2312
-1933
-1543
-1255
-1182
-969
-348
223
552
1088
2058
3156
4133
5087
5969
6501
6752
6919
6844
6471
5721
4507
3231
2062
725
-893
-2357
-3525
-4997
-6247
-6607
-6930
-7546
-7648
-7074
-6724
-6470
-5427
-4269
-3833
-3239
-1897
-835
-272
662
1788
2459
2932
3831
4727
5155
5602
6152
6589
6938
7281
7631
7763
7670
7536
7393
7146
6680
6138
5630
4934
4092
3527
3115
2517
2009
1819
1752
1700
1971
2580
2974
3164
3153
2678
1959
1037
-294
-1967
-3722
-5569
-7522
-9074
-10067
-10962
-11687
-11752
-11403
-10911
-9895
-8496
-7299
-6277
-5063
-3827
-2999
-2291
-1598
-1342
-1299
-1032
-614
-246
159
696
1279
2035
3057
4142
5087
5878
6430
6704
6871
6812
6370
5602
4539
3212
1782
466
-915
-2452
-3789
-4904
-5926
-6593
-6808
-6926
-7020
-6777
-6265
-5748
-5071
-4172
-3446
-2887
-2084
-1154
-362
446
1359
2137
2771
3548
4404
5109
5714
6271
6713
7109
7499
7726
7776
7702
7423
7000
6618
6244
5705
5063
4481
3881
3259
2797
2484
2161
1817
1649
1748
1990
2337
2751
3037
2917
2346
1674
920
-336
-1957
-3542
-5221
-7074
-8580
-9462
-10228
-11026
-11253
-10897
-10444
-9715
-8486
-7286
-6408
-5427
-4213
-3240
-2615
-2025
-1591
-1436
-1213
-753
-225
214
657
1300
2121
3061
4066
5037
5827
6285
6537
6777
6803
6400
5687
4762
3601
2249
956
-214
-1542
-2971
-4191
-5131
-5830
-6307
-6584
-6678
-6673
-6517
-6076
-5413
-4721
-4114
-3465
-2694
-1905
-1028
-8
924
1691
2500
3405
4222
4907
5609
6204
6508
6798
7187
7419
7412
7302
7124
6766
6364
6076
5707
5186
4687
4201
3664
3198
2898
2610
2182
1857
1859
1987
2177
2567
2934
2889
2388
1804
1158
18
-1443
-2898
-4545
-6393
-7961
-8984
-9830
-10630
-10983
-10840
-10500
-9861
-8742
-7530
-6535
-5586
-4494
-3467
-2726
-2102
-1579
-1301
-1113
-773
-278
223
697
1234
1930
2811
3782
4709
5517
6103
6352
6452
6549
6319
5636
4760
3737
2413
1043
-7
-1163
-2695
-3920
-4663
-5517
-6235
-6276
-6269
-6665
-6657
-5991
-5548
-5320
-4527
-3650
-3314
-2735
-1515
-493
106
1022
2196
2960
3594
4595
5503
5926
6262
6735
7107
7195
7182
7219
7070
6641
6188
5954
5681
5100
4595
4341
3886
3191
2886
2850
2405
1879
1847
1989
1868
1975
2564
2795
2426
1967
1548
763
-497
-1742
-3028
-4647
-6353
-7649
-8460
-9225
-9953
-10232
-10057
-9782
-9281
-8243
-7105
-6317
-5574
-4489
-3457
-2867
-2303
-1706
-1423
-1276
-831
-109
427
821
1432
2228
3052
3875
4748
5479
5841
5967
6115
6188
5827
5152
4418
3488
2345
1311
415
-769
-2098
-3113
-3976
-4832
-5401
-5678
-6097
-6482
-6372
-6060
-5821
-5358
-4616
-4069
-3575
-2599
-1483
-652
193
1263
2194
2881
3733
4669
5268
5592
5990
6410
6620
6728
6858
6901
6696
6402
6274
6124
5758
5317
4930
4451
3809
3302
2971
2527
2033
1712
1537
1417
1476
1756
2027
2102
1988
1673
1139
445
-521
-1747
-3082
-4553
-6047
-7314
-8254
-9023
-9694
-9992
-9875
-9591
-9015
-8043
-7042
-6186
-5273
-4193
-3226
-2550
-1927
-1377
-1088
-830
-374
149
581
991
1538
2185
2865
3644
4414
5009
5383
5584
5719
5699
5414
4885
4181
3355
2370
1339
428
-585
-1819
-2912
-3679
-4403
-5150
-5541
-5654
-5969
-6186
-5829
-5360
-5159
-4709
-3890
-3287
-2803
-1848
-712
5
709
1765
2661
3247
3972
4809
5288
5502
5843
6201
6329
6343
6387
6376
6196
5883
5654
5487
5118
4606
4186
3852
3378
2877
2671
2494
2119
1854
1863
1910
1922
2137
2463
2507
2206
1783
1245
361
-830
-2077
-3363
-4857
-6371
-7457
-8182
-8905
-9458
-9503
-9258
-9015
-8457
-7460
-6552
-5873
-5046
-4043
-3256
-2705
-2081
-1542
-1275
-983
-436
135
558
1008
1563
2183
2856
3587
4282
4795
5087
5178
5221
5209
4930
4396
3765
3015
2065
1128
327
-608
-1706
-2619
-3320
-4071
-4711
-4980
-5209
-5535
-5585
-5325
-5080
-4852
-4375
-3797
-3299
-2628
-1736
-876
-103
768
1670
2475
3289
4078
4690
5113
5492
5838
6066
6231
6313
6280
6130
5920
5717
5447
5138
4776
4368
4024
3705
3382
3059
2765
2497
2193
1905
1713
1650
1665
1751
1922
2024
1890
1495
1019
449
-451
-1557
-2723
-3993
-5348
-6507
-7299
-8035
-8722
-9055
-9034
-8864
-8499
-7747
-6905
-6201
-5408
-4447
-3550
-2866
-2232
-1633
-1179
-799
-348
154
535
882
1310
1840
2464
3069
3659
4168
4531
4784
4924
5008
4928
4596
4088
3463
2762
1979
1133
254
-695
-1690
-2624
-3395
-4041
-4611
-5042
-5294
-5412
-5425
-5252
-4901
-4511
-4065
-3449
-2685
-1902
-1167
-355
501
1263
1995
2754
3450
3928
4298
4724
5084
5284
5415
5546
5566
5468
5409
5363
5194
4930
4706
4486
4212
3952
3686
3344
2911
2490
2147
1774
1424
1181
1107
1196
1338
1601
1874
1917
1701
1354
925
168
-879
-1999
-3207
-4558
-5847
-6801
-7610
-8396
-8912
-9035
-8925
-8628
-7968
-7133
-6356
-5520
-4533
-3514
-2682
-1983
-1369
-963
-662
-350
-33
251
492
754
1150
1716
2323
2919
3497
4008
4405
4714
5026
5150
4938
4555
4069
3461
2689
1830
906
-188
-1296
-2245
-3009
-3697
-4363
-4820
-5092
-5276
-5260
-4998
-4677
-4412
-4019
-3445
-2857
-2252
-1521
-788
-199
464
1233
1897
2497
3087
3616
4005
4378
4828
5148
5330
5476
5555
5565
5520
5437
5271
5017
4716
4374
4051
3747
3387
2960
2547
2162
1778
1476
1257
1088
1015
1133
1404
1677
1959
2126
1986
1634
1198
546
-446
-1619
-2825
-4141
-5463
-6498
-7282
-8019
-8594
-8756
-8623
-8367
-7796
-6964
-6172
-5426
-4549
-3603
-2869
-2283
-1744
-1388
-1203
-981
-655
-391
-151
192
635
1191
1859
2615
3329
3946
4474
4903
5249
5438
5374
5060
4549
3873
3081
2277
1404
395
-619
-1526
-2351
-3098
-3662
-4138
-4598
-4872
-4920
-4848
-4721
-4498
-4215
-3931
-3486
-2865
-2237
-1615
-961
-300
374
1130
1891
2533
3089
3574
3991
4390
4809
5096
5193
5284
5330
5272
5211
5153
4955
4584
4264
4007
3667
3311
2981
2570
2054
1634
1406
1221
1042
991
1090
1291
1617
2058
2444
2559
2344
1937
1430
681
-332
-1451
-2686
-4063
-5356
-6307
-7037
-7724
-8216
-8348
-8227
-7957
-7366
-6573
-5894
-5282
-4562
-3780
-3132
-2597
-2141
-1818
-1584
-1350
-1003
-595
-236
112
604
1287
2022
2778
3547
4181
4607
4936
5261
5427
5298
4948
4434
3780
3055
2318
1560
697
-264
-1173
-1890
-2461
-3034
-3586
-4005
-4341
-4647
-4711
-4531
-4427
-4410
-4195
-3734
-3296
-2830
-2109
-1398
-877
-226
703
1567
2190
2814
3445
3858
4184
4640
5031
5117
5060
5058
5008
4871
4748
4597
4298
3895
3562
3344
3129
2842
2516
2217
1952
1719
1580
1558
1509
1379
1418
1665
1923
2133
2316
2328
2012
1590
1166
482
-514
-1631
-2783
-4000
-5086
-5866
-6530
-7202
-7701
-7872
-7826
-7593
-7093
-6518
-5970
-5390
-4679
-3896
-3238
-2690
-2255
-1945
-1676
-1358
-945
-516
-151
223
757
1431
2126
2816
3475
4014
4404
4754
5092
5245
5125
4804
4358
3818
3219
2591
1893
1082
191
-652
-1350
-1986
-2620
-3198
-3698
-4131
-4428
-4515
-4517
-4539
-4510
-4329
-4021
-3599
-3008
-2326
-1673
-1010
-243
574
1335
2001
2560
3022
3380
3674
3966
4189
4246
4185
4143
4122
4053
3975
3916
3803
3610
3482
3461
3421
3335
3213
3045
2840
2605
2414
2253
2035
1819
1711
1760
1915
2113
2321
2429
2314
2006
1669
1178
358
-661
-1755
-2931
-4179
-5250
-6092
-6923
-7691
-8189
-8349
-8305
-8054
-7525
-6897
-6265
-5569
-4727
-3879
-3194
-2615
-2094
-1650
-1299
-902
-439
-80
204
581
1112
1690
2281
2936
3539
4008
4434
4872
5214
5326
5243
4994
4562
4019
3408
2740
1965
1052
141
-687
-1436
-2140
-2774
-3300
-3787
-4197
-4434
-4501
-4569
-4615
-4485
-4263
-3978
-3567
-3000
-2432
-1937
-1332
-644
-4
595
1213
1755
2146
2534
2936
3252
3447
3603
3741
3802
3861
3954
4031
4043
3994
3961
3966
3949
3882
3784
3661
3438
3153
2948
2775
2537
2297
2162
2066
1988
2089
2276
2386
2407
2375
2215
1820
1353
754
-129
-1151
-2227
-3317
-4418
-5403
-6239
-7009
-7593
-7902
-7954
-7847
-7534
-7038
-6487
-5839
-5100
-4291
-3537
-2888
-2296
-1788
-1327
-927
-530
-141
155
471
879
1372
1898
2448
3026
3542
3997
4417
4786
5020
5042
4926
4688
4261
3687
3053
2362
1546
675
-88
-782
-1534
-2276
-2836
-3341
-3887
-4260
-4455
-4640
-4856
-4890
-4716
-4592
-4399
-4007
-3532
-3095
-2594
-1880
-1166
-549
108
809
1411
1882
2363
2821
3147
3336
3537
3791
3944
4039
4188
4366
4458
4479
4593
4710
4663
4527
4452
4331
4036
3727
3462
3098
2650
2293
2062
1827
1620
1579
1639
1685
1737
1825
1776
1484
1088
607
-78
-957
-1924
-2948
-4055
-5119
-6000
-6735
-7344
-7775
-7935
-7854
-7606
-7126
-6454
-5719
-4982
-4165
-3306
-2555
-1904
-1310
-824
-502
-215
102
351
550
788
1119
1482
1894
2405
2933
3396
3805
4189
4477
4627
4639
4471
4119
3641
3079
2428
1702
932
135
-641
-1353
-1985
-2546
-3043
-3470
-3825
-4053
-4155
-4213
-4222
-4175
-4109
-3978
-3737
-3428
-3096
-2719
-2273
-1794
-1238
-596
34
627
1198
1756
2257
2727
3188
3557
3809
3999
4180
4317
4385
4437
4455
4405
4333
4283
4228
4113
3947
3750
3501
3207
2890
2581
2265
1931
1650
1463
1318
1223
1225
1298
1377
1459
1575
1572
1368
1066
661
70
-679
-1455
-2302
-3266
-4198
-4984
-5655
-6242
-6652
-6848
-6885
-6753
-6397
-5870
-5286
-4663
-3992
-3299
-2669
-2124
-1630
-1221
-918
-668
-401
-134
66
284
606
965
1344
1815
2338
2804
3192
3566
3895
4082
4125
4057
3831
3413
2888
2306
1655
945
191
-526
-1157
-1742
-2246
-2638
-2974
-3296
-3555
-3704
-3789
-3879
-3926
-3888
-3836
-3743
-3534
-3245
-2927
-2584
-2134
-1605
-1064
-467
171
791
1364
1908
2447
2909
3252
3500
3702
3863
3959
4053
4149
4197
4187
4208
4242
4216
4165
4077
3936
3728
3481
3233
2923
2577
2221
1870
1594
1374
1230
1168
1181
1277
1425
1620
1803
1869
1775
1563
1251
750
94
-662
-1547
-2547
-3553
-4423
-5181
-5864
-6400
-6744
-6900
-6904
-6670
-6221
-5711
-5161
-4561
-3898
-3248
-2670
-2126
-1648
-1296
-1024
-725
-426
-184
44
320
651
992
1390
1877
2335
2701
3051
3406
3666
3788
3806
3684
3390
2982
2524
2019
1435
795
147
-465
-1010
-1494
-1885
-2204
-2505
-2791
-2979
-3034
-3099
-3177
-3187
-3203
-3258
-3234
-3068
-2906
-2768
-2520
-2160
-1775
-1335
-723
-87
437
982
1608
2204
2685
3132
3537
3763
3873
3991
4103
4099
4014
3967
3917
3837
3774
3734
3666
3499
3307
3144
2963
2752
2497
2254
2001
1728
1543
1432
1336
1238
1187
1213
1269
1343
1429
1428
1239
947
631
195
-392
-1064
-1807
-2658
-3510
-4215
-4810
-5373
-5850
-6156
-6290
-6267
-6038
-5650
-5217
-4767
-4255
-3667
-3084
-2530
-2014
-1608
-1311
-1048
-760
-472
-223
-2
228
500
812
1192
1616
1995
2331
2654
2965
3214
3380
3489
3454
3247
2955
2617
2180
1644
1096
534
-56
-600
-1055
-1448
-1834
-2164
-2405
-2630
-2832
-2951
-2993
-3056
-3123
-3101
-3023
-2953
-2846
-2613
-2315
-2031
-1666
-1184
-686
-221
291
877
1391
1836
2315
2768
3089
3330
3568
3750
3832
3883
3943
3960
3935
3938
3959
3933
3852
3742
3608
3419
3180
2933
2678
2365
1995
1674
1405
1146
915
779
722
645
638
771
926
1013
1040
1005
832
530
154
-320
-940
-1683
-2473
-3274
-4027
-4665
-5210
-5655
-5967
-6122
-6095
-5878
-5488
-5004
-4477
-3916
-3348
-2792
-2253
-1758
-1374
-1093
-874
-698
-535
-380
-225
-62
127
378
699
1078
1488
1863
2194
2501
2760
2924
3001
2982
2814
2526
2179
1783
1309
791
293
-201
-671
-1051
-1339
-1562
-1740
-1849
-1883
-1911
-1942
-1932
-1910
-1927
-1952
-1926
-1892
-1894
-1868
-1751
-1587
-1406
-1114
-703
-302
102
591
1126
1606
2037
2472
2849
3097
3270
3448
3574
3605
3595
3576
3509
3403
3344
3323
3263
3142
3008
2873
2692
2500
2324
2118
1831
1513
1234
974
739
554
421
308
226
228
321
456
585
681
718
661
523
315
36
-341
-854
-1438
-2049
-2679
-3261
-3786
-4257
-4649
-4940
-5077
-5074
-4944
-4695
-4391
-4047
-3656
-3229
-2803
-2400
-2026
-1729
-1494
-1293
-1109
-945
-814
-684
-526
-328
-94
188
530
878
1210
1545
1865
2151
2388
2547
2623
2613
2509
2326
2085
1777
1418
1060
718
372
47
-228
-469
-703
-881
-990
-1099
-1237
-1343
-1405
-1502
-1616
-1657
-1686
-1763
-1807
-1745
-1617
-1469
-1250
-949
-646
-338
43
470
877
1265
1651
2014
2294
2531
2757
2913
2977
2988
2985
2947
2890
2840
2798
2736
2606
2459
2339
2197
2001
1784
1592
1381
1138
941
813
694
572
518
529
562
641
780
945
1068
1185
1296
1301
1206
1023
725
309
-202
-773
-1419
-2111
-2780
-3392
-3943
-4404
-4738
-4970
-5084
-5079
-4960
-4725
-4422
-4064
-3687
-3297
-2892
-2511
-2166
-1879
-1630
-1426
-1236
-1032
-838
-639
-422
-156
170
527
915
1315
1705
2059
2390
2690
2924
3082
3137
3115
2997
2798
2569
2255
1890
1507
1104
702
314
-15
-318
-591
-816
-990
-1116
-1243
-1355
-1455
-1560
-1656
-1741
-1809
-1872
-1913
-1895
-1817
-1694
-1531
-1313
-1072
-805
-486
-113
280
628
987
1348
1621
1856
2091
2279
2381
2442
2510
2562
2607
2641
2687
2694
2661
2651
2635
2590
2496
2387
2249
2068
1895
1712
1521
1312
1099
913
750
619
526
478
430
391
415
457
475
444
367
223
-36
-363
-732
-1178
-1711
-2272
-2796
-3294
-3750
-4119
-4379
-4574
-4705
-4700
-4572
-4356
-4067
-3701
-3294
-2891
-2476
-2058
-1673
-1363
-1098
-857
-664
-492
-310
-123
33
205
426
663
931
1220
1517
1790
2031
2273
2468
2599
2649
2633
2540
2372
2171
1911
1606
1266
895
553
229
-71
-316
-517
-726
-943
-1094
-1217
-1368
-1524
-1644
-1777
-1936
-2008
-1999
-2005
-2010
-1929
-1769
-1613
-1393
-1064
-724
-424
-98
308
687
1007
1346
1661
1883
2040
2208
2380
2472
2487
2516
2550
2531
2521
2552
2574
2530
2443
2394
2331
2196
2051
1904
1712
1472
1258
1080
874
639
434
285
129
1
-38
-31
-5
49
168
299
376
425
425
343
186
-25
-288
-637
-1053
-1485
-1923
-2353
-2742
-3078
-3386
-3626
-3747
-3756
-3665
-3503
-3273
-3003
-2712
-2371
-2016
-1686
-1398
-1158
-972
-820
-681
-555
-445
-357
-266
-135
30
237
457
692
938
1163
1413
1661
1867
2028
2129
2171
2143
2058
1927
1735
1463
1156
855
549
244
-45
-287
-502
-714
-879
-1003
-1112
-1222
-1317
-1371
-1423
-1479
-1522
-1535
-1545
-1560
-1511
-1417
-1338
-1240
-1072
-859
-639
-382
-64
251
528
822
1135
1415
1644
1840
2009
2117
2176
2231
2293
2312
2272
2224
2170
2087
1990
1913
1848
1736
1599
1500
1418
1311
1204
1109
993
847
708
619
550
473
427
408
398
414
465
543
592
570
529
477
355
176
-19
-255
-571
-938
-1273
-1605
-1961
-2303
-2593
-2847
-3083
-3234
-3288
-3292
-3252
-3144
-2972
-2783
-2572
-2319
-2063
-1830
-1595
-1354
-1132
-934
-753
-564
-387
-241
-76
105
276
465
679
899
1101
1296
1498
1674
1793
1871
1942
1966
1914
1826
1714
1552
1339
1129
914
653
381
143
-90
-328
-530
-699
-852
-1002
-1120
-1200
-1268
-1316
-1342
-1349
-1356
-1362
-1333
-1257
-1162
-1070
-931
-767
-604
-405
-183
59
286
495
731
948
1147
1334
1492
1627
1705
1757
1816
1848
1851
1826
1783
1733
1684
1640
1599
1551
1481
1415
1340
1253
1176
1086
977
855
731
631
537
455
397
351
306
294
315
328
360
404
417
405
393
357
252
107
-51
-253
-504
-766
-1019
-1295
-1582
-1834
-2042
-2233
-2400
-2505
-2564
-2572
-2544
-2470
-2331
-2190
-2060
-1910
-1737
-1567
-1426
-1291
-1150
-1031
-936
-818
-689
-579
-457
-310
-160
-10
163
357
540
702
871
1031
1159
1256
1330
1375
1362
1309
1243
1147
1007
856
706
547
378
216
75
-76
-230
-356
-466
-560
-650
-709
-748
-806
-846
-861
-864
-878
-878
-842
-801
-749
-664
-547
-432
-314
-165
-15
128
280
452
625
768
897
1047
1179
1277
1359
1438
1504
1543
1575
1615
1633
1619
1605
1600
1585
1560
1513
1459
1412
1348
1280
1221
1144
1052
969
902
835
762
691
621
540
465
414
371
329
289
270
266
237
203
173
102
-17
-160
-311
-488
-700
-929
-1159
-1392
-1632
-1847
-2025
-2185
-2337
-2450
-2505
-2527
-2518
-2459
-2362
-2255
-2128
-1965
-1780
-1602
-1431
-1262
-1101
-951
-795
-652
-527
-395
-262
-137
-12
115
243
368
487
597
700
788
859
932
989
1001
995
988
948
882
803
723
630
496
381
269
134
18
-66
-156
-262
-355
-430
-504
-587
-654
-691
-743
-797
-812
-801
-778
-754
-699
-623
-552
-465
-338
-179
-36
106
279
458
627
782
948
1097
1211
1311
1416
1510
1561
1612
1675
1690
1685
1689
1696
1673
1632
1610
1579
1531
1464
1407
1334
1219
1111
1007
893
752
613
497
378
258
148
85
40
-16
-42
-37
-20
-8
9
20
21
5
-24
-66
-153
-267
-396
-542
-711
-894
-1072
-1264
-1438
-1587
-1712
-1804
-1885
-1940
-1975
-1983
-1963
-1927
-1870
-1805
-1727
-1649
-1555
-1446
-1349
-1256
-1155
-1052
-952
-842
-717
-603
-499
-395
-275
-139
-7
120
250
370
482
595
706
792
848
905
944
964
971
958
930
885
812
727
636
532
418
296
179
67
-42
-131
-217
-290
-357
-407
-429
-444
-432
-406
-370
-325
-271
-206
-147
-74
-8
45
116
182
236
289
358
428
500
568
636
711
763
811
876
919
944
966
990
997
991
1002
1003
993
969
940
927
897
860
838
810
775
738
706
685
657
629
599
565
523
475
440
400
343
286
228
176
122
77
31
-33
-109
-192
-284
-380
-483
-592
-713
-851
-981
-1112
-1241
-1354
-1461
-1556
-1650
-1703
-1721
-1739
-1737
-1702
-1651
-1597
-1520
-1416
-1310
-1210
-1085
-946
-832
-727
-600
-472
-370
-280
-179
-83
0
85
162
244
305
358
436
488
510
554
604
638
653
674
689
681
657
638
622
568
492
437
372
298
224
158
100
26
-41
-84
-123
-160
-190
-207
-221
-240
-237
-215
-194
-181
-166
-141
-110
-87
-63
-33
-12
15
47
78
123
177
237
290
340
393
459
534
594
660
720
767
815
855
892
922
935
940
926
918
900
874
857
819
785
747
698
661
619
576
528
480
444
393
347
321
282
227
179
137
78
23
-21
-61
-102
-161
-222
-272
-329
-382
-444
-511
-572
-640
-696
-756
-822
-884
-947
-1002
-1054
-1097
-1129
-1165
-1186
-1198
-1192
-1181
-1164
-1133
-1100
-1059
-1023
-975
-901
-844
-789
-713
-637
-556
-479
-388
-294
-202
-114
-26
63
138
208
278
332
377
423
454
473
481
486
496
489
480
481
463
425
398
378
341
296
237
178
125
60
10
-23
-77
-136
-174
-194
-214
-227
-205
-186
-170
-142
-99
-42
1
51
116
157
186
230
275
305
336
368
396
430
462
509
555
590
641
697
749
789
826
875
891
887
894
880
855
817
770
725
663
600
544
494
447
388
333
293
242
181
135
94
43
2
-27
-70
-105
-132
-171
-194
-216
-237
-258
-284
-304
-323
-347
-371
-386
-399
-414
-427
-439
-461
-489
-517
-564
-617
-661
-696
-736
-780
-817
-849
-883
-902
-903
-909
-911
-904
-885
-850
-799
-744
-680
-616
-567
-501
-430
-365
-301
-254
-191
-130
-81
-29
20
57
80
115
141
160
185
200
204
208
210
204
202
197
197
202
191
188
193
188
186
186
194
210
225
250
277
298
332
366
398
432
455
477
513
540
552
560
558
557
553
541
528
509
483
461
439
412
390
379
359
336
325
307
291
280
265
250
240
224
212
207
197
181
170
150
134
134
122
110
110
101
89
80
63
38
19
1
-25
-49
-68
-86
-104
-119
-135
-141
-154
-176
-193
-216
-239
-266
-294
-330
-378
-411
-446
-490
-535
-571
-599
-634
-661
-681
-695
-701
-708
-696
-679
-664
-634
-604
-576
-541
-511
-486
-457
-438
-403
-367
-342
-309
-268
-221
-187
-148
-101
-55
-5
31
76
113
134
167
189
207
217
218
221
207
202
208
192
182
177
177
183
182
198
214
227
245
264
283
292
300
320
334
339
353
374
394
403
410
428
436
434
443
448
448
437
439
445
438
434
424
412
395
377
366
346
313
287
268
249
221
194
170
137
108
85
54
26
-1
-32
-66
-104
-145
-171
-190
-220
-244
-259
-272
-272
-261
-251
-239
-224
-213
-195
-177
-155
-138
-138
-123
-110
-106
-107
-115
-121
-136
-150
-165
-179
-196
-211
-218
-236
-248
-253
-254
-242
-248
-253
-252
-250
-242
-249
-254
-266
-280
-286
-289
-300
-310
-313
-323
-328
-336
-333
-325
-323
-311
-303
-279
-258
-248
-218
-199
-183
-157
-129
-97
-66
-41
-8
35
68
91
123
154
171
195
228
253
273
290
306
331
352
370
391
395
398
405
407
413
413
404
398
380
366
364
360
350
332
326
316
303
296
286
281
272
254
250
244
225
213
186
158
134
103
86
60
27
2
-29
-44
-51
-78
-96
-110
-127
-133
-146
-160
-163
-167
-166
-170
-173
-176
-181
-170
-163
-152
-139
-121
-96
-81
-56
-36
-28
-11
-6
-3
-3
-15
-24
-41
-62
-78
-99
-115
-134
-161
-170
-185
-206
-207
-208
-214
-218
-218
-220
-229
-228
-223
-218
-212
-218
-221
-219
-222
-215
-206
-198
-181
-164
-149
-128
-106
-81
-56
-37
-17
4
19
23
38
47
40
36
34
44
47
46
54
58
59
66
79
91
105
112
117
133
145
160
169
175
182
196
208
202
215
233
241
246
245
249
253
250
245
245
238
224
215
210
205
200
190
185
176
151
137
129
110
90
65
41
24
7
-17
-38
-56
-78
-96
-114
-128
-131
-138
-145
-148
-147
-134
-126
-116
-97
-87
-71
-58
-54
-39
-26
-18
-18
-23
-19
-24
-36
-39
-35
-42
-62
-68
-80
-101
-110
-118
-120
-131
-139
-137
-141
-146
-155
-167
-171
-176
-182
-181
-182
-195
-204
-204
-212
-208
-198
-186
-180
-169
-144
-124
-102
-84
-65
-37
-17
-1
30
49
53
64
82
92
96
95
91
95
93
96
104
104
107
110
121
126
121
121
119
116
115
119
126
124
121
122
118
114
121
121
121
117
105
108
106
89
86
86
81
79
80
78
78
67
56
53
47
40
36
35
36
42
50
53
55
65
72
72
82
93
95
101
100
102
105
98
94
92
87
80
65
50
40
25
16
5
-11
-20
-36
-49
-61
-78
-82
-97
-118
-115
-119
-129
-128
-137
-149
-150
-155
-152
-149
-158
-162
-167
-172
-173
-177
-173
-179
-193
-190
-190
-193
-199
-197
-183
-179
-164
-155
-155
-138
-125
-106
-89
-77
-64
-61
-53
-44
-34
-22
-21
-27
-16
3
8
15
29
36
52
76
89
107
120
122
130
132
136
141
140
144
139
134
130
115
103
99
85
75
74
64
58
54
54
55
47
52
50
34
29
21
17
24
19
5
7
11
15
28
29
30
42
49
60
64
63
60
56
57
57
59
63
57
55
53
47
48
48
47
52
55
55
56
52
50
45
37
30
19
10
-6
-15
-24
-29
-33
-43
-51
-55
-52
-51
-43
-43
-47
-38
-38
-45
-40
-43
-56
-61
-64
-68
-79
-93
-108
-115
-122
-128
-124
-131
-139
-146
-148
-144
-162
-161
-154
-157
-153
-147
-144
-136
-124
-113
-95
-75
-59
-40
-23
-12
5
31
52
65
81
107
130
145
162
176
180
181
194
198
189
184
173
172
170
149
137
121
103
86
71
56
30
15
-2
-24
-29
-40
-53
-50
-55
-64
-57
-50
-45
-39
-33
-34
-28
-18
-15
-2
15
26
33
37
41
46
46
48
50
52
55
48
45
41
40
38
33
27
24
28
28
26
27
31
26
22
29
30
34
32
22
14
7
1
-10
-26
-41
-51
-61
-68
-80
-95
-96
-102
-118
-120
-126
-124
-122
-119
-112
-103
-93
-91
-84
-75
-68
-64
-63
-65
-62
-56
-56
-52
-54
-49
-42
-38
-34
-28
-17
-15
-9
5
10
23
30
32
36
38
40
39
40
37
19
16
13
9
18
22
23
26
35
38
39
43
44
51
61
64
59
59
61
62
68
70
71
70
69
67
60
58
48
42
48
51
52
47
34
26
21
23
19
9
7
7
0
-5
-8
-14
-7
-6
-9
-5
-5
0
2
-7
-15
-23
-27
-30
-38
-41
-40
-35
-40
-36
-27
-34
-33
-34
-42
-35
-27
-35
-29
-28
-33
-25
-27
-32
-33
-30
-30
-31
-27
-23
-17
-9
3
14
21
22
27
27
22
23
18
14
11
5
6
14
6
4
12
0
1
4
0
6
3
4
10
13
14
15
12
0
-4
-7
-17
-15
-14
-18
-18
-26
-20
-4
-4
-6
-3
-3
-2
-12
-14
-7
-10
-4
-4
-7
-2
1
1
1
3
7
10
19
20
19
31
25
23
32
28
26
24
23
21
16
15
9
-1
-5
-22
-39
-36
-40
-41
-37
-45
-44
-39
-45
-49
-52
-56
-53
-45
-36
-27
-25
-30
-26
-10
-3
4
6
-3
9
14
7
10
8
6
13
14
11
7
-1
-12
-12
-11
-15
-15
-13
-11
-6
0
6
6
-1
-3
-2
1
2
0
10
17
20
21
25
30
33
31
17
14
21
26
32
23
15
23
27
35
42
39
34
34
46
51
54
46
39
50
53
60
60
50
38
20
18
23
22
8
-12
-15
-15
-11
-11
-24
-32
-32
-30
-27
-28
-33
-44
-46
-43
-46
-47
-50
-57
-55
-45
-41
-31
-22
-29
-28
-18
-15
-7
2
7
15
22
23
33
33
28
23
18
23
33
33
26
19
8
-1
-14
-14
-15
-25
-38
-51
-44
-39
-49
-62
-60
-52
-49
-31
-23
-25
-21
-32
-28
-18
-19
-16
-20
-15
-6
2
0
-15
-20
-17
-13
-9
1
6
8
13
18
21
27
34
28
28
24
14
18
17
11
13
8
4
9
9
13
23
25
30
34
31
31
30
30
32
29
27
31
26
16
8
3
6
2
-4
-12
-15
-11
-14
-11
-9
-20
-18
-21
-32
-28
-25
-35
-38
-46
-44
-27
-30
-21
-12
-10
1
3
14
18
19
32
38
46
59
63
62
54
49
49
54
57
55
59
48
39
47
47
42
36
33
27
19
15
7
-4
-17
-33
-39
-39
-40
-39
-52
-59
-58
-64
-64
-66
-65
-64
-65
-56
-52
-47
-54
-63
-51
-46
-45
-42
-52
-56
-49
-50
-46
-37
-36
-33
-27
-19
-11
-9
-11
-6
5
10
7
7
13
9
8
13
13
27
30
27
36
40
40
46
46
49
54
53
57
67
73
67
60
60
55
47
37
36
27
21
27
18
18
18
-1
-1
-1
-11
-9
-16
-20
