11
5
-1
5
3
2
1
0
0
-4
-1
4
10
13
6
9
13
7
6
0
0
2
0
2
-6
-5
-7
-17
-15
-17
-17
-13
-7
0
-8
-12
-4
-7
-8
-4
-6
-3
-2
4
2
0
-3
-9
-6
-10
-10
-10
-14
-9
-14
-7
-7
-17
-6
-11
-9
-5
-7
-5
-2
6
3
5
10
9
9
13
9
0
5
-6
-6
8
7
10
11
4
4
5
6
4
2
4
0
-4
5
4
0
6
12
7
4
0
-3
-2
-2
-4
-6
-9
-8
1
0
-2
-6
-10
-4
-4
-10
-8
-4
-10
-4
-4
-8
-7
-11
-9
-7
-11
-12
-14
-13
-9
-10
-13
-15
-6
-10
-15
-11
-17
-16
-12
-10
-9
-7
-2
-2
3
-2
-6
-3
-3
3
6
4
7
10
9
4
5
7
7
8
5
2
2
8
13
5
3
7
2
3
4
4
5
0
6
5
1
8
6
7
11
10
10
9
8
9
5
-2
-2
1
5
7
4
-6
-9
-7
-8
-3
-4
-4
-10
-6
0
-1
0
-4
-2
3
7
11
9
11
7
-5
-3
4
4
2
-4
-2
2
-6
-9
-9
-10
-10
-12
-14
-14
-16
-17
-15
-14
-18
-14
-5
-11
-14
-10
-11
-5
-7
-8
-11
-14
-5
-7
-10
-7
-11
-8
-7
-13
-13
-16
-16
-10
-7
-2
-9
-12
-4
-4
-7
-7
4
5
-3
1
-1
3
4
6
9
2
5
1
-2
7
7
6
1
-2
5
4
4
6
-4
-2
6
5
-2
-7
0
4
-2
-6
-8
-9
-8
-6
-1
3
5
3
1
3
5
-2
3
10
3
4
0
1
7
8
8
1
1
3
-1
6
8
-7
-7
1
-5
-2
0
-4
-6
-4
-2
-11
-10
-9
-16
-10
-3
-1
-1
-3
-1
7
9
7
6
7
8
8
8
11
14
14
10
11
4
-2
5
5
4
3
-1
7
9
6
6
3
-2
3
5
-2
-1
3
4
9
11
7
2
-1
-1
5
6
6
4
-2
5
5
2
5
8
2
1
8
6
4
9
4
6
6
4
10
12
6
3
0
3
10
3
1
9
6
6
12
11
2
1
-6
-10
-10
-17
-16
-19
-20
-19
-17
-12
-21
-24
-17
-11
-11
-9
-8
-14
-12
-11
-13
-13
-13
-13
-14
-6
-3
-9
-14
-17
-13
-10
-14
-9
-12
-16
-15
-18
-18
-17
-12
-5
-9
-8
-7
-11
-9
-6
-2
6
10
10
7
3
4
8
7
0
-1
5
-1
-3
7
6
7
18
23
28
40
53
51
47
52
59
62
57
52
54
54
41
36
32
22
23
22
23
32
35
35
28
24
34
25
14
11
10
13
9
8
0
-5
3
0
-3
-3
-15
-17
-5
-7
-16
-18
-20
-18
-19
-27
-31
-28
-21
-29
-34
-31
-41
-39
-35
-43
-37
-40
-47
-35
-22
-12
-8
-4
10
17
29
37
28
25
24
21
18
13
16
2
-5
3
-7
-11
-19
-33
-33
-25
-14
-8
-13
-9
-2
2
11
16
10
0
-1
-2
-10
-5
1
-11
-10
2
17
29
37
42
46
53
50
53
56
45
39
28
30
38
36
29
24
20
21
22
17
10
-6
-12
-17
-17
-11
-19
-24
-22
-18
-10
2
9
3
0
4
7
1
-8
-13
-25
-29
-22
-29
-31
-40
-58
-63
-57
-54
-51
-56
-77
-84
-81
-76
-76
-75
-82
-91
-84
-78
-68
-67
-81
-77
-63
-44
-27
-21
-16
-19
-24
-9
3
8
7
-9
-12
8
13
11
10
-6
-16
-10
9
24
18
8
9
11
33
50
47
39
21
23
35
39
35
7
-15
-19
-12
-4
1
2
1
9
31
63
80
81
73
60
67
83
103
90
63
49
47
64
78
73
52
35
37
49
67
77
48
15
13
32
63
83
89
69
59
85
117
113
46
-86
-269
-434
-577
-761
-1006
-1270
-1480
-1625
-1657
-1577
-1484
-1392
-1186
-831
-454
-76
339
690
934
1178
1469
1709
1826
1871
1892
1875
1900
2014
2078
2071
2090
2156
2258
2413
2588
2657
2632
2629
2602
2473
2255
1948
1413
630
-134
-815
-1615
-2508
-3332
-4061
-4666
-5036
-5142
-5121
-5055
-4843
-4438
-3923
-3323
-2705
-2214
-1804
-1348
-902
-485
-33
387
677
964
1435
1991
2440
2803
3157
3425
3569
3687
3761
3583
3161
2649
2082
1485
866
196
-517
-1202
-1756
-2155
-2427
-2579
-2689
-2808
-2818
-2634
-2406
-2257
-2124
-1993
-1893
-1760
-1515
-1212
-965
-741
-412
46
577
1132
1666
2132
2530
2895
3218
3456
3509
3333
3011
2651
2268
1787
1210
574
-115
-775
-1311
-1764
-2191
-2631
-3020
-3257
-3337
-3307
-3232
-3099
-2881
-2590
-2212
-1710
-1144
-653
-195
343
917
1459
1987
2501
2938
3271
3606
3960
4194
4294
4341
4305
4191
4074
3937
3744
3538
3327
3089
2885
2724
2484
2112
1674
1172
446
-469
-1358
-2292
-3393
-4498
-5435
-6204
-6838
-7221
-7291
-7142
-6828
-6268
-5479
-4586
-3652
-2742
-1887
-1081
-347
272
800
1306
1701
1983
2296
2710
3115
3392
3671
4001
4233
4328
4363
4292
3994
3507
2908
2218
1432
545
-376
-1257
-2065
-2774
-3351
-3753
-3963
-4094
-4137
-3967
-3667
-3387
-3101
-2730
-2368
-2083
-1781
-1427
-1070
-733
-361
62
476
927
1425
1868
2265
2615
2764
2753
2742
2593
2216
1730
1231
668
43
-433
-766
-1151
-1497
-1611
-1594
-1568
-1370
-1033
-801
-619
-282
184
606
979
1351
1639
1893
2288
2748
3050
3291
3575
3809
4071
4479
4854
5019
5101
5190
5171
4985
4725
4253
3231
1939
818
-345
-1775
-3270
-4666
-5970
-7044
-7695
-8019
-8208
-8233
-7985
-7516
-6845
-5950
-5105
-4452
-3785
-3096
-2466
-1765
-966
-357
26
581
1466
2364
3082
3803
4524
5060
5516
5976
6236
6166
5816
5224
4478
3723
2909
1878
725
-341
-1275
-2106
-2710
-3103
-3584
-4063
-4212
-4146
-4092
-4005
-3857
-3777
-3758
-3605
-3333
-3124
-2952
-2751
-2590
-2351
-1836
-1261
-822
-302
372
986
1561
2266
2926
3258
3403
3601
3673
3486
3243
2931
2377
1813
1451
1110
756
601
642
708
881
1303
1772
2118
2511
2930
3149
3248
3410
3515
3416
3319
3371
3377
3317
3350
3394
3316
3187
2913
2289
1476
666
-309
-1608
-3002
-4265
-5438
-6508
-7312
-7829
-8166
-8251
-8002
-7536
-6878
-6011
-5109
-4288
-3452
-2579
-1766
-1054
-425
73
430
859
1449
1954
2322
2780
3324
3818
4278
4721
5039
5162
5074
4818
4455
3975
3289
2346
1323
406
-470
-1371
-2139
-2757
-3337
-3747
-3841
-3768
-3710
-3621
-3418
-3188
-3022
-2876
-2820
-2952
-3117
-3239
-3352
-3328
-3131
-2908
-2597
-1933
-975
-31
889
1921
2879
3540
4062
4542
4662
4366
3963
3507
2904
2271
1782
1408
1122
1066
1286
1636
2099
2708
3292
3751
4169
4502
4570
4481
4416
4221
3825
3460
3253
3043
2790
2648
2529
2164
1587
1026
385
-520
-1616
-2844
-4172
-5433
-6484
-7359
-8130
-8676
-8916
-8886
-8550
-7843
-6917
-6004
-5052
-3975
-2880
-1811
-766
112
730
1229
1775
2339
2781
3135
3462
3715
4004
4381
4708
4916
5030
4987
4742
4410
4047
3511
2672
1651
645
-347
-1310
-2178
-2985
-3728
-4278
-4591
-4730
-4710
-4565
-4421
-4363
-4293
-4154
-4057
-4024
-4006
-4029
-4053
-3851
-3336
-2720
-2068
-1230
-214
859
1955
3073
4059
4749
5214
5490
5497
5318
5033
4505
3751
3046
2577
2288
2084
1999
2067
2271
2648
3196
3707
4038
4230
4277
4201
4129
4061
3874
3541
3195
2986
2946
2998
3003
2687
1955
1201
587
-196
-1339
-2778
-4276
-5675
-6854
-7715
-8357
-8926
-9383
-9493
-9160
-8438
-7442
-6494
-5650
-4742
-3720
-2572
-1433
-524
29
355
812
1495
2120
2511
2825
3186
3570
4050
4656
5188
5429
5406
5269
5063
4767
4295
3484
2269
970
-104
-1051
-1958
-2830
-3672
-4346
-4658
-4583
-4422
-4409
-4413
-4357
-4379
-4440
-4418
-4485
-4795
-5064
-5037
-4769
-4272
-3504
-2581
-1611
-384
1206
2790
4071
5168
6068
6565
6785
6891
6688
6032
5179
4424
3755
3187
2874
2701
2519
2563
3003
3577
4067
4473
4702
4690
4635
4658
4561
4203
3752
3335
2937
2722
2750
2597
1920
1045
348
-333
-1218
-2327
-3675
-5164
-6492
-7457
-8183
-8817
-9320
-9679
-9837
-9562
-8755
-7750
-6866
-6044
-5188
-4182
-2936
-1628
-616
-42
463
1195
2003
2707
3276
3705
3998
4279
4668
5136
5530
5634
5392
5005
4704
4472
4020
3215
2195
1128
163
-625
-1346
-2175
-3045
-3754
-4212
-4477
-4696
-4930
-5174
-5440
-5703
-5865
-5890
-5854
-5858
-5796
-5397
-4629
-3653
-2538
-1282
36
1393
2829
4214
5354
6151
6636
6828
6772
6605
6276
5655
4895
4250
3767
3429
3286
3275
3279
3367
3672
4084
4366
4456
4383
4111
3791
3586
3337
2958
2604
2367
2317
2522
2857
2871
2308
1607
1047
287
-871
-2309
-3943
-5725
-7336
-8499
-9341
-10031
-10576
-10873
-10757
-10082
-8918
-7663
-6551
-5491
-4450
-3298
-1906
-628
92
479
994
1640
2241
2825
3428
3857
4107
4503
5100
5696
6164
6291
5969
5509
5187
4789
4049
3019
1787
439
-766
-1633
-2433
-3408
-4258
-4862
-5485
-6016
-6166
-6215
-6539
-6929
-7135
-7213
-7123
-6731
-6179
-5682
-4994
-3825
-2458
-1036
617
2273
3642
4852
6056
7081
7678
7872
7768
7363
6786
6275
5757
5115
4567
4204
3969
3915
4039
4260
4454
4529
4528
4461
4280
4053
3792
3409
3008
2743
2638
2677
2838
3155
3470
3251
2523
1814
1038
-88
-1601
-3430
-5363
-7183
-8605
-9563
-10367
-11006
-11239
-11104
-10636
-9656
-8318
-7069
-5951
-4893
-3921
-2898
-1821
-933
-525
-385
34
683
1225
1796
2481
3072
3646
4389
5229
5958
6457
6647
6441
5967
5511
4915
3864
2523
1162
-145
-1269
-2112
-2860
-3584
-4107
-4363
-4459
-4555
-4638
-4761
-5120
-5602
-6006
-6370
-6733
-6985
-7018
-6760
-6104
-5019
-3644
-2088
-321
1615
3497
5139
6556
7695
8355
8468
8200
7725
6999
6037
5079
4259
3582
3162
3087
3228
3497
3992
4669
5227
5523
5690
5688
5410
5020
4567
3930
3262
2806
2528
2403
2593
2892
2661
1934
1338
823
-71
-1347
-2884
-4719
-6596
-8037
-9055
-10007
-10837
-11297
-11449
-11288
-10488
-9161
-7857
-6679
-5526
-4428
-3227
-1895
-776
-137
247
717
1234
1714
2293
2884
3273
3665
4232
4826
5469
6068
6256
5991
5642
5349
4875
4067
2998
1713
327
-814
-1681
-2569
-3412
-4053
-4684
-5248
-5388
-5333
-5522
-5898
-6302
-6764
-7159
-7145
-6865
-6742
-6489
-5637
-4420
-3038
-1217
802
2506
4005
5534
6942
7943
8500
8640
8251
7573
7006
6435
5692
5006
4463
4023
3929
4277
4755
5121
5425
5693
5803
5785
5739
5486
4871
4116
3487
3060
2817
2750
2837
2884
2526
1779
1082
438
-517
-1915
-3650
-5471
-7211
-8617
-9560
-10394
-11199
-11656
-11700
-11363
-10541
-9299
-7979
-6795
-5651
-4460
-3214
-1954
-858
-180
194
681
1303
1853
2396
2956
3424
3902
4517
5171
5752
6222
6444
6225
5746
5351
4842
3900
2692
1398
38
-1196
-2147
-2943
-3717
-4381
-4880
-5311
-5598
-5618
-5727
-6155
-6629
-7026
-7422
-7627
-7413
-7015
-6614
-5855
-4520
-2886
-1113
909
2963
4673
6134
7514
8541
9010
9044
8722
8044
7220
6494
5819
5118
4565
4295
4240
4421
4897
5432
5776
5939
5977
5893
5699
5365
4784
3969
3245
2779
2462
2354
2502
2521
1962
1127
472
-254
-1331
-2725
-4397
-6244
-7937
-9096
-9865
-10611
-11205
-11471
-11450
-11030
-10032
-8700
-7434
-6269
-5162
-4059
-2818
-1477
-392
171
558
1134
1743
2348
3051
3634
3993
4391
4949
5506
5978
6361
6406
5906
5317
4943
4323
3253
2052
783
-563
-1705
-2506
-3185
-3892
-4443
-4834
-5298
-5593
-5558
-5713
-6245
-6737
-7077
-7386
-7451
-7076
-6552
-6064
-5121
-3527
-1794
-39
1968
3917
5390
6588
7720
8461
8604
8359
7866
7071
6235
5659
5126
4509
4087
4012
4198
4595
5187
5722
5987
6100
6094
5918
5640
5224
4522
3663
3017
2702
2556
2590
2761
2572
1812
1071
528
-320
-1598
-3174
-4988
-6887
-8518
-9592
-10450
-11323
-11840
-11991
-11875
-11157
-9868
-8479
-7233
-6073
-4886
-3650
-2342
-997
-64
320
748
1375
1953
2594
3255
3730
4131
4646
5310
5949
6458
6806
6667
6063
5581
5139
4267
3090
1783
331
-1093
-2210
-3037
-3864
-4656
-5204
-5734
-6325
-6518
-6483
-6825
-7293
-7551
-7764
-7884
-7571
-6851
-6202
-5491
-4100
-2325
-634
1244
3314
5085
6434
7633
8601
9015
9023
8821
8249
7454
6807
6261
5655
5114
4853
4846
5002
5394
5815
5975
6049
6072
5835
5506
5181
4603
3809
3117
2698
2464
2388
2530
2378
1497
561
-63
-951
-2200
-3639
-5405
-7339
-8968
-9965
-10665
-11426
-11811
-11815
-11772
-11197
-9887
-8444
-7215
-6095
-4993
-3877
-2669
-1331
-252
248
679
1356
1986
2690
3542
4168
4593
5082
5657
6229
6686
7001
6892
6185
5502
5009
4166
3010
1746
343
-1037
-2177
-3020
-3762
-4488
-4994
-5493
-6196
-6589
-6598
-6869
-7361
-7696
-7962
-8163
-7962
-7171
-6294
-5578
-4322
-2520
-782
1048
3153
5087
6463
7537
8537
9095
9131
8982
8559
7734
6952
6451
5927
5343
4994
4923
4980
5232
5671
5967
5988
5918
5739
5371
5000
4533
3747
2934
2427
2180
2076
2237
2407
1826
793
136
-539
-1671
-3054
-4651
-6559
-8523
-9791
-10410
-11149
-11733
-11817
-11773
-11401
-10254
-8671
-7313
-6205
-5038
-3915
-2861
-1574
-330
264
541
1085
1649
2202
3024
3782
4179
4499
5088
5788
6309
6782
6937
6360
5679
5270
4598
3577
2405
1041
-435
-1689
-2517
-3253
-4037
-4574
-5239
-6200
-6584
-6518
-6898
-7453
-7785
-8137
-8505
-8222
-7144
-6404
-5968
-4602
-2780
-1258
608
2921
4719
5749
6867
8114
8654
8737
8871
8511
7593
7016
6872
6522
5997
5730
5696
5739
6050
6564
6806
6790
6686
6332
6003
5790
5255
4454
3724
3226
2879
2696
2805
2388
1059
-54
-894
-2139
-3527
-4989
-6746
-8743
-10328
-10996
-11506
-12103
-12190
-12101
-11992
-11154
-9611
-8135
-6961
-5840
-4748
-3670
-2408
-1015
-18
441
981
1661
2294
3248
4234
4777
5167
5648
6228
6773
7207
7407
6975
6139
5439
4750
3871
2791
1437
-80
-1406
-2368
-3184
-3941
-4608
-5542
-6677
-7333
-7591
-8013
-8495
-8808
-9116
-9360
-8882
-7652
-6622
-5715
-4180
-2401
-721
1310
3614
5371
6379
7377
8406
8867
9008
9116
8763
7981
7458
7364
7170
6799
6629
6551
6524
6751
7004
7073
6930
6524
5960
5413
4965
4403
3609
2907
2460
2171
2166
2304
1767
582
-378
-1322
-2646
-4079
-5585
-7309
-9288
-10787
-11371
-11919
-12354
-12225
-12067
-11721
-10675
-9068
-7473
-6297
-5217
-4096
-3097
-1892
-617
111
468
909
1407
1984
2861
3793
4359
4705
5239
5970
6616
7133
7338
6861
6067
5428
4775
3867
2694
1382
-74
-1462
-2382
-3072
-3778
-4506
-5466
-6334
-6797
-7084
-7299
-7605
-7993
-8317
-8462
-7913
-6899
-6114
-5163
-3793
-2348
-733
1255
3362
4952
5964
6947
7815
8285
8658
8814
8340
7644
7282
7150
6934
6706
6636
6546
6493
6738
7075
7213
7121
6794
6321
5851
5405
4900
4265
3631
3189
2928
2900
2806
1927
643
-402
-1672
-3194
-4737
-6430
-8234
-10169
-11500
-12033
-12611
-12857
-12674
-12555
-12046
-10928
-9359
-7812
-6729
-5698
-4572
-3472
-2189
-999
-224
358
929
1553
2369
3396
4326
4974
5526
6157
6880
7506
7959
8042
7472
6682
6036
5306
4300
2986
1583
159
-1231
-2232
-2936
-3721
-4816
-6009
-6807
-7409
-7973
-8314
-8714
-9318
-9744
-9463
-8583
-7782
-6910
-5597
-4192
-2700
-674
1674
3558
4851
6102
7252
7961
8500
8983
8929
8300
7765
7638
7522
7281
7183
7136
7009
7096
7389
7621
7691
7398
6909
6479
5980
5401
4725
4056
3506
2932
2673
2764
2221
950
-173
-1235
-2656
-4182
-5694
-7430
-9505
-11217
-11958
-12554
-13183
-13167
-12965
-12736
-11922
-10459
-8758
-7407
-6249
-4999
-3912
-2681
-1249
-258
326
890
1467
2105
2985
4025
4765
5216
5842
6611
7229
7772
8209
8008
7292
6670
6069
5244
4069
2689
1258
-291
-1546
-2416
-3249
-4146
-5361
-6529
-7193
-7720
-8180
-8576
-9006
-9420
-9629
-9016
-7906
-7093
-6105
-4646
-3146
-1594
438
2803
4499
5499
6668
7789
8379
8775
9114
8883
8138
7702
7693
7510
7100
6922
6921
6809
6848
7117
7300
7198
6743
6276
5976
5510
4915
4312
3704
3224
2882
2853
2776
1767
397
-599
-1821
-3351
-4847
-6414
-8220
-10216
-11508
-11957
-12538
-12914
-12831
-12770
-12364
-11304
-9767
-8281
-7231
-6173
-5012
-3888
-2537
-1274
-474
122
706
1349
2138
3125
4055
4609
5063
5753
6512
7140
7664
7873
7490
6855
6365
5891
5037
3794
2541
1202
-245
-1336
-2141
-3095
-4473
-5914
-6702
-7336
-8154
-8557
-8881
-9432
-9757
-9332
-8236
-7480
-6783
-5304
-3847
-2588
-741
1520
3318
4308
5370
6738
7514
7984
8595
8708
8207
7801
7949
8143
7862
7660
7749
7683
7584
7713
7950
7940
7417
6821
6508
6091
5510
4990
4459
3908
3492
3446
3531
2782
1317
175
-1032
-2711
-4356
-6056
-7949
-10068
-11813
-12526
-13134
-13710
-13644
-13542
-13307
-12416
-10902
-9134
-7820
-6753
-5531
-4380
-3075
-1672
-664
-5
572
1212
1996
2983
4012
4776
5312
5944
6758
7503
8164
8642
8472
7848
7333
6868
6053
4800
3452
2008
361
-998
-1968
-3033
-4457
-5908
-6924
-7762
-8535
-8893
-9191
-9770
-10156
-9792
-8875
-8092
-7265
-5967
-4651
-3369
-1544
665
2536
3860
5135
6501
7455
8178
8981
9281
8963
8643
8656
8813
8644
8315
8212
8057
7857
7832
7872
7823
7386
6709
6302
5933
5308
4703
4198
3577
2973
2801
2948
2535
1170
-154
-1197
-2704
-4310
-5839
-7661
-9687
-11535
-12493
-12943
-13532
-13642
-13455
-13264
-12514
-11197
-9520
-7972
-6841
-5709
-4547
-3276
-1892
-881
-212
370
913
1544
2415
3440
4225
4756
5359
6146
6959
7633
8194
8291
7775
7247
6805
6176
5161
3797
2420
939
-506
-1542
-2552
-3886
-5364
-6556
-7341
-8046
-8578
-8854
-9257
-9661
-9480
-8658
-7771
-6983
-5874
-4563
-3339
-1771
283
2172
3497
4632
5937
7007
7706
8445
8887
8722
8440
8417
8595
8543
8230
8099
7977
7777
7738
7727
7716
7439
6762
6270
5965
5451
4839
4282
3793
3320
3016
3223
3335
2358
954
-39
-1225
-2776
-4402
-6139
-8093
-10322
-11839
-12389
-13082
-13628
-13669
-13577
-13097
-12125
-10546
-8780
-7604
-6548
-5300
-4045
-2621
-1386
-633
-107
364
941
1726
2675
3594
4249
4773
5539
6510
7312
8000
8480
8308
7764
7333
6985
6264
4964
3547
2096
545
-752
-1847
-3112
-4733
-6253
-7305
-8199
-8817
-9158
-9586
-9947
-9984
-9391
-8440
-7576
-6407
-5140
-4039
-2573
-723
1143
2639
3751
4937
6011
6746
7569
8278
8417
8274
8276
8566
8819
8703
8599
8605
8414
8289
8317
8253
7961
7273
6569
6141
5552
4801
4160
3499
2896
2531
2582
2925
2562
1378
350
-613
-1928
-3444
-5188
-7163
-9448
-11561
-12601
-13231
-14022
-14358
-14340
-14056
-13236
-11833
-9908
-8191
-6980
-5686
-4267
-2824
-1387
-381
163
570
955
1479
2290
3166
3815
4280
4894
5856
6806
7577
8370
8671
8256
7835
7575
7067
5966
4434
2930
1252
-489
-1789
-3037
-4650
-6290
-7544
-8405
-9019
-9318
-9384
-9539
-9605
-9049
-8004
-7006
-5967
-4719
-3486
-2249
-712
1127
2707
3777
4853
6001
6854
7565
8327
8828
8813
8672
8880
9198
9158
8868
8686
8496
8160
7913
7743
7421
6777
5975
5463
5077
4444
3816
3376
2949
2584
2626
3116
3291
2454
1300
499
-641
-2267
-3944
-5891
-8194
-10583
-12225
-12914
-13696
-14353
-14364
-14203
-13625
-12375
-10609
-8705
-7358
-6245
-4890
-3542
-2229
-1194
-664
-332
-18
345
971
1851
2618
3164
3800
4759
5898
6901
7827
8514
8432
8021
7864
7560
6663
5258
3747
2134
366
-1110
-2353
-3863
-5539
-6885
-7828
-8555
-8924
-8997
-9185
-9389
-9129
-8362
-7540
-6748
-5709
-4649
-3673
-2307
-536
1074
2269
3418
4714
5822
6724
7695
8493
8740
8757
8995
9349
9445
9208
8923
8652
8295
8034
7922
7722
7228
6552
6032
5694
5361
4876
4329
3883
3431
3294
3635
3948
3707
2573
1317
405
-1015
-2746
-4561
-6794
-9172
-11457
-12781
-13290
-14132
-14644
-14552
-14270
-13439
-12016
-10059
-8269
-7200
-6070
-4685
-3351
-2092
-1175
-668
-373
-8
602
1460
2440
3193
3770
4504
5567
6786
7742
8527
8933
8614
8197
7963
7479
6404
4809
3189
1582
-77
-1476
-2767
-4265
-5870
-7210
-8059
-8575
-8920
-9231
-9492
-9528
-9266
-8635
-7751
-6857
-5991
-5040
-3771
-2135
-451
1134
2602
3861
5070
6305
7411
8345
8922
9116
9240
9422
9645
9676
9357
8994
8668
8335
8138
8019
7773
7231
6600
6140
5774
5330
4720
4190
3670
3135
3096
3342
3410
2838
1537
490
-560
-2189
-3820
-5733
-7998
-10308
-12239
-13038
-13617
-14397
-14516
-14308
-13821
-12705
-11055
-9089
-7622
-6581
-5308
-3996
-2711
-1559
-806
-413
-141
270
903
1818
2680
3214
3816
4678
5806
6915
7782
8546
8648
8206
7966
7661
6952
5688
4088
2530
865
-657
-1877
-3210
-4685
-6175
-7372
-8020
-8433
-8799
-9100
-9294
-9265
-8969
-8280
-7325
-6492
-5678
-4575
-3200
-1628
71
1737
3139
4305
5542
6760
7719
8437
8860
8913
8838
8969
9116
8920
8549
8211
7931
7692
7559
7582
7303
6759
6372
5969
5667
5303
4676
4222
3651
3198
3349
3503
3537
2901
1614
823
-270
-1885
-3381
-5369
-7608
-9872
-11648
-12309
-13104
-13941
-14025
-13955
-13489
-12370
-10733
-8889
-7627
-6545
-5195
-3889
-2562
-1433
-756
-361
-49
377
1038
1941
2694
3128
3672
4541
5646
6663
7543
8275
8288
7935
7811
7549
6881
5576
3984
2526
876
-542
-1686
-3023
-4375
-5933
-7139
-7613
-8181
-8656
-8980
-9321
-9350
-9293
-8690
-7705
-7188
-6458
-5346
-4076
-2464
-808
961
2479
3597
5022
6397
7417
8269
8701
8821
8836
8972
9241
9155
8818
8494
8192
8051
8042
8020
7784
7353
6913
6526
6296
5956
5322
4672
4015
3479
3295
3373
3378
2678
1440
467
-550
-1980
-3510
-5296
-7437
-9661
-11356
-12137
-12810
-13551
-13818
-13799
-13430
-12444
-10906
-9193
-7842
-6734
-5498
-4162
-2774
-1530
-698
-232
137
620
1298
2188
2988
3495
3970
4664
5660
6654
7472
8119
8223
7896
7629
7382
6822
5655
4140
2670
1116
-278
-1342
-2510
-3909
-5331
-6392
-7089
-7724
-8123
-8485
-9076
-9416
-9245
-8782
-8273
-7641
-6756
-5922
-4911
-3231
-1323
276
1706
3255
4714
5901
7117
8204
8688
8645
8628
8807
8843
8774
8626
8219
7787
7533
7533
7628
7464
7152
6740
6320
6091
5785
5387
4829
4012
3364
2993
2904
2923
2609
1933
873
-175
-998
-2205
-3748
-5477
-7393
-9201
-10678
-11401
-11885
-12666
-13051
-12913
-12464
-11591
-10270
-8705
-7531
-6653
-5410
-3997
-2726
-1638
-875
-421
-49
509
1229
1986
2670
3105
3511
4222
5201
6125
6763
7235
7374
7067
6840
6731
6198
5127
3771
2455
1214
-36
-1038
-2014
-3314
-4493
-5442
-6168
-6583
-7133
-7664
-8074
-8482
-8383
-8058
-7639
-6941
-6443
-5737
-4573
-3225
-1545
-27
1295
2726
3976
5222
6379
7151
7616
7672
7621
7756
7888
7882
7688
7438
7175
6999
7047
7177
7235
7033
6745
6555
6303
6099
5796
5207
4510
3863
3523
3421
3417
3416
3081
2346
1465
709
-253
-1716
-3330
-5209
-7263
-9048
-10378
-11193
-12129
-13039
-13284
-13243
-12790
-11748
-10432
-9076
-8015
-6861
-5381
-4033
-2804
-1799
-1157
-644
-132
496
1184
1884
2493
2930
3526
4413
5374
6141
6762
7285
7368
7245
7257
7062
6303
5102
3907
2671
1344
196
-869
-2034
-3369
-4464
-5175
-5996
-6620
-7114
-7750
-8169
-8506
-8421
-8060
-7937
-7378
-6705
-6038
-4809
-3470
-1921
-419
834
2466
3903
5024
6197
7021
7536
7756
7862
8124
8134
7925
7748
7532
7265
7086
7110
7166
7157
7052
6899
6803
6535
6112
5667
5076
4397
3732
3286
3077
2809
2500
2266
1798
964
211
-583
-1820
-3317
-4917
-6478
-8110
-9669
-10594
-11440
-12380
-12740
-12685
-12317
-11591
-10528
-9151
-8006
-6907
-5452
-4126
-2958
-1892
-1098
-480
12
592
1254
1850
2422
2885
3382
4059
4822
5535
6110
6618
6874
6846
6817
6613
6075
5195
4113
3070
1883
660
-396
-1438
-2478
-3583
-4533
-5151
-5761
-6403
-6927
-7267
-7581
-7917
-7813
-7416
-7162
-6779
-5960
-4865
-3848
-2637
-960
520
1689
3034
4434
5506
6192
6883
7441
7428
7317
7357
7214
6887
6590
6503
6405
6227
6298
6444
6478
6451
6316
6112
5794
5378
4928
4400
3799
3205
2759
2482
2357
2319
2265
2044
1460
839
246
-738
-2014
-3477
-5068
-6755
-8403
-9510
-10414
-11434
-12033
-12180
-12042
-11567
-10603
-9249
-8102
-7077
-5795
-4463
-3238
-2157
-1239
-594
-156
372
894
1408
1916
2264
2652
3182
3882
4647
5295
5983
6418
6470
6586
6664
6424
5791
4916
3963
2829
1681
648
-467
-1620
-2678
-3748
-4744
-5350
-5892
-6682
-7277
-7501
-7710
-7991
-7779
-7092
-6818
-6573
-5506
-4256
-3374
-2306
-687
787
1701
2925
4473
5386
5840
6456
7015
7062
6947
7092
7091
6810
6643
6645
6597
6450
6355
6286
6181
6091
5871
5550
5259
4817
4238
3749
3337
2888
2487
2288
2279
2287
2330
2351
1945
1346
817
-102
-1336
-2661
-4172
-5862
-7550
-8717
-9645
-10832
-11556
-11691
-11769
-11541
-10700
-9460
-8390
-7456
-6115
-4726
-3669
-2553
-1484
-889
-529
-42
488
911
1294
1725
2088
2459
3181
4011
4640
5354
5990
6252
6441
6703
6762
6295
5518
4752
3727
2538
1548
533
-728
-1996
-3042
-3989
-4798
-5311
-5882
-6574
-6940
-7031
-7158
-7152
-6720
-6300
-6190
-5563
-4319
-3402
-2634
-1291
194
1154
2088
3576
4797
5189
5686
6478
6710
6586
6767
6939
6641
6261
6253
6241
5928
5711
5654
5451
5281
5189
4935
4663
4378
3912
3459
3190
2987
2686
2448
2560
2749
2747
2933
2991
2406
1704
1012
7
-1324
-2859
-4365
-6068
-7781
-8852
-9786
-10812
-11303
-11395
-11362
-10991
-10061
-8830
-7887
-6995
-5752
-4605
-3710
-2736
-1846
-1410
-1153
-666
-133
272
717
1285
1806
2301
3109
4078
4830
5552
6154
6443
6666
6822
6741
6272
5509
4683
3623
2464
1525
530
-624
-1622
-2510
-3431
-4179
-4688
-5272
-5998
-6472
-6663
-6991
-7185
-6832
-6549
-6508
-5909
-4790
-3929
-3220
-1917
-409
516
1480
3004
4201
4650
5202
6032
6321
6182
6332
6502
6194
5825
5879
5961
5724
5582
5602
5517
5417
5332
5207
4991
4675
4260
3837
3618
3400
2964
2678
2732
2803
2804
3066
3364
3029
2345
1886
1296
133
-1276
-2621
-4255
-6130
-7553
-8504
-9523
-10526
-11054
-11198
-11136
-10611
-9625
-8622
-7750
-6781
-5635
-4515
-3458
-2464
-1809
-1417
-968
-482
-19
429
876
1233
1542
2148
3007
3755
4410
5094
5635
5964
6294
6612
6583
6066
5415
4764
3830
2821
1929
861
-388
-1549
-2425
-3280
-4270
-4927
-5402
-6058
-6506
-6551
-6482
-6597
-6506
-5894
-5469
-5180
-4366
-3314
-2543
-1868
-674
636
1337
2094
3226
4022
4361
4808
5500
5752
5534
5641
5893
5776
5552
5571
5638
5378
5063
5066
5122
4953
4675
4477
4282
3973
3657
3509
3476
3221
2873
2884
3102
3215
3268
3427
3428
2841
2119
1633
785
-616
-2111
-3549
-5169
-6834
-8017
-8922
-9975
-10805
-11085
-11054
-10809
-10140
-9175
-8273
-7367
-6246
-5066
-4022
-3053
-2219
-1694
-1285
-757
-301
12
405
875
1290
1772
2531
3408
4134
4821
5559
6142
6535
6874
7031
6792
6217
5511
4731
3753
2614
1519
434
-694
-1695
-2463
-3144
-3889
-4513
-4913
-5351
-5805
-5966
-5977
-6200
-6356
-6052
-5689
-5508
-4993
-4080
-3334
-2732
-1600
-172
693
1449
2700
3734
4116
4539
5305
5605
5286
5288
5559
5324
4918
4996
5167
4956
4774
4974
5156
5091
5078
5181
5111
4860
4611
4347
4131
3872
3423
3081
2989
2919
2784
2799
2992
2772
2049
1543
1095
98
-1170
-2335
-3615
-5241
-6729
-7642
-8529
-9595
-10254
-10443
-10476
-10270
-9605
-8709
-7922
-7081
-6043
-4997
-3994
-3011
-2240
-1716
-1159
-579
-187
190
670
1029
1314
1851
2604
3223
3716
4376
5039
5408
5745
6168
6273
5956
5527
5054
4395
3532
2589
1626
553
-459
-1278
-2103
-2882
-3687
-4538
-5088
-5465
-5860
-6119
-6227
-6278
-6325
-6108
-5505
-5027
-4693
-4017
-3168
-2459
-1621
-498
476
1056
1734
2666
3325
3713
4268
4751
4816
4862
5191
5458
5438
5461
5654
5675
5591
5723
5838
5689
5500
5375
5147
4819
4521
4181
3716
3317
3020
2705
2462
2400
2394
2330
2411
2570
2378
1897
1432
827
-169
-1350
-2486
-3831
-5433
-6792
-7755
-8702
-9608
-10060
-10133
-10121
-9813
-9000
-8014
-7174
-6255
-5138
-4126
-3227
-2313
-1546
-1074
-738
-361
-60
208
565
884
1176
1637
2325
3009
3623
4376
5005
5341
5716
6095
6163
5836
5379
4851
3977
3016
2153
1142
64
-939
-1775
-2454
-3033
-3472
-4013
-4499
-4647
-4911
-5274
-5338
-5340
-5637
-5890
-5515
-5040
-5039
-4681
-3688
-2926
-2428
-1328
166
1013
1589
2750
3870
4284
4624
5346
5637
5269
5208
5446
5276
4881
4795
4916
4847
4784
4972
5081
5024
4985
4925
4816
4637
4330
3869
3394
3016
2573
2119
1880
1744
1504
1376
1623
1844
1661
1364
1125
627
-215
-1120
-2064
-3327
-4812
-6031
-7016
-8016
-8879
-9425
-9713
-9809
-9546
-8883
-8051
-7196
-6288
-5302
-4248
-3148
-2189
-1500
-946
-458
-107
193
592
970
1158
1354
1798
2365
2885
3455
4117
4596
4891
5308
5728
5847
5630
5242
4732
3984
3111
2249
1296
176
-925
-1816
-2539
-3169
-3737
-4224
-4630
-4999
-5166
-5141
-5206
-5288
-5291
-5223
-5031
-4694
-4168
-3681
-3288
-2607
-1735
-936
-96
876
1744
2299
2899
3754
4400
4635
4834
5111
5120
4981
5118
5272
5095
4871
4917
5079
5035
4966
5045
4915
4601
4402
4267
4037
3591
3073
2658
2296
2018
1783
1587
1523
1498
1562
1849
2190
2215
1889
1554
1180
445
-534
-1516
-2701
-4201
-5602
-6558
-7368
-8298
-8962
-9223
-9328
-9196
-8603
-7704
-6899
-6183
-5270
-4239
-3332
-2505
-1766
-1291
-1010
-724
-371
-24
236
450
682
1017
1570
2238
2853
3453
3990
4386
4765
5152
5361
5223
4798
4254
3578
2783
1978
1140
193
-791
-1547
-2062
-2487
-2839
-3131
-3383
-3666
-3912
-3988
-4065
-4299
-4535
-4648
-4703
-4662
-4431
-4039
-3673
-3282
-2542
-1611
-790
118
1172
2063
2745
3485
4264
4696
4799
4967
5087
4880
4687
4706
4616
4375
4279
4404
4515
4502
4563
4673
4631
4547
4502
4367
4100
3693
3196
2788
2473
2115
1763
1554
1481
1415
1477
1823
2089
1958
1729
1565
1140
374
-499
-1478
-2810
-4355
-5588
-6541
-7583
-8526
-9068
-9375
-9523
-9241
-8512
-7669
-6891
-5997
-4937
-3924
-2964
-2058
-1402
-1018
-703
-410
-146
142
383
534
693
1056
1628
2181
2768
3416
3914
4302
4762
5198
5349
5174
4832
4340
3652
2886
2100
1190
150
-852
-1657
-2260
-2753
-3195
-3533
-3766
-4022
-4207
-4166
-4151
-4365
-4545
-4494
-4425
-4439
-4203
-3733
-3498
-3247
-2491
-1551
-874
-156
922
1840
2379
3146
4096
4563
4612
4841
5145
5004
4733
4769
4689
4247
3964
4084
4198
4088
4075
4220
4187
4071
4116
4154
3943
3551
3166
2802
2455
2124
1783
1442
1189
1085
1087
1282
1656
1813
1679
1593
1503
1124
472
-268
-1199
-2552
-3931
-4944
-5923
-7041
-7962
-8512
-8882
-9052
-8735
-8062
-7390
-6733
-5891
-4897
-3931
-2994
-2179
-1597
-1155
-806
-540
-265
-13
93
125
341
784
1230
1701
2350
2994
3453
3928
4542
4961
4985
4828
4583
4122
3428
2664
1887
918
-145
-989
-1637
-2187
-2630
-2932
-3047
-3044
-2959
-2783
-2655
-2626
-2735
-3002
-3176
-3289
-3563
-3830
-3901
-3813
-3642
-3260
-2512
-1664
-913
11
1180
2238
3103
3968
4678
5012
5110
5187
5126
4757
4269
3869
3452
3049
2878
2867
2881
3015
3283
3584
3874
4160
4359
4337
4164
3934
3538
2983
2448
1914
1322
815
524
384
328
425
753
1127
1342
1530
1654
1497
1115
521
-302
-1377
-2671
-3929
-5139
-6315
-7290
-8023
-8515
-8743
-8622
-8167
-7490
-6657
-5732
-4760
-3799
-2882
-2028
-1385
-979
-697
-579
-562
-548
-536
-485
-410
-216
185
699
1330
2068
2776
3427
4032
4534
4866
4997
4868
4472
3897
3172
2332
1425
484
-394
-1177
-1814
-2219
-2455
-2570
-2568
-2482
-2308
-2144
-2062
-2064
-2168
-2359
-2651
-2965
-3207
-3416
-3619
-3642
-3379
-3014
-2547
-1795
-870
5
865
1889
2894
3559
4070
4578
4816
4718
4568
4411
4030
3502
3151
2970
2746
2597
2692
2885
3032
3245
3539
3747
3811
3745
3585
3312
2910
2426
1900
1390
925
521
261
225
336
509
871
1409
1831
2077
2289
2349
2098
1551
828
-108
-1367
-2693
-3912
-5109
-6231
-7138
-7754
-8134
-8233
-7960
-7439
-6762
-5968
-5108
-4239
-3393
-2589
-1982
-1610
-1317
-1130
-1097
-1099
-1032
-965
-924
-714
-253
298
885
1610
2403
3094
3710
4299
4747
4912
4821
4596
4210
3612
2920
2175
1339
503
-232
-808
-1215
-1506
-1672
-1706
-1660
-1540
-1371
-1298
-1387
-1541
-1795
-2196
-2619
-2959
-3292
-3691
-3887
-3733
-3484
-3147
-2472
-1567
-759
62
1148
2208
2908
3451
4014
4298
4180
4015
3869
3445
2861
2457
2230
1986
1799
1903
2151
2371
2688
3117
3497
3702
3779
3791
3685
3427
3039
2576
2064
1525
1057
709
499
404
395
561
925
1363
1785
2097
2284
2279
1919
1385
735
-245
-1477
-2780
-4008
-5186
-6291
-7102
-7655
-8059
-8188
-7898
-7324
-6622
-5775
-4873
-3990
-3188
-2469
-1830
-1426
-1220
-1135
-1182
-1216
-1189
-1156
-1061
-821
-427
94
786
1646
2496
3235
3932
4567
5028
5234
5232
5011
4478
3758
2976
2128
1231
337
-428
-1044
-1508
-1742
-1772
-1671
-1487
-1252
-994
-785
-681
-726
-970
-1395
-1922
-2511
-3119
-3661
-4064
-4313
-4366
-4129
-3609
-2877
-2015
-1012
106
1184
2174
3086
3822
4258
4422
4393
4190
3794
3280
2777
2308
1897
1636
1619
1778
2017
2379
2852
3322
3724
4046
4228
4206
3972
3578
3074
2474
1797
1098
471
-35
-418
-612
-582
-341
26
488
1109
1720
2109
2347
2403
2135
1553
769
-187
-1392
-2702
-3878
-4968
-5969
-6701
-7121
-7332
-7278
-6840
-6175
-5419
-4560
-3663
-2858
-2200
-1598
-1158
-1042
-1084
-1161
-1352
-1588
-1690
-1669
-1626
-1421
-923
-240
524
1398
2348
3177
3857
4519
5014
5167
5078
4770
4210
3454
2634
1830
943
49
-642
-1161
-1524
-1668
-1610
-1464
-1306
-1072
-792
-617
-602
-687
-908
-1334
-1837
-2316
-2807
-3290
-3690
-3886
-3865
-3685
-3246
-2567
-1802
-949
-4
949
1819
2514
3026
3368
3495
3434
3250
2947
2534
2085
1685
1416
1242
1165
1283
1523
1834
2259
2741
3206
3563
3749
3821
3751
3510
3144
2666
2097
1479
892
418
77
-147
-243
-142
105
435
891
1402
1868
2183
2304
2305
2061
1531
850
-6
-1050
-2171
-3232
-4171
-5015
-5691
-6084
-6250
-6242
-5979
-5475
-4893
-4255
-3573
-2933
-2401
-2010
-1707
-1538
-1564
-1639
-1725
-1873
-1962
-1914
-1752
-1473
-1055
-462
231
935
1707
2482
3111
3625
4033
4219
4183
3989
3624
3091
2448
1803
1166
536
30
-310
-564
-699
-649
-540
-447
-325
-209
-195
-311
-482
-727
-1130
-1609
-2043
-2493
-2955
-3281
-3441
-3478
-3363
-3019
-2466
-1841
-1135
-320
454
1144
1766
2256
2565
2713
2752
2650
2439
2190
1928
1648
1405
1307
1296
1341
1522
1816
2142
2486
2845
3150
3319
3361
3321
3128
2773
2366
1904
1385
872
455
150
-90
-189
-103
66
311
678
1112
1491
1828
2146
2320
2270
2073
1769
1231
475
-299
-1094
-2013
-2887
-3555
-4118
-4620
-4901
-4919
-4867
-4761
-4444
-4012
-3655
-3314
-2920
-2604
-2446
-2334
-2218
-2204
-2253
-2226
-2143
-2053
-1869
-1523
-1096
-587
13
644
1278
1875
2439
2894
3193
3391
3429
3271
3005
2652
2202
1713
1226
770
344
-15
-245
-363
-414
-406
-331
-233
-159
-110
-93
-150
-376
-731
-1100
-1521
-2000
-2432
-2780
-3075
-3288
-3284
-3027
-2653
-2208
-1594
-879
-219
448
1157
1754
2122
2343
2513
2531
2363
2162
1936
1608
1276
1085
1028
1014
1083
1296
1588
1881
2213
2596
2898
3061
3123
3098
2970
2702
2324
1903
1430
917
468
133
-79
-216
-264
-115
172
482
859
1325
1736
1994
2197
2360
2319
2020
1622
1150
465
-308
-980
-1653
-2382
-3003
-3398
-3671
-3902
-3952
-3812
-3670
-3507
-3220
-2919
-2730
-2595
-2484
-2464
-2530
-2600
-2656
-2744
-2819
-2795
-2695
-2507
-2150
-1695
-1217
-647
-5
626
1196
1719
2183
2452
2586
2692
2657
2460
2219
1953
1610
1268
1009
816
621
467
446
457
455
518
572
526
426
293
94
-192
-540
-902
-1328
-1759
-2075
-2331
-2535
-2603
-2537
-2416
-2178
-1764
-1311
-867
-393
106
541
877
1195
1448
1525
1513
1515
1473
1366
1265
1217
1181
1132
1188
1344
1490
1640
1845
2050
2204
2341
2436
2479
2438
2308
2156
1968
1730
1475
1215
989
799
638
543
522
537
578
663
795
930
1030
1113
1190
1216
1185
1119
1008
839
594
299
34
-249
-594
-929
-1215
-1498
-1811
-2074
-2265
-2444
-2658
-2815
-2875
-2964
-3057
-3068
-3047
-3062
-3091
-3036
-2925
-2860
-2760
-2581
-2393
-2188
-1936
-1622
-1287
-976
-660
-301
69
394
706
1002
1237
1425
1561
1685
1775
1780
1740
1690
1637
1554
1438
1330
1227
1075
921
804
687
527
354
195
25
-169
-363
-523
-695
-917
-1109
-1248
-1380
-1482
-1539
-1561
-1560
-1511
-1394
-1244
-1070
-883
-701
-502
-284
-56
151
345
542
721
880
1054
1230
1363
1455
1563
1681
1754
1813
1879
1932
1945
1926
1917
1894
1817
1709
1615
1524
1416
1308
1222
1154
1067
975
920
869
780
681
630
603
543
490
500
516
508
523
585
649
659
683
740
756
720
673
615
483
286
77
-158
-444
-773
-1104
-1424
-1757
-2063
-2329
-2563
-2747
-2903
-3004
-3039
-3042
-3016
-2956
-2845
-2723
-2583
-2405
-2223
-2048
-1888
-1710
-1528
-1351
-1146
-932
-726
-495
-240
24
289
541
795
1012
1194
1382
1537
1635
1692
1718
1703
1644
1560
1457
1318
1161
1011
868
732
588
436
283
125
-27
-182
-324
-465
-623
-757
-858
-944
-1026
-1091
-1122
-1141
-1118
-1040
-926
-779
-636
-463
-242
-29
173
373
556
705
825
944
1060
1139
1177
1205
1226
1230
1220
1220
1218
1191
1149
1113
1092
1047
998
966
903
824
751
691
655
610
560
549
559
553
563
609
648
665
681
741
788
796
828
881
901
892
896
901
870
798
729
658
543
388
229
85
-101
-329
-538
-742
-994
-1256
-1464
-1652
-1867
-2074
-2219
-2333
-2471
-2558
-2563
-2567
-2580
-2531
-2417
-2297
-2178
-2014
-1819
-1644
-1481
-1274
-1059
-876
-687
-496
-308
-130
39
220
384
530
672
805
935
1062
1177
1257
1318
1353
1343
1331
1309
1241
1140
1017
895
757
589
418
239
48
-139
-297
-420
-531
-629
-693
-715
-713
-680
-615
-556
-497
-431
-357
-263
-179
-115
-55
7
67
130
207
272
320
371
452
560
665
770
886
986
1060
1142
1221
1260
1252
1220
1173
1092
1005
925
809
685
585
499
436
403
394
383
390
450
523
584
641
700
729
716
708
697
639
561
503
458
395
348
328
308
271
257
263
251
239
221
183
110
17
-85
-235
-416
-603
-819
-1039
-1233
-1436
-1640
-1804
-1936
-2044
-2118
-2135
-2101
-2066
-2013
-1912
-1793
-1691
-1590
-1473
-1371
-1299
-1216
-1110
-1034
-972
-877
-774
-684
-555
-391
-233
-53
139
312
475
633
769
858
921
970
965
911
858
790
687
578
477
393
309
243
218
207
200
205
248
289
305
326
350
358
330
315
300
246
186
132
93
72
53
61
108
161
240
347
467
585
691
807
911
987
1038
1068
1078
1048
1006
953
897
840
781
735
690
667
667
669
686
707
707
696
693
667
611
548
480
401
304
203
110
25
-52
-116
-156
-181
-191
-196
-188
-164
-172
-181
-175
-191
-230
-276
-326
-394
-497
-611
-709
-818
-935
-1028
-1101
-1152
-1194
-1213
-1202
-1190
-1177
-1148
-1109
-1076
-1051
-1017
-985
-969
-953
-930
-901
-885
-869
-820
-755
-693
-621
-529
-420
-328
-225
-91
8
85
174
239
279
306
324
336
323
309
300
279
259
237
205
175
162
154
142
148
154
149
151
162
178
183
187
204
202
206
233
257
274
307
344
378
423
487
537
567
607
662
698
717
749
765
755
746
732
709
661
623
599
551
502
483
461
407
373
365
342
317
306
296
267
236
222
208
182
164
148
125
119
122
117
118
134
131
117
127
149
151
126
114
96
37
-24
-61
-118
-225
-336
-408
-480
-566
-619
-652
-705
-752
-768
-752
-746
-758
-756
-743
-748
-755
-743
-735
-752
-779
-795
-798
-806
-814
-796
-775
-754
-705
-637
-541
-451
-384
-295
-194
-98
-21
44
107
155
185
219
262
289
289
296
321
326
322
338
358
347
326
329
320
273
227
192
150
102
59
46
40
24
27
55
83
113
154
195
241
290
334
385
429
448
473
514
537
546
568
590
605
616
629
651
655
650
643
634
619
586
556
507
444
377
301
233
157
81
10
-54
-100
-147
-193
-228
-262
-297
-320
-336
-352
-356
-354
-357
-350
-345
-338
-326
-326
-328
-322
-314
-305
-309
-312
-310
-310
-311
-316
-306
-292
-292
-278
-255
-240
-226
-224
-215
-206
-211
-204
-203
-211
-215
-225
-237
-243
-249
-260
-259
-255
-259
-255
-240
-223
-207
-200
-188
-164
-159
-146
-116
-98
-92
-72
-37
-15
3
25
62
91
101
124
155
175
183
185
199
198
182
176
174
157
145
151
161
162
167
199
241
263
286
334
366
371
390
407
397
386
387
383
369
355
362
358
347
351
351
352
368
378
370
359
347
323
289
255
219
170
122
94
74
48
32
30
22
13
25
34
18
13
5
-19
-49
-73
-98
-139
-193
-233
-269
-313
-339
-359
-372
-375
-371
-356
-338
-318
-312
-308
-291
-275
-267
-260
-246
-250
-252
-248
-237
-220
-216
-196
-169
-146
-101
-47
-7
18
42
78
109
114
104
88
62
35
3
-39
-82
-110
-130
-154
-171
-174
-177
-180
-181
-168
-156
-156
-141
-132
-140
-139
-131
-133
-138
-142
-142
-139
-138
-122
-97
-68
-42
-12
28
59
93
124
149
158
163
174
167
148
137
128
107
91
97
96
85
87
106
114
129
162
193
214
241
265
276
283
275
270
266
250
228
210
198
181
180
187
184
195
216
227
248
264
263
263
262
251
224
190
145
90
36
-17
-69
-113
-159
-209
-250
-266
-266
-271
-270
-251
-228
-201
-175
-154
-128
-115
-105
-85
-69
-52
-38
-21
0
22
43
68
101
119
137
145
150
156
144
133
116
85
51
23
-23
-63
-96
-146
-190
-227
-257
-290
-314
-327
-345
-358
-361
-348
-356
-365
-359
-355
-346
-334
-310
-281
-251
-217
-184
-144
-101
-73
-42
-7
29
63
91
120
141
157
168
176
183
180
185
184
180
172
173
171
164
170
163
154
151
154
148
120
113
105
88
82
81
84
78
77
88
91
74
57
56
37
23
23
21
18
11
5
3
-1
0
12
12
12
17
18
17
15
18
17
8
-2
-1
8
-4
-12
-6
-12
-17
-10
-6
-8
3
15
13
15
20
22
20
23
31
33
34
42
49
58
55
46
38
20
5
-1
-7
-20
-30
-35
-37
-29
-24
-22
-15
-2
1
4
9
11
11
10
9
-3
-20
-38
-52
-67
-94
-102
-110
-126
-127
-126
-125
-114
-102
-79
-56
-46
-33
-15
-16
-30
-27
-27
-40
-46
-50
-50
-42
-41
-44
-25
-1
7
22
46
64
78
104
119
122
125
137
150
139
124
117
107
92
70
68
58
37
24
18
19
10
-4
-19
-33
-42
-48
-41
-39
-49
-55
-56
-58
-67
-74
-62
-54
-57
-51
-31
-17
-17
-8
13
24
25
43
59
53
47
51
52
41
29
15
-5
-15
-17
-23
-27
-35
-54
-61
-55
-58
-57
-56
-63
-60
-68
-72
-61
-61
-64
-58
-41
-30
-20
3
16
24
38
60
82
94
107
113
109
103
93
75
54
25
2
-25
-52
-80
-105
-130
-154
-166
-183
-188
-189
-195
-194
-190
-182
-178
-173
-171
-157
-142
-124
-100
-78
-44
-14
3
31
65
77
95
120
141
153
165
188
207
209
206
214
212
207
210
199
187
175
167
154
129
99
69
46
15
-12
-27
-51
-60
-70
-86
-84
-80
-84
-74
-57
-38
-12
5
21
36
47
58
63
68
66
65
64
53
35
32
38
30
30
40
38
37
50
53
44
39
32
26
14
-9
-19
-27
-43
-57
-65
-73
-85
-88
-80
-76
-68
-52
-38
-20
-15
-9
-1
-2
-2
-12
-20
-30
-45
-57
-78
-81
-92
-103
-95
-93
-92
-85
-87
-83
-76
-80
-81
-83
-83
-83
-91
-97
-96
-95
-102
-111
-106
-97
-100
-86
-68
-56
-41
-13
13
21
41
58
60
66
76
83
74
78
77
71
66
59
68
68
67
75
80
88
91
88
83
77
67
60
59
53
40
36
35
26
16
20
24
19
27
45
56
78
85
91
102
105
110
115
119
113
110
110
97
84
74
61
39
22
12
-6
-15
-32
-55
-59
-75
-96
-100
-104
-116
-130
-140
-150
-160
-166
-171
-173
-168
-158
-137
-122
-109
-85
-67
-49
-37
-20
-6
-2
13
21
22
26
14
9
5
-8
-14
-15
-19
-16
-14
-13
-6
1
6
10
11
13
15
13
9
2
-3
-10
-17
-24
-28
-23
-20
-19
-13
-2
8
14
19
28
35
43
52
51
54
53
43
41
41
33
39
46
47
57
69
72
76
82
83
82
81
83
81
78
70
62
60
51
49
43
38
46
42
54
63
54
59
58
57
60
54
53
49
36
19
14
3
-25
-30
-35
-49
-52
-55
-56
-58
-54
-51
-55
-53
-56
-57
-59
-57
-51
-58
-60
-61
-70
-80
-73
-67
-68
-58
-51
-40
-35
-29
-15
-11
2
2
1
16
24
21
23
24
30
34
27
32
34
20
15
17
6
-3
-7
-17
-15
-17
-16
-13
-23
-23
-21
-22
-21
-23
-18
-6
-6
-3
3
6
9
15
14
11
10
8
13
4
-3
3
2
1
-1
5
9
19
20
9
16
19
6
-3
-8
-13
-17
-11
-11
-17
-24
-28
-23
-26
-27
-30
-27
-23
-31
-21
-15
-17
-9
-4
3
1
2
7
8
15
13
19
22
20
20
25
26
28
44
48
51
58
55
53
53
52
45
31
27
22
6
-6
-18
-28
-34
-42
-46
-45
-48
-49
-46
-50
-57
-47
-44
-41
-36
-33
-33
-33
-26
-26
-22
-22
-23
-12
-10
-9
-12
-6
-2
-7
-2
8
7
13
19
16
20
19
14
17
14
9
-3
-5
-4
-13
-6
2
-8
-7
-2
-3
1
7
20
29
39
44
44
51
52
55
57
57
60
56
49
50
