-5
-12
-6
-5
-2
-3
-4
0
-1
3
7
-5
1
11
8
6
10
6
-1
1
6
-3
-11
-7
-12
-17
-11
-16
-19
-12
-11
-13
-13
-16
-15
-6
4
6
3
-3
0
3
-3
-3
2
5
-3
1
3
-1
5
7
0
0
9
6
7
13
5
6
11
9
5
10
6
-7
1
3
-7
-9
-8
-12
-5
2
-3
3
5
2
15
19
14
20
14
13
15
1
-1
-2
-3
6
4
2
-3
-9
-1
-9
-8
-4
-10
-11
-13
-10
-17
-20
-21
-34
-38
-38
-36
-29
-32
-32
-27
-30
-28
-23
-21
-15
-14
-18
-16
-13
-4
4
10
20
28
30
38
47
48
54
59
62
65
54
55
56
49
43
42
41
32
35
44
34
25
28
30
30
24
13
15
11
2
-1
-8
-13
-12
-10
-17
-23
-22
-21
-18
-18
-18
-17
-24
-28
-33
-42
-42
-53
-60
-61
-64
-60
-54
-44
-44
-39
-23
-18
-9
-7
-2
1
-6
-12
-17
-16
-22
-21
-15
-12
-6
6
12
17
22
20
38
37
27
25
13
14
5
-12
-11
-16
-19
-19
-19
-16
-12
-7
0
-3
-4
-2
-6
-12
-10
-11
-15
-12
-11
-9
-7
-6
5
16
26
37
38
41
47
48
41
36
37
37
24
16
16
11
12
11
12
15
18
24
29
28
34
37
39
46
43
41
46
46
47
47
54
63
61
66
75
76
70
62
59
50
41
33
16
-5
-27
-50
-72
-98
-119
-136
-161
-179
-186
-200
-209
-213
-222
-225
-232
-229
-223
-222
-214
-204
-185
-171
-151
-121
-94
-59
-24
0
34
60
85
115
126
141
154
163
168
157
156
158
156
160
164
163
169
185
204
219
247
264
277
300
314
331
338
343
348
343
336
324
311
299
281
260
237
208
172
126
77
20
-54
-135
-225
-327
-421
-512
-600
-679
-756
-813
-844
-856
-846
-818
-775
-722
-653
-573
-488
-404
-320
-246
-179
-109
-51
14
85
143
207
272
324
373
414
449
471
474
463
425
368
305
219
130
36
-58
-130
-192
-235
-248
-237
-195
-133
-46
58
168
282
391
496
590
669
738
791
816
848
877
893
902
912
915
903
873
836
767
655
538
374
155
-80
-332
-595
-871
-1123
-1337
-1515
-1659
-1749
-1775
-1747
-1676
-1563
-1414
-1261
-1088
-907
-735
-558
-403
-249
-85
71
234
408
587
765
941
1108
1262
1379
1451
1480
1460
1371
1231
1050
828
592
334
69
-171
-392
-576
-718
-832
-906
-948
-971
-976
-962
-937
-904
-872
-833
-777
-704
-606
-484
-344
-173
13
215
426
631
822
983
1112
1195
1234
1236
1197
1116
997
859
711
566
427
296
168
53
-56
-169
-257
-344
-438
-529
-630
-710
-785
-843
-874
-886
-858
-811
-732
-606
-472
-321
-153
3
158
295
399
480
536
572
574
565
547
506
474
429
385
348
296
254
212
154
90
24
-53
-148
-253
-351
-443
-528
-604
-667
-717
-748
-761
-758
-739
-695
-629
-566
-491
-412
-335
-245
-159
-83
-1
75
149
223
297
378
448
512
569
605
631
642
633
623
593
545
501
436
375
322
271
239
211
195
205
234
276
322
380
440
481
508
520
515
499
445
377
322
263
215
183
177
191
216
260
307
342
365
343
259
124
-63
-295
-566
-856
-1150
-1436
-1691
-1895
-2020
-2064
-2039
-1950
-1799
-1611
-1402
-1169
-948
-746
-579
-444
-320
-222
-120
-11
108
234
378
549
738
932
1101
1238
1324
1339
1291
1184
1006
761
473
156
-160
-450
-693
-883
-1019
-1106
-1133
-1091
-1003
-884
-765
-660
-564
-487
-409
-328
-250
-165
-78
29
186
393
642
916
1203
1487
1759
2022
2259
2439
2548
2582
2544
2463
2330
2155
1968
1755
1529
1301
1107
977
874
788
720
633
545
456
328
162
-71
-401
-784
-1193
-1637
-2059
-2439
-2802
-3107
-3315
-3415
-3386
-3243
-3020
-2717
-2372
-2032
-1651
-1263
-903
-577
-324
-109
88
268
459
674
887
1084
1292
1513
1727
1926
2076
2138
2104
1977
1768
1494
1162
768
328
-124
-565
-957
-1270
-1514
-1676
-1783
-1856
-1856
-1800
-1715
-1611
-1520
-1448
-1387
-1334
-1274
-1186
-1079
-956
-813
-631
-393
-114
197
540
854
1135
1372
1561
1710
1769
1757
1685
1530
1335
1129
933
742
559
402
270
178
114
96
114
127
135
152
195
256
333
435
549
677
820
983
1175
1362
1538
1704
1818
1905
1981
2019
2013
1977
1924
1823
1706
1591
1445
1282
1074
817
503
116
-298
-759
-1248
-1761
-2297
-2798
-3261
-3624
-3875
-4033
-4084
-4037
-3880
-3649
-3342
-2952
-2536
-2117
-1723
-1335
-947
-577
-207
154
500
814
1107
1412
1704
1970
2185
2332
2409
2406
2314
2163
1961
1658
1264
814
343
-131
-616
-1066
-1469
-1865
-2229
-2492
-2643
-2731
-2767
-2724
-2638
-2521
-2349
-2087
-1774
-1467
-1151
-802
-422
-47
372
836
1239
1579
1892
2189
2444
2641
2804
2887
2860
2791
2745
2724
2683
2619
2546
2467
2393
2362
2361
2328
2253
2124
1959
1837
1806
1855
1895
1914
1989
2078
2142
2219
2250
2073
1510
730
-50
-1009
-2104
-3155
-4159
-5167
-6141
-6724
-6810
-6712
-6515
-6087
-5428
-4796
-4173
-3321
-2416
-1770
-1439
-1143
-773
-508
-214
244
697
1031
1362
1903
2635
3332
3903
4360
4598
4576
4416
4179
3813
3210
2343
1323
336
-504
-1187
-1756
-2245
-2619
-2925
-3126
-3049
-2780
-2559
-2505
-2549
-2599
-2693
-2811
-2861
-2872
-2995
-3188
-3156
-2786
-2223
-1560
-794
26
794
1517
2313
3096
3629
3824
3752
3548
3252
2849
2430
2020
1499
903
489
351
376
441
516
639
739
814
1005
1295
1476
1424
1290
1240
1245
1286
1424
1624
1735
1770
1976
2441
2985
3470
3906
4292
4514
4588
4702
4738
4370
3481
2303
1062
-335
-1797
-3134
-4403
-5716
-6981
-7780
-8019
-7977
-7796
-7441
-6928
-6463
-5986
-5247
-4397
-3748
-3416
-3168
-2788
-2356
-1805
-1048
-217
525
1199
2049
3147
4262
5193
5873
6244
6281
6098
5811
5394
4736
3753
2533
1360
386
-401
-1067
-1665
-2189
-2729
-3249
-3528
-3590
-3723
-4085
-4570
-5020
-5388
-5687
-5791
-5632
-5453
-5291
-4835
-3923
-2746
-1538
-278
1039
2177
3053
3933
4831
5366
5423
5225
4963
4599
4079
3703
3504
3182
2810
2688
2905
3196
3414
3626
3824
3852
3645
3515
3398
3036
2501
1896
1490
1271
1133
1235
1504
1849
2145
2464
2926
3268
3181
2472
1578
529
-1033
-2646
-4156
-5605
-7120
-8623
-9307
-9312
-9193
-8835
-7960
-6827
-5969
-5048
-3735
-2417
-1646
-1395
-996
-633
-617
-483
-38
437
667
921
1660
2690
3599
4465
5344
5909
6056
5993
5837
5469
4674
3491
2153
808
-466
-1526
-2383
-3106
-3641
-4107
-4439
-4476
-4333
-4191
-4288
-4472
-4547
-4710
-4911
-4963
-4779
-4594
-4501
-4062
-3156
-2066
-1019
183
1635
2827
3725
4681
5606
6127
6064
5866
5736
5269
4568
4125
3873
3447
2975
2877
3110
3276
3320
3593
3988
4012
3892
3925
3821
3456
2835
2331
2154
1771
1444
1588
1848
2099
2396
2849
3368
3425
2808
2074
1248
-265
-1985
-3588
-5295
-7022
-8829
-9960
-10223
-10469
-10391
-9678
-8731
-7760
-6662
-5249
-3694
-2579
-2067
-1496
-1010
-935
-657
-316
-67
229
433
1043
2089
3122
4274
5361
6038
6528
6877
6854
6634
6121
5079
3751
2165
693
-398
-1666
-2865
-3630
-4392
-5114
-5552
-5645
-5488
-5638
-6027
-6003
-5926
-6146
-6162
-5800
-5360
-5112
-4786
-3787
-2426
-1338
-100
1559
3012
4084
5091
6192
7089
7268
7183
7246
6955
6354
5907
5639
5274
4750
4395
4360
4291
4067
4100
4152
3892
3620
3393
3237
2959
2581
2498
2414
2204
2193
2456
2692
2701
2730
2749
2455
1587
588
-257
-1641
-3277
-4687
-5993
-7238
-8552
-9260
-9277
-9369
-9355
-8808
-7922
-7221
-6494
-5391
-4269
-3484
-3080
-2459
-1750
-1490
-1082
-416
159
635
1125
1959
2898
3629
4366
5108
5542
5662
5740
5624
5208
4588
3732
2744
1646
574
-334
-1261
-2198
-2963
-3605
-4312
-4912
-5327
-5771
-6256
-6704
-6932
-7005
-7087
-6903
-6384
-5717
-4931
-3861
-2504
-1117
271
1646
3008
4220
5095
5876
6478
6721
6761
6676
6535
6306
5986
5739
5669
5579
5412
5361
5265
5145
5012
4797
4696
4398
3819
3281
2770
2321
1946
1678
1551
1478
1281
1348
2047
2668
3059
3156
2669
1951
733
-610
-1647
-3241
-5358
-7405
-9069
-10189
-10836
-10966
-10571
-10038
-9776
-9028
-7451
-5847
-4279
-3067
-2372
-1852
-1713
-1381
-535
-47
5
1
96
650
1594
2641
3868
4845
5239
5608
6066
6473
6713
6249
5210
3939
2381
992
-3
-1003
-2101
-3349
-4556
-5170
-5416
-5574
-5564
-5783
-6217
-6586
-6833
-6706
-6387
-6197
-5997
-5715
-5200
-4125
-2605
-1006
594
2030
3247
4528
5819
7016
7868
8018
7840
7558
7101
6701
6418
6149
5689
5106
4787
4730
4847
5043
5268
5344
4979
4655
4500
4169
3793
3358
2892
2317
1863
1983
2376
2789
3187
3761
3942
3066
2295
1649
259
-1619
-3759
-5659
-7758
-10184
-11414
-11673
-12216
-12739
-12297
-11202
-10287
-9198
-7369
-5255
-4155
-3795
-2752
-1790
-1567
-1201
-583
-185
-283
-274
721
2012
2821
3819
5026
5794
6370
6967
7494
7672
7111
6155
4991
3488
2087
917
-428
-1912
-3209
-4345
-5237
-5728
-5994
-6216
-6740
-7326
-7471
-7606
-7778
-7675
-7409
-7054
-6734
-6057
-4641
-3029
-1500
171
1945
3559
4953
6356
7752
8571
8605
8486
8472
8183
7624
7195
6958
6536
5908
5647
5805
5858
5838
5976
6044
5700
5196
4909
4564
3936
3227
2624
1994
1587
1677
1952
2498
3064
3596
3685
2690
2045
1318
-382
-2182
-4279
-6323
-8762
-11162
-11933
-12299
-13026
-13366
-12584
-11444
-10765
-9292
-7055
-5014
-4083
-3658
-2271
-1450
-1374
-675
26
237
-36
67
1337
2548
3179
4271
5531
6183
6707
7358
7911
7901
7036
5985
4802
3149
1640
613
-685
-2265
-3369
-4261
-4811
-5266
-5885
-5931
-6758
-7862
-7836
-8177
-8621
-8870
-8736
-7877
-7577
-6739
-4615
-2662
-1166
685
3079
4954
6274
7640
8992
9463
8731
8609
8846
8014
7127
6796
6603
6160
5702
6023
6582
6437
6404
6949
6908
6313
5904
5447
4760
3704
2722
2166
1546
1204
1426
1864
2384
3171
3762
3163
2436
1738
225
-1463
-3614
-5630
-7942
-11017
-12447
-12874
-13638
-14139
-13788
-12471
-11522
-10517
-8265
-5620
-4100
-3523
-2230
-1065
-871
-546
164
749
371
-134
718
1994
2747
3687
5030
6081
6690
7280
8112
8592
8125
7207
6074
4456
2716
1307
-16
-1530
-3096
-4551
-5660
-6307
-6687
-6834
-7203
-8009
-8377
-8551
-8821
-8609
-8293
-7847
-7381
-6864
-5438
-3655
-1872
161
2158
3886
5305
6821
8361
9401
9684
9544
9424
8889
8196
7961
7696
7178
6595
6206
6256
6310
6365
6783
6873
6395
5826
5348
5027
4522
3798
3006
2218
1706
1539
1976
2683
3290
3505
2576
1634
1010
-360
-1883
-3672
-5768
-8180
-11066
-12462
-12565
-13127
-13752
-13609
-12682
-11897
-10931
-8721
-6128
-4738
-4378
-3288
-1938
-1443
-843
94
761
555
79
941
2455
3380
4235
5301
6088
6555
7103
7883
8377
7928
6895
5708
4242
2804
1627
363
-1213
-2844
-4326
-5533
-6311
-6834
-7101
-7656
-8740
-9121
-9056
-9162
-8966
-8578
-7834
-7270
-6756
-5075
-3080
-1392
293
2144
4032
5282
6497
8054
9095
9188
8969
9114
8891
8342
8176
8092
7782
7160
6888
7176
7115
6959
7118
6938
6400
5732
5178
4844
4101
3327
2725
2052
1796
1798
2287
3026
3532
3637
2536
1549
743
-983
-2665
-4690
-6833
-9214
-12053
-13095
-13161
-13735
-14035
-13611
-12420
-11503
-10402
-8024
-5556
-4371
-3994
-2866
-1663
-1303
-771
39
613
435
133
1207
2774
3703
4670
5786
6627
7252
7765
8428
8775
8069
6871
5443
3835
2467
1158
-276
-1808
-3310
-4721
-5805
-6393
-6641
-6819
-7661
-8672
-9018
-9203
-9340
-9205
-8722
-8238
-8025
-7167
-5229
-3093
-1295
597
2650
4361
5767
7321
8963
9810
9702
9553
9410
8891
8454
8358
8169
7553
6908
6869
7165
7289
7414
7554
7208
6450
5832
5432
5049
4297
3297
2532
1918
1491
1725
2509
3184
3373
2433
1183
590
-728
-2361
-3977
-6226
-8629
-11553
-13295
-13246
-13643
-14305
-14322
-13513
-12583
-11581
-9441
-6756
-4924
-4500
-3757
-2140
-1352
-711
265
828
900
471
890
2607
3874
4623
5570
6307
6979
7670
8347
9015
8852
7678
6219
4837
3450
2190
872
-886
-2526
-4117
-5618
-6298
-6800
-7245
-7742
-8912
-9536
-9438
-9424
-9205
-8931
-8365
-7725
-7273
-5841
-3655
-1740
-189
1465
3440
5019
6272
7755
9092
9520
9175
9183
9366
9079
8769
8615
8347
7740
7161
7334
7635
7396
7264
7068
6576
6046
5413
5130
4681
3705
2877
2250
1918
1777
2132
2854
3337
3303
2087
1115
447
-1313
-3005
-4928
-7180
-9556
-12362
-13378
-13185
-13813
-14286
-13884
-12796
-11789
-10676
-8376
-5787
-4590
-4306
-3151
-1726
-1172
-645
190
811
698
403
1399
3160
4217
4948
5877
6677
7389
7919
8536
9057
8449
7145
5712
4280
3030
1626
123
-1357
-2821
-4326
-5516
-6092
-6469
-6902
-7789
-8735
-9241
-9469
-9482
-9544
-9236
-8748
-8363
-7455
-5898
-3748
-1787
-164
1797
3777
5450
6852
8277
9417
9597
9281
9145
9105
8787
8399
8250
8002
7486
7279
7617
7952
7992
7838
7649
7289
6628
6070
5654
4981
3978
2987
2365
1972
1785
2185
2891
3460
3130
1811
1113
231
-1634
-3406
-5515
-7697
-10477
-13295
-13856
-13952
-14792
-15208
-14601
-13321
-12467
-11095
-8367
-5772
-4792
-4378
-2815
-1439
-1007
-375
518
1032
698
502
1778
3405
4227
5044
6050
6941
7706
8281
9066
9435
8702
7484
6064
4682
3396
1877
234
-1352
-2934
-4428
-5541
-6216
-6542
-7105
-8080
-8752
-9154
-9203
-9156
-9316
-8879
-8408
-8120
-7142
-5554
-3541
-1761
-258
1762
3855
5426
6857
8457
9569
9738
9482
9488
9558
9027
8492
8389
8003
7364
7087
7315
7632
7492
7241
7340
7081
6475
6030
5514
4968
3972
2861
2372
1894
1594
1822
2339
3017
2927
1748
909
292
-1263
-3057
-4856
-6855
-9339
-12199
-13359
-13332
-14091
-14866
-14531
-13366
-12527
-11540
-9213
-6451
-5083
-4739
-3319
-1679
-1136
-582
345
1140
1043
596
1508
3120
3960
4584
5574
6465
7144
7643
8287
8929
8508
7397
6277
4978
3655
2234
738
-722
-2286
-3838
-5059
-5789
-6427
-7025
-7712
-8754
-9411
-9551
-9573
-9638
-9633
-9022
-8312
-7657
-6233
-4138
-2142
-684
1072
3465
5305
6473
7812
9192
9634
9152
9055
9329
8926
8236
8056
8061
7650
7191
7483
8045
7936
7688
7771
7608
7066
6335
5872
5470
4307
3222
2671
2176
1940
2014
2599
3359
3264
2155
1329
724
-996
-2893
-4782
-6944
-9460
-12595
-13913
-13906
-14824
-15534
-15210
-14074
-13099
-12106
-9754
-6884
-5413
-4942
-3473
-1845
-1221
-634
256
1117
1051
591
1436
3024
4013
4669
5595
6530
7356
7953
8654
9427
9103
8041
6876
5599
4395
2847
1126
-417
-2092
-3782
-5132
-6035
-6587
-7137
-7881
-8646
-9189
-9200
-9024
-9137
-8919
-8307
-7844
-7303
-6095
-4126
-2362
-1180
523
2804
4464
5611
7193
8849
9417
9088
9284
9828
9439
8711
8686
8689
7981
7242
7384
7834
7468
6996
7139
6966
6320
5671
5293
4985
4039
3075
2570
2158
1894
1933
2485
3102
3340
2563
1268
725
-540
-2434
-4195
-6383
-8476
-11365
-13585
-13568
-13940
-14923
-15115
-14273
-13051
-12248
-10700
-7880
-5796
-5392
-4549
-2738
-1674
-1208
-555
395
863
372
595
2277
3684
4298
5153
6180
7128
7756
8224
9185
9344
8295
7151
5930
4768
3427
1809
412
-1111
-2775
-4150
-5083
-5657
-6275
-7007
-7997
-9000
-9307
-9370
-9543
-9603
-9317
-8639
-8221
-7280
-5164
-3149
-1633
-61
2146
4372
5646
7019
8778
9606
9367
9204
9555
9479
8771
8430
8544
8168
7456
7527
8115
8150
7854
7836
7813
7409
6686
6223
5821
4786
3699
2851
2256
1901
1697
2149
2681
2839
2193
949
424
-689
-2478
-4086
-6234
-8347
-11036
-13271
-13492
-14001
-15019
-15276
-14606
-13436
-12602
-11049
-8278
-6143
-5444
-4465
-2593
-1339
-742
24
963
1372
952
1126
2551
3788
4287
4971
5871
6704
7383
7957
8842
9078
8283
7313
6220
5162
3924
2303
691
-989
-2710
-4277
-5502
-6238
-6932
-7889
-8796
-9581
-9845
-9589
-9607
-9470
-8898
-8297
-7592
-6577
-4737
-2669
-1371
-64
1975
3942
5213
6478
8011
9014
8999
8855
9424
9670
9105
8815
8985
8741
8054
7881
8347
8427
7818
7582
7622
7081
6404
5879
5480
4795
3627
2895
2665
2360
2214
2655
3249
3462
2729
1387
821
-355
-2429
-4053
-6191
-8502
-11090
-13380
-13653
-13996
-15050
-15136
-14287
-13209
-12244
-10637
-8076
-5971
-5297
-4478
-2717
-1673
-1202
-404
370
695
447
644
2039
3410
4065
4919
5893
6719
7626
8282
8978
9253
8495
7436
6231
5078
3975
2329
596
-844
-2440
-4013
-5177
-5755
-6134
-7303
-8382
-8844
-9436
-9595
-9615
-9538
-9208
-9211
-8568
-7244
-5752
-3876
-2129
-465
1419
3365
5172
6796
8148
9089
9537
9424
9386
9563
9334
8879
8632
8366
7887
7667
7821
8073
7941
7523
7498
7275
6729
6227
5705
5209
4178
3145
2798
2521
2289
2442
3014
3371
2384
981
516
-525
-2458
-4190
-6079
-8193
-11017
-13245
-13358
-13752
-14973
-15270
-14416
-13351
-12666
-11095
-8337
-6285
-5675
-4709
-2744
-1549
-1050
-123
941
1328
961
1255
2707
3905
4431
5173
6072
6742
7406
8125
8870
9016
8292
7403
6345
5246
4241
2745
1023
-600
-2299
-3761
-5013
-5835
-6202
-7316
-8564
-9090
-9500
-9469
-9432
-9422
-8934
-8789
-8297
-6927
-5376
-3653
-2223
-924
900
2697
4230
5808
7220
8156
8502
8579
8919
9263
9155
8867
8759
8534
8013
7867
8160
8275
7899
7389
7316
7055
6530
6170
5700
5177
4234
3354
3172
2933
2773
2977
3355
3739
3081
1680
995
-25
-2015
-3898
-5937
-8058
-10566
-13065
-13679
-13930
-15048
-15469
-14797
-13689
-12798
-11476
-9025
-6731
-5771
-5003
-3245
-1857
-1332
-582
359
947
801
801
2041
3401
4047
4809
5761
6554
7317
7959
8677
9088
8500
7547
6543
5377
4277
2845
1115
-422
-1930
-3385
-4422
-5059
-5476
-6171
-7423
-8277
-8644
-9141
-9359
-9545
-9750
-9666
-9521
-8565
-6892
-5242
-3499
-1878
40
2354
4333
6140
7830
9050
9540
9550
9681
9796
9526
8867
8342
8077
7495
7179
7612
7991
7960
7751
7795
7946
7629
7108
6704
6125
5049
3883
3281
2910
2435
2273
2551
2901
2393
969
346
-224
-2085
-3811
-5496
-7415
-9760
-12475
-13194
-13350
-14746
-15421
-15008
-14088
-13432
-12511
-10033
-7648
-6668
-5792
-3869
-2096
-1367
-447
833
1611
1539
1478
2566
3840
4350
4894
5704
6390
7058
7620
8293
8892
8478
7615
6848
5927
4978
3627
1965
431
-1143
-2766
-4045
-4874
-5739
-6709
-7873
-9015
-9475
-9737
-9907
-9983
-10135
-9664
-9053
-8367
-6703
-4765
-3263
-2024
-262
2173
3993
5181
6741
8197
8564
8426
8950
9569
9233
8566
8505
8609
8137
7733
8279
8725
8199
7763
7868
7889
7395
6660
6278
5657
4487
3536
3078
2882
2455
2228
2641
3131
3185
2110
1165
781
-940
-2938
-4590
-6477
-8568
-11560
-13215
-13226
-14335
-15382
-15216
-14233
-13217
-12692
-10795
-7834
-6260
-5584
-4059
-2104
-1114
-709
221
1363
1555
1089
1574
2973
3903
4276
4993
6016
6813
7309
7870
8769
8915
8076
7254
6329
5375
4081
2313
856
-675
-2303
-3702
-4692
-5156
-5963
-6941
-7898
-8778
-8929
-9228
-9609
-9585
-9675
-9394
-8948
-8034
-6061
-4435
-3215
-1466
713
2907
4549
6065
7854
8856
8815
9002
9650
9621
8895
8487
8401
7966
7352
7361
7930
7977
7488
7528
7825
7661
7271
6868
6454
5688
4587
3754
3324
2913
2384
2325
2615
2900
2697
1453
795
284
-1619
-3411
-5072
-6953
-9234
-12026
-13066
-13218
-14475
-15309
-14787
-13720
-13063
-12260
-10047
-7422
-6212
-5540
-3712
-1884
-1225
-693
445
1456
1433
1122
2033
3529
3998
4318
5333
6183
6848
7306
7956
8788
8477
7699
7066
6136
5151
3752
2036
557
-855
-2491
-3988
-4808
-5395
-6188
-7308
-8097
-8010
-8479
-9196
-8889
-8749
-9017
-8964
-8234
-6755
-5756
-4731
-2708
-991
523
2528
4442
6087
7221
8097
9016
9330
9381
9552
9176
8523
8158
7909
7533
7144
7164
7235
6853
6657
7008
7104
6506
5948
5657
5151
4359
3592
3429
3212
2480
2437
2992
3477
3191
1903
1323
719
-1219
-2920
-4298
-6054
-8536
-11403
-12493
-12617
-13829
-14730
-14245
-13390
-13067
-12455
-10214
-7549
-6481
-6015
-4310
-2599
-2075
-1405
-95
929
902
496
1408
2949
3587
4125
5111
5972
6610
7115
7946
8905
8804
7938
7160
6297
5341
4160
2636
1216
-138
-1808
-3302
-4100
-4711
-5428
-6516
-7770
-8162
-8537
-9256
-9337
-9248
-9155
-9252
-9098
-7412
-5627
-4615
-3159
-1260
648
2215
3764
5931
7480
7794
8131
8798
9117
8850
8534
8529
8220
7489
7168
7429
7623
7484
7342
7353
7318
7123
6772
6367
5826
4984
4185
3449
2814
2637
2275
2011
2489
2990
3106
2214
1266
1026
-511
-2603
-4104
-5879
-8143
-11079
-12742
-12774
-13799
-15111
-14897
-13758
-13138
-12686
-10670
-7830
-6425
-5979
-4358
-2324
-1638
-1272
-46
1126
1080
597
1262
2709
3371
3614
4684
5727
6271
6950
7782
8702
8851
8195
7620
6850
5900
4767
3143
1528
181
-1425
-3123
-4153
-4817
-5578
-6664
-7761
-7984
-8266
-8926
-8902
-8698
-8622
-8651
-8347
-7029
-5753
-4810
-3491
-1964
-305
1351
2948
4672
6145
7053
7673
8233
8762
9002
8674
8293
8162
7821
7276
7027
7189
7132
6627
6394
6602
6579
6084
5724
5528
4941
4180
3694
3377
2929
2504
2289
2449
2896
3239
3369
2592
1601
1022
-601
-2409
-3870
-5783
-8001
-10767
-12226
-12314
-13389
-14280
-13921
-13150
-12696
-12078
-9984
-7504
-6405
-5897
-4395
-2726
-2179
-1638
-394
497
309
-44
798
2202
2824
3308
4517
5481
5967
6701
7725
8739
8780
8076
7525
6707
5738
4652
3224
1777
226
-1386
-2812
-3726
-4137
-4787
-5901
-6798
-7175
-7564
-8114
-8446
-8319
-8414
-9042
-8803
-7647
-6570
-5592
-4461
-2699
-903
502
2450
4622
6136
7018
7752
8549
8948
8835
8534
8223
7720
7004
6635
6606
6557
6488
6314
6198
6361
6485
6500
6361
5926
5414
4627
3848
3507
2988
2418
2003
1827
2332
2801
3169
3167
2253
1601
603
-973
-2221
-3998
-6093
-8603
-10996
-11821
-12563
-13637
-14048
-13833
-13266
-12803
-11487
-9069
-7150
-6237
-5290
-3634
-2378
-1822
-841
233
463
110
210
1261
2306
2738
3485
4462
5031
5753
6773
7966
8704
8417
8007
7548
6833
6068
4916
3485
1848
126
-1471
-2802
-3635
-4441
-5532
-6699
-7511
-7840
-8158
-8291
-8238
-8235
-8230
-8179
-7457
-6200
-5064
-4051
-3065
-1741
-156
1334
2939
4534
5636
6248
6779
7455
8074
8169
7890
7731
7456
7070
6974
7118
7112
6672
6202
6035
6021
5908
5687
5475
4897
4134
3637
3339
3183
2823
2484
2403
2504
3021
3688
4073
3496
2477
1741
260
-1455
-2981
-4887
-7078
-9846
-11626
-11973
-12840
-13678
-13577
-12971
-12461
-11913
-10158
-7710
-6313
-5836
-4697
-3173
-2528
-2019
-1003
-188
-217
-648
-89
1290
2127
2715
3817
4795
5476
6399
7540
8713
9042
8545
8147
7444
6540
5645
4277
2716
1109
-526
-1939
-2950
-3586
-4230
-5132
-6124
-6523
-6597
-7114
-7476
-7587
-7868
-8251
-8489
-7813
-6716
-6156
-5382
-4002
-2435
-863
754
2747
4590
5553
6335
7376
8165
8391
8256
8148
7741
7013
6623
6565
6524
6175
5782
5742
5660
5680
5890
5944
5810
5259
4667
4360
4035
3696
3124
2578
2361
2172
2429
3034
3532
3524
2519
1742
1226
-169
-1626
-3171
-5157
-7442
-9943
-11121
-11461
-12553
-13416
-13464
-13071
-12607
-11754
-9717
-7640
-6716
-6102
-4695
-3067
-2278
-1577
-560
-121
-313
-404
498
1947
2587
2986
3883
4736
5619
6676
7859
8857
8835
8213
7802
7388
6708
5678
4232
2541
912
-664
-1947
-2668
-3386
-4247
-5164
-6028
-6160
-6149
-6705
-7165
-7399
-7800
-8328
-8416
-7638
-6834
-6696
-6127
-4492
-2851
-1559
128
2232
3847
4659
5647
7159
8004
7843
7679
7748
7252
6367
6095
6239
5994
5413
5189
5454
5547
5512
5823
6065
5817
5410
5167
4992
4609
4067
3503
2798
2359
2346
2408
2761
3261
3663
3428
2438
2181
1731
-25
-1682
-3327
-5239
-7712
-10122
-10699
-11228
-12823
-13671
-13311
-12576
-12222
-11163
-8820
-7047
-6493
-5724
-3807
-2268
-1961
-1315
-286
14
-312
-180
1044
2108
2238
2706
3833
4705
5487
6530
7676
8351
8038
7661
7588
7165
6358
5144
3685
2164
654
-670
-1778
-2569
-3395
-4386
-5165
-5535
-5499
-5689
-6278
-6687
-6919
-7353
-7839
-7720
-7132
-6931
-6969
-6239
-4639
-3182
-2009
-312
1652
3000
3980
5441
6999
7624
7442
7371
7512
7038
6253
6087
6044
5499
4912
4883
5262
5389
5287
5549
5923
5817
5561
5485
5327
4850
4128
3510
3019
2638
2438
2363
2543
2804
3170
3121
2303
2049
1584
17
-1439
-2888
-4399
-6542
-9068
-10027
-10658
-12136
-13152
-13007
-12328
-12163
-11549
-9641
-7744
-6839
-6120
-4253
-2571
-2192
-1540
-468
151
114
21
966
2027
2133
2497
3574
4447
5125
5883
6847
7753
7746
7454
7533
7258
6571
5551
4227
2938
1624
174
-1105
-1924
-2792
-3789
-4568
-5088
-5027
-5194
-5863
-6112
-6432
-6934
-7335
-7575
-7213
-7038
-7251
-6750
-5563
-4324
-3167
-1732
60
1590
2783
4245
5867
6836
7042
7189
7371
7097
6547
6152
5845
5319
4638
4439
4677
4783
4870
5097
5317
5443
5565
5776
5783
5441
4932
4318
3778
3326
2894
2680
2384
2183
2508
2808
3108
3030
2342
1990
1066
-400
-1484
-3027
-4833
-6978
-9029
-9952
-10963
-12082
-12495
-12388
-12042
-11739
-10632
-8829
-7365
-6335
-5334
-3741
-2546
-2000
-984
-186
72
81
158
915
1555
1779
2368
3154
3800
4537
5466
6442
7214
7385
7274
7310
7012
6348
5473
4231
2940
1605
41
-1195
-1996
-2987
-4041
-4847
-5260
-5256
-5645
-6159
-6124
-6334
-6900
-7120
-6852
-6529
-6601
-6630
-5962
-4936
-4192
-3151
-1542
-245
814
2043
3480
4870
5579
6047
6599
6629
6361
6263
6149
5739
5194
4853
4734
4748
4813
4996
5213
5188
5253
5534
5661
5695
5546
5074
4586
4158
3780
3386
2955
2695
2534
2496
2684
3111
3258
2577
1992
1435
181
-1052
-2381
-3867
-5652
-7905
-9136
-9768
-10849
-11577
-11715
-11441
-11226
-10702
-9117
-7417
-6411
-5734
-4444
-2974
-2349
-1677
-723
-213
-242
-414
185
1120
1430
1769
2540
3232
3872
4734
5780
6752
7112
7000
6980
6862
6491
5818
4743
3461
2060
615
-662
-1545
-2317
-3297
-4230
-4822
-4908
-4924
-5158
-5223
-5249
-5623
-6130
-6206
-5994
-6098
-6397
-6408
-5948
-5345
-4645
-3409
-2005
-819
323
1677
3287
4546
5364
6001
6350
6433
6319
6212
6007
5559
5027
4543
4423
4532
4669
4872
5031
5272
5449
5607
5950
6025
5720
5211
4566
4073
3601
2983
2521
2202
1825
1682
1953
2466
2761
2274
1750
1545
708
-435
-1461
-2703
-4429
-6672
-8229
-8857
-9821
-10993
-11473
-11314
-11263
-11063
-9800
-8060
-6874
-6222
-5142
-3488
-2481
-1849
-867
-194
-87
-269
39
1008
1575
1745
2230
2937
3511
4166
5160
6138
6688
6681
6606
6764
6610
6068
5288
4179
2883
1534
200
-805
-1550
-2576
-3624
-4350
-4750
-4749
-4964
-5218
-5143
-5434
-5918
-6100
-5891
-5705
-6008
-6136
-5742
-5185
-4692
-3881
-2524
-1480
-675
534
1987
3357
4232
5006
5796
6017
6043
6178
6234
6006
5486
5089
4897
4810
4830
4914
5027
4980
4939
5062
5176
5321
5255
4830
4352
3880
3520
3187
2708
2308
1992
1723
1645
1968
2526
2862
2805
2410
2146
1817
837
-213
-1316
-2917
-4835
-6717
-7828
-8582
-9759
-10712
-10985
-10848
-10717
-10168
-8796
-7475
-6640
-5949
-4761
-3314
-2625
-2073
-1262
-880
-879
-879
-361
402
644
815
1490
2323
3046
3967
5027
5884
6353
6468
6708
6949
6696
6060
5150
4028
2854
1621
377
-626
-1561
-2661
-3544
-4065
-4189
-4154
-4426
-4590
-4514
-4629
-4945
-5113
-5026
-5220
-5738
-6048
-5808
-5310
-5085
-4490
-3356
-2392
-1403
-118
1501
2993
3868
4750
5707
6184
6303
6419
6473
6108
5538
5136
4892
4671
4444
4453
4576
4559
4639
4931
5200
5302
5292
5136
4846
4421
3894
3471
2933
2280
1820
1521
1414
1433
1631
2029
2355
2428
2209
2092
1789
819
-250
-1456
-2920
-4632
-6475
-7622
-8592
-9902
-10846
-11169
-10996
-10771
-10253
-9056
-7808
-6871
-5999
-4666
-3259
-2517
-1943
-1266
-736
-528
-448
57
677
938
1154
1749
2583
3274
3985
4868
5684
6120
6284
6562
6713
6432
5777
4931
4024
2905
1689
535
-557
-1531
-2548
-3404
-3867
-4131
-4300
-4545
-4728
-4657
-4755
-5067
-5195
-5145
-5276
-5617
-5674
-5319
-4943
-4637
-3990
-2923
-1950
-1037
237
1664
2857
3799
4714
5611
6137
6320
6481
6505
6186
5766
5449
5142
4864
4628
4513
4542
4508
4545
4645
4670
4701
4591
4359
4086
3731
3324
2817
2361
2006
1619
1274
1108
1183
1320
1489
1868
2180
2087
1787
1542
1017
29
-1099
-2328
-3788
-5499
-6967
-7866
-8805
-9827
-10347
-10327
-10160
-9857
-8971
-7694
-6613
-5805
-4754
-3342
-2361
-1730
-981
-387
-132
-183
12
543
762
821
1117
1654
2201
2760
3561
4374
4928
5206
5457
5790
5829
5522
4976
4184
3261
2194
1051
40
-929
-2008
-2960
-3605
-3908
-4033
-4273
-4330
-4202
-4253
-4297
-4244
-4091
-4125
-4471
-4599
-4460
-4271
-4069
-3654
-2967
-2362
-1630
-587
623
1828
2776
3720
4609
5249
5812
6148
6240
6110
5775
5393
5026
4726
4435
4162
3932
3815
3885
3964
4066
4204
4231
4215
4147
4038
3872
3483
2940
2423
1956
1528
1158
922
831
805
882
1179
1681
1960
1832
1698
1448
808
-87
-1092
-2151
-3618
-5342
-6591
-7516
-8503
-9400
-9820
-9790
-9715
-9363
-8422
-7195
-6211
-5468
-4409
-3254
-2470
-1880
-1320
-858
-776
-894
-662
-225
31
191
586
1239
1891
2574
3447
4361
4993
5309
5608
5932
5957
5558
4906
4075
3085
1946
804
-74
-944
-1913
-2661
-3117
-3227
-3287
-3361
-3164
-3014
-3020
-3038
-3000
-2981
-3263
-3606
-3858
-4028
-4110
-4100
-3801
-3456
-2969
-2166
-1286
-175
973
2055
3073
3814
4609
5257
5513
5606
5503
5293
4867
4432
4225
3932
3602
3373
3395
3567
3639
3837
4077
4168
4140
4053
4024
3847
3416
2890
2351
1823
1319
922
681
556
462
529
903
1436
1974
2244
2281
2246
1905
1288
483
-471
-1734
-3424
-4954
-6156
-7195
-8216
-9106
-9388
-9479
-9462
-8914
-7939
-6781
-5950
-5161
-3990
-2970
-2290
-1732
-1112
-742
-855
-887
-627
-304
-214
-145
353
895
1372
2088
2974
3811
4308
4640
5097
5450
5471
5184
4730
4086
3191
2213
1282
472
-381
-1365
-2070
-2404
-2551
-2604
-2687
-2575
-2438
-2565
-2635
-2594
-2590
-2892
-3438
-3709
-3857
-4050
-4186
-4043
-3580
-3268
-2771
-1795
-657
473
1369
2396
3462
4127
4710
5193
5470
5370
4967
4695
4394
4027
3643
3320
3177
3036
3049
3249
3491
3712
3815
3886
3944
3952
3768
3447
3067
2545
2056
1558
1181
963
707
621
679
965
1399
1814
2185
2224
2162
1878
1311
702
-327
-1503
-2912
-4495
-5641
-6761
-7737
-8521
-9120
-9261
-9300
-8896
-8100
-7213
-6268
-5506
-4499
-3515
-2762
-2017
-1536
-1164
-1082
-1071
-786
-546
-268
-64
243
759
1299
2076
2882
3670
4331
4740
5232
5590
5726
5632
5181
4570
3752
2850
1964
1044
134
-774
-1548
-2110
-2394
-2487
-2542
-2574
-2564
-2490
-2474
-2455
-2435
-2608
-2993
-3445
-3680
-3826
-3994
-3996
-3847
-3531
-3104
-2373
-1295
-285
691
1642
2584
3468
4112
4722
5090
5072
4854
4535
4260
3902
3516
3194
2865
2652
2640
2853
3139
3373
3558
3659
3764
3862
3895
3773
3430
2990
2475
1975
1601
1309
1009
725
584
652
938
1306
1758
2137
2154
2060
1837
1441
852
-133
-1257
-2624
-4127
-5378
-6456
-7351
-8204
-8816
-9029
-9003
-8540
-7821
-6891
-5932
-5179
-4229
-3272
-2433
-1742
-1333
-993
-905
-906
-780
-591
-349
-271
-33
438
1011
1786
2554
3389
4095
4553
5052
5436
5651
5565
5126
4538
3764
2895
1998
1128
264
-647
-1422
-1963
-2221
-2304
-2308
-2193
-2097
-2009
-1889
-1777
-1723
-1894
-2260
-2697
-3130
-3525
-3864
-4083
-4216
-4215
-3967
-3418
-2613
-1690
-669
374
1378
2332
3191
3927
4410
4629
4614
4420
4126
3743
3375
2980
2572
2307
2214
2338
2573
2871
3246
3554
3839
4110
4302
4361
4159
3805
3399
2867
2304
1779
1246
729
301
105
136
251
532
954
1355
1592
1700
1804
1620
1110
404
-524
-1575
-2867
-4138
-5181
-6255
-7209
-7966
-8347
-8353
-8241
-7761
-7024
-6188
-5302
-4464
-3441
-2556
-1935
-1409
-1068
-785
-727
-748
-609
-541
-487
-383
-66
460
976
1654
2456
3245
3927
4455
5009
5409
5488
5336
4982
4471
3743
2875
2016
1140
238
-627
-1308
-1762
-2049
-2198
-2186
-2030
-1819
-1630
-1483
-1340
-1323
-1517
-1842
-2277
-2749
-3262
-3761
-4083
-4244
-4272
-4130
-3682
-2950
-2120
-1154
-101
1012
2046
2860
3635
4226
4478
4495
4330
4052
3589
3056
2632
2252
1938
1724
1723
1913
2163
2574
3033
3418
3763
4005
4146
4154
3946
3592
3102
2454
1835
1253
666
213
-105
-221
-169
34
471
982
1521
1946
2207
2337
2129
1722
1072
109
-1015
-2372
-3690
-4889
-6019
-6917
-7619
-7993
-8093
-7912
-7359
-6632
-5722
-4821
-3928
-2977
-2246
-1624
-1161
-894
-742
-819
-919
-984
-1018
-957
-815
-489
-49
540
1285
2083
2956
3701
4337
4882
5190
5302
5145
4758
4185
3399
2508
1570
662
-205
-974
-1567
-1976
-2177
-2224
-2110
-1856
-1560
-1295
-1108
-999
-1002
-1175
-1513
-1921
-2381
-2979
-3566
-3984
-4249
-4371
-4318
-3950
-3303
-2546
-1642
-535
622
1630
2522
3322
3928
4267
4370
4327
4110
3686
3173
2708
2292
1934
1722
1669
1789
2015
2333
2790
3257
3656
3934
4091
4129
3970
3656
3195
2640
2028
1375
796
319
-16
-211
-258
-79
285
786
1328
1868
2315
2546
2598
2360
1935
1306
323
-798
-2051
-3291
-4429
-5509
-6327
-6936
-7325
-7471
-7305
-6762
-6128
-5371
-4560
-3766
-2962
-2371
-1829
-1387
-1215
-1178
-1261
-1326
-1383
-1421
-1331
-1128
-763
-320
324
1145
1961
2787
3486
4145
4690
4979
5104
4976
4604
3970
3181
2365
1467
577
-298
-1052
-1627
-2064
-2230
-2230
-2120
-1898
-1640
-1326
-1004
-716
-574
-642
-881
-1249
-1673
-2227
-2779
-3235
-3701
-4038
-4103
-3840
-3381
-2803
-1989
-1043
-82
888
1899
2813
3401
3750
3939
3963
3766
3377
2976
2468
1896
1448
1177
1129
1157
1302
1634
2052
2537
3043
3536
3916
4079
4057
3888
3620
3204
2649
2047
1404
818
357
39
-92
-76
64
320
728
1266
1800
2223
2470
2574
2420
1965
1396
618
-428
-1630
-2818
-3884
-4902
-5721
-6272
-6611
-6767
-6713
-6286
-5680
-5022
-4243
-3506
-2804
-2225
-1783
-1355
-1135
-1120
-1218
-1355
-1448
-1544
-1528
-1403
-1154
-769
-306
397
1198
1933
2657
3299
3855
4226
4393
4411
4200
3747
3130
2471
1732
954
244
-433
-979
-1381
-1633
-1673
-1599
-1443
-1229
-1009
-797
-587
-482
-562
-778
-1104
-1516
-2003
-2499
-2916
-3311
-3648
-3797
-3677
-3358
-2910
-2262
-1465
-613
239
1096
1951
2599
3002
3253
3351
3271
3019
2705
2329
1877
1450
1147
1010
952
998
1181
1468
1844
2253
2708
3109
3396
3565
3555
3473
3284
2962
2542
2017
1531
1052
649
389
228
229
272
474
823
1195
1654
1983
2247
2374
2261
2077
1630
1023
268
-692
-1645
-2644
-3520
-4291
-5006
-5465
-5769
-5843
-5732
-5447
-4938
-4471
-3954
-3415
-2944
-2489
-2222
-2001
-1876
-1909
-1934
-1967
-1919
-1859
-1763
-1507
-1137
-619
-26
665
1397
2027
2630
3148
3580
3856
3912
3826
3553
3132
2599
2028
1445
805
223
-291
-671
-882
-991
-975
-914
-791
-619
-449
-260
-159
-176
-367
-650
-925
-1307
-1696
-2064
-2409
-2698
-2926
-2909
-2710
-2442
-2084
-1605
-1015
-452
173
835
1371
1792
2050
2252
2370
2344
2286
2129
1916
1693
1495
1426
1402
1442
1514
1607
1800
2020
2314
2590
2762
2889
2904
2861
2762
2565
2283
1890
1442
1042
698
405
189
49
-24
-34
81
326
598
886
1145
1353
1470
1452
1416
1219
799
287
-334
-992
-1693
-2360
-2925
-3512
-3999
-4299
-4425
-4439
-4363
-4112
-3829
-3544
-3206
-2842
-2500
-2307
-2168
-2032
-1988
-1999
-2002
-1933
-1867
-1789
-1581
-1265
-862
-428
80
680
1239
1742
2222
2667
2977
3118
3151
3099
2916
2579
2205
1790
1326
869
425
99
-179
-434
-586
-648
-603
-581
-537
-448
-450
-474
-581
-689
-823
-1115
-1408
-1738
-2021
-2266
-2522
-2587
-2597
-2531
-2344
-2044
-1553
-1083
-565
14
549
1063
1465
1859
2161
2288
2344
2297
2232
2108
1960
1843
1692
1594
1538
1561
1656
1757
1892
2010
2153
2304
2412
2473
2452
2372
2192
1967
1744
1483
1200
899
655
465
324
312
356
448
590
766
987
1199
1421
1578
1598
1518
1360
1131
746
259
-251
-875
-1552
-2162
-2664
-3114
-3556
-3859
-4009
-4083
-4071
-3928
-3675
-3445
-3240
-2996
-2744
-2523
-2388
-2300
-2198
-2151
-2168
-2119
-1991
-1852
-1711
-1505
-1168
-754
-342
119
651
1137
1532
1926
2298
2549
2652
2633
2557
2400
2131
1845
1537
1175
802
480
258
82
-63
-160
-197
-202
-225
-190
-149
-190
-283
-455
-633
-830
-1097
-1335
-1571
-1825
-2027
-2100
-2063
-1980
-1779
-1514
-1205
-823
-412
60
473
806
1141
1373
1557
1705
1776
1787
1707
1607
1514
1445
1392
1330
1315
1272
1278
1358
1405
1502
1565
1578
1596
1594
1618
1594
1518
1404
1252
1104
943
826
716
587
499
458
504
594
709
858
1009
1170
1330
1493
1615
1657
1609
1454
1264
1004
656
272
-186
-682
-1198
-1665
-2056
-2421
-2743
-3030
-3221
-3334
-3395
-3350
-3273
-3206
-3147
-3056
-2912
-2797
-2696
-2599
-2520
-2461
-2402
-2239
-2033
-1810
-1536
-1239
-856
-443
-23
451
901
1274
1582
1855
2100
2246
2272
2222
2110
1920
1675
1438
1205
938
670
452
311
230
164
116
78
26
-37
-121
-211
-338
-514
-720
-956
-1147
-1317
-1486
-1618
-1689
-1678
-1644
-1527
-1301
-1045
-777
-494
-152
175
422
672
886
1033
1106
1148
1207
1188
1145
1105
1072
1077
1069
1109
1170
1227
1299
1352
1438
1503
1515
1495
1431
1360
1240
1090
965
827
676
528
447
419
408
448
518
623
728
851
1000
1123
1242
1300
1322
1330
1295
1245
1143
1023
860
651
455
251
61
-169
-429
-662
-926
-1164
-1397
-1637
-1866
-2110
-2316
-2511
-2686
-2825
-2967
-3072
-3147
-3174
-3152
-3091
-2969
-2814
-2629
-2422
-2181
-1879
-1576
-1283
-970
-664
-385
-106
165
408
624
800
964
1118
1240
1333
1413
1479
1503
1509
1499
1482
1452
1358
1270
1179
1045
904
745
595
414
201
22
-159
-326
-478
-614
-717
-834
-881
-902
-926
-879
-851
-790
-691
-594
-464
-372
-268
-159
-68
41
116
207
282
342
443
531
636
722
816
953
1038
1145
1276
1342
1383
1411
1418
1373
1291
1221
1114
976
850
763
689
602
567
565
570
591
643
729
797
847
901
949
966
954
946
908
835
757
671
598
519
440
363
288
224
149
75
-26
-156
-302
-478
-660
-877
-1121
-1354
-1607
-1861
-2096
-2299
-2459
-2602
-2685
-2731
-2743
-2691
-2598
-2455
-2306
-2142
-1944
-1765
-1565
-1377
-1213
-1037
-889
-738
-594
-450
-277
-144
-14
139
298
453
593
758
897
991
1086
1166
1222
1214
1168
1128
1045
930
820
699
570
423
307
230
139
60
4
-40
-92
-136
-143
-148
-155
-166
-191
-197
-209
-222
-219
-227
-227
-211
-165
-86
22
140
265
415
564
712
863
1006
1123
1209
1278
1314
1339
1322
1271
1220
1138
1057
977
906
867
827
806
810
832
869
903
955
987
997
992
967
946
879
785
688
573
463
350
245
141
42
-31
-106
-173
-232
-299
-390
-515
-618
-746
-918
-1093
-1279
-1463
-1667
-1853
-1989
-2115
-2209
-2269
-2272
-2241
-2188
-2092
-1982
-1845
-1718
-1580
-1414
-1278
-1155
-1046
-940
-845
-752
-643
-552
-435
-312
-199
-58
76
230
385
526
666
777
872
922
960
971
932
876
777
690
607
485
389
297
221
155
104
103
88
74
68
80
93
63
57
37
-6
-54
-96
-94
-103
-107
-76
-26
50
117
217
329
430
550
651
748
836
902
960
998
1018
1020
1016
1024
1021
1015
1020
1033
1042
1040
1050
1052
1054
1045
1019
996
957
909
849
791
727
657
593
521
466
415
347
283
212
140
53
-55
-164
-289
-445
-623
-799
-982
-1182
-1359
-1532
-1716
-1854
-1953
-2018
-2057
-2080
-2054
-2014
-1969
-1898
-1784
-1666
-1566
-1454
-1336
-1200
-1075
-944
-781
-652
-540
-401
-245
-88
55
210
354
478
591
692
794
861
889
896
867
833
772
686
610
500
377
259
150
68
-24
-102
-163
-197
-219
-242
-220
-208
-211
-202
-196
-179
-180
-183
-171
-168
-167
-154
-110
-59
-5
65
142
244
341
446
554
644
738
811
870
918
953
979
974
968
952
938
932
911
916
921
921
934
951
982
980
968
972
941
893
833
777
705
610
533
453
381
308
236
190
128
63
20
-18
-66
-132
-193
-276
-388
-500
-626
-767
-926
-1085
-1224
-1360
-1476
-1570
-1643
-1704
-1743
-1736
-1704
-1656
-1596
-1522
-1437
-1357
-1269
-1171
-1074
-987
-899
-808
-711
-597
-471
-343
-223
-89
53
186
321
443
546
615
669
713
729
727
703
662
607
524
453
387
308
237
164
102
44
-13
-48
-73
-100
-136
-164
-179
-203
-220
-229
-241
-258
-263
-245
-206
-169
-123
-62
9
88
181
278
379
474
550
629
702
757
795
823
848
846
851
860
862
867
844
838
855
855
858
865
876
869
848
839
814
772
725
681
631
558
504
460
390
317
257
201
149
98
58
14
-46
-93
-147
-202
-275
-358
-426
-510
-599
-685
-769
-854
-952
-1032
-1102
-1165
-1219
-1265
-1281
-1277
-1265
-1244
-1195
-1137
-1093
-1042
-981
-916
-857
-805
-743
-679
-622
-557
-474
-386
-307
-236
-148
-56
34
122
204
284
324
355
382
378
360
306
241
180
97
17
-48
-102
-155
-206
-220
-213
-192
-160
-136
-89
-49
-19
22
57
81
89
88
77
79
85
85
95
121
158
199
268
348
421
492
558
640
697
733
778
793
785
772
754
732
689
660
639
621
614
611
628
643
662
696
716
747
769
767
759
738
700
640
567
498
410
311
219
137
69
-10
-73
-120
-173
-214
-253
-290
-323
-378
-437
-489
-550
-636
-728
-813
-898
-983
-1055
-1110
-1155
-1184
-1185
-1167
-1135
-1086
-1024
-945
-878
-813
-735
-667
-610
-561
-514
-477
-456
-420
-384
-357
-317
-266
-214
-158
-83
6
76
141
209
266
299
318
328
307
257
192
129
63
-10
-81
-139
-181
-206
-202
-179
-142
-87
-24
47
117
183
241
279
310
326
322
313
299
293
280
273
280
308
361
412
488
578
653
726
795
841
874
887
865
835
794
723
649
580
509
447
392
350
321
300
302
320
340
349
360
369
352
322
282
231
167
88
16
-53
-128
-194
-248
-288
-328
-338
-325
-315
-296
-283
-267
-257
-259
-260
-285
-321
-374
-436
-482
-539
-585
-621
-658
-680
-698
-683
-662
-640
-614
-585
-538
-512
-481
-442
-428
-408
-408
-405
-393
-388
-377
-368
-337
-309
-275
-219
-165
-104
-53
-14
28
74
102
119
127
122
115
102
89
75
48
26
20
6
-3
19
35
40
50
78
100
120
141
150
156
165
175
183
199
217
224
241
262
288
335
363
391
427
462
490
497
521
525
514
507
483
473
453
432
409
379
357
330
317
298
269
251
222
194
167
135
109
78
53
21
-6
-22
-38
-40
-56
-70
-71
-79
-74
-77
-76
-73
-80
-82
-86
-85
-103
-110
-113
-137
-149
-153
-147
-142
-153
-151
-139
-133
-130
-130
-135
-134
-133
-144
-159
-165
-182
-207
-238
-271
-298
-324
-343
-360
-367
-377
-382
-361
-354
-345
-317
-300
-277
-258
-236
-204
-182
-166
-149
-126
-103
-94
-79
-52
-27
0
33
69
104
131
154
177
197
202
196
199
185
163
150
134
114
89
79
75
69
74
79
97
114
126
153
170
181
195
190
180
166
151
138
112
94
77
62
54
53
61
67
79
91
108
130
145
161
163
157
146
125
112
91
69
41
19
8
-1
5
12
15
26
48
75
93
108
123
128
119
104
86
63
38
8
-21
-36
-66
-96
-106
-121
-139
-150
-151
-155
-162
-167
-170
-173
-181
-195
-197
-209
-226
-238
-255
-262
-262
-260
-259
-256
-250
-238
-214
-193
-169
-139
-111
-76
-39
-11
13
36
61
78
90
111
118
113
116
124
123
119
123
124
119
119
116
117
118
113
110
110
103
94
89
77
60
51
37
16
4
-5
-18
-30
-44
-51
-51
-61
-63
-63
-62
-61
-64
-60
-68
-71
-81
-97
-105
-117
-124
-134
-128
-124
-126
-121
-112
-88
-70
-53
-27
-4
20
42
60
75
83
89
93
92
83
78
80
71
63
62
69
71
68
71
76
79
77
73
75
69
49
39
26
13
-1
-20
-15
-18
-28
-15
-2
5
16
34
47
60
78
90
89
91
98
96
92
83
78
71
63
67
64
60
68
75
73
72
74
74
62
48
41
25
1
-17
-31
-55
-81
-92
-115
-134
-139
-148
-141
-133
-131
-120
-113
-100
-89
-86
-78
-76
-61
-56
-52
-35
-33
-26
-19
-17
-9
-4
12
28
29
32
37
39
35
36
37
18
6
3
-12
-27
-32
-35
-43
-56
-63
-62
-64
-64
-55
-59
-69
-64
-53
-49
-51
-43
-31
-36
-33
-25
-16
-14
-14
-2
-1
13
39
41
42
50
48
48
51
48
26
10
-1
-18
-34
-47
-52
-55
-60
-56
-43
-32
-16
16
37
54
78
97
116
122
128
135
135
137
128
128
123
107
113
114
116
122
129
134
123
125
119
101
96
79
52
27
-3
-34
-72
-100
-124
-153
-166
-164
-163
-163
-155
-139
-132
-121
-99
-90
-90
-84
-81
-81
-77
-80
-81
-86
-86
-80
-73
-58
-40
-25
-12
4
32
45
45
54
54
47
41
32
23
4
-8
-21
-33
-33
-36
-32
-23
-19
-3
16
30
48
63
78
83
85
87
81
74
66
51
42
38
32
25
17
17
21
23
30
38
38
46
49
44
36
33
28
12
-2
-10
-16
-21
-21
-15
-12
-2
20
41
54
73
90
103
113
127
132
124
120
106
87
74
65
54
39
26
18
14
4
1
-6
-18
-19
-26
-27
-39
-54
-64
-93
-104
-113
-129
-142
-160
-160
-166
-176
-167
-158
-150
-138
-126
-106
-92
-75
-61
-50
-34
-29
-22
-14
-11
-8
-8
-13
-16
-10
-8
-6
-5
-7
-6
-1
5
-5
0
13
4
-1
-1
-1
-9
-14
-18
-26
-29
-32
-37
-40
-35
-39
-33
-25
-19
-6
0
6
16
28
32
39
43
41
48
47
44
47
44
35
35
39
29
23
25
19
17
25
25
24
35
41
39
39
42
47
45
53
65
63
69
85
89
90
102
112
111
111
123
135
130
123
114
108
98
77
65
51
32
16
2
-8
-19
-30
-38
