61
60
61
44
33
23
10
3
-12
-17
-21
-40
-37
-34
-44
-39
-42
-43
-44
-41
-30
-24
-7
-12
-10
2
-2
13
17
20
29
25
33
36
42
43
39
45
38
31
33
22
10
7
2
-5
-7
-15
-18
-19
-27
-24
-25
-23
-19
-23
-22
-22
-15
-10
-11
-7
-7
-6
-1
2
8
13
10
9
18
23
17
18
22
14
13
15
11
13
7
1
6
0
-13
-17
-14
-21
-21
-21
-18
-21
-32
-32
-32
-31
-29
-22
-22
-30
-24
-13
-11
-6
-5
2
12
17
26
33
30
28
31
31
29
28
27
21
12
6
8
5
-2
-14
-19
-22
-32
-28
-30
-40
-41
-44
-46
-48
-39
-35
-39
-35
-26
-21
-14
-4
-3
1
15
16
19
30
37
38
42
55
51
45
47
41
38
38
40
36
37
38
30
33
22
16
23
14
12
8
6
5
-11
-13
-23
-29
-20
-21
-21
-21
-24
-24
-21
-30
-30
-26
-36
-38
-33
-29
-30
-28
-18
-9
-5
-3
-3
7
10
8
23
22
19
27
15
21
27
16
12
15
17
14
12
11
3
-2
-4
-11
-8
-16
-27
-24
-29
-35
-29
-33
-37
-27
-29
-29
-28
-34
-30
-31
-26
-11
-3
-4
11
23
20
32
48
51
51
54
53
55
64
63
65
75
80
87
90
98
100
99
108
107
105
98
89
86
74
59
47
25
-2
-24
-46
-72
-107
-138
-165
-203
-232
-262
-297
-319
-347
-368
-375
-383
-381
-365
-340
-301
-255
-199
-135
-70
-5
85
178
257
344
427
502
567
618
661
688
701
714
717
695
654
605
540
465
368
245
116
-21
-165
-309
-454
-586
-710
-821
-898
-955
-991
-999
-985
-950
-894
-828
-745
-639
-537
-413
-287
-169
-35
98
238
381
514
642
767
865
938
993
1018
1015
989
934
850
754
640
508
370
234
96
-33
-146
-261
-372
-460
-542
-622
-674
-726
-769
-788
-795
-782
-749
-706
-640
-560
-469
-354
-232
-106
24
144
263
370
462
538
595
633
652
657
653
635
611
584
540
489
441
385
322
251
166
80
-10
-103
-191
-281
-365
-441
-493
-537
-577
-582
-578
-561
-529
-497
-444
-383
-327
-267
-201
-134
-82
-26
34
81
128
174
216
262
299
327
357
368
379
387
372
346
304
262
215
161
106
56
16
-27
-65
-91
-111
-122
-121
-124
-126
-122
-124
-126
-136
-148
-154
-164
-160
-158
-157
-146
-129
-107
-81
-52
-31
-12
2
6
2
-6
-12
-27
-40
-53
-68
-71
-74
-77
-75
-72
-67
-67
-57
-44
-43
-27
1
38
93
149
215
289
365
447
524
594
647
702
743
754
766
774
766
751
719
679
633
564
466
348
203
29
-166
-374
-587
-813
-1030
-1214
-1370
-1485
-1560
-1594
-1586
-1544
-1456
-1348
-1223
-1071
-917
-761
-604
-444
-283
-118
59
235
409
583
765
939
1091
1225
1325
1403
1445
1435
1382
1292
1163
1009
840
655
461
277
114
-52
-204
-337
-460
-561
-656
-742
-816
-885
-946
-992
-1025
-1039
-1033
-1009
-952
-873
-769
-647
-509
-359
-213
-64
73
199
305
387
455
492
507
511
494
464
435
396
369
353
338
350
369
400
453
503
559
621
678
736
782
822
863
896
919
945
972
985
996
1018
1026
1000
955
879
732
532
298
23
-300
-636
-977
-1323
-1627
-1876
-2064
-2176
-2236
-2241
-2184
-2076
-1938
-1767
-1581
-1397
-1224
-1058
-877
-703
-526
-328
-109
126
360
625
914
1171
1399
1605
1758
1857
1880
1847
1766
1598
1378
1140
891
630
370
140
-76
-278
-453
-583
-685
-790
-889
-980
-1066
-1161
-1232
-1281
-1328
-1356
-1355
-1303
-1204
-1072
-898
-690
-457
-212
38
292
525
732
883
985
1057
1071
1039
981
885
758
632
519
415
316
223
141
71
20
-31
-87
-152
-230
-316
-411
-496
-559
-610
-636
-635
-586
-490
-347
-147
76
323
585
846
1105
1333
1524
1675
1775
1817
1820
1802
1766
1718
1656
1599
1551
1510
1469
1411
1335
1195
980
720
404
17
-430
-912
-1399
-1881
-2332
-2705
-2982
-3167
-3266
-3271
-3183
-3012
-2790
-2509
-2209
-1940
-1679
-1413
-1148
-901
-669
-421
-161
105
392
716
1077
1416
1722
2011
2256
2425
2509
2531
2458
2275
2013
1711
1395
1050
698
358
35
-280
-566
-791
-989
-1192
-1414
-1643
-1854
-2064
-2269
-2439
-2576
-2710
-2799
-2788
-2675
-2492
-2235
-1896
-1513
-1110
-683
-220
244
633
944
1227
1479
1681
1864
2061
2235
2352
2479
2654
2855
3045
3181
3301
3385
3389
3375
3363
3322
3192
2998
2827
2639
2419
2182
1949
1628
1117
530
-50
-659
-1370
-2115
-2830
-3538
-4179
-4693
-4993
-5118
-5206
-5203
-5024
-4710
-4353
-3932
-3423
-2939
-2566
-2193
-1716
-1215
-750
-294
183
681
1155
1659
2256
2810
3204
3489
3748
3944
3976
3898
3752
3438
2963
2448
1980
1526
1020
479
-8
-435
-841
-1161
-1372
-1555
-1804
-2080
-2252
-2367
-2503
-2601
-2660
-2752
-2850
-2856
-2707
-2479
-2247
-1996
-1692
-1340
-960
-530
-51
372
661
890
1160
1415
1587
1723
1797
1750
1637
1557
1547
1523
1420
1279
1157
1078
1036
1049
1135
1166
1086
1061
1158
1273
1364
1452
1511
1508
1522
1628
1819
2015
2145
2252
2395
2554
2686
2806
2868
2649
2133
1559
973
258
-598
-1494
-2407
-3326
-4104
-4631
-4902
-5039
-5135
-5131
-4932
-4591
-4214
-3779
-3336
-3062
-2922
-2689
-2338
-1996
-1681
-1335
-963
-559
-40
630
1387
2088
2628
3049
3476
3866
4077
4148
4068
3724
3214
2733
2313
1869
1373
843
327
-82
-349
-526
-650
-796
-1058
-1379
-1621
-1823
-2103
-2446
-2840
-3309
-3745
-4003
-4060
-4010
-3885
-3681
-3362
-2847
-2157
-1398
-641
57
581
999
1442
1834
2096
2213
2199
2098
2027
2075
2199
2376
2567
2726
2922
3259
3664
3991
4228
4338
4260
4083
3944
3814
3619
3369
3074
2828
2723
2711
2704
2675
2494
2020
1397
794
83
-871
-1947
-3084
-4267
-5329
-6145
-6697
-7050
-7275
-7368
-7211
-6746
-6122
-5446
-4692
-3987
-3456
-2925
-2267
-1636
-1146
-743
-362
16
481
1089
1776
2479
3087
3573
4091
4671
5111
5315
5345
5140
4641
4056
3510
2871
2093
1255
420
-319
-882
-1286
-1612
-1894
-2217
-2602
-2870
-3006
-3215
-3543
-3907
-4303
-4727
-5004
-5035
-4944
-4801
-4545
-4128
-3491
-2613
-1604
-586
398
1245
1941
2626
3270
3692
3850
3830
3670
3444
3306
3281
3290
3306
3344
3454
3729
4132
4497
4758
4898
4852
4684
4559
4451
4224
3874
3494
3116
2801
2602
2420
2153
1744
1105
343
-381
-1136
-2052
-3087
-4155
-5235
-6195
-6887
-7341
-7648
-7825
-7878
-7746
-7312
-6651
-5936
-5183
-4428
-3781
-3133
-2344
-1519
-828
-260
261
751
1296
1936
2576
3165
3681
4067
4402
4802
5158
5280
5196
4956
4534
3997
3466
2883
2156
1348
533
-236
-852
-1330
-1819
-2315
-2755
-3187
-3595
-3858
-4086
-4459
-4860
-5179
-5433
-5563
-5479
-5275
-5011
-4580
-3944
-3130
-2121
-1009
23
962
1869
2684
3379
3958
4350
4473
4434
4374
4303
4257
4265
4243
4184
4208
4388
4642
4899
5097
5133
5029
4880
4707
4510
4280
3950
3505
3099
2836
2653
2455
2191
1774
1086
284
-481
-1313
-2305
-3417
-4592
-5749
-6705
-7398
-7861
-8119
-8265
-8327
-8172
-7678
-6963
-6226
-5470
-4712
-4055
-3382
-2551
-1695
-965
-376
128
634
1242
1949
2658
3312
3867
4282
4650
5104
5507
5634
5532
5255
4783
4224
3702
3140
2413
1568
698
-119
-793
-1349
-1921
-2519
-3113
-3728
-4260
-4634
-4977
-5395
-5798
-6126
-6348
-6364
-6135
-5754
-5284
-4657
-3849
-2881
-1735
-524
591
1599
2537
3358
4078
4711
5143
5320
5367
5363
5325
5341
5351
5297
5269
5307
5378
5488
5636
5673
5536
5333
5129
4907
4668
4418
4085
3715
3388
3102
2792
2412
1805
890
-123
-1163
-2307
-3507
-4691
-5906
-7083
-8029
-8667
-9018
-9164
-9162
-9068
-8793
-8241
-7534
-6731
-5859
-5069
-4412
-3690
-2840
-2001
-1238
-522
142
748
1454
2289
3155
3968
4623
5094
5505
5925
6178
6228
6084
5680
5062
4371
3728
3037
2223
1330
413
-479
-1244
-1854
-2428
-3015
-3659
-4316
-4895
-5356
-5767
-6198
-6594
-6921
-7105
-7055
-6687
-6095
-5379
-4496
-3417
-2186
-861
553
1889
3047
4036
4847
5503
6006
6345
6461
6414
6313
6171
6010
5955
5982
5941
5908
5950
5987
5933
5856
5749
5516
5223
4900
4527
4152
3832
3446
3003
2555
1935
1039
45
-914
-2025
-3238
-4387
-5509
-6622
-7549
-8193
-8668
-8922
-9019
-9043
-8901
-8503
-7938
-7324
-6573
-5785
-5117
-4433
-3579
-2713
-1942
-1161
-410
298
1073
1957
2820
3628
4352
4879
5303
5748
6094
6136
5991
5705
5187
4590
4056
3492
2750
1946
1136
356
-293
-816
-1388
-2140
-2921
-3747
-4560
-5220
-5823
-6539
-7286
-7821
-8147
-8179
-7803
-7150
-6438
-5563
-4348
-2928
-1349
301
1781
2937
3929
4813
5522
6105
6449
6455
6252
6120
6048
5999
6062
6111
6062
6061
6263
6502
6641
6644
6393
5960
5563
5231
4824
4385
3882
3267
2720
2379
2044
1426
540
-632
-1980
-3199
-4233
-5292
-6395
-7423
-8386
-9049
-9186
-8979
-8759
-8535
-8256
-7941
-7331
-6396
-5446
-4690
-4061
-3536
-2980
-2147
-1183
-389
225
809
1377
2079
3024
3948
4607
5016
5264
5427
5651
5830
5667
5168
4489
3712
2959
2401
1871
1111
224
-592
-1301
-1849
-2273
-2868
-3683
-4536
-5364
-6064
-6472
-6777
-7227
-7556
-7574
-7329
-6684
-5599
-4435
-3343
-2095
-734
626
2052
3388
4277
4788
5207
5496
5675
5879
5984
5865
5741
5733
5796
6033
6406
6643
6690
6748
6757
6614
6430
6166
5659
5005
4388
3806
3339
3075
2844
2577
2324
1894
1196
433
-382
-1459
-2759
-4060
-5434
-6836
-7972
-8847
-9556
-10026
-10248
-10328
-10156
-9592
-8805
-7943
-6972
-5967
-5071
-4164
-3158
-2223
-1458
-790
-215
311
942
1659
2359
3038
3710
4296
4855
5506
6078
6376
6443
6338
5991
5491
4958
4302
3405
2373
1330
284
-626
-1384
-2178
-3143
-4091
-4859
-5561
-6119
-6467
-6825
-7284
-7539
-7517
-7331
-6859
-6136
-5405
-4633
-3546
-2253
-936
457
1805
2843
3705
4632
5431
6021
6458
6719
6774
6795
6886
6878
6855
6844
6742
6626
6654
6697
6560
6362
6066
5660
5260
4908
4466
3972
3628
3311
3051
2977
2825
2128
1101
97
-1093
-2440
-3695
-5006
-6596
-8046
-9082
-9807
-10175
-10196
-10120
-10102
-9765
-9077
-8247
-7218
-6146
-5364
-4823
-4119
-3276
-2481
-1729
-1031
-509
-20
737
1633
2559
3496
4299
4855
5427
6148
6659
6863
6843
6529
5855
5156
4581
3784
2777
1763
726
-311
-1070
-1651
-2462
-3404
-4212
-5022
-5799
-6183
-6468
-7003
-7441
-7578
-7599
-7377
-6657
-5840
-5155
-4229
-2976
-1680
-248
1354
2606
3505
4419
5279
5910
6463
6921
7003
6933
6967
6995
6991
7102
7156
7021
6966
6987
6895
6752
6607
6210
5653
5204
4702
4137
3750
3488
3093
2797
2595
1977
988
5
-1110
-2575
-3978
-5278
-6799
-8238
-9257
-10034
-10643
-10783
-10657
-10581
-10247
-9504
-8680
-7809
-6716
-5730
-4998
-4183
-3245
-2444
-1711
-916
-280
290
1072
1961
2759
3606
4482
5117
5673
6312
6801
6952
6963
6799
6273
5620
5004
4205
3179
2214
1241
196
-675
-1413
-2366
-3428
-4265
-5105
-5937
-6467
-6888
-7484
-7883
-7899
-7883
-7633
-6917
-6130
-5481
-4493
-3151
-1912
-574
969
2229
3126
4131
5142
5825
6348
6808
6994
7016
7179
7311
7361
7434
7459
7378
7339
7407
7299
7062
6749
6226
5610
5122
4639
3999
3502
3191
2864
2623
2600
2288
1390
401
-618
-1946
-3375
-4672
-6229
-7977
-9321
-10241
-10957
-11325
-11262
-11185
-11009
-10360
-9403
-8368
-7201
-6031
-5181
-4377
-3409
-2460
-1650
-903
-260
191
797
1616
2431
3230
4096
4849
5394
6047
6705
7096
7195
7101
6730
6113
5463
4680
3733
2702
1629
508
-444
-1278
-2319
-3305
-4138
-5054
-5905
-6355
-6767
-7374
-7675
-7672
-7726
-7567
-6833
-6087
-5481
-4451
-3137
-1935
-614
981
2287
3250
4274
5269
5977
6505
6974
7165
7245
7405
7522
7580
7637
7653
7587
7568
7539
7384
7169
6862
6329
5727
5274
4747
4061
3522
3178
2795
2504
2434
2045
1087
38
-982
-2309
-3738
-5008
-6503
-8202
-9558
-10474
-11158
-11484
-11397
-11262
-11042
-10379
-9387
-8339
-7170
-6003
-5123
-4330
-3399
-2461
-1676
-959
-319
156
756
1612
2469
3255
4112
4896
5496
6130
6780
7174
7250
7154
6786
6131
5447
4679
3699
2603
1499
418
-515
-1416
-2471
-3435
-4292
-5197
-5945
-6333
-6782
-7395
-7629
-7609
-7705
-7517
-6760
-6078
-5563
-4555
-3246
-2084
-749
881
2180
3135
4219
5267
5967
6522
7048
7245
7265
7417
7591
7646
7648
7674
7635
7581
7545
7446
7261
6954
6467
5909
5476
5014
4403
3870
3510
3125
2780
2689
2359
1393
226
-890
-2239
-3752
-5089
-6542
-8242
-9672
-10623
-11313
-11683
-11586
-11369
-11163
-10621
-9648
-8538
-7381
-6187
-5245
-4472
-3615
-2666
-1818
-1087
-399
89
632
1473
2387
3216
4116
5000
5569
6126
6816
7297
7388
7287
6949
6217
5413
4633
3711
2637
1558
471
-520
-1394
-2391
-3302
-4103
-5026
-5882
-6342
-6792
-7449
-7700
-7651
-7777
-7709
-6945
-6162
-5613
-4563
-3187
-2021
-751
945
2374
3360
4418
5475
6191
6668
7178
7455
7468
7489
7588
7650
7631
7680
7711
7673
7569
7449
7281
6951
6473
5906
5391
4839
4182
3621
3232
2850
2510
2366
1984
1040
-95
-1180
-2487
-3988
-5330
-6760
-8450
-9903
-10822
-11457
-11872
-11855
-11583
-11308
-10776
-9752
-8551
-7405
-6255
-5239
-4402
-3576
-2622
-1747
-1080
-445
96
650
1450
2385
3255
4136
5027
5678
6296
7019
7507
7581
7468
7124
6410
5629
4846
3866
2677
1529
454
-531
-1418
-2428
-3351
-4187
-5097
-5846
-6233
-6680
-7311
-7550
-7570
-7712
-7570
-6834
-6142
-5590
-4529
-3220
-2028
-663
993
2347
3364
4475
5540
6305
6830
7324
7554
7557
7580
7653
7693
7631
7630
7586
7498
7410
7323
7171
6836
6393
5872
5428
4967
4396
3855
3461
3128
2818
2690
2290
1325
140
-999
-2325
-3869
-5278
-6786
-8509
-10017
-10968
-11579
-11956
-11900
-11638
-11334
-10759
-9713
-8530
-7396
-6290
-5392
-4624
-3813
-2878
-2061
-1411
-798
-274
333
1178
2184
3121
4068
4992
5696
6375
7087
7596
7696
7522
7101
6384
5587
4763
3783
2611
1418
313
-643
-1612
-2647
-3503
-4351
-5291
-5979
-6338
-6841
-7372
-7501
-7557
-7710
-7458
-6724
-6121
-5453
-4324
-3106
-1929
-487
1143
2461
3579
4739
5751
6499
7094
7548
7742
7798
7807
7820
7827
7785
7743
7678
7602
7465
7292
7100
6778
6318
5843
5428
4926
4342
3881
3560
3196
2871
2646
2033
882
-308
-1464
-2950
-4552
-5990
-7594
-9314
-10573
-11292
-11826
-12090
-11894
-11571
-11212
-10417
-9248
-8114
-7038
-5978
-5100
-4339
-3473
-2554
-1796
-1168
-564
-17
657
1577
2556
3495
4448
5327
6042
6750
7435
7838
7854
7600
7106
6349
5514
4632
3590
2405
1199
128
-785
-1729
-2717
-3553
-4396
-5276
-5895
-6266
-6745
-7276
-7497
-7632
-7770
-7515
-6869
-6238
-5538
-4467
-3212
-1902
-416
1191
2608
3781
4926
5979
6790
7358
7757
7942
7925
7890
7907
7915
7842
7769
7677
7547
7440
7310
7127
6822
6379
5892
5485
5050
4499
4059
3740
3357
2978
2689
2035
868
-305
-1478
-2984
-4585
-5974
-7550
-9241
-10433
-11151
-11698
-11954
-11754
-11468
-11127
-10371
-9304
-8252
-7231
-6211
-5385
-4626
-3759
-2891
-2139
-1462
-824
-265
472
1439
2402
3340
4339
5225
5901
6624
7321
7688
7682
7463
7002
6259
5464
4617
3607
2444
1303
317
-601
-1582
-2541
-3376
-4296
-5201
-5799
-6267
-6867
-7368
-7567
-7758
-7856
-7492
-6859
-6257
-5466
-4315
-3055
-1720
-185
1380
2706
3868
5017
6006
6733
7265
7662
7833
7817
7848
7917
7908
7855
7871
7871
7773
7678
7580
7374
7013
6609
6189
5725
5188
4639
4193
3752
3328
3001
2588
1705
510
-642
-1987
-3563
-5069
-6547
-8247
-9831
-10896
-11638
-12158
-12296
-12088
-11834
-11365
-10449
-9345
-8238
-7124
-6090
-5220
-4317
-3341
-2427
-1638
-930
-291
329
1176
2129
3041
3964
4887
5681
6362
7108
7689
7880
7779
7493
6915
6092
5257
4321
3162
1889
756
-224
-1158
-2078
-3005
-3903
-4821
-5598
-6123
-6578
-7117
-7618
-7897
-8046
-8039
-7687
-7075
-6426
-5661
-4545
-3180
-1693
-94
1525
2947
4155
5325
6399
7214
7735
8049
8158
8101
8052
8030
7978
7854
7737
7677
7624
7575
7515
7374
7056
6633
6187
5728
5217
4631
4060
3508
3005
2604
2227
1581
558
-581
-1783
-3164
-4595
-5936
-7413
-8970
-10195
-11037
-11640
-11950
-11868
-11627
-11309
-10663
-9688
-8631
-7564
-6497
-5565
-4709
-3826
-2900
-2002
-1233
-547
97
840
1699
2604
3531
4424
5207
5849
6473
7036
7376
7431
7213
6764
6069
5272
4458
3524
2437
1353
352
-580
-1416
-2278
-3200
-4074
-4858
-5600
-6212
-6648
-7152
-7658
-7855
-7820
-7732
-7324
-6516
-5716
-4854
-3594
-2087
-663
793
2347
3642
4641
5627
6544
7092
7372
7576
7643
7570
7491
7524
7518
7413
7365
7389
7380
7312
7227
7022
6615
6104
5644
5171
4598
4009
3510
3086
2693
2424
2132
1480
502
-502
-1613
-2952
-4260
-5572
-7101
-8605
-9754
-10589
-11214
-11510
-11486
-11371
-11079
-10400
-9451
-8407
-7337
-6336
-5431
-4528
-3614
-2670
-1794
-1087
-442
197
922
1771
2670
3534
4330
5050
5694
6325
6904
7273
7304
7078
6678
6079
5371
4578
3647
2573
1450
385
-513
-1412
-2470
-3400
-4188
-5086
-5896
-6299
-6701
-7339
-7686
-7669
-7724
-7663
-6983
-6148
-5543
-4605
-3210
-1887
-637
896
2381
3449
4405
5493
6359
6837
7238
7566
7651
7561
7591
7686
7586
7441
7434
7459
7366
7273
7217
6978
6505
6062
5711
5211
4602
4103
3676
3214
2877
2667
2211
1314
235
-836
-2115
-3542
-4887
-6300
-7911
-9377
-10373
-11037
-11510
-11662
-11521
-11322
-10927
-10072
-8956
-7894
-6894
-5907
-5034
-4213
-3290
-2321
-1517
-879
-263
402
1214
2140
3096
3992
4783
5453
6097
6769
7300
7527
7430
7108
6556
5860
5132
4287
3241
2067
957
-14
-854
-1685
-2564
-3446
-4368
-5244
-5884
-6334
-6865
-7437
-7816
-8021
-8079
-7777
-7107
-6377
-5592
-4524
-3158
-1705
-183
1433
2857
3971
4979
6001
6796
7283
7615
7778
7708
7588
7612
7596
7439
7329
7323
7296
7285
7338
7286
7039
6659
6245
5803
5284
4691
4085
3559
3086
2680
2373
1925
1021
-87
-1132
-2358
-3757
-5064
-6382
-7902
-9282
-10162
-10736
-11191
-11340
-11174
-10989
-10650
-9845
-8777
-7792
-6860
-5882
-5007
-4218
-3285
-2281
-1477
-838
-209
477
1285
2202
3122
3948
4677
5301
5891
6521
7046
7241
7129
6837
6293
5580
4895
4109
3073
1949
902
-50
-916
-1651
-2413
-3348
-4240
-4968
-5620
-6147
-6548
-7016
-7523
-7778
-7718
-7516
-7081
-6296
-5464
-4626
-3417
-1874
-364
1110
2634
3912
4877
5845
6769
7341
7612
7756
7747
7625
7536
7496
7400
7277
7200
7168
7185
7219
7195
7021
6681
6243
5772
5253
4668
4080
3523
3004
2594
2291
1773
860
-188
-1262
-2548
-3941
-5156
-6435
-7933
-9208
-10027
-10647
-11142
-11187
-10964
-10863
-10555
-9736
-8751
-7845
-6850
-5852
-5035
-4224
-3231
-2275
-1501
-774
-115
546
1380
2318
3180
4028
4827
5388
5875
6487
7012
7125
6984
6752
6226
5508
4883
4209
3194
2082
1145
243
-651
-1345
-1948
-2782
-3663
-4396
-5061
-5642
-6087
-6557
-7137
-7549
-7694
-7631
-7313
-6698
-5956
-5134
-3991
-2577
-1067
476
1995
3299
4345
5285
6150
6831
7217
7377
7351
7264
7213
7127
7065
7012
6927
6869
6936
7026
6998
6906
6736
6375
5904
5503
5036
4416
3856
3373
2874
2471
2119
1397
292
-781
-1895
-3249
-4536
-5660
-7020
-8463
-9454
-10077
-10651
-10945
-10787
-10638
-10562
-10067
-9141
-8266
-7449
-6469
-5594
-4874
-3997
-2943
-2036
-1315
-564
187
957
1867
2838
3681
4443
5126
5630
6143
6695
7004
6946
6727
6386
5795
5149
4583
3812
2729
1721
882
9
-786
-1362
-1996
-2921
-3752
-4316
-4919
-5523
-5928
-6412
-7091
-7499
-7500
-7381
-7117
-6497
-5716
-4923
-3780
-2244
-695
737
2147
3412
4421
5319
6193
6835
7071
7101
7058
6973
6861
6778
6757
6668
6557
6577
6736
6836
6816
6746
6525
6135
5749
5400
4912
4310
3779
3297
2804
2434
2028
1154
36
-965
-2088
-3417
-4565
-5634
-7065
-8456
-9309
-9912
-10534
-10754
-10598
-10662
-10650
-10022
-9096
-8324
-7482
-6470
-5652
-4926
-3919
-2788
-1920
-1162
-331
413
1159
2083
3041
3824
4501
5119
5603
6072
6608
6909
6798
6555
6228
5650
5033
4510
3752
2670
1693
902
25
-783
-1324
-2003
-2999
-3814
-4366
-5005
-5641
-6069
-6578
-7265
-7625
-7527
-7361
-7100
-6454
-5652
-4839
-3673
-2115
-576
790
2163
3428
4422
5341
6263
6893
7090
7100
7076
7013
6947
6937
6952
6863
6755
6813
7007
7088
7005
6871
6564
6046
5573
5231
4709
4014
3484
3062
2610
2312
2123
1506
462
-515
-1511
-2769
-3976
-5056
-6450
-7987
-9105
-9814
-10440
-10831
-10788
-10760
-10769
-10281
-9323
-8382
-7493
-6511
-5653
-4915
-4012
-2925
-1989
-1277
-613
-2
668
1515
2432
3241
3933
4525
5038
5604
6241
6716
6774
6609
6359
5898
5336
4842
4214
3170
2032
1178
402
-446
-1067
-1549
-2439
-3433
-3985
-4396
-5029
-5583
-5945
-6563
-7233
-7334
-7054
-6912
-6643
-5968
-5241
-4410
-3106
-1501
-72
1180
2465
3648
4625
5560
6421
6894
6959
6903
6904
6901
6840
6807
6717
6524
6427
6558
6743
6751
6633
6438
6055
5580
5252
4909
4330
3748
3322
2911
2604
2561
2308
1459
416
-533
-1670
-2945
-4013
-5213
-6820
-8248
-9133
-9800
-10365
-10517
-10425
-10492
-10382
-9688
-8748
-7883
-6979
-6105
-5394
-4688
-3726
-2675
-1871
-1221
-611
2
733
1616
2522
3318
4007
4593
5138
5768
6423
6784
6777
6616
6279
5761
5264
4769
3982
2922
1923
1112
341
-370
-901
-1489
-2313
-3085
-3597
-4054
-4603
-5183
-5797
-6462
-7033
-7233
-7138
-6998
-6756
-6278
-5516
-4513
-3245
-1731
-234
1036
2222
3461
4598
5554
6303
6742
6825
6730
6736
6775
6702
6559
6382
6213
6168
6289
6457
6531
6468
6251
5915
5618
5373
5013
4543
4104
3675
3275
3063
2948
2475
1517
521
-451
-1689
-2953
-4044
-5370
-6990
-8289
-9083
-9782
-10371
-10508
-10485
-10643
-10479
-9712
-8837
-8084
-7237
-6380
-5689
-4934
-3911
-2903
-2154
-1487
-826
-146
696
1628
2509
3330
4055
4601
5137
5855
6470
6703
6729
6659
6284
5765
5415
4973
4155
3188
2320
1465
608
-43
-533
-1150
-1904
-2631
-3237
-3715
-4268
-4908
-5468
-6061
-6725
-7073
-6968
-6826
-6763
-6318
-5510
-4758
-3732
-2167
-703
397
1626
3030
4133
5006
5926
6534
6577
6528
6614
6539
6350
6235
6076
5809
5650
5753
5946
6050
6025
5882
5681
5455
5223
5023
4708
4152
3597
3244
2976
2771
2715
2484
1729
779
-13
-918
-2059
-3150
-4360
-5927
-7347
-8260
-8995
-9733
-10199
-10394
-10626
-10642
-10067
-9214
-8429
-7631
-6785
-5981
-5122
-4073
-3018
-2223
-1621
-1039
-417
310
1122
1858
2503
3105
3617
4138
4813
5498
5917
6057
6102
6062
5863
5627
5328
4734
3879
3017
2277
1534
717
4
-658
-1503
-2351
-2908
-3327
-3916
-4556
-5066
-5624
-6217
-6510
-6516
-6586
-6648
-6368
-5826
-5195
-4309
-3083
-1835
-758
423
1761
2969
4012
4963
5651
5948
6098
6314
6406
6268
6094
5922
5677
5489
5507
5643
5689
5641
5597
5541
5456
5375
5306
5106
4721
4285
4030
3930
3774
3580
3349
2814
1857
888
90
-958
-2301
-3571
-4913
-6476
-7793
-8576
-9194
-9911
-10344
-10377
-10383
-10193
-9468
-8548
-7849
-7186
-6353
-5493
-4667
-3783
-2914
-2302
-1811
-1188
-475
334
1150
1850
2514
3228
3932
4626
5416
6133
6462
6490
6590
6591
6247
5853
5425
4667
3707
2946
2298
1458
572
-155
-861
-1597
-2166
-2674
-3261
-3885
-4577
-5250
-5739
-6196
-6737
-7073
-7178
-7263
-7160
-6526
-5609
-4837
-3832
-2400
-1059
126
1563
2973
3854
4509
5247
5745
5791
5803
5884
5682
5372
5267
5254
5171
5174
5346
5558
5752
5925
6085
6152
6038
5750
5504
5298
4830
4288
3984
3672
3193
2897
2736
2119
1159
463
-270
-1523
-2761
-3766
-5124
-6724
-7813
-8498
-9348
-10035
-10180
-10258
-10442
-10126
-9289
-8561
-7913
-7018
-6088
-5334
-4499
-3465
-2575
-1932
-1239
-519
120
849
1653
2377
3050
3741
4409
5022
5696
6289
6531
6602
6691
6588
6264
5960
5549
4762
3842
3125
2401
1466
641
-28
-939
-1888
-2485
-2993
-3687
-4343
-4843
-5448
-6087
-6389
-6533
-6802
-6929
-6738
-6447
-6014
-5220
-4192
-3179
-2154
-979
224
1326
2414
3422
4153
4641
5017
5326
5526
5559
5556
5568
5500
5424
5440
5528
5590
5625
5705
5731
5642
5577
5518
5269
4963
4743
4444
4083
3848
3663
3379
3143
3013
2533
1641
864
34
-1233
-2552
-3681
-5040
-6632
-7801
-8527
-9367
-10095
-10212
-10152
-10259
-9957
-9093
-8287
-7667
-6831
-5848
-5098
-4366
-3383
-2531
-2017
-1457
-733
-44
646
1418
2183
2850
3502
4222
4945
5642
6220
6524
6649
6730
6648
6356
5968
5474
4702
3737
2903
2146
1248
350
-397
-1161
-2034
-2714
-3106
-3582
-4254
-4764
-5082
-5557
-6072
-6313
-6431
-6698
-6846
-6577
-6149
-5711
-4977
-3897
-2859
-1889
-650
724
1844
2771
3747
4570
5052
5421
5757
5867
5738
5636
5608
5490
5341
5345
5446
5536
5696
5919
6079
6137
6132
6014
5769
5539
5247
4743
4269
3978
3591
3155
2951
2703
1958
1034
392
-461
-1764
-2896
-3887
-5299
-6790
-7711
-8397
-9270
-9896
-9982
-10041
-10195
-9844
-9031
-8314
-7656
-6770
-5816
-5015
-4183
-3189
-2317
-1684
-1066
-397
272
960
1652
2327
3015
3674
4236
4853
5579
6111
6283
6388
6542
6410
6046
5755
5306
4424
3459
2742
1970
974
119
-533
-1416
-2390
-2903
-3240
-3842
-4441
-4866
-5393
-5995
-6271
-6360
-6646
-6878
-6729
-6466
-6162
-5467
-4506
-3613
-2682
-1528
-329
798
1955
3047
3826
4371
4920
5402
5675
5756
5729
5658
5535
5437
5441
5495
5525
5591
5718
5803
5867
5960
5986
5798
5461
5179
4872
4467
4167
3914
3532
3198
3017
2691
1982
1191
500
-477
-1758
-2896
-4010
-5442
-6796
-7716
-8496
-9288
-9764
-9790
-9800
-9792
-9255
-8389
-7655
-6938
-6057
-5169
-4401
-3590
-2672
-1933
-1424
-884
-291
298
935
1574
2203
2858
3463
4049
4716
5396
5896
6094
6214
6316
6150
5821
5482
4904
4002
3063
2265
1436
467
-377
-1055
-1865
-2670
-3170
-3546
-4030
-4527
-4910
-5280
-5680
-5931
-6048
-6245
-6438
-6406
-6173
-5785
-5216
-4484
-3640
-2693
-1645
-522
639
1761
2742
3545
4218
4788
5232
5537
5683
5652
5506
5378
5329
5299
5239
5191
5225
5327
5450
5604
5750
5776
5634
5407
5197
4991
4688
4302
3925
3525
3134
2878
2724
2366
1623
839
159
-763
-1878
-2850
-3899
-5273
-6538
-7315
-7936
-8662
-9077
-9069
-9132
-9137
-8594
-7776
-7141
-6551
-5767
-4951
-4280
-3533
-2656
-2003
-1570
-1093
-540
67
670
1258
1879
2474
3023
3610
4262
4912
5366
5552
5699
5795
5631
5334
5007
4469
3640
2766
2074
1372
524
-247
-896
-1574
-2233
-2735
-3054
-3375
-3855
-4307
-4604
-4907
-5257
-5499
-5601
-5755
-5975
-5879
-5405
-4938
-4439
-3646
-2690
-1802
-877
282
1432
2257
2941
3663
4227
4549
4802
5029
5065
4903
4809
4908
4984
4971
5048
5211
5341
5456
5650
5841
5824
5644
5423
5135
4796
4468
4096
3638
3216
2906
2666
2528
2498
2287
1701
1096
590
-213
-1259
-2187
-3213
-4650
-6040
-6883
-7573
-8477
-9081
-9173
-9322
-9456
-8950
-8028
-7353
-6813
-5953
-4971
-4256
-3558
-2627
-1900
-1554
-1188
-618
-42
427
913
1493
2065
2566
3152
3902
4617
5080
5315
5572
5800
5720
5463
5198
4719
3902
3015
2327
1638
709
-184
-855
-1574
-2335
-2811
-3043
-3342
-3789
-4126
-4287
-4509
-4769
-4945
-5126
-5347
-5519
-5513
-5235
-4828
-4435
-3929
-3203
-2338
-1430
-429
700
1683
2378
3071
3855
4458
4802
5050
5213
5208
5109
5122
5234
5213
5091
5058
5121
5219
5302
5389
5475
5379
5093
4845
4652
4386
4001
3592
3265
3006
2774
2619
2575
2469
2083
1497
1028
560
-295
-1324
-2207
-3276
-4678
-5835
-6511
-7234
-8188
-8764
-8776
-8856
-8926
-8397
-7605
-7121
-6714
-5886
-4892
-4256
-3689
-2868
-2231
-1950
-1535
-827
-209
159
563
1195
1865
2442
3126
3896
4515
4931
5211
5550
5836
5759
5464
5131
4636
3891
3078
2425
1747
761
-174
-747
-1319
-2017
-2529
-2814
-3194
-3717
-4019
-4098
-4370
-4751
-4895
-5016
-5283
-5423
-5324
-5136
-4944
-4606
-4001
-3320
-2582
-1636
-640
282
1210
2114
2918
3621
4248
4759
5051
5204
5376
5464
5405
5371
5362
5288
5192
5198
5311
5345
5308
5333
5291
5082
4867
4654
4343
3958
3544
3156
2818
2547
2350
2151
2001
1950
1733
1242
773
288
-529
-1546
-2472
-3456
-4750
-5979
-6721
-7388
-8292
-8853
-8848
-8866
-8956
-8557
-7721
-7108
-6670
-5800
-4748
-4084
-3483
-2584
-1818
-1478
-1101
-402
229
581
1019
1668
2255
2763
3371
4056
4626
5000
5264
5506
5643
5538
5246
4865
4377
3653
2795
2084
1397
504
-421
-1105
-1612
-2182
-2742
-3049
-3225
-3589
-3972
-4037
-4023
-4322
-4681
-4683
-4692
-5016
-5104
-4716
-4436
-4392
-3936
-2993
-2211
-1570
-548
626
1434
2147
3135
4026
4458
4756
5166
5366
5258
5199
5245
5110
4819
4663
4678
4685
4632
4628
4648
4595
4518
4451
4332
4103
3759
3377
3027
2701
2363
1996
1739
1611
1455
1327
1388
1451
1152
644
292
-134
-972
-1907
-2681
-3706
-5059
-6089
-6647
-7346
-8188
-8491
-8335
-8331
-8220
-7439
-6459
-5890
-5302
-4263
-3286
-2719
-2067
-1186
-648
-515
-203
342
693
817
1067
1486
1814
2117
2612
3209
3680
3962
4194
4477
4649
4517
4235
3943
3438
2660
1907
1336
688
-197
-997
-1497
-1947
-2460
-2788
-2922
-3102
-3375
-3507
-3411
-3361
-3512
-3666
-3649
-3646
-3777
-3799
-3552
-3307
-3231
-2950
-2233
-1474
-890
-157
802
1615
2207
2943
3800
4300
4448
4660
4915
4925
4722
4602
4559
4308
3952
3838
3928
3903
3766
3734
3810
3809
3712
3705
3728
3516
3095
2742
2514
2231
1820
1457
1263
1060
802
744
951
1083
840
493
377
120
-579
-1286
-1822
-2672
-3914
-4861
-5277
-5862
-6750
-7150
-7020
-7093
-7204
-6662
-5763
-5285
-5010
-4226
-3270
-2786
-2408
-1716
-1173
-1124
-1076
-639
-212
-152
-93
292
753
1090
1513
2160
2787
3121
3324
3698
4070
4096
3865
3643
3361
2782
2068
1585
1160
409
-395
-835
-1068
-1395
-1731
-1814
-1818
-2018
-2186
-2103
-1998
-2119
-2416
-2614
-2667
-2849
-3106
-3136
-3012
-3035
-3073
-2673
-1933
-1371
-935
-205
671
1292
1844
2619
3316
3560
3608
3842
4047
3928
3719
3643
3518
3213
2975
3033
3168
3095
3006
3118
3278
3320
3302
3352
3311
3016
2654
2410
2167
1812
1475
1233
1048
930
950
1111
1297
1480
1584
1485
1355
1255
856
105
-618
-1325
-2370
-3561
-4391
-4999
-5904
-6787
-7042
-7038
-7228
-7169
-6530
-5854
-5527
-5010
-4023
-3218
-2877
-2444
-1780
-1413
-1397
-1216
-793
-586
-634
-452
35
453
785
1312
2000
2562
2935
3350
3861
4190
4181
4035
3931
3684
3121
2486
2026
1530
790
127
-179
-423
-848
-1200
-1244
-1251
-1470
-1643
-1557
-1532
-1840
-2184
-2252
-2309
-2674
-3039
-3055
-3025
-3205
-3179
-2678
-2165
-1896
-1426
-559
254
798
1438
2250
2766
2954
3235
3625
3741
3564
3453
3453
3317
3094
3042
3098
3044
2936
2984
3153
3239
3227
3202
3174
3076
2868
2640
2431
2155
1767
1417
1239
1108
927
846
923
990
1026
1185
1359
1283
1004
724
342
-299
-1034
-1757
-2641
-3662
-4531
-5175
-5810
-6410
-6708
-6776
-6822
-6687
-6179
-5546
-5068
-4536
-3777
-3097
-2644
-2135
-1570
-1269
-1204
-1016
-689
-512
-446
-211
140
421
753
1308
1933
2409
2810
3250
3683
3980
4091
4087
3967
3641
3170
2702
2254
1683
998
415
-33
-432
-761
-991
-1142
-1280
-1426
-1508
-1512
-1530
-1685
-1963
-2184
-2338
-2596
-2881
-2980
-3030
-3191
-3207
-2845
-2346
-1978
-1513
-764
-49
499
1164
1949
2493
2729
2963
3262
3352
3241
3170
3093
2848
2558
2426
2430
2400
2322
2328
2447
2591
2709
2837
2958
2968
2816
2658
2557
2355
2022
1663
1338
1055
808
622
547
545
539
570
757
1042
1138
984
834
678
252
-360
-888
-1469
-2366
-3334
-3957
-4439
-5104
-5655
-5809
-5845
-5964
-5809
-5220
-4653
-4346
-3907
-3191
-2619
-2286
-1887
-1436
-1237
-1247
-1103
-800
-636
-597
-413
-63
274
625
1130
1747
2274
2642
3032
3508
3835
3894
3822
3727
3465
2963
2492
2136
1627
964
437
112
-197
-515
-672
-719
-835
-943
-946
-911
-952
-1123
-1360
-1582
-1801
-2065
-2353
-2581
-2736
-2899
-2985
-2806
-2466
-2176
-1835
-1282
-651
-118
434
1072
1604
1905
2156
2477
2671
2637
2544
2484
2348
2149
2054
2099
2122
2058
2096
2271
2429
2524
2657
2814
2824
2719
2665
2607
2387
2061
1739
1401
1015
673
463
299
116
34
100
214
372
628
872
960
947
935
806
479
64
-429
-1103
-1886
-2595
-3202
-3833
-4445
-4853
-5089
-5252
-5245
-4984
-4624
-4311
-3923
-3418
-2926
-2507
-2119
-1774
-1561
-1442
-1309
-1168
-1057
-958
-840
-653
-358
38
489
975
1490
1986
2435
2881
3311
3586
3664
3627
3480
3203
2842
2442
1963
1393
834
367
-20
-334
-580
-774
-922
-989
-989
-972
-964
-998
-1129
-1345
-1526
-1682
-1929
-2220
-2449
-2634
-2799
-2848
-2714
-2497
-2257
-1905
-1400
-837
-281
316
916
1415
1826
2205
2509
2676
2721
2677
2591
2457
2287
2155
2036
1919
1869
1893
1968
2058
2141
2243
2313
2347
2372
2329
2195
1983
1728
1455
1183
938
701
461
255
146
114
136
209
330
473
613
809
1036
1155
1151
1101
945
626
243
-143
-655
-1310
-1907
-2387
-2853
-3279
-3536
-3664
-3809
-3861
-3684
-3451
-3283
-3055
-2751
-2506
-2340
-2127
-1895
-1800
-1792
-1725
-1634
-1574
-1482
-1309
-1109
-893
-584
-187
244
664
1070
1455
1794
2075
2281
2392
2403
2317
2161
1967
1737
1460
1150
839
545
294
95
-55
-179
-292
-374
-440
-483
-513
-576
-695
-856
-983
-1111
-1289
-1458
-1605
-1767
-1911
-1936
-1851
-1759
-1630
-1401
-1119
-809
-436
-24
346
658
971
1279
1522
1705
1827
1882
1878
1846
1817
1783
1735
1685
1651
1652
1702
1784
1869
1931
1968
2000
2030
2022
1971
1903
1790
1629
1481
1362
1202
1021
879
773
680
629
662
709
724
775
873
971
1052
1104
1103
1004
843
646
379
50
-334
-788
-1270
-1711
-2116
-2499
-2832
-3095
-3312
-3480
-3534
-3470
-3387
-3330
-3222
-3069
-2930
-2783
-2591
-2425
-2347
-2279
-2146
-1990
-1853
-1697
-1499
-1284
-1049
-737
-334
80
455
819
1184
1518
1812
2054
2228
2299
2273
2204
2097
1928
1705
1461
1209
959
726
539
378
224
101
-11
-109
-190
-277
-391
-530
-690
-861
-1009
-1160
-1338
-1499
-1618
-1716
-1784
-1773
-1688
-1588
-1465
-1243
-958
-688
-398
-49
298
575
825
1103
1352
1502
1604
1726
1811
1809
1824
1891
1926
1911
1910
1979
2020
2007
2046
2106
2105
2047
1992
1952
1847
1690
1531
1373
1189
985
814
680
537
399
302
260
258
268
320
388
432
466
503
544
558
539
486
364
235
112
-73
-297
-503
-744
-1070
-1378
-1582
-1789
-2065
-2292
-2411
-2519
-2638
-2655
-2578
-2575
-2615
-2550
-2410
-2327
-2286
-2179
-2066
-2023
-1965
-1815
-1632
-1513
-1400
-1213
-983
-747
-508
-240
30
240
420
642
879
1039
1107
1179
1265
1266
1237
1235
1193
1076
954
905
858
760
684
637
558
484
453
412
315
183
59
-90
-264
-412
-569
-759
-946
-1073
-1151
-1224
-1243
-1195
-1128
-1037
-878
-640
-402
-209
6
251
453
610
787
957
1045
1071
1123
1219
1266
1272
1326
1391
1413
1440
1528
1608
1615
1605
1645
1659
1610
1561
1500
1392
1261
1139
1032
907
766
642
524
435
397
366
334
317
330
357
378
430
485
485
450
458
505
500
459
462
435
324
220
168
69
-148
-369
-550
-786
-1067
-1305
-1506
-1769
-2054
-2250
-2385
-2536
-2675
-2722
-2730
-2738
-2704
-2596
-2451
-2327
-2194
-2016
-1819
-1631
-1446
-1261
-1071
-895
-723
-521
-322
-143
45
243
439
624
792
946
1067
1157
1230
1252
1251
1239
1185
1109
1024
947
856
727
620
521
398
265
149
53
-67
-201
-293
-361
-434
-491
-531
-554
-567
-569
-555
-524
-479
-441
-380
-290
-197
-115
-40
63
166
237
318
435
536
598
684
794
883
942
1002
1076
1123
1129
1144
1175
1169
1114
1077
1076
1054
1016
1007
1019
1003
978
984
990
964
921
889
850
779
693
614
537
437
336
261
185
100
32
-7
-22
-14
13
66
117
156
221
281
314
324
298
235
147
45
-95
-264
-449
-672
-891
-1083
-1268
-1435
-1591
-1711
-1795
-1867
-1900
-1908
-1909
-1916
-1923
-1911
-1901
-1891
-1867
-1841
-1824
-1802
-1750
-1656
-1548
-1423
-1268
-1079
-863
-637
-380
-111
135
366
592
801
950
1069
1183
1245
1262
1274
1283
1253
1203
1169
1118
1042
976
904
808
702
597
498
375
246
131
0
-123
-226
-331
-444
-542
-606
-648
-681
-680
-637
-586
-524
-422
-286
-156
-23
119
238
347
459
552
619
669
708
731
755
791
808
809
811
835
847
855
891
918
925
931
961
988
986
988
980
956
913
881
860
789
693
620
544
450
374
311
232
150
99
84
61
42
50
42
18
14
35
52
36
10
-7
-34
-73
-114
-155
-220
-318
-410
-487
-571
-675
-782
-872
-993
-1107
-1158
-1216
-1289
-1352
-1386
-1408
-1445
-1453
-1418
-1390
-1391
-1366
-1294
-1236
-1198
-1118
-1024
-968
-909
-810
-705
-624
-548
-427
-320
-248
-153
-34
55
110
196
294
347
387
434
471
471
449
459
455
395
357
334
283
230
195
176
130
73
61
63
47
35
53
63
44
61
114
153
174
211
273
321
358
417
483
510
535
593
650
692
726
767
787
780
786
801
779
733
705
660
598
544
509
462
387
333
298
263
240
243
251
236
238
265
283
291
292
284
267
253
247
232
212
200
186
178
206
255
280
296
336
389
424
435
452
437
377
321
261
185
77
-52
-184
-322
-459
-573
-687
-795
-885
-968
-1031
-1062
-1082
-1111
-1139
-1158
-1169
-1165
-1155
-1135
-1137
-1148
-1129
-1107
-1081
-1043
-1003
-948
-885
-809
-719
-612
-495
-394
-309
-213
-113
-40
16
68
108
109
102
115
117
98
88
116
129
127
147
182
209
223
256
301
329
353
382
414
436
444
442
427
404
383
372
358
344
329
323
343
372
392
418
461
489
509
554
592
604
595
573
549
518
480
435
395
352
316
286
253
238
229
219
209
218
242
258
279
297
303
303
304
311
313
286
255
266
272
257
251
254
256
247
277
316
322
316
315
321
299
244
184
115
32
-44
-124
-205
-290
-392
-493
-582
-663
-735
-787
-834
-889
-941
-969
-975
-992
-1009
-1001
-987
-981
-960
-933
-915
-897
-885
-863
-829
-799
-744
-688
-642
-581
-519
-452
-386
-325
-269
-218
-160
-102
-55
-11
37
66
87
112
132
146
150
165
197
218
240
273
305
319
338
382
407
420
449
473
477
470
477
486
462
439
449
452
440
430
433
416
390
394
410
416
418
434
467
483
500
519
522
512
493
483
471
444
427
419
402
383
362
356
356
334
314
318
323
292
258
252
233
191
164
154
130
91
65
54
50
46
40
51
70
72
90
109
97
83
64
47
27
-15
-63
-112
-167
-221
-283
-347
-418
-488
-543
-611
-677
-716
-761
-818
-851
-870
-911
-950
-955
-964
-988
-1000
-990
-972
-970
-955
-903
-855
-814
-759
-689
-626
-580
-509
-432
-377
-323
-256
-180
-135
-103
-49
-6
21
52
86
115
130
148
184
210
227
255
287
306
329
361
386
394
412
436
445
451
459
461
458
455
454
448
438
436
446
442
450
493
540
561
577
591
602
610
606
611
601
586
591
594
586
561
534
510
484
452
418
389
355
314
262
216
182
148
109
71
40
13
1
-3
-9
-20
-28
-24
-5
27
48
70
81
71
62
48
30
18
-2
-25
-35
-50
-82
-106
-132
-171
-215
-238
-249
-269
-301
-334
-375
-436
-495
-543
-598
-664
-715
-753
-790
-831
-864
-885
-904
-903
-892
-875
-859
-833
-798
-765
-730
-703
-684
-645
-593
-547
-505
-472
-428
-386
-360
-317
-271
-232
-180
-115
-51
-6
37
75
117
150
171
207
237
261
293
325
357
382
393
401
422
432
443
461
475
472
465
473
476
466
465
470
468
467
464
455
443
438
434
435
446
462
491
505
512
521
518
515
527
540
527
521
523
523
520
496
476
447
413
393
366
341
318
291
275
254
231
216
184
151
131
112
89
54
27
0
-41
-75
-101
-137
-181
-219
-264
-318
-356
-384
-419
-469
-509
-519
-530
-555
-567
-579
-600
-622
-637
-642
-659
-671
-670
-679
-684
-675
-669
-675
-677
-669
-663
-649
-634
-608
-580
-563
-534
-499
-472
-440
-411
-382
-357
-329
-298
-272
-235
-201
-165
-114
-74
-36
2
40
75
90
118
140
145
168
206
236
250
262
270
279
292
296
310
312
311
322
333
330
323
329
324
315
314
320
326
325
337
352
362
370
389
407
407
409
426
452
476
484
509
539
554
565
582
594
587
574
572
563
529
506
488
460
423
382
358
328
277
226
192
147
105
82
60
30
-11
-39
-54
-78
-103
-128
-161
-196
-217
-237
-253
-267
-290
-303
-307
-309
-318
-325
-334
-346
-354
-367
-375
-386
-400
-414
-429
-446
-460
-470
-491
-506
-517
-528
-529
-530
-537
-541
-541
-544
-551
-571
-581
-595
-613
-621
-627
-621
-612
-597
-557
-518
-477
-418
-361
-309
-252
-192
-138
-78
-11
43
87
134
167
192
218
234
251
269
284
316
342
363
384
395
406
419
428
447
455
452
460
450
441
438
423
415
395
369
358
348
346
340
326
319
320
314
316
317
307
298
290
288
275
263
252
238
228
213
212
219
204
197
200
189
184
179
167
151
138
124
114
102
89
80
62
45
35
28
16
2
-6
-8
-15
-25
-25
-37
-65
-79
-93
-118
-141
-166
-196
-214
-229
-248
-252
-262
-286
-305
-319
-343
-355
-360
-370
-381
-384
-378
-371
-380
-384
-383
-394
-393
-382
-372
-364
-354
-326
-301
-279
-261
-230
-205
-187
-152
-131
-108
-77
-60
-49
-29
-8
-2
9
23
33
45
53
64
74
64
56
71
72
64
68
75
79
73
74
83
73
70
73
78
96
101
111
125
124
137
152
160
167
179
198
216
231
244
248
248
247
242
237
228
214
209
204
199
199
196
195
188
185
187
184
189
192
187
173
164
166
161
140
119
104
91
67
49
43
29
15
5
0
-4
-20
-33
-49
-70
-89
-101
-97
-97
-108
-109
-104
-103
-100
-107
-117
-120
-122
-116
-116
-110
-92
-79
-74
-69
-57
-51
-53
-55
-55
-63
-67
-72
-93
-112
-123
-124
-131
-146
-144
-142
-142
-140
-137
-125
-122
-123
-115
-105
-114
-117
-119
-131
-133
-138
-131
-124
-133
-132
-121
-109
-104
-94
-80
-76
-72
-60
-39
-26
-25
-8
8
10
17
29
36
34
34
40
51
64
65
76
95
107
124
146
151
153
163
157
152
148
144
142
136
130
126
123
110
98
94
87
83
85
89
83
86
94
96
94
84
80
68
58
60
55
51
49
46
46
47
40
37
33
34
35
39
52
52
59
72
75
87
88
78
83
74
62
65
56
50
46
36
26
17
7
-8
-21
-25
-32
-37
-42
-46
-53
-61
-68
-76
-84
-89
-100
-118
-128
-135
-143
-149
-163
-167
-169
-168
-169
-159
-143
-150
-152
-146
-141
-131
-123
-116
-104
-94
-80
-69
-58
-46
-44
-28
-16
-8
7
18
34
36
36
51
58
54
45
33
31
29
24
13
6
7
4
-4
-5
-6
1
9
9
19
31
37
44
51
43
37
48
46
34
37
35
32
33
31
34
27
16
21
24
24
25
24
23
26
32
28
32
34
37
42
39
46
46
38
32
26
22
11
-2
-11
-21
-36
-42
-49
-67
-71
-69
-75
-82
-86
-87
-97
-102
-102
-112
-107
-104
-108
-99
-92
-87
-79
-78
-69
-48
-32
-20
-14
-1
12
9
9
21
25
29
48
60
63
74
77
74
85
81
77
76
71
71
64
61
57
51
49
46
35
31
31
10
1
4
-5
-8
-15
-19
-14
-14
-3
2
5
17
23
37
43
45
61
66
73
82
83
84
77
78
89
87
89
93
90
97
95
89
87
75
70
70
60
45
43
41
35
26
9
2
-5
-14
-24
-29
-39
-52
-61
-67
-68
-74
-76
-79
-86
-86
-94
-100
-106
-118
-131
-146
-152
-159
-166
-170
-173
-165
-162
-158
-154
-156
-148
-139
-133
-114
-106
-97
-87
-87
-79
-68
-56
-36
-31
-24
-8
-3
10
27
33
37
41
52
59
57
57
56
55
68
76
73
67
62
64
64
55
48
46
38
24
26
37
34
28
33
37
33
28
22
15
15
19
22
32
33
26
29
36
40
42
46
50
55
58
62
71
69
63
69
65
61
65
60
60
59
56
53
41
29
25
23
14
10
10
6
-6
-13
-11
-10
-9
-4
-1
0
-3
-7
-12
-15
-15
-18
-23
-19
-15
-12
-15
-16
-10
-11
-8
-10
-11
-20
-28
-33
-41
-36
-38
-40
-32
-31
-30
-26
-15
-13
-10
-9
-5
3
4
4
-2
-1
-4
-16
-18
-21
-28
-26
-25
-26
-25
-31
-36
-31
-28
-29
-33
-31
-25
-23
-19
-21
-20
-16
-25
-29
-27
-35
-36
-36
-35
-29
-25
-28
-24
-13
-12
-7
3
1
13
22
21
25
26
25
26
28
28
34
39
46
52
58
59
55
55
52
49
41
38
41
29
17
12
2
-2
-4
-19
-22
-31
-40
-39
-49
-48
-46
-56
-58
-62
-64
-68
-74
-76
-70
-67
-68
-67
-64
-58
-58
-47
-33
-25
-1
16
15
31
49
52
58
60
62
63
58
61
56
56
55
46
43
36
27
24
23
15
12
12
8
5
2
1
-2
0
11
11
6
13
11
6
10
14
15
16
9
12
20
25
27
23
24
21
21
25
22
22
20
25
28
24
32
37
34
38
40
38
41
37
30
31
32
31
35
31
22
20
12
9
5
2
4
0
3
-1
-9
-11
-15
-16
-19
-21
-16
-17
-19
-14
-13
-7
-3
-9
-8
-14
-17
-19
-23
-24
-31
-37
-38
-40
-45
-47
-46
-45
-39
-34
-33
-37
-33
-30
-26
-20
-25
-20
-20
-25
-22
-23
-23
-24
-25
-28
-35
-40
-37
-37
-40
-43
-42
-33
-30
-38
-35
