6
8
3
3
7
7
14
8
3
8
6
6
15
18
11
11
14
4
3
0
-3
-5
-13
-7
-6
-10
-5
-4
1
4
1
-4
-1
4
-2
-7
-1
2
-5
-2
-1
-9
-8
-12
-10
-5
-3
3
2
-2
1
1
-2
-1
4
-2
-6
-4
-3
-7
-8
-1
-6
-4
-3
-6
1
5
-1
5
14
6
2
4
2
-3
-3
1
6
1
5
12
6
8
8
10
13
11
9
2
4
6
4
3
-7
-9
-2
-8
-6
-6
-7
0
-3
-7
-1
4
0
0
-3
0
8
-4
-8
-11
-13
-10
-17
-10
2
0
0
7
5
8
8
2
6
8
3
1
2
-6
-7
-6
-7
-6
-2
4
2
6
5
10
18
12
10
2
-4
-3
-10
-3
-4
-13
-5
-3
-3
10
8
5
10
7
4
8
3
4
0
-6
-2
-2
-5
-8
-8
-13
-13
-4
-5
-4
-2
4
15
12
6
3
-1
-4
-9
-16
-13
-7
-13
-10
-4
0
7
4
4
3
9
15
11
9
7
5
5
5
-4
-10
-6
-5
-4
0
7
2
5
8
5
23
18
14
18
7
5
1
8
4
-8
-5
-7
-5
-8
-17
-11
-17
-22
-17
-15
-19
-21
-14
-20
-24
-17
-19
-20
-24
-18
-6
-8
-9
-7
-9
-4
2
4
4
0
1
13
7
5
15
16
22
20
18
17
13
5
2
1
-5
-14
-11
-11
-18
-13
-12
-4
-5
-4
10
16
19
25
35
36
36
36
30
28
22
12
19
34
26
13
22
32
27
25
38
43
33
24
18
19
16
8
6
9
6
-5
-2
4
2
-11
-31
-31
-32
-45
-46
-43
-43
-43
-21
15
25
31
58
70
60
66
74
47
21
9
-7
-33
-43
-31
-32
-48
-49
-29
-25
-31
-26
-27
-40
-49
-42
-36
-38
-44
-44
-41
-23
22
51
58
88
120
110
95
110
78
-57
-168
-202
-264
-369
-408
-357
-364
-393
-275
-98
-18
18
170
331
329
331
448
480
345
236
241
169
5
-55
-38
-107
-208
-162
-53
-42
-49
17
77
38
8
65
43
-70
-137
-154
-200
-265
-240
-186
-205
-196
-106
-20
4
37
70
3
-114
-208
-297
-446
-605
-694
-759
-802
-760
-610
-439
-306
-125
107
288
438
589
685
700
667
652
640
581
526
498
470
464
518
630
737
836
961
1091
1196
1302
1425
1497
1490
1482
1501
1475
1375
1275
1175
910
488
134
-174
-654
-1248
-1705
-2066
-2543
-2988
-3111
-3065
-3160
-3217
-2913
-2486
-2255
-1981
-1420
-902
-709
-480
23
437
518
614
951
1193
1183
1281
1618
1826
1770
1777
1968
2043
1884
1712
1611
1389
958
541
279
-19
-461
-884
-1139
-1298
-1505
-1666
-1672
-1600
-1632
-1718
-1641
-1485
-1480
-1577
-1569
-1486
-1493
-1505
-1326
-1042
-852
-660
-284
200
616
981
1374
1722
1934
2059
2152
2162
2040
1820
1551
1261
1005
784
576
416
352
351
383
537
794
1009
1158
1319
1530
1688
1783
1913
2010
2033
2051
2122
2178
2129
2066
1936
1568
1074
626
108
-656
-1502
-2200
-2893
-3710
-4347
-4557
-4706
-5024
-5067
-4614
-4129
-3856
-3363
-2521
-1885
-1626
-1171
-390
118
204
436
964
1285
1317
1580
2150
2472
2453
2611
3019
3223
3080
2915
2860
2612
2051
1491
1096
627
-106
-873
-1358
-1668
-2098
-2551
-2705
-2646
-2748
-2938
-2815
-2475
-2406
-2578
-2507
-2209
-2146
-2270
-2099
-1690
-1516
-1436
-966
-258
237
605
1194
1872
2298
2575
2906
3139
3068
2842
2627
2347
1963
1556
1164
806
576
502
513
598
834
1161
1435
1705
2107
2503
2667
2707
2874
3115
3149
3077
3206
3390
3304
3074
3062
3083
2614
1796
1132
498
-583
-1926
-2931
-3764
-4962
-6182
-6735
-6843
-7188
-7532
-7173
-6407
-5939
-5484
-4442
-3223
-2555
-2096
-1184
-163
336
574
1125
1761
1983
2068
2550
3196
3453
3480
3750
4185
4346
4171
4003
3910
3498
2672
1902
1388
707
-388
-1422
-1994
-2465
-3181
-3733
-3755
-3716
-4014
-4200
-3852
-3463
-3565
-3705
-3444
-3211
-3320
-3313
-2831
-2338
-2143
-1764
-905
34
764
1542
2484
3254
3715
4129
4520
4644
4455
4112
3691
3166
2647
2213
1769
1375
1196
1169
1200
1393
1806
2201
2385
2613
3001
3219
3192
3246
3397
3291
3003
2964
3080
2908
2534
2349
2123
1396
522
-65
-799
-2060
-3330
-4145
-5003
-6175
-6960
-7086
-7284
-7769
-7707
-6911
-6265
-5937
-5131
-3837
-2952
-2482
-1572
-303
427
648
1184
2011
2413
2473
2862
3481
3702
3593
3732
4146
4329
4107
3834
3707
3464
2842
2080
1561
1057
117
-1032
-1711
-2005
-2640
-3560
-3996
-3987
-4354
-5020
-5068
-4645
-4772
-5322
-5206
-4471
-4159
-4167
-3515
-2394
-1723
-1267
-177
1270
2193
2708
3490
4389
4839
4948
5119
5220
4949
4434
3992
3699
3416
3050
2670
2443
2456
2562
2624
2752
3016
3197
3122
3061
3246
3401
3273
3041
3000
3108
3093
2959
2894
2852
2528
1743
833
141
-686
-2121
-3753
-4871
-5787
-7124
-8336
-8614
-8514
-8960
-9319
-8502
-7209
-6643
-6209
-4846
-3261
-2635
-2243
-957
434
740
659
1397
2388
2570
2476
3079
3913
4042
3848
4248
4976
5103
4608
4290
4315
3980
3015
2085
1605
939
-406
-1686
-2144
-2441
-3460
-4601
-4906
-4883
-5543
-6324
-6183
-5781
-6180
-6670
-6111
-5097
-4732
-4501
-3409
-1994
-1120
-280
1194
2723
3569
4104
4947
5799
6166
6205
6208
6099
5783
5396
5075
4836
4624
4276
3808
3586
3724
3824
3601
3393
3466
3418
3089
3014
3335
3403
2985
2810
3196
3440
3178
2968
2902
2226
947
-70
-830
-2171
-4067
-5615
-6734
-8035
-9221
-9590
-9539
-9832
-9999
-9242
-8031
-7146
-6259
-4893
-3637
-2953
-2172
-883
192
543
760
1349
1916
2180
2555
3231
3749
3887
4087
4650
5270
5515
5365
5103
4838
4363
3571
2732
2010
1050
-376
-1650
-2240
-2700
-3675
-4673
-5036
-5275
-5970
-6473
-6230
-6069
-6664
-7088
-6524
-5781
-5560
-5148
-4011
-2874
-2145
-998
878
2525
3452
4332
5532
6510
6954
7275
7534
7305
6680
6175
5898
5548
5006
4449
3949
3601
3535
3608
3609
3517
3413
3256
3125
3241
3471
3406
3116
3092
3312
3416
3466
3601
3346
2325
1152
370
-598
-2279
-4062
-5431
-6948
-8723
-9732
-9799
-10079
-10856
-10956
-9968
-9011
-8428
-7270
-5558
-4502
-4117
-3073
-1306
-207
-55
367
1356
1959
2072
2653
3765
4320
4152
4343
5275
6050
6053
5828
5859
5700
4928
4018
3517
2975
1635
-133
-1250
-1703
-2504
-3823
-4747
-5109
-5828
-6956
-7355
-6958
-7111
-8063
-8403
-7623
-6888
-6627
-5874
-4406
-3187
-2391
-937
1331
3190
4197
5141
6409
7450
7913
8189
8403
8162
7471
6807
6479
6261
5795
5094
4502
4275
4306
4262
4138
4156
4085
3628
3209
3357
3608
3168
2479
2457
2769
2703
2679
3221
3415
2352
1104
789
317
-1421
-3364
-4517
-5921
-8165
-9627
-9575
-9807
-11191
-11871
-10853
-9813
-9549
-8573
-6491
-5117
-4895
-3907
-1672
-119
17
280
1383
2127
2032
2296
3360
4015
3677
3480
4319
5422
5681
5360
5398
5667
5268
4312
3831
3797
2878
807
-741
-968
-1435
-3134
-4663
-4959
-5413
-7016
-8010
-7261
-6807
-8110
-9136
-8104
-6796
-6877
-6674
-4884
-3280
-2995
-2102
556
2977
3762
4367
5926
7321
7719
7999
8627
8715
7920
7110
6884
6856
6488
5767
5024
4612
4630
4737
4704
4775
4955
4748
4181
4151
4851
5018
4018
3113
3221
3298
2595
2223
2644
2100
-32
-1495
-1317
-1716
-3849
-5713
-6296
-7443
-9515
-10207
-9361
-9592
-11254
-11705
-10352
-9440
-9351
-8335
-6548
-5775
-5662
-4260
-1869
-494
-202
491
1729
2547
3045
4002
5038
5292
5000
5084
5745
6340
6344
5834
5259
4873
4433
3743
3173
2765
1716
-32
-1185
-1214
-1638
-3390
-4965
-5488
-6324
-7926
-8643
-8197
-8683
-10272
-10449
-8838
-7674
-7325
-6026
-3766
-2220
-1014
1396
4258
5810
6405
7411
8592
9034
9070
9133
8736
7804
7024
6727
6527
6198
5931
5551
5065
5087
5666
6026
5701
5239
5126
4857
4228
3879
3798
3025
1422
451
855
1323
928
340
115
-374
-1428
-2002
-1842
-2344
-4208
-6254
-7176
-7439
-8114
-9003
-9506
-9844
-10385
-10588
-9613
-8008
-7138
-6974
-6289
-4613
-2836
-1673
-567
691
1373
1481
1966
3228
4217
3998
3407
3510
4028
4244
4234
4535
4701
4035
3256
3358
3909
3652
2417
1354
836
182
-693
-1385
-2063
-3425
-5361
-6753
-7269
-7725
-8752
-9960
-10496
-10289
-9694
-8687
-7176
-5419
-3954
-2566
-389
2415
4704
5947
6794
7811
8510
8603
8655
8691
8076
6807
5888
5946
6176
5910
5620
5712
5974
6144
6505
7232
7588
7045
6186
5879
5980
5415
4235
3523
3183
2442
1777
2320
3200
2320
356
-354
-329
-1685
-3853
-4916
-5830
-8541
-11280
-11485
-10824
-12013
-13764
-13406
-12027
-11875
-11533
-9175
-6675
-6148
-5940
-3699
-867
182
423
1582
2912
3048
2838
3813
5062
4977
4175
4202
5211
5973
5842
5640
5876
5905
5154
4307
4399
4525
2997
629
-456
-556
-1892
-4344
-5641
-6122
-7942
-10322
-10774
-9958
-10550
-11960
-11551
-9684
-8444
-7625
-5644
-2985
-1262
-3
2116
4690
6474
7237
7766
8463
8937
8976
8676
8328
8076
7565
6895
6725
7155
7446
6994
6525
6912
7443
7218
6670
6499
6231
5173
4137
3943
3718
2746
1801
1693
2077
2392
2695
2555
1576
588
-56
-1238
-3075
-4584
-6054
-8760
-11594
-12334
-12073
-13265
-14934
-14481
-12869
-12563
-12179
-9519
-6560
-5840
-5632
-3234
-262
477
375
1658
3059
2798
2199
3230
4665
4412
3565
4036
5323
5974
5933
6256
6837
6701
5945
5416
5449
5237
3702
1490
126
-486
-1873
-4246
-5899
-6588
-8108
-10409
-11253
-10508
-10629
-11920
-11828
-9881
-8286
-7602
-6050
-3252
-1102
16
1781
4456
6509
7206
7555
8517
9303
9166
8746
8679
8691
8126
7306
7294
7834
7861
7369
7154
7587
7898
7639
7384
7292
6819
5810
4841
4333
3867
3084
2324
1999
2218
2653
2694
1934
877
215
-702
-2589
-4445
-5609
-7320
-10342
-12691
-12760
-12742
-14373
-15529
-14392
-12906
-12823
-12061
-9038
-6467
-6130
-5461
-2665
-55
362
498
2025
3188
2758
2506
3673
4770
4374
3808
4514
5691
6141
6024
6365
7015
6807
5888
5379
5443
4895
2928
950
-24
-1194
-3354
-5607
-6923
-8003
-9935
-11678
-12003
-11652
-11671
-11885
-11098
-9152
-7312
-5903
-4062
-1439
1032
2466
3784
5952
7874
8358
8178
8770
9545
9118
8234
8237
8626
8181
7351
7621
8501
8491
7977
8078
8715
8752
7917
7364
7193
6525
5291
3973
3351
3171
2395
1567
1734
2655
2584
767
-410
-56
-934
-3812
-5993
-6460
-8095
-11952
-14049
-13034
-13102
-15634
-16599
-14318
-12600
-13101
-11989
-8201
-5806
-5960
-4876
-1215
1187
872
1120
3049
4075
3278
3122
4691
5486
4611
4246
5319
6552
6603
6273
6825
7318
6843
5979
5484
5380
4405
2232
305
-896
-2114
-4242
-6880
-8488
-9436
-11172
-13048
-13402
-12348
-11989
-12582
-11496
-8454
-6156
-5181
-3163
380
2777
3409
4937
7775
9243
8606
8378
9478
9752
8664
8066
8602
8774
7905
7596
8501
9148
8986
8761
9088
9522
9097
8196
7551
7077
6308
4727
3199
2898
2793
1899
1213
1895
2610
1067
-1102
-1079
-894
-3355
-6446
-7401
-8087
-11292
-14312
-13970
-13302
-15396
-17179
-15470
-13080
-12981
-12528
-9305
-6320
-5883
-5055
-1721
1077
1250
1292
2929
4275
3899
3643
4898
5796
5213
4785
5548
6738
7128
6852
7042
7463
7274
6440
5585
5345
4671
2400
-62
-1349
-2420
-4729
-7624
-9208
-10069
-11956
-13746
-13618
-12569
-12411
-12510
-10949
-8157
-6060
-4488
-2091
764
2796
4112
5780
7759
8899
8914
8866
9284
9502
9116
8607
8567
8782
8602
8337
8672
9314
9551
9276
9172
9510
9335
8259
7349
7009
6268
4584
3190
3048
2955
2092
1728
2190
1622
-317
-1577
-1740
-3009
-5717
-7743
-8977
-11249
-13786
-14465
-14285
-15473
-16930
-16264
-14534
-13795
-12930
-10387
-7818
-6741
-5556
-2735
-54
733
1152
2652
4002
4100
4149
5244
6178
5823
5503
6250
7252
7580
7499
7706
7915
7581
6960
6342
5789
5021
3277
952
-803
-2033
-4000
-6936
-9198
-10322
-12008
-14094
-14514
-13545
-13310
-13738
-12495
-9542
-7211
-5630
-3068
188
2444
3837
5847
8190
9326
9315
9359
9796
9897
9539
9258
9118
9024
8897
8796
9122
9778
10188
10127
9811
9840
9900
9205
8277
7574
6552
5152
3900
3311
3125
2748
2479
1744
101
-1074
-1519
-2902
-5328
-7184
-8353
-10749
-13858
-14528
-13662
-14947
-17424
-17047
-14637
-14092
-14550
-12165
-8415
-7563
-7953
-5182
-968
94
-642
887
3663
4016
3058
4404
6873
6815
5407
5948
7887
8475
7533
7440
8368
8200
6886
6087
6090
5791
3918
1305
-168
-889
-2635
-5680
-8149
-9009
-10359
-13154
-14426
-13193
-12513
-13667
-13727
-10821
-7852
-7020
-5609
-1920
1285
2366
3578
6566
9131
9231
8725
9637
10658
10182
9258
9405
9949
9534
8700
8912
9935
10205
9674
9522
9922
10021
9202
8271
8029
7484
5889
4314
3742
3741
3112
2273
2432
2176
294
-1482
-2046
-2900
-5251
-7817
-9288
-11170
-13830
-14998
-14768
-15488
-17086
-17096
-15400
-14337
-13798
-11689
-9013
-7881
-7139
-4602
-1498
-312
-68
1346
3127
3594
3631
4897
6405
6392
5915
6582
7857
8355
8009
8028
8418
8078
7192
6531
6204
5520
3659
1457
-2
-1272
-3300
-5953
-7981
-9213
-11042
-13046
-13534
-12917
-12883
-13339
-12416
-10043
-8123
-6750
-4503
-1562
640
2066
4089
6666
8262
8643
8966
9745
10234
9936
9696
9925
9906
9414
9130
9581
10154
10083
9758
9752
9794
9475
8863
8319
7808
6834
5373
4260
3800
3306
2555
2286
2615
2059
135
-1243
-1464
-2750
-5422
-7320
-8359
-10585
-13718
-14803
-14142
-15194
-17410
-17235
-15282
-14557
-14565
-12477
-9178
-7991
-7732
-5112
-1638
-418
-390
1026
3171
3611
3243
4449
6164
6232
5588
6108
7507
8169
7837
7893
8487
8434
7588
6802
6501
6098
4431
2013
394
-673
-2562
-5385
-7652
-8704
-10283
-12817
-13832
-12989
-12731
-13630
-13339
-10862
-8593
-7717
-5879
-2511
-72
1009
2733
5662
7745
7969
8224
9424
10039
9646
9421
9897
10187
9564
9095
9715
10429
10428
10187
10227
10477
10231
9525
8987
8446
7533
6159
4692
4033
3797
2995
2264
2533
3096
2081
-35
-713
-704
-2771
-5784
-7211
-8241
-11273
-14597
-14956
-14400
-16354
-18453
-17319
-15199
-15032
-14766
-11729
-8473
-7873
-7258
-4038
-941
-456
-303
1557
3268
3065
2873
4416
5825
5474
5096
6072
7345
7772
7707
8160
8719
8413
7667
7168
6835
6130
4229
1812
180
-1212
-3394
-6109
-8096
-9239
-11052
-13181
-13550
-12698
-12546
-12887
-11953
-9533
-7518
-6242
-4022
-1092
897
2053
3656
5938
7427
7561
7736
8537
9006
8859
8841
9390
9782
9461
9384
10130
10864
10925
10640
10590
10594
10018
9082
8248
7501
6445
4859
3494
3085
2966
2402
2096
2820
3301
1990
362
243
-112
-2638
-5466
-6767
-8386
-11892
-14607
-14607
-14846
-17233
-18546
-16795
-15029
-14984
-13906
-10472
-7886
-7523
-6165
-2633
-285
-243
239
2173
3317
2769
2863
4429
5177
4564
4570
5762
7007
7319
7352
7992
8470
8199
7699
7295
6980
5897
3576
1397
-111
-1803
-4284
-7042
-8881
-10129
-11998
-13492
-13368
-12586
-12400
-12414
-10976
-8256
-6310
-5035
-2758
18
1800
2730
4323
6587
7584
7236
7512
8603
9060
8724
8734
9533
9921
9492
9667
10728
11268
10868
10414
10543
10590
9644
8462
7720
6831
5438
3884
2879
2700
2373
1677
1701
2610
3003
1729
288
285
-210
-2918
-5588
-6750
-8498
-12122
-14914
-14912
-15100
-17480
-18723
-16917
-15168
-15119
-14096
-10628
-7822
-7340
-6062
-2602
-144
19
443
2315
3536
2970
2854
4303
5237
4774
4660
5779
7105
7497
7515
8179
8883
8702
8000
7519
7252
6199
3845
1487
-100
-1820
-4489
-7357
-9126
-10280
-12135
-13718
-13511
-12501
-12312
-12236
-10478
-7679
-5848
-4631
-2326
412
1910
2672
4307
6361
7070
6738
7123
8165
8465
8123
8418
9331
9632
9348
9742
10844
11388
11110
10961
11225
11057
10076
8996
8234
7322
5845
4248
3410
3225
2719
2106
2479
3444
3152
1474
662
830
-662
-3702
-5721
-6965
-9812
-13598
-15087
-14827
-16378
-18877
-18681
-16580
-15809
-15767
-13453
-9823
-8338
-7910
-5237
-1696
-420
-510
716
2685
2968
2288
3089
4613
4749
4159
4633
6160
7201
7242
7519
8436
8902
8499
7893
7719
7429
5703
3068
1251
-55
-2308
-5393
-7793
-9045
-10683
-12884
-13644
-12894
-12535
-12751
-11938
-9523
-7171
-5892
-4175
-1475
686
1840
3113
5088
6644
6790
6727
7526
8236
8212
8076
8528
9201
9232
9158
9893
10786
10978
10692
10647
10911
10551
9497
8593
7868
6791
5265
3950
3472
3135
2352
2024
2682
3145
2103
640
411
22
-2273
-4859
-6264
-8036
-11418
-14224
-14582
-14894
-17118
-18543
-17202
-15622
-15473
-14504
-11292
-8566
-7923
-6572
-3161
-629
-256
361
2253
3467
3080
3119
4538
5349
4835
4723
5718
6893
7273
7306
7930
8536
8371
7870
7492
7268
6403
4212
1936
459
-1146
-3681
-6577
-8428
-9593
-11638
-13464
-13431
-12681
-12703
-12803
-11315
-8700
-7001
-5803
-3487
-842
794
1861
3585
5723
6674
6606
7111
8027
8393
8352
8601
9235
9501
9367
9754
10611
11112
11104
10919
10940
10910
10274
9333
8471
7492
6245
4753
3652
3321
2853
2133
2098
2772
2796
1414
235
233
-779
-3500
-5648
-6888
-9195
-12661
-14568
-14455
-15499
-17920
-18213
-16415
-15477
-15371
-13556
-10168
-8306
-7830
-5532
-2080
-561
-410
728
2676
3281
2729
3345
4807
4994
4441
4791
5995
6958
7095
7374
8222
8620
8384
8071
7859
7591
6291
4006
2167
822
-1051
-3734
-6347
-7957
-9434
-11543
-12749
-12497
-12181
-12373
-12073
-10276
-7946
-6539
-5133
-2784
-543
862
1985
3713
5544
6091
5956
6562
7401
7607
7426
7674
8376
8502
8289
8918
9969
10355
10162
10098
10445
10366
9521
8760
8122
7143
5863
4545
3857
3654
3015
2471
2830
3551
3247
1721
933
997
-542
-3294
-5012
-6275
-8966
-12337
-13669
-13532
-15104
-17390
-17105
-15427
-14997
-14843
-12647
-9478
-8242
-7760
-5123
-2011
-1012
-720
744
2495
2728
2270
3202
4512
4403
3953
4464
5611
6378
6391
6797
7762
7980
7617
7459
7475
7194
5703
3642
2233
823
-1228
-3698
-5995
-7559
-9237
-11277
-12225
-12113
-12061
-12218
-11800
-10002
-7848
-6557
-5034
-2644
-425
1055
2283
4120
5916
6354
6356
7097
7852
7921
7667
7919
8554
8541
8353
9035
9920
10173
10006
10070
10464
10287
9432
8732
8064
7024
5704
4374
3622
3164
2340
1760
2041
2635
2278
826
126
184
-1257
-3738
-5242
-6378
-8911
-12132
-13435
-13313
-14832
-17054
-16943
-15495
-15118
-15055
-13029
-9894
-8565
-7994
-5361
-2176
-876
-390
1159
3087
3454
3050
4012
5318
5245
4731
5078
6130
6742
6663
7062
7918
8128
7805
7584
7701
7567
6157
4208
2888
1630
-395
-3006
-5199
-6703
-8720
-11024
-12064
-12166
-12506
-12973
-12556
-10905
-9201
-7994
-6201
-3814
-1695
-41
1491
3400
5140
5842
6182
6913
7617
7829
7627
7851
8544
8568
8332
8933
9781
10035
9844
9960
10480
10227
9299
8804
8305
7257
6010
4866
4168
3581
2683
2157
2291
2743
2785
1710
713
611
-346
-2559
-4346
-5433
-7330
-10550
-12739
-12748
-13455
-15801
-16738
-15599
-14788
-14973
-14004
-11060
-9003
-8760
-7199
-3938
-1896
-1439
-512
1492
2621
2217
2607
4145
4653
4113
4097
4980
5903
6034
6188
7020
7519
7361
7158
7228
7440
6814
5218
3829
2744
1303
-770
-3122
-4877
-6404
-8624
-10541
-11157
-11213
-11646
-12079
-11218
-9337
-8030
-6928
-4818
-2329
-573
597
2267
4420
5570
5684
6225
7117
7357
7017
6987
7565
7745
7337
7573
8457
8966
8970
9031
9510
9824
9352
8740
8402
7723
6537
5268
4314
3649
2783
1881
1579
1813
2175
1989
1118
668
513
-650
-2452
-3647
-4687
-6908
-9796
-11203
-11410
-12831
-14926
-15312
-14487
-14355
-14488
-12992
-10353
-9023
-8450
-6276
-3343
-1781
-1052
408
2206
2799
2615
3336
4445
4516
4041
4116
4712
5197
5268
5523
6216
6566
6376
6247
6470
6666
5983
4570
3535
2576
909
-1101
-2918
-4519
-6421
-8658
-10148
-10738
-11268
-11742
-11780
-11026
-9613
-8274
-6844
-4785
-2563
-749
706
2407
4462
5764
6070
6553
7404
7715
7372
7228
7643
7763
7328
7398
8202
8716
8668
8773
9275
9571
9215
8719
8405
7757
6620
5425
4478
3688
2778
1908
1454
1408
1586
1651
1264
760
490
-103
-1426
-2815
-3814
-5345
-7905
-10064
-10832
-11678
-13616
-15040
-14795
-14355
-14681
-14174
-11992
-9977
-9229
-8042
-5346
-2893
-1888
-906
923
2302
2438
2558
3590
4440
4174
3793
4223
4928
5250
5339
5771
6450
6664
6480
6509
6847
6857
5843
4358
3461
2690
955
-1325
-2990
-4281
-6344
-8712
-9704
-9762
-10667
-11828
-11499
-10108
-9206
-8577
-6813
-4355
-2846
-1802
169
2470
3855
4512
5397
6495
6942
6928
7281
7711
7694
7483
7545
7982
8410
8548
8625
8749
8812
8782
8586
8321
7968
7166
6069
5217
4575
3773
2808
2125
1839
1577
1487
1889
2023
1302
504
170
-435
-1819
-3279
-4486
-6311
-8713
-10166
-10636
-11718
-13408
-14098
-13579
-13264
-13168
-11859
-9723
-8499
-7827
-6061
-3553
-1988
-1314
-230
1082
1532
1499
2075
2953
3140
2735
2680
3275
3952
4340
4607
5005
5482
5708
5714
5946
6244
5812
4538
3424
2894
1935
36
-1800
-2980
-4360
-6331
-7767
-8097
-8465
-9462
-9875
-9013
-7970
-7402
-6461
-4679
-3020
-2063
-820
1155
2814
3551
4086
4981
5757
6039
6251
6631
6807
6688
6680
7045
7551
7810
7778
7727
7831
7955
7874
7620
7260
6640
5744
4856
4315
3939
3236
2397
2036
1973
1839
1921
2318
2350
1510
672
450
-215
-1858
-3453
-4762
-6668
-8935
-10249
-10661
-11655
-13236
-13705
-12986
-12537
-12168
-10784
-8862
-7712
-7026
-5313
-2960
-1685
-1190
-280
695
1064
1150
1678
2394
2381
2024
2267
2947
3666
4158
4469
5012
5557
5857
6172
6441
6481
6042
4962
3953
3348
2448
875
-992
-2456
-3611
-5237
-6761
-7268
-7571
-8519
-9334
-8859
-7550
-6951
-6708
-5309
-3463
-2517
-1720
48
2024
2718
2751
3842
5257
5501
5364
5889
6470
6339
6085
6689
7508
7452
7171
7398
7710
7726
7482
7335
7222
6588
5754
5254
4884
4447
3749
2905
2494
2404
2288
2342
2694
3116
2810
1726
1223
1189
29
-1994
-3542
-4817
-6842
-9193
-10183
-10337
-11749
-13484
-13438
-12410
-12053
-11863
-10447
-8459
-7668
-7150
-5098
-2860
-2166
-2017
-1095
54
270
133
874
1583
1277
1017
1606
2601
3344
3659
4166
4999
5569
5989
6484
6853
6886
6204
5200
4665
4115
2921
1230
-568
-1953
-3230
-4849
-6065
-6694
-7483
-8445
-8897
-8286
-7294
-6982
-6614
-5311
-3855
-2840
-1806
-281
1240
1783
1989
3056
4197
4452
4410
4768
5317
5432
5436
6132
6890
6919
6867
7237
7760
8031
7848
7686
7628
7166
6516
5953
5397
4823
3961
3059
2665
2551
2360
2121
2161
2602
2566
1720
1274
1290
425
-1350
-2829
-3830
-5497
-7856
-9236
-9669
-10874
-12541
-12998
-12331
-11976
-11991
-11045
-9250
-8141
-7482
-5870
-3790
-2618
-2149
-1306
-140
390
427
855
1374
1398
1283
1550
2229
2930
3357
3769
4438
5220
5853
6226
6587
6983
6833
6051
5364
4948
4131
2548
913
-131
-1327
-3162
-4595
-5133
-5825
-7109
-7896
-7601
-7215
-7350
-7062
-5912
-4921
-4393
-3486
-2047
-876
-303
348
1375
2174
2590
3063
3623
4064
4412
4797
5271
5711
6076
6416
6636
6895
7290
7413
7204
7057
7045
6837
6305
5818
5482
4839
3955
3408
3141
2713
2196
1975
2138
2384
2525
2571
2312
1756
1212
448
-743
-2038
-3443
-5228
-7166
-8554
-9342
-10411
-11779
-12356
-12120
-11999
-11871
-10933
-9425
-8368
-7657
-6205
-4243
-2975
-2304
-1330
-203
321
404
834
1501
1663
1473
1667
2261
2832
3254
3723
4396
5058
5504
5911
6425
6817
6762
6246
5678
5177
4344
3121
1877
696
-671
-2239
-3606
-4586
-5532
-6562
-7342
-7748
-7863
-7723
-7410
-6893
-6113
-5232
-4373
-3406
-2188
-1006
-247
409
1435
2407
2881
3272
3928
4533
4812
5073
5667
6191
6300
6455
6906
7281
7306
7143
7051
6927
6546
6147
5867
5416
4783
4160
3588
3123
2685
2232
1940
1832
1919
2199
2485
2615
2397
1889
1448
838
-310
-1612
-2921
-4577
-6443
-7952
-8891
-9863
-11184
-11956
-11839
-11673
-11507
-10687
-9313
-8144
-7394
-6197
-4344
-2970
-2256
-1397
-435
106
208
464
1056
1272
1040
1141
1667
2238
2732
3217
3922
4687
5214
5766
6404
6820
6900
6573
6093
5638
4845
3687
2425
1121
-183
-1656
-3193
-4288
-5124
-6095
-6988
-7454
-7402
-7281
-7289
-6798
-5822
-5093
-4528
-3539
-2179
-1125
-578
208
1383
2123
2457
3036
3757
4172
4312
4700
5374
5715
5778
6066
6433
6593
6595
6576
6544
6281
5842
5507
5171
4694
4159
3563
2997
2585
2224
1882
1607
1531
1648
1740
2004
2600
2941
2612
2103
1841
1329
87
-1317
-2414
-3873
-5895
-7465
-8246
-9127
-10427
-11209
-11024
-10723
-10608
-9884
-8522
-7409
-6622
-5459
-3880
-2654
-2014
-1384
-648
-241
-106
118
415
557
495
575
1057
1690
2256
2819
3477
4254
4958
5507
6079
6540
6607
6311
5899
5477
4802
3680
2428
1331
188
-1096
-2333
-3358
-4193
-5058
-5829
-6145
-6157
-6220
-6239
-5901
-5220
-4575
-4101
-3391
-2428
-1721
-1201
-471
406
1068
1426
1869
2532
2997
3266
3680
4156
4484
4646
4854
5222
5419
5368
5341
5329
5225
5024
4766
4564
4339
3995
3678
3419
3161
2926
2664
2461
2407
2355
2333
2453
2675
2932
2984
2738
2408
2006
1395
509
-590
-1731
-3014
-4531
-5859
-6767
-7610
-8601
-9426
-9669
-9541
-9495
-9236
-8430
-7562
-6990
-6296
-5143
-3960
-3289
-2830
-2115
-1469
-1197
-935
-451
-49
42
142
622
1281
1810
2276
2829
3486
4126
4677
5218
5714
5964
5879
5674
5538
5247
4513
3503
2583
1711
670
-421
-1339
-2203
-3226
-4199
-4745
-4998
-5335
-5705
-5803
-5570
-5206
-4779
-4199
-3488
-2826
-2303
-1700
-849
-50
400
708
1175
1679
2023
2346
2771
3120
3265
3430
3807
4210
4472
4653
4846
5047
5199
5307
5361
5302
5129
4859
4559
4272
3950
3523
3033
2654
2408
2199
2052
2089
2234
2329
2477
2722
2817
2561
2138
1717
1007
-90
-1248
-2409
-3780
-5276
-6500
-7420
-8403
-9367
-9823
-9834
-9825
-9640
-8946
-7983
-7157
-6317
-5132
-3901
-3050
-2367
-1563
-871
-544
-362
-63
230
327
399
735
1222
1661
2126
2709
3423
4120
4735
5372
5986
6380
6466
6300
6022
5606
4865
3850
2773
1724
608
-618
-1742
-2628
-3505
-4495
-5231
-5500
-5633
-5914
-6067
-5726
-5240
-5008
-4630
-3868
-3219
-2954
-2592
-1809
-1108
-816
-464
180
731
1080
1554
2247
2808
3136
3586
4230
4761
5106
5449
5760
5893
5898
5897
5831
5568
5224
4921
4553
4134
3784
3478
3117
2758
2562
2460
2305
2208
2295
2439
2521
2618
2716
2578
2099
1552
975
65
-1127
-2278
-3420
-4752
-6030
-6930
-7652
-8467
-9080
-9159
-9000
-8860
-8455
-7676
-6886
-6263
-5489
-4408
-3460
-2882
-2320
-1650
-1131
-823
-484
16
421
618
915
1465
2069
2563
3034
3608
4215
4706
5114
5536
5859
5887
5626
5288
4929
4341
3512
2628
1682
636
-401
-1328
-2174
-3020
-3822
-4531
-5116
-5442
-5562
-5689
-5778
-5633
-5304
-4956
-4541
-3954
-3341
-2901
-2445
-1713
-952
-438
19
606
1174
1582
2037
2670
3202
3494
3823
4317
4779
5073
5334
5622
5762
5709
5654
5645
5499
5165
4772
4421
4081
3680
3295
2945
2538
2152
1919
1784
1689
1684
1779
1878
1995
2208
2336
2133
1750
1360
774
-125
-1120
-2086
-3192
-4465
-5568
-6361
-7148
-7940
-8397
-8486
-8457
-8320
-7793
-6957
-6217
-5526
-4606
-3600
-2810
-2182
-1523
-941
-610
-401
-91
236
432
567
779
1112
1492
1873
2295
2786
3259
3656
4033
4421
4718
4751
4544
4294
3950
3390
2714
2005
1193
248
-662
-1407
-2105
-2826
-3406
-3847
-4281
-4565
-4603
-4597
-4630
-4510
-4235
-4004
-3803
-3393
-2888
-2593
-2311
-1758
-1164
-755
-306
361
1006
1440
1928
2641
3242
3589
3969
4466
4836
4980
5120
5315
5328
5128
4961
4867
4662
4344
4040
3764
3468
3149
2863
2598
2313
2048
1851
1748
1721
1721
1740
1764
1835
1989
2115
2084
1877
1565
1126
502
-203
-929
-1791
-2840
-3879
-4722
-5459
-6193
-6788
-7155
-7358
-7441
-7299
-6859
-6304
-5797
-5236
-4522
-3786
-3136
-2544
-1996
-1559
-1273
-1020
-701
-408
-225
-81
136
481
908
1338
1806
2292
2708
3104
3557
3999
4262
4276
4189
4078
3807
3355
2821
2199
1407
531
-210
-839
-1557
-2276
-2801
-3223
-3612
-3814
-3787
-3781
-3856
-3766
-3503
-3284
-3053
-2693
-2396
-2221
-1951
-1491
-1035
-728
-354
115
476
859
1438
2013
2418
2793
3269
3739
4068
4363
4674
4811
4769
4748
4733
4585
4293
3972
3696
3371
3049
2862
2683
2454
2234
2068
2002
1955
1893
1858
1828
1799
1789
1827
1918
1928
1766
1542
1293
898
352
-249
-919
-1754
-2674
-3490
-4186
-4887
-5546
-6047
-6437
-6702
-6773
-6627
-6343
-6033
-5641
-5134
-4575
-3998
-3396
-2836
-2392
-2000
-1575
-1172
-867
-621
-366
-131
76
348
702
1046
1328
1619
2001
2379
2692
2975
3213
3317
3275
3203
3103
2821
2368
1899
1396
774
150
-354
-837
-1421
-1977
-2334
-2595
-2872
-3043
-3048
-3027
-3032
-2914
-2611
-2314
-2118
-1902
-1603
-1299
-1034
-724
-352
-40
212
545
985
1432
1835
2210
2608
3008
3355
3668
3959
4178
4288
4311
4340
4363
4260
4035
3799
3560
3270
2965
2691
2444
2183
1921
1745
1639
1531
1413
1275
1161
1101
1073
1050
1021
1016
1017
975
890
819
705
420
8
-389
-772
-1286
-1923
-2520
-3067
-3674
-4269
-4672
-4949
-5270
-5567
-5625
-5495
-5378
-5230
-4934
-4561
-4271
-3990
-3532
-3019
-2654
-2364
-1982
-1568
-1264
-973
-588
-221
37
263
589
948
1240
1506
1788
2045
2206
2329
2447
2493
2434
2295
2145
1958
1715
1453
1162
836
495
155
-162
-455
-755
-1004
-1183
-1352
-1463
-1502
-1510
-1497
-1467
-1392
-1297
-1221
-1126
-961
-782
-628
-441
-204
57
310
585
907
1216
1485
1778
2097
2353
2552
2770
2961
3046
3064
3092
3084
2976
2846
2759
2637
2458
2308
2218
2115
1957
1810
1728
1635
1501
1389
1316
1258
1179
1120
1129
1123
1090
1086
1132
1171
1120
1027
935
753
418
36
-350
-873
-1502
-2067
-2582
-3174
-3792
-4264
-4623
-4998
-5290
-5355
-5313
-5302
-5208
-4912
-4561
-4276
-3954
-3532
-3131
-2816
-2484
-2102
-1772
-1511
-1270
-1004
-726
-466
-165
175
531
904
1274
1645
2039
2396
2658
2861
3041
3172
3176
3094
2998
2800
2484
2142
1796
1408
976
557
162
-223
-556
-795
-1002
-1196
-1317
-1406
-1513
-1558
-1504
-1472
-1525
-1540
-1422
-1292
-1218
-1055
-795
-571
-373
-69
358
737
1026
1369
1747
2065
2342
2627
2863
2972
3006
3046
3065
3020
2930
2799
2635
2447
2280
2151
2003
1813
1631
1492
1350
1218
1135
1065
981
895
856
858
843
831
831
829
834
809
735
627
480
242
-84
-429
-799
-1262
-1796
-2289
-2759
-3282
-3779
-4146
-4420
-4714
-4958
-5000
-4933
-4894
-4787
-4508
-4189
-3923
-3591
-3148
-2724
-2409
-2077
-1661
-1309
-1031
-727
-403
-131
107
396
720
1008
1286
1589
1888
2161
2440
2703
2879
2987
3064
3073
2977
2811
2598
2294
1904
1496
1100
687
232
-200
-520
-814
-1113
-1297
-1370
-1444
-1510
-1456
-1315
-1220
-1153
-996
-810
-707
-610
-442
-261
-166
-86
64
219
342
490
697
879
1013
1184
1384
1547
1684
1841
1970
2044
2108
2173
2190
2139
2093
2054
1965
1835
1723
1630
1500
1348
1235
1150
1055
956
896
865
802
739
709
715
743
737
748
796
820
813
765
685
568
361
68
-243
-608
-1052
-1518
-1950
-2345
-2774
-3214
-3544
-3778
-3969
-4080
-4098
-4036
-3928
-3772
-3517
-3207
-2910
-2605
-2303
-2033
-1770
-1512
-1287
-1101
-938
-767
-597
-415
-158
131
387
674
1025
1385
1705
2020
2324
2550
2688
2791
2868
2838
2677
2450
2193
1871
1484
1104
746
344
-78
-423
-698
-959
-1183
-1329
-1418
-1476
-1481
-1430
-1354
-1290
-1247
-1178
-1107
-1036
-948
-862
-769
-661
-530
-374
-181
39
250
475
725
977
1224
1445
1630
1777
1871
1949
2014
2056
2071
2041
2005
1963
1898
1820
1729
1640
1533
1413
1312
1235
1164
1073
959
867
816
739
647
591
540
476
412
382
385
365
312
278
254
194
73
-49
-174
-360
-589
-826
-1062
-1340
-1653
-1934
-2195
-2465
-2725
-2905
-2999
-3078
-3124
-3068
-2947
-2816
-2652
-2431
-2174
-1945
-1733
-1475
-1214
-1024
-850
-648
-471
-351
-223
-48
107
216
361
558
732
879
1054
1237
1372
1473
1570
1647
1675
1640
1565
1461
1312
1141
944
717
479
240
21
-175
-341
-478
-600
-704
-755
-764
-771
-766
-746
-714
-677
-628
-553
-454
-367
-294
-217
-106
48
164
245
361
503
620
726
877
1044
1135
1190
1287
1392
1439
1438
1452
1477
1441
1375
1359
1354
1284
1196
1164
1126
1051
988
942
896
820
751
726
689
627
585
571
561
546
553
581
588
586
609
613
592
569
499
388
253
73
-136
-376
-631
-898
-1208
-1517
-1791
-2067
-2325
-2541
-2721
-2853
-2936
-2960
-2926
-2862
-2754
-2603
-2450
-2275
-2057
-1840
-1653
-1448
-1211
-1011
-829
-630
-409
-208
-65
112
323
491
632
784
958
1100
1189
1296
1409
1448
1423
1388
1347
1244
1089
942
773
570
361
163
-25
-213
-393
-552
-679
-777
-849
-885
-904
-898
-864
-820
-765
-691
-599
-499
-392
-275
-140
-9
105
231
374
502
616
745
861
961
1064
1147
1210
1260
1295
1328
1351
1377
1423
1456
1467
1463
1467
1466
1436
1410
1377
1314
1240
1182
1139
1082
1011
946
887
846
803
759
736
706
661
609
569
539
477
392
313
215
93
-51
-203
-359
-558
-778
-970
-1154
-1367
-1567
-1727
-1879
-2029
-2145
-2221
-2261
-2285
-2272
-2213
-2138
-2049
-1945
-1820
-1689
-1564
-1436
-1303
-1160
-1021
-888
-758
-638
-508
-365
-224
-83
61
209
342
465
588
695
765
804
860
891
862
816
770
693
565
439
324
179
11
-122
-219
-346
-462
-512
-555
-600
-609
-577
-528
-499
-447
-360
-288
-238
-177
-86
-18
43
132
228
314
389
465
537
621
711
793
853
897
959
993
1000
1039
1067
1056
1036
1049
1053
1028
999
988
986
964
949
969
986
978
970
984
983
949
917
896
874
829
784
754
733
703
663
639
634
611
561
513
463
379
250
112
-21
-179
-370
-560
-732
-917
-1111
-1281
-1441
-1591
-1723
-1829
-1910
-1977
-2015
-2042
-2049
-2011
-1953
-1900
-1840
-1756
-1660
-1555
-1439
-1299
-1173
-1066
-927
-764
-601
-441
-276
-111
32
169
327
466
553
618
674
703
711
704
681
635
553
467
393
309
228
148
75
6
-48
-67
-94
-134
-162
-189
-202
-209
-209
-198
-201
-209
-194
-177
-165
-141
-100
-62
-24
28
97
164
219
288
373
453
539
642
734
804
867
928
985
1022
1057
1112
1144
1162
1191
1215
1240
1248
1246
1257
1252
1243
1240
1225
1183
1137
1102
1055
996
930
865
802
718
636
554
463
378
280
191
115
36
-53
-155
-258
-366
-487
-617
-743
-870
-1010
-1146
-1266
-1373
-1459
-1531
-1595
-1633
-1655
-1651
-1633
-1610
-1558
-1487
-1422
-1368
-1297
-1204
-1140
-1091
-1024
-948
-873
-812
-729
-611
-506
-424
-321
-183
-71
4
108
230
309
368
435
498
522
516
508
496
447
377
332
269
186
115
53
4
-52
-94
-123
-150
-175
-191
-202
-222
-225
-214
-204
-201
-187
-163
-145
-117
-75
-22
38
113
190
270
355
441
537
628
712
792
866
932
993
1041
1066
1091
1115
1116
1115
1121
1123
1102
1068
1045
1019
961
905
872
818
751
688
637
599
546
498
479
454
423
411
412
406
374
357
343
306
261
217
162
77
-19
-119
-235
-365
-487
-604
-736
-863
-963
-1061
-1166
-1244
-1296
-1353
-1418
-1456
-1464
-1481
-1504
-1507
-1492
-1471
-1443
-1394
-1328
-1260
-1195
-1105
-997
-889
-787
-673
-547
-429
-318
-206
-92
18
96
165
246
309
351
368
385
399
383
366
364
355
331
307
298
289
257
228
209
193
169
135
113
92
54
14
-21
-38
-50
-70
-69
-47
-24
0
39
87
135
187
249
311
371
424
481
531
563
598
626
648
676
696
720
745
779
823
845
864
891
915
927
929
931
927
907
873
849
825
791
745
698
656
597
543
496
429
355
287
222
160
98
39
-15
-84
-160
-217
-273
-342
-416
-488
-541
-600
-657
-694
-731
-772
-809
-836
-841
-857
-884
-903
-907
-907
-930
-930
-905
-900
-892
-872
-821
-779
-755
-715
-666
-617
-584
-525
-452
-412
-374
-320
-268
-232
-198
-147
-111
-89
-62
-21
16
35
58
75
76
94
118
119
118
112
101
84
52
39
31
-4
-30
-38
-47
-61
-68
-56
-47
-40
-21
7
34
51
67
92
113
140
166
190
213
239
267
293
321
361
401
439
483
530
579
623
657
685
719
726
725
730
716
689
658
626
589
546
500
462
425
389
362
345
334
326
327
329
340
345
336
334
322
298
272
232
194
156
109
64
16
-43
-100
-144
-177
-227
-281
-325
-363
-396
-440
-480
-509
-553
-593
-622
-655
-697
-743
-775
-801
-838
-858
-852
-840
-834
-807
-761
-706
-642
-576
-492
-417
-347
-267
-200
-147
-102
-60
-24
-1
30
51
53
60
60
56
62
60
56
59
65
68
73
90
81
69
77
78
72
60
49
32
16
2
-10
-11
-14
-8
7
23
55
97
132
159
187
226
261
288
307
323
330
329
327
327
322
305
294
303
304
307
319
332
343
355
379
399
419
438
446
460
474
478
476
471
462
444
426
411
395
372
349
324
303
274
238
209
173
128
86
49
7
-50
-104
-155
-215
-267
-318
-368
-427
-504
-554
-586
-636
-672
-699
-722
-734
-725
-706
-699
-688
-667
-641
-619
-593
-538
-504
-478
-436
-397
-356
-314
-278
-235
-199
-165
-116
-59
-20
11
53
86
109
134
151
161
149
142
140
123
113
98
74
63
49
43
38
25
21
23
25
26
27
35
30
34
43
33
32
35
37
39
41
61
73
83
111
151
186
223
266
320
369
406
445
478
500
508
513
520
512
496
479
453
423
390
361
334
300
270
248
244
240
226
224
225
212
198
194
184
147
108
76
45
6
-34
-65
-92
-118
-145
-165
-163
-163
-169
-166
-176
-179
-173
-176
-195
-205
-220
-262
-291
-319
-356
-398
-446
-467
-488
-524
-541
-542
-542
-539
-527
-501
-464
-440
-428
-397
-363
-344
-335
-316
-296
-288
-283
-260
-236
-240
-232
-220
-211
-191
-178
-165
-136
-115
-99
-75
-49
-29
-17
-1
18
44
63
72
86
104
129
148
176
210
232
257
289
318
340
365
391
405
413
416
429
438
431
426
424
417
407
396
383
373
353
341
331
320
307
285
267
266
257
234
217
195
172
146
120
104
76
46
10
-19
-28
-39
-43
-37
-33
-37
-28
-20
-6
11
15
19
19
17
15
12
10
2
-11
-24
-35
-53
-66
-85
-117
-130
-130
-143
-158
-163
-168
-179
-192
-201
-209
-227
-249
-266
-282
-308
-320
-322
-337
-356
-359
-361
-371
-374
-365
-356
-360
-360
-344
-329
-309
-283
-270
-251
-226
-214
-201
-173
-141
-118
-96
-72
-44
-14
12
39
69
90
113
144
172
195
214
242
263
280
304
314
325
331
332
340
333
325
314
301
277
264
267
245
219
205
188
171
153
139
134
128
113
105
103
100
98
85
74
63
43
32
23
16
13
16
18
20
30
43
51
56
66
77
84
81
79
85
80
77
70
58
48
20
7
-3
-32
-49
-57
-71
-84
-98
-107
-117
-131
-139
-146
-156
-174
-191
-195
-197
-201
-207
-218
-223
-229
-235
-229
-224
-225
-227
-228
-227
-231
-231
-226
-222
-220
-228
-226
-224
-222
-217
-218
-208
-195
-186
-170
-152
-134
-108
-93
-62
-23
2
25
53
84
101
118
129
136
151
171
176
180
195
198
205
212
216
234
248
254
265
273
271
269
260
248
239
228
210
193
178
151
133
118
112
111
95
79
77
82
67
66
73
69
62
46
48
47
31
23
13
3
0
-9
-16
-13
-13
-15
-9
0
4
4
1
-2
-3
6
7
-2
-4
-8
-8
-13
-18
-18
-28
-28
-25
-21
-7
3
-1
-3
-7
-17
-20
-27
-39
-55
-74
-91
-107
-124
-150
-176
-195
-216
-225
-233
-249
-249
-242
-240
-235
-220
-211
-201
-189
-187
-172
-156
-154
-147
-136
-119
-106
-97
-67
-36
-11
6
32
62
86
108
132
154
170
184
196
198
191
195
196
177
160
152
142
125
106
101
94
83
77
83
81
78
77
75
76
64
58
48
40
34
17
11
14
13
9
6
7
15
20
21
26
34
43
51
53
57
58
51
46
37
37
33
19
11
-4
-16
-23
-39
-43
-41
-51
-50
-47
-44
-30
-22
-16
-3
15
24
29
36
46
61
55
45
46
47
44
30
14
4
-6
-20
-34
-47
-62
-73
-85
-95
-100
-103
-107
-107
-101
-105
-110
-109
-97
-84
-93
-94
-86
-73
-62
-63
-54
-37
-25
-18
-5
15
34
