-18
-15
-7
-5
-14
-8
-8
-10
-5
-6
-9
-6
-1
-2
-7
-10
-13
-15
-11
-9
-9
-9
-10
-8
-10
-9
-9
-12
-13
-9
-5
-4
1
4
1
-6
-4
2
0
1
-1
1
6
2
3
-1
-4
4
6
6
8
6
7
11
6
7
14
7
0
5
7
10
12
9
7
13
13
13
17
17
15
10
13
14
9
11
11
18
18
16
20
17
10
10
10
10
10
11
11
1
3
3
-4
-4
-3
1
3
0
0
3
-1
-2
-2
-2
1
1
2
8
5
-3
5
6
2
5
-1
-1
7
3
0
-5
-9
-8
-8
-5
-1
-5
-6
0
-2
-1
2
6
9
2
0
6
5
1
3
1
-6
-7
-6
-9
-13
-13
-14
-11
-12
-15
-8
-11
-9
-7
-8
-7
-8
-2
7
5
4
4
0
3
8
8
4
0
3
0
3
11
8
6
5
-1
1
4
-5
0
6
-1
-3
7
3
-4
-2
4
9
6
4
-4
-2
5
1
2
-2
-7
-8
-9
-8
-4
-7
-14
-12
-17
-18
-14
-12
-14
-16
-10
-9
-7
-5
-3
-4
-6
-7
-10
-5
0
-1
2
-1
2
1
-3
-6
-6
-1
-3
0
-2
2
13
6
1
-1
3
9
5
12
8
-1
8
5
4
5
0
5
6
-2
1
2
-2
7
9
0
-1
5
-2
-6
2
6
6
10
15
12
11
11
8
14
13
13
13
10
12
17
16
10
7
5
5
5
6
13
11
8
10
1
-9
-7
-9
-11
-4
-4
1
0
-5
2
-1
0
1
-3
-5
1
-2
-10
-1
-7
-17
-5
-5
-5
-10
-9
1
-4
0
-2
-12
-10
-13
-13
-7
-9
-11
-12
-18
-20
-22
-22
-14
-10
-13
-6
-6
-10
-8
-12
-17
-10
-7
-11
-12
-11
-11
-8
-14
-15
-10
-22
-21
-15
-13
-9
-13
-14
-23
-22
-13
-9
-4
-5
-5
-6
-12
-11
-10
-7
-2
-3
7
17
15
21
25
21
19
15
20
21
13
20
17
10
11
7
7
11
13
15
15
11
10
10
9
6
6
11
9
8
10
7
7
6
10
12
8
9
10
12
11
9
10
10
12
10
10
13
8
-2
0
1
-1
4
2
0
7
12
8
8
8
-2
1
5
3
13
13
6
0
0
7
1
4
4
0
2
-1
0
3
-1
4
7
5
0
-1
-3
1
1
-2
6
5
1
15
12
6
9
10
9
-2
-3
-4
-4
-1
-5
-1
-4
-2
-6
-9
1
-4
-1
5
-1
0
1
1
10
7
4
5
6
5
5
5
3
2
4
8
11
12
8
2
-1
-11
-12
-12
-13
-9
-11
-4
-2
-5
-6
-4
-1
-8
-14
-10
-9
-10
-15
-14
-10
-14
-17
-17
-18
-15
-12
-18
-15
-7
-16
-15
-15
-13
-8
-14
-11
-9
-13
-24
-23
-17
-8
-4
-11
-9
-7
-5
-6
-8
-8
-10
-11
-5
-3
-8
-9
-9
-6
-7
-6
5
4
2
8
13
12
10
10
8
10
10
9
9
7
4
4
1
2
11
8
18
20
3
6
10
9
5
7
8
-1
2
9
6
5
4
5
16
12
7
9
10
12
15
13
6
8
6
11
15
3
3
8
8
13
2
0
2
-3
1
2
3
-1
3
8
1
11
11
2
-1
1
7
5
2
-1
-1
-3
-12
-10
2
-3
-12
-9
-9
-3
-2
-8
-6
-4
-7
-10
-11
-8
-2
-7
-12
-3
-8
-4
5
3
-1
-3
0
-5
-4
-5
-3
8
5
3
5
4
1
0
0
5
8
-1
-2
4
3
0
3
2
-8
-6
7
3
-2
1
8
9
-1
-7
-2
3
5
7
5
0
-1
1
8
4
4
9
4
0
1
1
1
4
-2
4
12
-2
2
6
3
2
-2
1
-2
-1
-4
-9
-7
-7
-8
-9
-10
-6
-1
-5
-5
-5
-7
4
-3
-11
-6
-7
0
3
-8
-3
1
-7
-2
0
-4
-4
-6
-5
-1
2
-3
-9
-5
-2
0
0
4
6
-1
2
3
5
7
-1
2
9
3
8
19
14
7
13
9
5
14
15
5
2
5
7
0
2
3
2
-1
-7
-5
-10
-10
-5
-7
-3
2
4
3
2
0
-2
-3
1
6
3
4
-6
-5
3
1
-1
4
6
9
7
0
0
2
2
4
6
5
8
12
8
14
10
11
14
9
12
8
11
19
11
9
11
12
10
10
14
4
4
14
3
0
2
-2
-5
-7
-2
-11
-17
-12
-13
-11
-16
-24
-16
-8
-13
-10
-9
-5
-7
-14
-10
-19
-19
-8
-14
-14
-15
-16
-15
-18
-13
-6
0
-1
-2
0
-8
-11
-10
-11
-14
-13
-16
-15
-7
-4
1
2
5
6
0
3
-2
-5
-3
-6
-9
-7
-2
-12
-10
-9
-15
-6
-3
6
11
12
12
2
5
7
9
11
8
6
-1
-9
-10
-5
-7
-21
-20
-5
0
-7
-8
2
-2
-2
12
20
22
22
28
27
22
24
23
21
9
0
7
6
-1
4
-2
-9
-17
-17
-5
-13
-19
-14
-7
4
2
3
9
4
-5
3
12
4
-6
-10
-3
-2
-16
-9
-1
-6
0
3
15
26
24
33
41
36
30
31
36
28
16
13
10
5
-3
-8
-3
0
-1
-11
-14
2
9
5
10
19
20
6
3
19
11
-12
-6
15
11
-5
12
26
11
12
27
23
13
8
6
3
1
6
-10
-18
-7
-11
-25
-18
-4
-22
-52
-49
-35
-43
-65
-62
-55
-85
-88
-54
-55
-55
-46
-52
-52
-37
-15
-13
-13
-2
-24
-47
-30
-12
-45
-79
-68
-74
-91
-59
-23
-44
-48
-18
-32
-64
-48
-48
-200
-386
-392
-449
-673
-727
-641
-722
-862
-704
-359
-294
-276
92
406
374
442
825
992
755
689
874
775
475
508
681
494
260
409
569
453
392
523
469
132
-77
-139
-457
-890
-1138
-1382
-1727
-1930
-1847
-1734
-1715
-1494
-1066
-720
-383
140
640
884
1057
1342
1562
1566
1548
1642
1621
1446
1419
1573
1663
1665
1761
1950
2029
2047
2175
2271
2151
1919
1744
1506
1113
737
372
-176
-809
-1291
-1711
-2203
-2621
-2888
-3167
-3498
-3605
-3461
-3405
-3410
-3216
-2925
-2765
-2580
-2160
-1748
-1543
-1319
-917
-535
-239
164
627
986
1267
1618
2017
2336
2590
2744
2761
2732
2679
2537
2291
2026
1708
1237
786
500
200
-215
-596
-881
-1203
-1564
-1801
-1965
-2220
-2523
-2778
-2971
-3059
-3093
-3132
-3115
-2968
-2731
-2506
-2108
-1463
-889
-492
44
801
1373
1726
2246
2792
2949
2916
3138
3400
3296
3114
3176
3179
2940
2819
2972
3033
2866
2821
2938
2924
2874
2986
3084
3003
2891
2884
2792
2556
2345
2026
1402
599
-156
-946
-1960
-2976
-3839
-4756
-5681
-6318
-6574
-6714
-6858
-6713
-6281
-5823
-5312
-4593
-3756
-3097
-2579
-1964
-1311
-741
-221
301
792
1203
1642
2184
2747
3296
3750
4070
4360
4635
4799
4745
4540
4249
3702
2964
2266
1597
791
-176
-1022
-1701
-2392
-2982
-3333
-3521
-3702
-3854
-3793
-3556
-3330
-3149
-2981
-2800
-2681
-2677
-2655
-2524
-2386
-2340
-2230
-1888
-1428
-929
-305
458
1195
1799
2411
3078
3581
3865
3972
3874
3622
3258
2798
2266
1723
1225
685
210
106
232
317
492
934
1450
1795
2235
2870
3250
3285
3327
3490
3521
3424
3471
3506
3391
3348
3437
3506
3493
3401
3019
2273
1555
850
-268
-1629
-2845
-4091
-5613
-6902
-7496
-7984
-8723
-9034
-8669
-8211
-7807
-6924
-5640
-4724
-4074
-3077
-1927
-1086
-482
169
700
975
1321
1841
2340
2782
3151
3474
3896
4472
4992
5213
5308
5382
5109
4578
4139
3647
2733
1472
369
-549
-1546
-2453
-3105
-3632
-4151
-4544
-4556
-4299
-4094
-4109
-4284
-4258
-4143
-4291
-4359
-4182
-4123
-4343
-4246
-3335
-2424
-1889
-965
346
1367
2154
3409
4801
5285
5249
5508
5635
5197
4691
4452
3854
2810
2283
2311
2243
2211
2469
2738
2804
3144
3894
4245
4198
4252
4074
3557
3272
3413
3237
2491
2189
2337
2107
1911
2248
2371
1451
388
104
-533
-1974
-3211
-4161
-5629
-7473
-8324
-8366
-8989
-9678
-9551
-9063
-8667
-7912
-6377
-4983
-4243
-3298
-2077
-1036
-110
764
1355
1489
1703
2201
2537
2961
3570
3865
3878
4178
4962
5427
5376
5535
5572
4975
4247
3879
3430
2198
786
-191
-1274
-2413
-3167
-3694
-4314
-4983
-5249
-5316
-5442
-5274
-5211
-5529
-5649
-5389
-5144
-5186
-4846
-4002
-3664
-3410
-2219
-693
189
838
2248
3670
4155
4701
5778
6326
5866
5456
5695
5457
4557
4071
3937
3518
2915
2834
3233
3237
3107
3368
3674
3883
3985
4030
4000
3668
3311
3076
2854
2763
2654
2513
2584
2917
3255
3351
3290
2917
2123
1128
-28
-1311
-2911
-4796
-6502
-8083
-9365
-10116
-10721
-11076
-11063
-10748
-9943
-8855
-7533
-6075
-4986
-3995
-2804
-1737
-849
-132
393
712
835
1182
1866
2455
2904
3465
4065
4639
5371
6175
6743
6911
6762
6481
5958
5209
4460
3375
1851
433
-784
-1930
-2903
-3674
-4314
-5083
-5809
-5977
-6047
-6376
-6490
-6576
-6862
-7012
-6783
-6251
-5894
-5500
-4576
-3651
-2758
-1310
363
1637
2643
3883
5142
5802
6246
6902
7074
6548
6171
6161
5850
5176
4791
4701
4347
3922
4024
4284
4148
4003
4170
4293
4142
3985
3913
3573
3078
2834
2702
2452
2339
2527
2675
2757
3112
3470
3187
2390
1741
910
-687
-2394
-3844
-5583
-7736
-9494
-10272
-10965
-11947
-12182
-11650
-11127
-10480
-9131
-7272
-5856
-4876
-3555
-2146
-1146
-332
415
909
1106
1266
1654
2194
2771
3295
3715
4267
5092
5897
6413
6866
7230
7002
6382
5813
5133
4060
2517
1003
-241
-1697
-3077
-4111
-5031
-5755
-6568
-7173
-7189
-7242
-7412
-7530
-7372
-6843
-6630
-6448
-5642
-4752
-4141
-3420
-2086
-455
692
1700
3205
4720
5627
6287
7198
7841
7735
7402
7370
7365
6804
6036
5710
5448
4941
4466
4294
4312
3986
3606
3700
3851
3744
3425
3121
2947
2671
2403
2261
2214
2289
2263
2320
2817
3471
3557
2752
1938
1351
47
-1738
-3198
-4544
-6625
-9094
-10218
-10369
-11134
-11934
-11785
-11132
-10830
-10286
-8435
-6472
-5651
-5042
-3807
-2472
-1667
-983
-63
398
257
365
1119
2091
2741
3152
3652
4356
5212
5963
6631
7235
7265
6640
5969
5712
5262
3859
2360
1264
-117
-1628
-2614
-3040
-3989
-5569
-6158
-6266
-6887
-7154
-7068
-7296
-7973
-8049
-7043
-6655
-6582
-5392
-4239
-3774
-2642
-303
1632
2286
3417
5342
6209
6358
7409
8464
7875
6814
6954
7164
6395
5758
5826
5625
4767
4488
5142
5185
4615
4494
4414
4223
4006
3755
3628
2924
2088
1911
1643
1526
1775
1811
2043
2537
3258
4285
4622
4120
3622
2733
1172
-336
-1997
-4105
-6654
-9355
-10813
-11602
-12840
-13323
-13193
-13048
-12404
-11270
-9261
-7172
-6155
-5048
-3655
-2708
-1731
-882
-341
-59
-354
-375
384
1150
1798
2461
3122
4075
5157
6186
7328
8101
8166
7952
7471
6802
6136
4829
2979
1359
-214
-1819
-3403
-4687
-5343
-6537
-7907
-7958
-7695
-7915
-8163
-7824
-7084
-7092
-6852
-5561
-4711
-4394
-3685
-2354
-1017
-110
1269
2901
3888
4793
5959
7033
7750
8109
8331
8282
7993
7799
7564
7048
6517
6078
5505
5044
4793
4491
4100
3602
3395
3441
3145
2896
2846
2622
2312
2154
2307
2363
2256
2453
2820
3127
3492
4157
4280
3215
2413
1789
253
-1493
-3151
-4827
-7131
-9630
-10355
-10753
-12104
-12622
-12413
-12185
-11836
-10904
-8961
-7637
-7198
-6077
-4848
-4071
-3179
-2213
-1584
-1432
-1247
-583
379
1350
2269
3007
3570
4630
5931
6729
7498
8099
7988
7477
6973
6747
6027
4365
2853
1552
-10
-1466
-2588
-3491
-4739
-6133
-6856
-7146
-7329
-7532
-7777
-7900
-7962
-7620
-6966
-6301
-5444
-4710
-3897
-2606
-1057
641
2002
3169
4485
5374
6163
7195
7954
8144
7798
7593
7626
7289
6916
6786
6436
5791
5346
5402
5581
5342
4903
4717
4528
4219
4060
3939
3611
3000
2312
1967
1990
1913
1781
2004
2253
2566
3190
4024
4974
4649
3427
3000
1974
145
-1625
-3654
-5693
-8623
-11082
-11433
-12273
-13551
-13751
-13478
-12813
-12163
-10763
-8352
-7072
-6441
-5162
-3981
-3063
-2289
-1684
-1302
-1438
-1528
-993
-109
797
1581
2265
3174
4611
5999
6978
8091
8828
8655
8196
7900
7632
6424
4413
2931
1333
-912
-2712
-3880
-5085
-6717
-8017
-8301
-8458
-8651
-8272
-7794
-7592
-7172
-6214
-5254
-4573
-3691
-2700
-2024
-1249
102
1386
2166
3074
4218
5104
5757
6690
7711
7967
7815
8084
8321
8092
7815
7648
7263
6486
5772
5595
5320
4511
3919
3584
3220
2962
2722
2806
2778
2226
2115
2353
2461
2594
2739
3102
3361
3478
4096
4707
4338
3223
2350
1382
-351
-2150
-3782
-5625
-8035
-10242
-10895
-11408
-12538
-12863
-12649
-12359
-11938
-10980
-9102
-7845
-7369
-6313
-5202
-4368
-3458
-2621
-1904
-1633
-1491
-735
322
1411
2431
3214
4084
5195
6307
7197
8022
8643
8432
7800
7375
6950
6012
4348
2825
1460
-539
-2295
-3392
-4509
-5828
-7139
-7717
-7915
-8333
-8209
-7806
-7661
-7347
-6726
-5808
-4966
-4157
-3016
-2123
-1276
80
1402
2437
3400
4457
5430
6022
6742
7617
7847
7746
7914
8019
7852
7594
7454
7280
6724
6166
5944
5579
5017
4595
4218
3860
3543
3199
3007
2799
2379
2258
2326
2252
2446
2708
2975
3468
3853
4400
4659
3804
2950
2139
500
-1259
-3121
-5139
-7275
-9778
-11182
-11794
-12987
-13524
-13340
-13080
-12471
-11645
-10046
-8313
-7490
-6471
-5183
-4341
-3574
-2839
-2215
-1799
-1726
-1401
-538
408
1339
2284
3158
4312
5622
6642
7673
8532
8741
8499
8063
7719
7074
5593
3913
2354
572
-1389
-3052
-4169
-5409
-6969
-8051
-8389
-8457
-8698
-8605
-7873
-7445
-7214
-6332
-4981
-3829
-3242
-2416
-1037
-105
681
1952
3152
3858
4351
5240
6266
6810
7205
7666
7905
7890
7982
8176
8046
7787
7470
6897
6364
5904
5446
4901
4212
3774
3387
2845
2633
2546
2154
1945
2095
2217
2485
2905
3374
3934
4294
4879
5233
4278
3359
2615
803
-1191
-3052
-4951
-7188
-9866
-11099
-11542
-12887
-13500
-13044
-12638
-12291
-11541
-9770
-8148
-7576
-6651
-5308
-4511
-3972
-3273
-2576
-2190
-2061
-1686
-771
285
1188
2134
3156
4460
5800
6700
7760
8749
8922
8595
8152
7894
7176
5564
4005
2525
809
-1110
-2782
-3716
-4963
-6616
-7600
-7882
-7918
-8331
-8409
-7655
-7360
-7316
-6611
-5431
-4412
-3983
-3193
-1771
-805
-38
1227
2618
3533
4084
4977
6126
6813
7134
7555
7899
7901
7843
7916
7883
7623
7176
6705
6344
5957
5548
5120
4603
4261
3956
3470
3232
3152
2851
2553
2419
2487
2687
2751
2998
3575
3875
4081
4136
3460
2727
1646
-95
-1632
-3525
-5647
-7732
-9908
-10958
-11795
-13005
-13192
-12992
-12763
-12200
-11230
-9506
-8220
-7561
-6312
-5031
-4295
-3628
-2800
-2092
-1881
-1798
-1164
-208
557
1361
2375
3367
4450
5613
6688
7723
8369
8470
8344
8070
7618
6717
5339
3908
2305
458
-1271
-2732
-4052
-5407
-6637
-7509
-7975
-8089
-8127
-8003
-7592
-7157
-6684
-6037
-5070
-4000
-3367
-2676
-1498
-400
484
1452
2620
3640
4225
4966
6022
6748
7079
7412
7825
8041
7971
7983
8072
7873
7373
6846
6538
6141
5533
5114
4710
4230
3807
3445
3344
3096
2722
2736
2660
2600
2872
3133
3481
3803
4170
4617
4256
3372
2707
1547
-254
-2072
-3893
-5870
-8236
-10219
-11058
-11993
-13110
-13345
-13072
-12724
-12248
-11133
-9432
-8284
-7505
-6322
-5148
-4352
-3678
-2931
-2321
-2059
-1857
-1276
-411
463
1354
2242
3290
4522
5607
6634
7655
8371
8583
8379
8158
7794
6764
5356
3962
2468
737
-1152
-2642
-3826
-5348
-6637
-7295
-7722
-8023
-8309
-8140
-7594
-7415
-6957
-6077
-5310
-4455
-3725
-2780
-1558
-674
395
1554
2467
3487
4318
5109
6013
6591
7017
7403
7670
7911
7952
7833
7806
7651
7220
6846
6506
6049
5624
5131
4763
4540
4079
3780
3596
3220
3022
2836
2723
2815
2783
2980
3277
3496
4051
4339
3915
3112
2212
1165
-471
-2296
-3975
-6059
-8431
-10264
-11119
-11888
-12965
-13287
-13028
-12778
-12211
-11006
-9303
-8143
-7470
-6251
-5018
-4153
-3319
-2563
-1907
-1651
-1472
-718
216
1066
1838
2550
3558
4685
5722
6793
7698
8270
8365
8154
8076
7771
6808
5410
3787
2220
608
-1239
-2704
-3904
-5447
-6901
-7737
-7826
-7866
-8297
-8071
-7373
-7134
-6688
-5599
-4375
-3719
-3400
-2334
-1061
-392
447
1650
2538
3044
3741
4846
5787
6276
6707
7217
7526
7715
8009
8162
8095
7846
7344
6909
6583
6156
5661
5025
4498
4157
3693
3407
3323
3046
2720
2558
2669
2910
3083
3364
3726
4108
4480
4634
4344
3484
2415
1091
-697
-2441
-4345
-6596
-8771
-10529
-11515
-12406
-13274
-13274
-13005
-12758
-12003
-10625
-8975
-7889
-7008
-5712
-4673
-4023
-3287
-2461
-1967
-1958
-1776
-1076
-284
432
1229
2162
3147
4139
5280
6477
7439
7989
8137
8122
7979
7468
6524
5240
3709
2024
258
-1384
-2783
-4117
-5458
-6588
-7284
-7569
-7660
-7664
-7424
-6950
-6563
-6114
-5302
-4324
-3551
-3068
-2278
-1152
-376
338
1427
2520
3218
3752
4749
5828
6287
6631
7245
7631
7623
7646
7852
7857
7421
6976
6679
6216
5730
5352
4984
4619
4244
3942
3691
3538
3446
3239
3153
3202
3280
3405
3591
4060
4427
4544
4607
4098
3178
2119
744
-820
-2704
-4714
-6700
-8812
-10375
-11297
-12209
-12940
-13154
-12936
-12532
-11837
-10541
-9107
-8135
-7227
-6024
-4962
-4213
-3437
-2637
-2147
-1908
-1467
-690
74
777
1637
2508
3393
4426
5505
6536
7280
7703
7928
7887
7696
7204
6243
5053
3609
2036
494
-1080
-2530
-3957
-5290
-6301
-7143
-7593
-7707
-7827
-7735
-7357
-6813
-6222
-5585
-4649
-3706
-3067
-2272
-1163
-196
534
1406
2471
3311
3885
4666
5577
6098
6391
6891
7355
7462
7482
7639
7704
7444
7047
6792
6429
5895
5466
5087
4705
4304
3940
3687
3397
3157
3064
2963
2915
3018
3209
3436
3732
4190
4529
4307
3636
2850
1825
322
-1376
-3065
-5022
-7253
-9192
-10405
-11313
-12307
-12866
-12819
-12599
-12180
-11227
-9788
-8485
-7593
-6559
-5336
-4391
-3657
-2946
-2306
-1928
-1772
-1365
-634
87
720
1397
2283
3290
4270
5302
6362
7182
7528
7691
7866
7732
7150
6167
5027
3704
2035
515
-851
-2390
-3879
-5193
-6113
-6801
-7416
-7561
-7596
-7685
-7386
-6848
-6212
-5596
-4918
-3991
-3261
-2540
-1448
-452
324
1124
2087
3024
3674
4414
5289
5812
6099
6569
7094
7280
7319
7447
7467
7306
7020
6874
6636
6064
5726
5422
4991
4728
4361
4069
3704
3211
3143
3018
2876
3029
3119
3351
3616
3980
4503
4466
3931
3131
2121
842
-864
-2558
-4407
-6638
-8736
-10290
-11220
-12137
-12971
-13080
-12903
-12571
-11739
-10454
-8978
-7914
-7012
-5765
-4666
-3825
-3050
-2400
-1920
-1775
-1562
-941
-239
407
1003
1745
2716
3709
4771
5871
6799
7342
7554
7743
7810
7453
6651
5565
4244
2689
1139
-328
-1803
-3288
-4699
-5866
-6758
-7274
-7478
-7715
-7777
-7479
-7060
-6534
-5830
-4895
-4034
-3464
-2622
-1476
-548
226
1091
2018
2752
3325
4149
5025
5546
5892
6333
6824
7138
7327
7512
7636
7550
7229
7057
6952
6590
6182
5740
5394
5058
4519
4242
3932
3395
3074
2848
2828
2858
2918
3280
3543
3867
4335
4459
4062
3254
2358
1080
-657
-2337
-4151
-6290
-8470
-10093
-11069
-12117
-12942
-13039
-12874
-12587
-11864
-10526
-9050
-8004
-6949
-5652
-4579
-3753
-2959
-2215
-1787
-1675
-1405
-883
-268
324
906
1668
2544
3510
4563
5646
6687
7266
7553
7853
7912
7599
6844
5902
4674
2980
1436
-16
-1606
-3185
-4671
-5786
-6776
-7461
-7560
-7716
-7809
-7553
-7066
-6398
-5779
-4925
-3988
-3408
-2682
-1688
-724
59
716
1535
2303
2887
3612
4489
5229
5661
6104
6724
7206
7491
7695
7919
7942
7575
7303
7156
6757
6214
5644
5224
4780
4169
3831
3547
3107
2795
2670
2760
2864
3066
3456
3777
4170
4542
4643
4226
3342
2406
1019
-790
-2553
-4480
-6586
-8723
-10335
-11304
-12318
-13025
-13048
-12771
-12313
-11527
-10155
-8654
-7558
-6434
-5195
-4144
-3364
-2742
-2091
-1737
-1666
-1437
-1038
-468
84
632
1460
2371
3357
4432
5504
6568
7189
7504
7833
7889
7580
6831
5853
4670
3034
1446
11
-1489
-3020
-4448
-5450
-6277
-6900
-7055
-7124
-7106
-6953
-6582
-5937
-5410
-4757
-3979
-3388
-2717
-1959
-1101
-285
337
1126
1942
2645
3465
4321
5106
5681
6127
6697
7164
7430
7630
7725
7678
7401
7097
6877
6510
6020
5517
5122
4765
4341
4073
3859
3568
3319
3164
3201
3235
3302
3575
3812
4069
4335
4341
3944
3084
2075
839
-844
-2585
-4369
-6347
-8324
-9932
-10966
-11859
-12622
-12824
-12644
-12284
-11609
-10460
-9073
-7954
-6947
-5780
-4719
-3863
-3128
-2463
-1951
-1712
-1424
-909
-300
335
939
1655
2514
3449
4458
5438
6333
6946
7220
7420
7472
7210
6582
5655
4544
3111
1582
229
-1189
-2715
-4124
-5241
-6164
-6924
-7268
-7372
-7544
-7542
-7156
-6585
-6023
-5351
-4497
-3706
-3003
-2079
-1002
-102
659
1461
2302
3066
3765
4530
5219
5680
6080
6508
6948
7319
7511
7637
7674
7546
7353
7087
6842
6502
5949
5483
5078
4677
4261
3758
3457
3164
2803
2717
2756
2984
3171
3328
3913
4237
4111
3766
3094
2259
823
-854
-2322
-4256
-6410
-8348
-9817
-10882
-12012
-12640
-12675
-12559
-12116
-11254
-9889
-8513
-7448
-6242
-5045
-3984
-3094
-2436
-1791
-1440
-1347
-1129
-795
-278
173
563
1255
2072
2973
3951
4963
5970
6565
6922
7284
7417
7251
6620
5717
4637
3223
1784
306
-1164
-2577
-4137
-5408
-6291
-6918
-7355
-7765
-7749
-7481
-7293
-6777
-5964
-5120
-4491
-3852
-2753
-1755
-1039
-193
755
1565
2093
2813
3782
4401
4803
5290
5861
6320
6581
6981
7371
7443
7395
7327
7304
7145
6716
6356
6006
5524
5025
4573
4260
3812
3283
3049
2948
2850
2863
3132
3494
3768
4185
4583
4520
3911
3124
2211
699
-1078
-2775
-4755
-6985
-8999
-10338
-11373
-12498
-13048
-12975
-12793
-12338
-11288
-9787
-8453
-7390
-6143
-4842
-3858
-3077
-2313
-1751
-1561
-1492
-1257
-798
-308
136
733
1500
2399
3414
4527
5707
6631
7194
7629
7953
8039
7713
6997
6035
4700
3151
1664
139
-1405
-2952
-4416
-5584
-6480
-7028
-7356
-7614
-7594
-7418
-7127
-6545
-5805
-5052
-4453
-3843
-2980
-2147
-1392
-553
285
978
1554
2334
3280
4010
4576
5170
5768
6230
6614
7107
7509
7620
7583
7554
7517
7286
6908
6569
6184
5670
5140
4753
4457
4008
3514
3273
3184
3023
2966
3206
3487
3644
3877
4218
4244
3622
2792
1944
561
-1163
-2844
-4608
-6614
-8686
-10113
-11011
-12029
-12686
-12738
-12514
-12061
-11248
-9853
-8421
-7399
-6319
-5114
-4064
-3248
-2549
-1926
-1635
-1549
-1349
-934
-372
88
582
1279
2105
3084
4125
5229
6247
6838
7214
7553
7689
7495
6876
5990
4830
3352
1894
487
-980
-2451
-3927
-5189
-6110
-6755
-7139
-7429
-7561
-7456
-7246
-6803
-6145
-5452
-4845
-4271
-3490
-2623
-1813
-962
-76
703
1394
2232
3175
4004
4732
5374
5961
6461
6898
7368
7693
7823
7838
7747
7601
7374
7078
6711
6261
5798
5352
4960
4602
4203
3843
3558
3368
3282
3250
3365
3539
3681
3930
4185
4153
3630
2807
1881
579
-1065
-2706
-4432
-6431
-8472
-9960
-10939
-11947
-12689
-12825
-12634
-12300
-11576
-10189
-8741
-7686
-6588
-5342
-4236
-3419
-2641
-1866
-1510
-1418
-1196
-750
-201
257
772
1412
2135
3042
4053
5163
6180
6803
7178
7501
7749
7634
7099
6354
5271
3854
2413
1111
-236
-1813
-3299
-4544
-5657
-6455
-6890
-7148
-7411
-7539
-7277
-6883
-6443
-5743
-5027
-4515
-3958
-3098
-2122
-1391
-669
239
967
1593
2450
3448
4235
4711
5308
5994
6448
6850
7286
7617
7658
7544
7574
7533
7253
6869
6487
6128
5663
5205
4903
4544
4055
3612
3398
3335
3173
3121
3330
3488
3615
3895
4136
3913
3106
2256
1305
-216
-1875
-3448
-5258
-7374
-9257
-10356
-11244
-12214
-12633
-12526
-12316
-11918
-10844
-9291
-8123
-7224
-6080
-4905
-3997
-3227
-2364
-1750
-1638
-1516
-1100
-525
24
506
1116
1830
2619
3598
4689
5763
6562
6977
7331
7653
7705
7397
6772
5904
4634
3158
1904
639
-860
-2382
-3725
-4913
-5964
-6547
-6806
-7212
-7570
-7507
-7145
-6845
-6371
-5556
-4965
-4601
-3911
-2838
-1925
-1349
-490
521
1173
1874
2912
3949
4553
4994
5782
6494
6868
7260
7719
7997
7910
7820
7938
7801
7377
6916
6536
6152
5561
5130
4871
4375
3835
3492
3446
3391
3153
3256
3483
3534
3731
4037
4146
3546
2585
1826
605
-1028
-2619
-4305
-6220
-8340
-9812
-10592
-11550
-12280
-12419
-12217
-11886
-11253
-9868
-8428
-7481
-6504
-5351
-4252
-3459
-2744
-1964
-1633
-1595
-1393
-933
-332
87
551
1241
1948
2813
3801
4888
5900
6428
6816
7229
7448
7373
6867
6198
5257
3930
2657
1428
146
-1291
-2822
-4023
-5062
-5931
-6488
-6957
-7236
-7431
-7474
-7142
-6708
-6183
-5684
-5188
-4443
-3698
-2906
-1994
-1133
-321
397
1273
2285
3085
3827
4559
5223
5800
6275
6857
7292
7449
7629
7742
7771
7686
7477
7239
6808
6407
6090
5656
5289
4865
4353
3895
3551
3468
3296
3081
3181
3289
3367
3558
3842
3868
3148
2266
1537
316
-1298
-2882
-4435
-6316
-8393
-9702
-10452
-11396
-12162
-12336
-12062
-11783
-11193
-9818
-8434
-7487
-6566
-5396
-4195
-3398
-2685
-1894
-1480
-1386
-1223
-677
13
433
880
1560
2354
3186
4086
5226
6231
6724
7029
7372
7652
7528
6980
6348
5421
4086
2708
1507
343
-1151
-2738
-3990
-4998
-5867
-6587
-6938
-7080
-7385
-7495
-7176
-6597
-6083
-5751
-5125
-4352
-3797
-3103
-2140
-1157
-487
64
1012
1992
2682
3415
4280
5022
5472
5962
6691
7213
7407
7591
7795
7820
7655
7507
7310
6923
6488
6061
5653
5254
4786
4258
3754
3461
3303
3053
2924
3044
3152
3215
3454
3830
3839
3218
2496
1817
625
-932
-2411
-3961
-5887
-7902
-9238
-10084
-11066
-11837
-12027
-11904
-11704
-11106
-9878
-8553
-7602
-6722
-5588
-4507
-3704
-2957
-2255
-1858
-1774
-1625
-1159
-605
-161
299
898
1634
2496
3482
4588
5630
6311
6729
7147
7511
7577
7207
6568
5746
4594
3262
2081
909
-525
-2084
-3452
-4455
-5331
-6100
-6483
-6779
-7139
-7298
-7106
-6647
-6285
-5962
-5424
-4899
-4356
-3604
-2702
-1836
-1183
-451
457
1334
2234
3149
3996
4664
5265
6003
6669
7158
7518
7761
7876
7837
7853
7816
7520
7134
6726
6335
5916
5477
5123
4654
4077
3667
3476
3351
3149
3064
3152
3179
3238
3461
3655
3369
2568
1801
977
-295
-1779
-3224
-4754
-6641
-8401
-9360
-10090
-11012
-11626
-11657
-11434
-11218
-10458
-9077
-7957
-7226
-6289
-5055
-4052
-3340
-2487
-1746
-1482
-1379
-996
-372
91
470
1008
1580
2219
3062
4069
5054
5782
6255
6605
6891
7070
6953
6513
5839
4876
3710
2609
1553
321
-1022
-2244
-3362
-4481
-5297
-5714
-6268
-6889
-7078
-7011
-7051
-6975
-6308
-5635
-5503
-5031
-3915
-3030
-2588
-1763
-498
174
498
1543
2836
3344
3557
4450
5372
5512
5714
6503
6997
6776
6718
7250
7428
7029
6880
6948
6653
6060
5718
5604
5141
4454
3950
3599
3277
2921
2689
2605
2549
2511
2500
2743
3067
2950
2415
1843
1299
308
-1058
-2227
-3523
-5322
-7161
-8361
-9116
-10150
-11034
-11225
-11192
-11190
-10777
-9636
-8428
-7692
-6873
-5698
-4578
-3753
-2967
-2084
-1558
-1433
-1206
-705
-139
198
476
1001
1618
2266
3070
4080
5087
5672
6023
6549
7024
7125
6895
6535
5919
4863
3707
2756
1723
350
-1091
-2346
-3488
-4520
-5292
-5839
-6328
-6741
-6941
-6899
-6638
-6186
-5744
-5370
-4834
-4140
-3456
-2785
-1968
-1116
-539
31
931
1863
2546
3163
3941
4634
5072
5616
6326
6794
6945
7127
7434
7570
7502
7434
7243
6788
6275
5889
5539
5053
4515
4018
3482
3058
2842
2708
2545
2375
2381
2478
2614
2945
3223
3095
2555
1914
1241
199
-1080
-2330
-3806
-5613
-7323
-8464
-9308
-10271
-10994
-11224
-11254
-11173
-10608
-9469
-8395
-7663
-6800
-5660
-4623
-3832
-2991
-2133
-1713
-1617
-1295
-694
-177
134
576
1209
1802
2459
3387
4438
5229
5693
6129
6626
6940
6916
6677
6264
5476
4388
3321
2388
1337
-61
-1460
-2550
-3550
-4503
-5164
-5511
-5925
-6540
-6737
-6414
-6172
-6042
-5700
-5171
-4821
-4491
-3630
-2629
-2034
-1517
-703
189
859
1638
2689
3470
3895
4452
5247
5869
6256
6714
7051
7062
7030
7163
7278
7073
6718
6404
5933
5465
5147
4815
4398
3828
3310
2929
2623
2542
2482
2294
2205
2271
2417
2596
2859
3004
2617
1886
1279
614
-475
-1746
-2945
-4400
-6163
-7572
-8320
-9022
-9967
-10543
-10545
-10497
-10352
-9540
-8343
-7532
-6983
-6049
-4851
-3978
-3255
-2323
-1623
-1434
-1259
-693
-41
322
622
1095
1563
2028
2737
3630
4391
4865
5188
5538
5878
6074
5989
5614
5045
4287
3348
2421
1683
814
-415
-1523
-2247
-2909
-3746
-4376
-4567
-5053
-5811
-5897
-5521
-5488
-5715
-5391
-4687
-4530
-4317
-3253
-2227
-1947
-1541
-326
715
1080
1787
2975
3563
3564
4150
5160
5450
5359
5761
6224
6091
5928
6381
6677
6288
5982
6029
5844
5381
5158
5071
4569
3895
3558
3325
2912
2624
2535
2252
1934
2005
2262
2392
2533
2849
2804
2191
1714
1346
406
-998
-2269
-3517
-5271
-6995
-7939
-8694
-9866
-10799
-10926
-10854
-10955
-10500
-9358
-8393
-7800
-6854
-5440
-4333
-3599
-2646
-1685
-1213
-997
-516
130
481
696
1105
1575
1992
2496
3197
3959
4573
5020
5443
5889
6203
6250
6068
5753
5208
4335
3391
2573
1686
558
-604
-1559
-2474
-3445
-4201
-4663
-5106
-5673
-6035
-6033
-5976
-5931
-5723
-5311
-4934
-4632
-4020
-3175
-2442
-1774
-1029
-193
529
1187
2030
2831
3397
3889
4439
4987
5398
5775
6139
6304
6335
6410
6534
6580
6511
6392
6130
5745
5420
5141
4786
4296
3822
3413
2908
2495
2306
2145
1867
1617
1664
1807
1849
2033
2290
2180
1600
1021
567
-290
-1553
-2757
-3919
-5402
-6925
-7837
-8430
-9305
-10090
-10248
-10065
-9942
-9499
-8399
-7305
-6632
-5792
-4576
-3488
-2731
-1982
-1148
-695
-608
-301
217
544
652
848
1215
1576
2013
2667
3395
3969
4347
4715
5118
5384
5420
5237
4850
4254
3486
2697
1925
1106
211
-793
-1708
-2393
-2923
-3416
-3967
-4346
-4561
-4936
-5127
-4862
-4626
-4751
-4818
-4312
-3770
-3638
-3176
-2226
-1647
-1487
-772
501
1224
1501
2325
3344
3635
3732
4555
5343
5264
5141
5583
5884
5610
5520
5927
5922
5381
5166
5305
5158
4741
4563
4483
4074
3585
3337
3129
2789
2456
2197
1914
1764
1793
1811
1881
2073
2116
1774
1346
1078
521
-545
-1621
-2553
-3826
-5386
-6541
-7247
-8191
-9289
-9778
-9789
-9912
-9919
-9222
-8164
-7519
-6923
-5776
-4547
-3773
-3082
-2072
-1282
-1070
-805
-169
332
451
633
1099
1457
1687
2193
2939
3557
3976
4433
4958
5365
5611
5699
5599
5297
4755
4025
3275
2530
1633
550
-426
-1155
-1895
-2682
-3245
-3584
-4010
-4526
-4700
-4612
-4719
-4877
-4746
-4462
-4348
-4241
-3775
-3235
-2915
-2508
-1791
-1031
-474
153
993
1715
2235
2827
3521
4049
4387
4758
5148
5394
5537
5701
5817
5793
5727
5690
5605
5453
5257
4998
4721
4442
4156
3830
3443
3076
2678
2260
1966
1748
1526
1332
1241
1265
1288
1374
1498
1342
943
477
-93
-864
-1823
-2784
-3899
-5232
-6372
-7157
-7826
-8530
-8965
-9039
-9076
-8939
-8333
-7442
-6712
-6102
-5221
-4262
-3536
-2830
-1984
-1326
-1082
-901
-462
-31
190
461
884
1210
1462
1995
2785
3476
3965
4424
4885
5195
5409
5558
5489
5138
4533
3783
3036
2312
1521
609
-278
-1030
-1732
-2299
-2555
-2681
-3034
-3466
-3604
-3666
-3879
-3986
-3902
-3996
-4378
-4428
-4022
-3776
-3623
-3136
-2521
-2137
-1630
-578
485
1127
1806
2713
3404
3803
4386
5055
5234
5107
5156
5277
5154
4957
4967
4849
4468
4213
4199
4176
3965
3791
3714
3481
3207
3076
2961
2651
2214
1929
1713
1418
1242
1250
1228
1115
1174
1422
1469
1258
1061
787
143
-677
-1362
-2160
-3355
-4587
-5464
-6253
-7184
-7845
-8079
-8323
-8615
-8485
-7855
-7240
-6763
-5993
-5024
-4273
-3623
-2769
-1890
-1396
-1138
-722
-264
11
259
671
1069
1301
1591
2120
2720
3195
3607
4056
4423
4667
4867
4997
4967
4693
4217
3642
2996
2336
1643
863
100
-578
-1203
-1744
-2069
-2214
-2457
-2828
-3095
-3185
-3350
-3634
-3718
-3749
-4032
-4363
-4307
-3950
-3830
-3714
-3158
-2544
-2179
-1608
-497
548
1108
1750
2720
3415
3689
4182
4845
4957
4660
4651
4835
4656
4299
4302
4340
3999
3760
3925
4064
3856
3650
3697
3595
3271
3093
3011
2682
2167
1857
1681
1391
1129
1035
977
849
865
1105
1237
1122
914
630
152
-472
-1081
-1781
-2791
-3924
-4884
-5697
-6450
-7100
-7526
-7832
-8099
-8071
-7618
-6951
-6318
-5676
-4899
-4126
-3415
-2618
-1759
-1104
-771
-532
-232
38
257
483
720
889
1031
1351
1892
2462
2945
3343
3687
4003
4260
4471
4598
4518
4181
3633
3076
2555
1927
1214
491
-200
-879
-1487
-1827
-2001
-2247
-2546
-2763
-2839
-2921
-3007
-2970
-2969
-3111
-3304
-3329
-3167
-3063
-2951
-2709
-2409
-2094
-1701
-1069
-351
236
798
1451
2113
2659
3164
3656
3981
4099
4136
4216
4230
4115
3980
3825
3666
3496
3378
3347
3254
3094
2941
2844
2813
2748
2676
2598
2430
2224
2080
2053
1992
1840
1734
1676
1637
1663
1839
1987
1850
1575
1259
852
295
-376
-1094
-2057
-3222
-4274
-5079
-5757
-6448
-6975
-7313
-7578
-7665
-7384
-6754
-6158
-5683
-5079
-4386
-3732
-3113
-2415
-1777
-1488
-1383
-1134
-772
-474
-208
141
463
679
994
1571
2245
2781
3209
3627
3975
4250
4477
4668
4702
4400
3913
3397
2875
2308
1649
1011
354
-335
-896
-1273
-1508
-1764
-2050
-2306
-2564
-2749
-2882
-3023
-3213
-3438
-3634
-3842
-3918
-3798
-3665
-3565
-3356
-2912
-2399
-1895
-1166
-323
324
845
1548
2337
2841
3184
3609
3921
3919
3877
4079
4192
4001
3824
3831
3808
3645
3656
3844
3821
3610
3521
3588
3542
3375
3282
3112
2731
2299
2045
1889
1600
1295
1086
911
798
827
1036
1169
1063
864
580
242
-169
-713
-1382
-2300
-3316
-4226
-5021
-5649
-6200
-6681
-7079
-7323
-7248
-6920
-6422
-5851
-5278
-4716
-4141
-3428
-2650
-1971
-1457
-1104
-831
-621
-388
-62
221
388
513
718
1059
1486
1997
2518
2948
3278
3577
3924
4222
4379
4368
4147
3754
3244
2718
2196
1599
915
201
-455
-1020
-1445
-1722
-1942
-2158
-2374
-2537
-2631
-2688
-2711
-2806
-2974
-3142
-3275
-3313
-3294
-3186
-3018
-2865
-2611
-2208
-1683
-1093
-471
190
811
1402
2021
2628
3130
3474
3719
3884
3963
3995
4000
3949
3813
3615
3455
3369
3315
3299
3299
3272
3225
3194
3199
3194
3109
2943
2706
2406
2106
1834
1585
1328
1064
833
658
620
686
802
903
895
829
653
418
143
-317
-919
-1687
-2540
-3371
-4175
-4836
-5438
-6008
-6474
-6770
-6800
-6640
-6272
-5771
-5266
-4732
-4170
-3488
-2791
-2184
-1635
-1240
-970
-748
-500
-204
0
146
293
465
714
1066
1551
2042
2416
2744
3075
3391
3649
3828
3865
3694
3361
2944
2512
2051
1523
932
292
-319
-844
-1251
-1528
-1768
-1986
-2205
-2390
-2457
-2485
-2512
-2579
-2685
-2799
-2928
-2964
-2901
-2816
-2730
-2631
-2403
-2067
-1682
-1181
-586
-20
482
1042
1677
2247
2709
3096
3423
3616
3685
3779
3836
3747
3578
3416
3292
3137
3002
2967
2933
2850
2761
2751
2751
2672
2584
2477
2315
2093
1854
1648
1427
1183
963
789
645
528
502
552
606
678
710
689
615
443
211
-130
-589
-1152
-1822
-2491
-3163
-3795
-4368
-4895
-5310
-5616
-5742
-5699
-5515
-5187
-4799
-4342
-3852
-3309
-2729
-2202
-1723
-1346
-1056
-822
-624
-423
-269
-136
-2
143
359
645
1011
1385
1735
2103
2429
2732
3019
3225
3317
3249
3076
2815
2452
2055
1621
1134
596
75
-342
-695
-970
-1185
-1371
-1537
-1689
-1762
-1814
-1842
-1847
-1933
-2046
-2129
-2173
-2208
-2202
-2128
-2082
-2024
-1837
-1514
-1145
-751
-260
239
664
1110
1634
2131
2457
2709
2954
3055
3040
3050
3078
2988
2788
2641
2540
2405
2283
2253
2251
2166
2092
2094
2100
2076
2018
1954
1828
1652
1498
1344
1174
1005
844
691
563
497
512
539
574
673
784
817
802
752
572
261
-137
-572
-1092
-1745
-2373
-2961
-3556
-4092
-4514
-4806
-5037
-5162
-5124
-4943
-4669
-4339
-3917
-3474
-3054
-2637
-2229
-1852
-1561
-1337
-1155
-1015
-866
-729
-580
-387
-173
92
386
750
1192
1605
2000
2402
2763
3026
3197
3323
3339
3210
2970
2655
2282
1812
1313
865
426
-18
-409
-709
-924
-1110
-1264
-1331
-1372
-1461
-1550
-1591
-1634
-1758
-1906
-2003
-2109
-2266
-2354
-2317
-2245
-2170
-1994
-1669
-1321
-969
-494
52
514
941
1423
1871
2175
2413
2661
2810
2801
2748
2733
2653
2475
2362
2332
2264
2181
2201
2293
2357
2413
2518
2616
2609
2548
2496
2390
2189
1959
1733
1462
1163
907
698
509
361
289
270
302
386
506
607
632
614
524
304
13
-344
-793
-1345
-1932
-2484
-3052
-3594
-4033
-4367
-4643
-4842
-4863
-4752
-4584
-4349
-4017
-3639
-3306
-2947
-2550
-2211
-1935
-1707
-1489
-1317
-1202
-1061
-885
-706
-525
-291
24
373
737
1135
1556
1935
2253
2548
2791
2936
2975
2905
2740
2498
2187
1817
1420
1025
612
234
-77
-318
-506
-674
-782
-847
-901
-939
-946
-924
-960
-1049
-1134
-1223
-1340
-1480
-1580
-1668
-1796
-1873
-1842
-1728
-1571
-1338
-1013
-667
-289
149
622
1079
1469
1822
2115
2337
2523
2634
2670
2647
2576
2463
2339
2248
2160
2068
2001
1962
1961
1998
2053
2125
2157
2134
2089
2006
1885
1701
1465
1205
925
661
424
221
68
-58
-153
-179
-123
-25
76
219
384
488
548
600
584
433
173
-135
-504
-976
-1479
-1927
-2382
-2859
-3257
-3519
-3709
-3853
-3875
-3779
-3636
-3467
-3221
-2905
-2640
-2430
-2201
-2005
-1868
-1775
-1685
-1592
-1549
-1499
-1396
-1244
-1052
-812
-495
-149
224
635
1058
1469
1804
2093
2323
2450
2506
2478
2354
2151
1896
1599
1268
946
652
370
134
-38
-144
-204
-241
-250
-254
-262
-299
-346
-431
-586
-773
-968
-1171
-1388
-1588
-1748
-1878
-1969
-1968
-1849
-1670
-1442
-1142
-787
-418
-28
385
775
1094
1348
1558
1710
1809
1857
1864
1829
1731
1624
1548
1488
1442
1408
1407
1429
1480
1569
1676
1804
1909
1985
2046
2064
2048
1981
1880
1736
1534
1327
1136
972
837
724
654
629
630
666
743
852
957
1018
1052
1085
1064
941
756
526
204
-207
-650
-1081
-1532
-2025
-2477
-2827
-3142
-3441
-3607
-3640
-3666
-3676
-3580
-3395
-3243
-3119
-2924
-2720
-2602
-2515
-2374
-2245
-2185
-2116
-1983
-1835
-1691
-1482
-1184
-867
-536
-173
221
615
978
1330
1644
1906
2100
2210
2278
2277
2196
2069
1893
1706
1505
1291
1103
938
782
644
556
499
439
370
295
238
147
1
-151
-320
-513
-738
-960
-1141
-1319
-1476
-1590
-1645
-1636
-1589
-1464
-1263
-1036
-803
-546
-275
-28
197
404
584
734
841
920
1004
1077
1128
1159
1205
1269
1316
1387
1479
1584
1669
1727
1804
1859
1850
1812
1772
1717
1600
1485
1389
1287
1178
1069
1013
954
879
832
804
781
740
717
707
669
625
578
535
464
350
251
152
36
-100
-226
-333
-460
-590
-708
-814
-938
-1083
-1227
-1377
-1531
-1691
-1840
-1994
-2149
-2294
-2417
-2495
-2550
-2589
-2588
-2552
-2498
-2399
-2259
-2112
-1950
-1776
-1593
-1408
-1228
-1045
-877
-717
-571
-435
-291
-153
-9
119
236
356
468
589
700
799
893
955
992
1029
1059
1046
998
954
896
810
719
635
567
470
365
301
233
151
72
22
-26
-116
-170
-197
-238
-276
-298
-281
-288
-313
-300
-247
-203
-170
-86
26
103
183
299
416
497
562
647
717
764
823
888
946
973
998
1036
1070
1095
1100
1101
1093
1077
1052
1009
959
893
817
731
647
580
503
441
402
366
347
344
357
389
414
430
466
508
528
531
536
522
486
441
398
367
321
261
208
173
129
83
62
31
-31
-95
-164
-260
-377
-511
-662
-842
-1034
-1231
-1435
-1623
-1812
-1999
-2160
-2289
-2391
-2463
-2504
-2508
-2469
-2410
-2328
-2202
-2062
-1931
-1790
-1632
-1478
-1336
-1184
-1019
-861
-725
-580
-411
-242
-85
78
264
447
605
776
959
1119
1234
1340
1430
1458
1445
1420
1381
1295
1167
1048
930
787
646
539
451
351
269
231
200
155
145
167
173
183
207
235
253
258
282
290
282
285
295
305
326
371
414
455
513
574
638
700
759
805
812
796
782
751
694
632
573
481
375
300
232
169
131
106
88
81
103
149
194
235
284
314
321
347
386
403
405
402
388
370
362
370
379
353
329
321
305
282
274
266
214
128
48
-19
-116
-251
-391
-553
-753
-948
-1105
-1258
-1425
-1569
-1685
-1786
-1854
-1868
-1853
-1829
-1787
-1717
-1622
-1521
-1414
-1293
-1182
-1096
-1007
-907
-811
-716
-631
-552
-464
-377
-276
-166
-61
43
142
239
326
393
454
489
498
488
464
437
399
358
311
267
226
186
162
143
133
139
152
176
203
247
301
335
370
411
435
448
475
507
510
522
548
575
607
636
683
730
756
789
839
879
887
895
900
880
844
807
761
694
617
548
477
391
318
267
212
156
110
83
64
43
29
21
23
8
-10
-19
-23
-29
-48
-62
-61
-51
-46
-38
-5
33
69
112
163
204
234
269
310
325
306
281
250
203
129
58
-2
-97
-204
-305
-396
-485
-593
-684
-760
-850
-936
-1002
-1054
-1114
-1173
-1208
-1226
-1264
-1289
-1269
-1253
-1241
-1213
-1166
-1113
-1066
-1014
-955
-888
-821
-763
-694
-610
-537
-467
-384
-297
-207
-121
-38
53
149
225
300
367
431
482
511
554
576
571
567
560
544
521
507
495
490
503
513
529
551
570
592
611
622
630
640
636
631
616
581
563
545
513
477
443
432
422
424
440
456
475
502
549
575
587
599
593
581
549
505
450
381
309
232
154
85
29
-18
-56
-83
-97
-92
-71
-47
-12
21
46
71
89
103
116
114
100
82
72
54
40
21
-12
-39
-60
-91
-115
-127
-150
-193
-241
-292
-352
-426
-508
-582
-682
-784
-856
-925
-998
-1062
-1101
-1133
-1169
-1181
-1172
-1145
-1124
-1103
-1054
-1005
-965
-907
-833
-774
-725
-655
-579
-520
-456
-382
-295
-218
-150
-54
39
114
184
259
330
386
443
490
523
543
564
580
568
566
558
531
509
480
455
427
404
376
354
354
341
335
344
340
341
345
352
366
369
382
390
386
398
411
417
434
462
472
475
497
516
529
541
545
539
520
502
494
466
428
384
338
283
222
181
139
83
37
9
-8
-36
-56
-48
-50
-60
-66
-60
-42
-31
-21
-16
-9
-13
-20
-18
-29
-40
-55
-76
-103
-134
-160
-192
-232
-269
-308
-343
-374
-399
-431
-453
-463
-482
-504
-522
-539
-558
-572
-584
-597
-609
-620
-619
-617
-619
-623
-627
-615
-604
-604
-590
-560
-531
-511
-482
-427
-367
-321
-270
-209
-165
-129
-83
-20
22
41
79
109
126
152
172
193
200
198
222
245
252
272
299
321
331
335
352
364
351
338
327
311
294
274
262
250
246
243
246
258
267
284
292
312
341
361
378
393
406
403
404
402
404
400
384
381
360
337
338
335
332
327
321
324
325
319
318
316
298
269
241
203
169
126
81
43
0
-36
-59
-73
-84
-92
-111
-121
-127
-148
-147
-144
-165
-185
-205
-215
-233
-260
-272
-282
-311
-335
-339
-341
-352
-366
-368
-380
-389
-400
-414
-419
-437
-454
-470
-487
-496
-491
-477
-473
-462
-443
-415
-391
-371
-333
-295
-272
-238
-207
-176
-150
-129
-105
-89
-71
-52
-33
-13
13
49
74
112
153
198
237
266
299
317
322
329
328
316
298
274
250
224
190
163
142
109
80
73
64
50
47
55
54
56
63
67
65
53
57
56
43
49
53
54
55
64
93
117
143
188
228
261
303
341
374
410
428
430
421
403
393
370
336
309
269
227
186
142
113
69
23
-10
-37
-57
-88
-107
-124
-146
-167
-182
-192
-212
-228
-233
-242
-259
-263
-262
-258
-250
-246
-238
-221
-212
-209
-195
-186
-183
-175
-161
-151
-164
-163
-153
-159
-167
-169
-169
-171
-173
-163
-150
-145
-138
-120
-101
-87
-73
-50
-30
-18
-7
-1
2
9
13
22
18
10
12
11
15
30
43
54
68
87
109
121
142
156
160
164
154
145
137
115
87
62
36
9
-17
-32
-46
-67
-75
-75
-70
-64
-54
-41
-25
3
28
53
78
98
110
127
149
150
153
163
168
167
169
175
179
179
190
191
188
190
182
177
164
142
124
105
79
54
32
6
-18
-43
-67
-82
-100
-118
-119
-119
-118
-117
-109
-94
-79
-59
-52
-39
-9
-5
-6
9
5
-11
-20
-31
-43
-58
-73
-93
-114
-119
-140
-163
-170
-184
-198
-203
-209
-218
-223
-227
-239
-243
-246
-251
-253
-255
-251
-240
-231
-226
-207
-183
-164
-125
-98
-75
-37
-2
26
58
85
108
132
137
139
153
158
157
161
155
149
144
135
134
133
136
138
136
133
130
128
124
110
102
95
78
70
68
62
58
53
55
60
63
75
87
94
100
109
117
114
109
110
104
88
75
62
58
46
26
21
9
-9
-5
3
0
-5
3
9
8
2
0
-3
-13
-14
-17
-26
-30
-32
-27
-26
-29
-25
-20
-8
3
13
25
35
41
46
49
46
41
41
21
-7
-18
-28
-40
-52
-62
-73
-88
-89
-91
-100
-107
-115
-118
-128
-138
-146
-153
-159
-171
-181
-178
-175
-179
-178
-166
-164
-157
-144
-132
-107
-89
-79
-60
-46
-30
-15
-1
11
16
25
42
57
74
89
95
104
118
131
150
163
162
163
161
153
140
126
115
98
83
69
58
49
40
32
26
25
26
33
37
40
41
44
53
56
51
47
44
34
28
24
16
8
9
-1
-6
-4
-14
-15
-6
3
2
1
13
29
28
26
34
33
30
24
17
17
8
-2
-15
-22
-22
-34
-38
-47
-58
-61
-59
-59
-65
-68
-72
-74
-82
-89
-86
-91
-97
-99
-102
-106
-106
-105
-95
-90
-94
-81
-71
-71
-75
-74
-61
-49
-46
-51
-38
-27
-31
-19
-9
-5
4
10
21
28
29
49
58
63
66
69
75
75
76
79
88
89
87
96
98
94
91
87
81
74
72
62
52
39
27
16
4
-6
-4
2
-6
-10
-8
-4
4
3
9
20
19
31
48
54
60
65
68
66
67
69
68
70
76
71
62
65
63
57
55
52
44
34
25
8
-9
-21
-41
-62
-89
-107
-116
-130
-143
-148
-146
-153
-151
-136
-125
-115
-106
-92
-77
-70
-59
-57
-60
-61
-61
-66
-70
-77
-92
-95
-92
-99
-93
-86
-74
-63
-53
-35
-27
-16
3
12
10
11
20
16
3
8
8
5
5
1
13
19
20
33
47
56
72
87
103
114
116
121
119
120
118
112
111
111
103
93
84
69
56
49
41
32
25
18
4
-3
-9
-22
-28
-28
-35
-47
-54
-56
-60
-59
-53
-49
-45
-32
-10
5
21
34
50
70
80
94
108
115
115
130
133
127
131
114
106
109
97
92
82
66
64
53
42
29
14
7
-5
-13
-18
-31
-47
-62
-76
-78
-90
-100
-102
-106
-104
-105
-106
-104
-101
-97
-80
-71
-72
-65
-68
-70
-73
-66
-61
-72
-74
-71
-67
-74
-85
-74
-63
-62
-61
-53
-42
-34
-35
-27
-15
-15
-9
-4
-8
-6
-6
-2
3
1
-1
6
3
-4
9
19
18
27
27
27
36
26
27
36
26
24
24
18
19
11
5
10
4
-8
-13
-17
-16
-17
-20
-17
-18
-19
-12
-13
-13
-14
-15
-11
-5
-6
3
10
9
18
36
42
49
55
59
72
73
72
69
61
62
64
67
64
58
54
49
46
46
45
45
44
39
37
42
30
24
25
16
11
7
7
6
1
4
7
10
21
26
32
41
42
48
51
51
56
55
49
39
29
18
7
-1
-14
-24
-27
-36
-39
-38
-44
-48
-45
-39
-42
-40
-38
-33
-24
-23
-37
-42
-41
-42
-39
-39
-45
-51
-45
-38
-38
-37
-31
-27
-21
-7
0
1
8
11
11
11
9
9
3
6
1
-16
-20
-33
-44
-53
-59
-62
-66
-68
-62
-59
-67
-67
-67
-71
-62
-64
-63
-50
-42
-32
-26
-19
-12
-10
-9
3
9
18
36
43
43
54
62
60
60
65
65
62
63
54
51
46
36
30
20
18
17
9
2
3
2
0
0
3
5
6
20
22
30
34
36
39
33
44
47
45
50
48
52
58
61
64
58
59
56
57
62
56
48
43
45
33
21
15
3
-7
-12
-16
-14
-19
-28
-24
-31
-32
-27
-32
-30
-30
-41
-40
-37
-52
-57
-57
-74
-81
-74
-79
-83
-70
-56
-46
-42
-33
-37
-32
-10
-9
-1
4
6
13
7
-1
-6
-8
-12
-11
-12
-18
-22
-16
-17
-19
-13
-15
-10
-7
-9
-3
-3
-7
-12
-14
-10
-12
-9
-3
6
14
14
26
30
29
34
40
49
49
59
60
55
63
57
51
43
31
28
23
18
17
19
11
3
1
-5
-6
-1
-8
-15
-12
-14
-15
-21
-29
-28
-30
-24
-24
-31
-22
-24
-27
-14
-15
-11
-8
-8
0
2
5
5
4
6
3
4
4
1
3
3
-1
1
5
5
6
3
-6
-12
-16
-13
-23
-26
-23
-32
-34
-41
-51
-53
-49
-43
-34
-24
-27
-29
-21
-24
-19
-8
-7
4
8
12
22
24
28
31
39
45
45
47
56
58
59
67
69
72
65
60
55
49
50
46
41
38
32
25
21
11
3
12
9
10
17
10
14
19
17
25
24
24
26
29
33
30
23
13
7
0
-2
3
-5
-9
-12
-21
-32
-37
-37
-40
-33
-34
-38
-31
-29
-38
-47
-51
-55
-53
-55
-65
-67
-58
-61
-66
-59
-65
-54
-44
-43
-33
-30
-24
-19
-13
-5
4
3
-2
2
4
-3
-6
-7
-9
-10
-9
-9
-15
-21
-25
-23
-22
-21
-17
-23
-26
-20
-24
-28
-22
-26
-31
-29
-32
-36
-24
-19
-26
-13
-4
2
9
15
28
34
38
45
53
49
51
55
56
56
55
55
48
48
42
37
44
42
46
49
47
50
54
54
52
40
40
45
41
37
34
31
29
24
21
20
16
12
20
26
23
27
28
31
28
24
24
17
14
5
2
-5
-11
-15
-31
-30
-38
-49
-43
-48
-48
-51
-53
-49
-50
-47
-43
-38
-36
-38
-32
-36
-39
-32
-35
-37
-32
-26
-27
-26
-23
-22
-16
-15
-17
-5
0
4
2
6
16
9
6
4
4
0
-7
-3
-11
-18
-15
-17
-15
-15
-22
-13
-9
-14
-11
-14
-9
-3
0
6
9
8
8
9
7
12
14
15
18
15
18
20
12
12
13
11
12
10
7
8
7
0
-2
-6
-7
-3
-4
-10
-12
-11
-14
-15
-15
-19
-11
-9
-12
-6
-5
-6
-5
0
6
9
12
15
18
26
29
23
33
39
33
36
34
38
34
31
30
18
25
21
8
6
6
6
-4
-7
-13
-14
-6
-12
-14
-16
-19
-19
-17
-17
-11
-7
-11
-6
-9
-18
-15
-16
-17
-13
