-8
-10
-16
-5
-4
-8
-6
-3
-7
-15
-14
-6
-11
-15
-4
-3
-5
6
12
-1
-5
0
0
1
10
8
3
8
-1
-3
-1
-3
6
3
-2
9
4
0
5
5
4
-1
-3
4
14
10
8
4
0
7
4
-3
1
1
-5
-8
-9
-10
-10
-14
-14
-7
-3
1
-2
-8
-5
-9
-14
-10
-11
-9
-14
-18
-15
-13
-10
-8
-12
-6
-2
-7
-3
0
2
4
7
1
-6
-3
-1
8
3
0
2
2
8
6
3
5
7
4
7
6
-3
6
7
-1
4
9
12
12
12
11
6
0
4
9
0
2
10
8
7
1
3
3
1
15
15
10
13
1
-1
0
-6
-1
1
-1
-7
-5
-3
4
6
9
16
13
17
16
8
17
13
5
7
-1
4
2
-8
-7
-15
-13
-6
-13
-15
-12
-4
-5
-3
6
0
-3
5
7
4
13
7
3
13
6
3
-2
-7
-10
-12
-16
-13
-11
-13
-12
-9
-7
-8
-9
-8
-5
-15
-17
-6
-5
3
0
-4
6
4
1
8
4
2
-1
-2
-3
-6
-1
1
1
-4
-8
-3
-2
-5
-6
1
3
-2
-2
0
3
3
4
8
13
6
-1
-1
0
-3
-5
-5
-6
-7
-6
-1
-10
-15
-7
-3
1
-3
0
1
2
12
7
2
5
0
4
6
1
2
6
11
14
13
14
12
10
17
18
13
11
8
12
9
5
15
15
9
9
9
10
7
1
6
4
1
1
-4
-2
-2
-3
-2
2
1
-5
1
-3
-9
-7
-8
-5
-4
-13
-10
-6
-13
-10
-8
-8
-8
-7
-4
-5
-3
3
2
-2
-4
-4
-3
-1
0
-8
-8
-5
-2
3
6
7
5
1
5
4
-3
11
13
2
2
1
0
1
-1
1
5
3
-3
-6
-3
-5
-11
-8
-9
-13
-6
2
1
2
3
1
1
1
2
4
14
25
19
14
18
23
20
17
22
21
23
16
3
3
0
-6
-10
-7
-1
-3
-2
-8
-20
-15
-19
-18
-20
-33
-22
-22
-30
-24
-21
-13
-4
-7
-1
-4
-4
4
1
2
3
0
0
4
7
13
11
2
7
13
9
3
5
9
9
7
5
8
16
17
6
8
11
6
6
8
13
10
2
2
-2
0
-5
-9
-3
-7
-15
-15
-10
-15
-21
-12
-6
-6
-7
1
6
8
12
17
23
17
22
24
8
10
14
11
4
3
4
3
-4
-12
-12
-9
-11
-18
-22
-22
-23
-20
-22
-23
-20
-14
-11
-14
-6
0
4
11
6
5
11
7
15
13
13
23
23
31
35
33
41
39
31
28
25
19
19
16
2
-4
-6
-14
-19
-33
-39
-37
-44
-45
-43
-51
-58
-56
-61
-69
-71
-67
-60
-57
-48
-43
-42
-31
-19
-16
-15
-15
-6
6
7
12
26
37
49
63
76
97
111
119
138
152
153
161
163
158
165
172
165
159
151
147
138
110
89
62
18
-22
-70
-118
-161
-202
-237
-273
-298
-315
-318
-311
-305
-296
-286
-269
-247
-222
-208
-192
-162
-137
-111
-72
-31
-1
44
86
121
155
168
184
203
208
211
220
232
245
268
292
311
342
368
372
379
371
355
327
276
220
162
101
27
-41
-102
-171
-233
-295
-350
-399
-448
-490
-531
-558
-565
-569
-560
-527
-487
-430
-352
-262
-162
-66
26
119
203
274
343
395
436
470
487
498
499
495
480
454
414
360
302
226
154
74
-13
-92
-176
-240
-299
-347
-374
-397
-401
-385
-360
-323
-289
-251
-210
-160
-107
-54
5
62
113
164
221
273
315
341
353
357
354
335
300
257
206
145
85
32
-16
-70
-124
-168
-206
-243
-272
-303
-321
-325
-332
-327
-314
-295
-265
-223
-174
-120
-55
2
53
113
149
186
233
257
268
279
287
280
263
251
225
195
169
134
95
54
11
-33
-93
-132
-163
-203
-227
-246
-253
-254
-255
-239
-217
-190
-154
-122
-85
-50
-22
5
29
61
83
107
135
159
180
186
198
204
197
193
172
142
115
86
55
24
-14
-44
-74
-104
-118
-136
-148
-145
-144
-143
-138
-124
-107
-91
-69
-51
-24
6
32
61
78
99
121
138
148
154
155
152
144
131
117
90
56
23
-7
-28
-58
-84
-104
-125
-150
-167
-176
-176
-173
-186
-184
-174
-170
-156
-139
-118
-93
-61
-29
-7
22
51
75
111
130
135
151
160
157
164
161
143
134
125
105
89
77
71
49
27
14
-11
-24
-31
-42
-49
-47
-41
-41
-28
-15
-7
6
18
26
32
47
60
69
76
82
87
85
83
70
45
32
7
-28
-62
-107
-155
-204
-257
-297
-330
-372
-394
-390
-382
-366
-322
-265
-212
-153
-85
-23
17
66
130
160
183
225
264
301
357
419
473
527
579
622
646
658
638
595
536
462
375
286
206
146
104
73
62
67
73
77
55
1
-78
-183
-321
-480
-635
-771
-886
-970
-1006
-981
-921
-835
-711
-585
-457
-339
-259
-189
-143
-118
-89
-67
-21
48
130
244
361
482
603
687
748
770
722
638
522
371
197
20
-158
-317
-459
-588
-655
-700
-738
-734
-724
-715
-700
-673
-643
-623
-584
-525
-446
-339
-200
-29
172
412
664
921
1172
1403
1603
1744
1831
1857
1825
1751
1636
1499
1335
1166
1019
862
708
561
389
196
-25
-306
-631
-964
-1324
-1697
-2033
-2304
-2514
-2637
-2643
-2530
-2331
-2058
-1717
-1336
-955
-588
-239
70
322
530
712
872
1030
1198
1362
1526
1687
1826
1928
1981
1967
1846
1649
1384
1036
637
215
-200
-593
-936
-1205
-1403
-1512
-1557
-1549
-1490
-1408
-1303
-1203
-1109
-1018
-938
-849
-742
-606
-443
-242
1
274
559
840
1114
1356
1541
1652
1686
1660
1564
1412
1212
979
736
492
271
85
-71
-201
-306
-400
-491
-576
-669
-787
-918
-1058
-1207
-1339
-1443
-1490
-1491
-1441
-1309
-1109
-868
-580
-257
56
327
557
749
877
942
976
972
932
890
864
864
880
913
960
1003
1055
1082
1080
1053
969
841
691
518
336
166
20
-105
-190
-236
-229
-171
-102
-23
50
93
118
114
60
-60
-238
-449
-666
-882
-1070
-1208
-1314
-1370
-1353
-1277
-1157
-1010
-866
-742
-645
-582
-544
-515
-501
-512
-512
-490
-432
-315
-164
9
183
342
488
614
697
717
665
558
398
193
-2
-184
-374
-548
-692
-793
-840
-845
-827
-795
-764
-737
-697
-642
-580
-520
-466
-396
-285
-134
55
286
546
811
1092
1397
1718
2019
2273
2492
2664
2763
2808
2814
2770
2647
2470
2293
2115
1945
1795
1664
1545
1418
1274
1110
900
613
161
-432
-1047
-1734
-2466
-3152
-3756
-4241
-4624
-4795
-4704
-4440
-4043
-3550
-2977
-2373
-1783
-1234
-731
-277
53
301
569
888
1218
1524
1863
2228
2552
2820
3072
3246
3237
3037
2706
2274
1731
1106
437
-224
-849
-1431
-1897
-2175
-2313
-2399
-2435
-2346
-2186
-2038
-1888
-1715
-1573
-1510
-1461
-1342
-1144
-922
-695
-407
-47
331
699
1058
1410
1635
1649
1566
1454
1245
901
524
179
-186
-528
-734
-793
-781
-763
-710
-588
-432
-295
-199
-113
-41
-32
-49
39
260
502
743
1088
1554
2034
2498
2986
3439
3711
3801
3808
3752
3598
3330
2999
2676
2367
2049
1770
1574
1362
988
440
-144
-764
-1575
-2494
-3384
-4256
-5134
-5859
-6251
-6377
-6329
-6092
-5632
-4963
-4162
-3300
-2423
-1545
-769
-179
331
895
1423
1769
2059
2432
2788
3064
3388
3765
4019
4073
3998
3838
3550
3097
2446
1660
835
-50
-956
-1724
-2290
-2782
-3273
-3564
-3588
-3551
-3508
-3351
-3151
-3051
-3030
-2969
-2857
-2778
-2726
-2658
-2478
-2118
-1654
-1085
-362
460
1222
1912
2640
3309
3722
3876
3902
3773
3432
3008
2599
2186
1764
1426
1274
1308
1466
1690
1959
2262
2523
2679
2754
2753
2609
2325
2034
1854
1774
1744
1821
2007
2220
2388
2497
2505
2206
1544
666
-411
-1645
-2946
-4210
-5355
-6343
-7031
-7330
-7252
-6857
-6261
-5535
-4702
-3768
-2880
-2114
-1429
-923
-633
-409
-95
274
605
1013
1545
2116
2737
3446
4142
4647
4908
4922
4692
4281
3675
2825
1794
728
-326
-1336
-2107
-2601
-2980
-3274
-3364
-3238
-3049
-2834
-2578
-2426
-2436
-2519
-2612
-2716
-2806
-2846
-2909
-2868
-2582
-2146
-1607
-914
-117
587
1218
1890
2506
2922
3127
3192
3060
2784
2495
2182
1854
1568
1326
1142
1148
1345
1568
1824
2150
2442
2621
2783
2978
3029
2932
2811
2638
2461
2390
2450
2548
2692
2949
3219
3458
3711
3868
3710
3242
2487
1352
5
-1438
-2978
-4566
-6041
-7210
-8129
-8644
-8607
-8260
-7707
-6949
-6027
-5067
-4131
-3204
-2450
-1923
-1520
-1169
-847
-436
143
707
1312
2097
2952
3823
4679
5455
5943
6046
5927
5559
4892
4014
2948
1677
355
-809
-1827
-2635
-3159
-3509
-3763
-3864
-3695
-3426
-3241
-3077
-3074
-3259
-3544
-3863
-4121
-4374
-4556
-4655
-4576
-4079
-3243
-2210
-1001
356
1659
2792
3855
4793
5409
5562
5360
4950
4361
3724
3099
2555
2155
1818
1635
1761
2185
2648
2981
3291
3577
3701
3622
3494
3280
2799
2131
1532
1217
1085
1041
1169
1507
1973
2405
2868
3328
3515
3146
2160
984
-309
-1963
-3765
-5447
-6897
-8230
-9267
-9497
-9031
-8354
-7584
-6483
-5116
-3846
-2700
-1606
-684
-256
-261
-223
-75
128
286
470
964
1599
2290
3187
4285
5254
5707
5804
5808
5573
4870
3821
2612
1166
-411
-1876
-2958
-3637
-4206
-4602
-4673
-4369
-3831
-3401
-2959
-2538
-2537
-2882
-3271
-3617
-4068
-4642
-5071
-5167
-4967
-4390
-3330
-2010
-502
1086
2532
3952
5230
6130
6514
6387
6065
5474
4566
3727
2993
2285
1725
1452
1603
2036
2497
2999
3543
3998
4317
4394
4234
3970
3336
2458
1820
1331
970
738
730
1153
1661
2304
3167
3797
4089
3861
3056
1992
576
-1298
-3418
-5617
-7671
-9307
-10463
-10883
-10619
-10075
-9083
-7710
-6082
-4220
-2644
-1367
-361
148
370
413
423
426
183
-3
246
766
1483
2529
3650
4614
5391
5924
6342
6378
5872
4911
3368
1707
62
-1677
-3064
-4151
-5089
-5693
-5767
-5290
-4604
-3891
-3150
-2728
-2767
-2717
-2788
-3434
-4057
-4623
-5316
-5795
-5589
-4557
-3525
-2330
-372
1556
3244
5098
6890
7996
8247
8147
7774
6908
5816
4791
3609
2393
1621
1154
1156
1681
2229
2785
3355
4019
4600
4759
4761
4384
3441
2426
1574
898
440
187
71
277
947
1895
2894
3706
4188
3861
2870
1921
625
-1234
-3363
-5577
-7721
-9648
-10705
-10896
-10746
-10212
-9345
-8163
-6593
-4718
-2993
-1733
-784
-349
-344
-280
-31
63
-263
-358
-46
371
1217
2511
3814
4745
5461
6139
6565
6729
6409
5416
3939
2240
464
-1327
-2716
-3795
-4922
-5653
-5695
-5204
-4502
-3719
-2949
-2496
-2269
-2309
-2614
-2990
-3604
-4593
-5591
-5822
-5533
-5267
-4330
-2601
-883
696
2762
5206
6884
7787
8589
8882
8324
7452
6611
5442
3979
2716
1800
1274
1188
1502
1919
2427
3274
3995
4510
5033
5146
4694
3796
2833
1996
1105
416
-63
-441
-341
290
1147
2202
3374
3990
3716
3050
2396
1333
-637
-2754
-4633
-6963
-9215
-10378
-10493
-10377
-10363
-9562
-8058
-6677
-5101
-3175
-1478
-533
-268
-75
214
298
69
-282
-503
-473
-317
194
1484
2821
3573
4256
5147
5950
6140
5869
5449
4346
2678
1056
-378
-1634
-2883
-4150
-5006
-5174
-4980
-4690
-4151
-3386
-2933
-3027
-2901
-2580
-2956
-3737
-4399
-4970
-5398
-5456
-4923
-4096
-3033
-1513
171
2042
4237
6051
7049
7764
8316
8194
7482
6735
5921
4537
3068
2321
1898
1541
1509
1767
2227
2763
3435
4180
4724
4948
4673
4069
3519
2901
2062
1344
877
469
371
854
1727
2649
3525
4198
4160
3705
3212
2010
139
-1876
-4086
-6594
-8926
-10253
-10999
-11722
-11770
-11076
-10120
-8839
-7036
-5069
-3501
-2308
-1354
-696
-194
226
271
8
-54
-28
86
772
1867
2849
3611
4554
5649
6337
6789
7023
6531
5442
4096
2622
1088
-473
-2002
-3490
-4702
-5305
-5466
-5360
-4840
-4320
-4097
-3704
-3275
-3090
-3152
-3550
-4115
-4913
-5497
-5447
-5297
-4834
-3889
-2757
-1209
762
2961
4991
6530
7715
8432
8652
8589
8140
7115
5803
4449
3146
2264
1735
1444
1402
1487
1937
2598
3327
4153
4577
4656
4529
4057
3504
2856
2053
1303
643
208
243
715
1489
2413
3305
4171
4530
4203
3788
2793
943
-1146
-3379
-5709
-8169
-10103
-11121
-11970
-12319
-11775
-10833
-9588
-7961
-6104
-4349
-2878
-1713
-928
-482
-182
-86
-360
-472
-350
-348
63
1020
2079
3104
4183
5419
6356
6885
7318
7220
6425
5306
3897
2243
566
-1081
-2649
-3999
-4925
-5336
-5447
-5183
-4631
-4295
-3925
-3493
-3380
-3445
-3737
-4270
-4967
-5656
-5903
-5887
-5580
-4677
-3470
-1968
-7
2169
4263
6120
7670
8700
9126
9151
8752
7772
6467
5145
3789
2608
1840
1376
1190
1319
1763
2437
3190
3944
4505
4733
4717
4370
3719
2974
2066
1127
423
-30
-189
30
707
1645
2568
3654
4567
4649
4260
3640
2334
395
-1751
-3928
-6424
-8941
-10507
-11444
-12111
-12020
-11291
-10217
-8892
-7166
-5170
-3498
-2158
-1161
-636
-318
-147
-244
-468
-597
-702
-647
-79
957
2081
3123
4374
5617
6422
7074
7467
7216
6371
5096
3653
2006
225
-1385
-2907
-4211
-5032
-5419
-5420
-5100
-4697
-4304
-3973
-3769
-3553
-3644
-4170
-4660
-5193
-5725
-5979
-5717
-4866
-4046
-2938
-997
1054
2970
5004
6964
8304
8847
9211
9308
8586
7437
6293
4943
3504
2460
1798
1430
1366
1604
2117
2732
3528
4240
4556
4793
4692
4096
3432
2702
1831
933
326
-14
-210
136
940
1813
2744
3750
4221
3943
3588
2761
1101
-886
-2995
-5323
-7934
-9856
-10867
-11832
-12209
-11768
-10994
-9906
-8349
-6305
-4532
-3130
-1792
-949
-438
-6
163
-13
-294
-405
-477
-225
612
1577
2472
3529
4777
5757
6504
7230
7411
6860
5897
4748
3294
1569
-17
-1587
-3161
-4343
-5071
-5469
-5532
-5277
-5029
-4826
-4517
-4245
-4201
-4464
-4652
-4915
-5450
-5594
-5282
-4720
-4032
-3005
-1270
490
2181
4202
6108
7455
8222
8836
9150
8671
7818
6949
5806
4427
3314
2602
2084
1746
1739
2082
2488
3027
3688
4129
4421
4412
4077
3583
2886
2182
1444
800
367
129
355
882
1649
2581
3420
3809
3600
3347
2606
1112
-564
-2524
-4745
-7177
-9103
-10191
-11239
-11770
-11553
-11011
-10055
-8674
-6827
-5053
-3614
-2296
-1320
-596
-21
257
207
58
-17
-109
130
818
1573
2300
3182
4321
5262
6010
6740
6923
6492
5716
4729
3470
1947
488
-1066
-2643
-3827
-4619
-5182
-5557
-5576
-5529
-5587
-5434
-5186
-5138
-5366
-5547
-5587
-5732
-5646
-5111
-4280
-3354
-2202
-497
1358
3080
4809
6437
7672
8336
8737
8933
8553
7735
6825
5861
4811
3860
3245
2875
2622
2603
2864
3250
3629
3968
4169
4152
3913
3439
2820
2115
1388
773
221
-67
67
428
1058
1889
2831
3493
3439
3272
2880
1648
39
-1683
-3624
-5957
-8175
-9463
-10463
-11347
-11437
-10938
-10209
-9194
-7592
-5767
-4270
-2942
-1818
-1003
-413
17
158
46
26
-77
-102
384
1147
1887
2622
3636
4674
5352
6044
6596
6508
5932
5102
4034
2703
1273
-131
-1600
-2944
-3932
-4695
-5238
-5420
-5497
-5581
-5509
-5403
-5364
-5455
-5579
-5665
-5781
-5624
-5243
-4694
-3724
-2537
-1150
512
2300
4000
5429
6742
7777
8265
8464
8449
7968
7085
6224
5436
4537
3738
3244
2958
2730
2755
3120
3446
3716
3956
3990
3877
3555
3030
2378
1708
1178
608
174
271
621
1026
1721
2676
3429
3507
3291
3097
2161
586
-1016
-2839
-5000
-7295
-8957
-9983
-10985
-11462
-11294
-10759
-9838
-8587
-6921
-5254
-3902
-2728
-1788
-961
-332
-55
56
103
74
13
329
1050
1712
2377
3252
4275
5111
5760
6459
6713
6382
5718
4796
3724
2354
914
-456
-1885
-3087
-4142
-4958
-5353
-5695
-5980
-6135
-6171
-6111
-6240
-6274
-6027
-5947
-5862
-5386
-4577
-3613
-2576
-1162
576
2068
3478
5073
6418
7283
7828
8231
8307
7848
7270
6713
5950
5124
4428
3941
3577
3301
3203
3284
3470
3573
3629
3619
3479
3165
2564
2056
1600
1083
696
391
524
834
1197
1988
2776
3394
3419
3030
2783
1768
213
-1322
-3158
-5227
-7481
-9026
-9879
-10855
-11292
-11120
-10626
-9802
-8632
-6928
-5353
-4116
-2997
-2110
-1258
-635
-311
-120
-59
-41
-27
383
1172
1819
2431
3297
4301
5070
5717
6392
6608
6244
5566
4747
3735
2432
1055
-325
-1688
-2865
-3887
-4678
-5129
-5499
-5912
-6191
-6261
-6294
-6498
-6608
-6392
-6249
-6149
-5645
-4751
-3741
-2724
-1298
506
2048
3479
5061
6485
7428
7937
8392
8567
8146
7552
6969
6264
5470
4732
4267
3993
3713
3568
3671
3855
3987
3982
3971
3924
3450
2831
2341
1842
1339
750
492
596
694
1136
1838
2581
3035
2815
2588
2231
1140
-236
-1768
-3556
-5670
-7804
-9087
-9966
-10873
-11242
-11073
-10551
-9724
-8436
-6722
-5155
-3910
-2822
-1818
-930
-290
50
220
318
230
225
691
1368
1892
2401
3238
4167
4829
5489
6118
6259
5871
5227
4527
3601
2309
974
-353
-1719
-2951
-4060
-4846
-5382
-5959
-6357
-6548
-6616
-6627
-6748
-6653
-6357
-6181
-5806
-5139
-4250
-3230
-2196
-775
867
2309
3734
5145
6411
7298
7782
8225
8393
8028
7460
6882
6265
5538
4823
4391
4106
3749
3529
3560
3715
3804
3675
3645
3613
3138
2621
2250
1892
1445
820
696
946
991
1389
2092
2731
2922
2520
2360
1916
610
-796
-2289
-4013
-6056
-7939
-8950
-9800
-10630
-10903
-10661
-10032
-9223
-8003
-6400
-4996
-3883
-2903
-1848
-895
-368
-78
189
350
255
354
957
1570
2002
2520
3395
4278
4835
5529
6102
6147
5806
5183
4577
3696
2420
1160
-161
-1436
-2668
-3844
-4638
-5293
-6050
-6631
-6847
-6968
-7219
-7385
-7182
-6842
-6656
-6110
-5075
-4068
-3045
-1745
-61
1566
2897
4442
5902
6905
7593
8078
8458
8346
7856
7430
6893
6225
5529
4993
4718
4422
4134
4118
4268
4322
4294
4208
4086
3765
3104
2574
2081
1453
856
279
215
377
534
1130
1813
2336
2229
1884
1833
993
-407
-1827
-3429
-5277
-7440
-8788
-9597
-10675
-11225
-11220
-10738
-9994
-8943
-7251
-5715
-4381
-3111
-1992
-824
-65
336
604
722
749
613
856
1428
1715
2010
2688
3612
4304
4883
5662
6066
5903
5522
5057
4372
3223
1902
635
-738
-2054
-3270
-4353
-5114
-5858
-6539
-6896
-7066
-7047
-7178
-7174
-6612
-6225
-5832
-5054
-4049
-2927
-2069
-776
980
2236
3349
4641
5941
6774
7100
7674
8067
7759
7297
7020
6744
6126
5464
5200
4979
4546
4271
4307
4353
4232
4035
3919
3762
3258
2695
2280
1866
1395
770
526
694
718
970
1577
2233
2374
1881
1709
1355
83
-1356
-2723
-4361
-6464
-8290
-9185
-10023
-10917
-11175
-10887
-10365
-9585
-8261
-6670
-5275
-4080
-2991
-1852
-851
-212
130
387
615
537
588
1163
1705
1985
2392
3245
4084
4597
5281
5949
6087
5786
5368
4900
4026
2805
1539
223
-1105
-2402
-3525
-4416
-5222
-5951
-6461
-6696
-6909
-7068
-7047
-6958
-6673
-6246
-5672
-4944
-4130
-3023
-1920
-679
936
2324
3531
4751
5992
6991
7432
7920
8238
7926
7468
7065
6725
6119
5387
5059
4681
4298
4107
3971
4063
3953
3747
3685
3473
3230
2679
2161
1919
1356
829
675
867
1057
1188
1893
2564
2534
2208
2025
1565
227
-1230
-2533
-4289
-6339
-8011
-8995
-9951
-10872
-11121
-10949
-10482
-9639
-8376
-6831
-5473
-4274
-3142
-2036
-978
-373
-27
342
508
486
617
1190
1713
1892
2381
3248
4011
4609
5308
5969
6105
5850
5548
5137
4303
3114
1850
502
-810
-2126
-3361
-4315
-5281
-6208
-6900
-7299
-7444
-7671
-7753
-7395
-7016
-6609
-5849
-4826
-3751
-2793
-1583
0
1349
2530
3827
5075
6026
6649
7263
7731
7725
7531
7354
7109
6733
6272
5935
5595
5220
5000
4767
4610
4473
4192
3948
3613
3268
2833
2201
1757
1397
989
638
621
913
1095
1482
2213
2828
2769
2300
2112
1340
-226
-1695
-3196
-5061
-7248
-8837
-9622
-10592
-11331
-11323
-10938
-10340
-9429
-7940
-6330
-5066
-3912
-2792
-1665
-804
-360
-27
201
269
210
452
1149
1599
1847
2506
3503
4272
4874
5693
6276
6274
5964
5684
5219
4189
2963
1643
233
-1027
-2301
-3531
-4516
-5392
-6333
-6991
-7101
-7200
-7533
-7597
-7103
-6711
-6473
-5497
-4336
-3652
-2823
-1435
154
1302
2456
3971
5063
5818
6651
7417
7848
7774
7620
7462
7155
6826
6394
6011
5579
5081
4761
4550
4404
4107
3835
3649
3356
3097
2693
2325
1860
1339
1145
803
807
1070
1173
1649
2165
2795
2919
2367
2208
1436
-62
-1441
-2903
-4596
-6806
-8487
-9321
-10369
-11127
-11216
-10921
-10503
-9781
-8348
-6872
-5643
-4468
-3361
-2247
-1368
-717
-258
66
255
170
481
1176
1637
1965
2566
3563
4266
4846
5757
6317
6325
6079
5816
5315
4352
3238
2000
641
-654
-1846
-3036
-4033
-4894
-5878
-6427
-6644
-6961
-7239
-7335
-7086
-6987
-6745
-5871
-5172
-4586
-3609
-2342
-996
337
1831
3225
4329
5490
6587
7280
7748
8043
7915
7597
7363
7065
6607
6024
5552
5174
4791
4664
4525
4321
4215
4000
3874
3689
3405
3008
2355
1912
1497
1103
881
801
1003
1110
1566
2345
2735
2686
2250
1958
1111
-428
-1710
-3268
-5208
-7337
-8914
-9711
-10787
-11513
-11541
-11295
-10730
-9849
-8328
-6730
-5552
-4370
-3146
-1967
-1072
-527
-56
238
260
233
610
1228
1535
1825
2485
3452
4229
4830
5727
6288
6294
6126
5886
5491
4517
3342
2138
726
-566
-1823
-3121
-4346
-5339
-6251
-7055
-7358
-7425
-7579
-7755
-7323
-6542
-6144
-5407
-4207
-3148
-2362
-1332
372
1710
2481
3561
4743
5573
6046
6565
7180
7251
6960
6902
6961
6849
6436
6032
5814
5438
4982
4748
4612
4214
3715
3366
3079
2805
2362
1945
1503
1064
977
805
814
1229
1474
1727
2347
3255
3745
3427
3054
2747
1570
-106
-1414
-2973
-5121
-7372
-8859
-9643
-10649
-11243
-11145
-10820
-10263
-9425
-7935
-6369
-5263
-4312
-3347
-2272
-1543
-1202
-787
-477
-522
-599
-88
749
1241
1663
2526
3631
4456
5223
6210
6771
6747
6453
6079
5637
4649
3402
2154
734
-520
-1771
-2921
-3862
-4818
-5594
-6259
-6623
-6713
-6915
-7154
-7140
-6725
-6427
-6106
-5291
-4349
-3548
-2700
-1171
549
1620
2734
4177
5402
6079
6608
7408
7706
7287
7030
7026
6811
6235
5667
5449
5086
4568
4435
4400
4240
3910
3547
3513
3341
2926
2535
2038
1598
1145
826
841
871
1026
1305
1790
2597
3241
3507
3271
2878
2326
973
-464
-1820
-3670
-5887
-7896
-8916
-9842
-10946
-11186
-10985
-10676
-10134
-8886
-7143
-6001
-4975
-3796
-2747
-1818
-1280
-810
-511
-568
-598
-462
134
808
1125
1714
2740
3727
4535
5414
6320
6646
6431
6281
6104
5461
4389
3230
1946
492
-865
-2083
-3160
-4194
-5296
-6178
-6657
-6860
-7054
-7234
-7002
-6610
-6419
-5884
-4863
-3916
-3222
-2392
-1085
167
1131
2279
3461
4387
5025
5640
6386
6768
6769
6770
6768
6675
6424
6186
6036
5656
5112
4773
4560
4254
3816
3372
3120
2835
2428
2139
1925
1672
1247
994
1186
1303
1327
1638
2189
2731
3153
3676
3894
3292
2537
1775
458
-1187
-2841
-4547
-6571
-8413
-9356
-10091
-10809
-11015
-10798
-10362
-9665
-8372
-6986
-5948
-4899
-3946
-3105
-2334
-1703
-1268
-1147
-977
-702
-402
292
1114
1646
2292
3326
4385
5172
5899
6579
6715
6410
6107
5748
4961
3782
2583
1236
-168
-1333
-2421
-3477
-4513
-5377
-5973
-6462
-6729
-6786
-6880
-6952
-6766
-6317
-5765
-5138
-4291
-3331
-2423
-1305
103
1487
2550
3555
4751
5620
6158
6710
7163
7225
6891
6713
6632
6269
5819
5454
5145
4771
4466
4304
4134
3884
3566
3354
3182
2891
2559
2208
1836
1445
1188
1155
1084
1106
1434
1864
2399
3035
3580
3537
2964
2551
1704
185
-1331
-2897
-4766
-6945
-8450
-9177
-10127
-10827
-10866
-10540
-10096
-9302
-7848
-6505
-5492
-4467
-3446
-2486
-1779
-1245
-911
-767
-614
-500
-121
583
1112
1536
2257
3308
4259
4951
5793
6410
6417
6246
6051
5660
4752
3586
2478
1120
-196
-1309
-2398
-3448
-4489
-5239
-5810
-6293
-6525
-6728
-6870
-6847
-6603
-6166
-5660
-4999
-4234
-3393
-2394
-1224
86
1292
2319
3342
4341
5222
5851
6297
6652
6648
6427
6289
6173
5936
5516
5198
4960
4654
4465
4336
4145
3853
3568
3384
3173
2886
2584
2224
1765
1439
1253
1146
1125
1147
1454
1853
2374
3101
3602
3731
3334
2884
2275
912
-561
-2101
-3948
-6010
-7782
-8691
-9637
-10619
-10921
-10815
-10440
-9784
-8575
-7166
-6183
-5200
-4142
-3157
-2277
-1698
-1270
-1051
-915
-669
-355
299
923
1303
1947
2933
3973
4767
5531
6285
6548
6470
6386
6234
5610
4516
3379
2198
951
-284
-1406
-2474
-3616
-4610
-5305
-5790
-6190
-6471
-6643
-6742
-6631
-6294
-5778
-5271
-4713
-3963
-3142
-2127
-964
181
1224
2175
3211
4186
4943
5576
6048
6246
6180
6111
6148
5999
5624
5312
5105
4843
4559
4446
4318
4000
3692
3515
3397
3160
2931
2705
2312
1990
1764
1651
1600
1450
1510
1738
2106
2624
3050
3512
3599
3105
2622
1997
900
-548
-2128
-3736
-5602
-7282
-8297
-9205
-10104
-10572
-10537
-10210
-9633
-8564
-7340
-6332
-5370
-4371
-3351
-2458
-1763
-1308
-1069
-809
-554
-274
235
832
1241
1669
2497
3485
4273
4962
5624
6036
6068
5997
5924
5457
4561
3524
2444
1324
168
-944
-2000
-3046
-4056
-4857
-5336
-5705
-6088
-6439
-6562
-6445
-6363
-6072
-5514
-5002
-4499
-3859
-2842
-1714
-786
277
1436
2454
3340
4236
5142
5651
5845
6095
6211
6098
5924
5779
5576
5163
4848
4744
4517
4296
4108
3897
3758
3573
3496
3391
3088
2856
2520
2167
1958
1759
1692
1520
1485
1800
2090
2509
2922
3287
3313
2753
2427
1865
664
-678
-2133
-3642
-5542
-7130
-7952
-8959
-9867
-10243
-10126
-9788
-9332
-8259
-7120
-6231
-5238
-4226
-3171
-2312
-1697
-1237
-970
-666
-415
-156
328
762
1039
1528
2432
3352
4052
4801
5525
5877
5921
6004
5981
5442
4551
3593
2543
1374
209
-921
-2026
-3033
-3973
-4721
-5197
-5544
-5876
-6192
-6239
-6086
-5998
-5771
-5346
-4911
-4501
-3916
-2993
-2012
-1155
-212
907
1987
2865
3728
4658
5319
5572
5737
5976
6015
5749
5493
5353
5110
4749
4528
4424
4216
3994
3844
3764
3739
3631
3454
3259
3026
2715
2313
2041
1922
1645
1342
1337
1584
1814
2049
2585
3118
3196
2929
2666
2359
1392
30
-1206
-2624
-4389
-6193
-7405
-8292
-9362
-10072
-10170
-9945
-9675
-9085
-7945
-6857
-5972
-5032
-3933
-2911
-2317
-1827
-1260
-870
-732
-622
-189
323
588
977
1780
2720
3420
4089
4952
5601
5854
5936
6010
5822
5121
4238
3319
2306
1144
-100
-1153
-2141
-3173
-4049
-4615
-4967
-5401
-5813
-5943
-5945
-6006
-5984
-5690
-5300
-5031
-4646
-3887
-2949
-2078
-1191
-115
1023
2024
2981
3960
4839
5382
5667
5974
6149
6097
5927
5721
5485
5133
4865
4723
4540
4375
4242
4139
4074
3981
3901
3774
3564
3307
2923
2548
2199
1850
1517
1217
1143
1189
1381
1730
2131
2686
3071
3112
2907
2607
2017
839
-427
-1699
-3271
-5074
-6593
-7576
-8627
-9551
-9897
-9887
-9762
-9385
-8443
-7386
-6521
-5600
-4583
-3651
-2988
-2386
-1836
-1482
-1244
-1072
-744
-250
163
553
1127
1965
2809
3509
4358
5207
5680
5904
6061
6082
5696
4967
4160
3174
2043
904
-182
-1230
-2270
-3221
-4028
-4652
-5195
-5671
-6026
-6222
-6286
-6374
-6239
-5883
-5562
-5175
-4571
-3723
-2886
-2054
-1008
83
1073
2072
3068
3907
4582
5137
5524
5736
5852
5870
5704
5479
5352
5217
5026
4908
4839
4703
4556
4458
4349
4186
4000
3766
3428
3050
2665
2239
1823
1491
1244
1034
995
1244
1559
1950
2471
2991
3286
3121
2881
2536
1619
355
-980
-2366
-4071
-5849
-7087
-8079
-9138
-9924
-10060
-9869
-9637
-8970
-7931
-6921
-6058
-5123
-4017
-3142
-2518
-1971
-1562
-1238
-1038
-828
-423
23
395
822
1553
2508
3290
4028
4929
5665
6010
6185
6380
6221
5548
4733
3854
2811
1599
388
-747
-1927
-3054
-3970
-4647
-5146
-5593
-5971
-6119
-6121
-6109
-5975
-5671
-5345
-5137
-4780
-4105
-3401
-2689
-1812
-802
202
1204
2318
3366
4197
4906
5480
5887
6161
6307
6293
6079
5815
5604
5381
5156
4895
4666
4446
4169
4051
3969
3827
3620
3337
3162
2841
2456
2209
1822
1424
1164
1088
1096
1147
1498
1880
2191
2648
3117
3173
2807
2496
1875
680
-580
-1806
-3318
-5209
-6707
-7660
-8741
-9667
-9973
-9902
-9829
-9454
-8454
-7408
-6560
-5636
-4629
-3733
-3065
-2438
-1939
-1684
-1442
-1230
-925
-426
58
554
1193
2099
3043
3830
4711
5540
6007
6181
6304
6294
5806
4990
4084
3017
1783
520
-627
-1741
-2848
-3738
-4439
-4979
-5330
-5587
-5750
-5817
-5751
-5589
-5455
-5266
-4951
-4634
-4253
-3620
-2844
-2080
-1286
-326
752
1738
2681
3689
4558
5143
5592
6022
6330
6344
6172
6032
5838
5478
5154
4949
4713
4420
4209
4130
4054
3906
3762
3632
3404
3108
2851
2534
2146
1774
1492
1338
1227
1296
1550
1813
2123
2539
2962
3027
2800
2545
1971
934
-262
-1446
-2907
-4665
-6128
-7173
-8226
-9178
-9582
-9603
-9567
-9250
-8438
-7457
-6627
-5786
-4824
-3938
-3207
-2593
-2046
-1590
-1306
-1085
-740
-244
219
626
1249
2070
2841
3572
4378
5139
5567
5758
5926
5886
5465
4774
3948
2959
1854
748
-341
-1367
-2374
-3271
-3935
-4422
-4737
-4985
-5189
-5282
-5305
-5264
-5203
-5122
-4967
-4805
-4608
-4170
-3472
-2803
-2133
-1195
-75
940
1918
3081
4131
4748
5227
5823
6206
6161
6013
5909
5607
5104
4725
4593
4326
3935
3785
3756
3715
3618
3596
3668
3515
3294
3141
2974
2672
2205
1856
1603
1389
1228
1204
1430
1616
1817
2218
2650
2799
2559
2285
1845
905
-235
-1366
-2714
-4376
-5880
-6980
-8019
-8984
-9524
-9653
-9632
-9342
-8591
-7646
-6731
-5803
-4808
-3826
-2952
-2188
-1591
-1168
-824
-568
-321
73
506
827
1223
1862
2557
3184
3869
4581
5055
5254
5447
5548
5282
4734
4048
3227
2244
1206
221
-775
-1744
-2627
-3363
-3841
-4138
-4423
-4682
-4776
-4791
-4881
-4866
-4656
-4548
-4563
-4353
-3876
-3430
-2996
-2212
-1307
-580
279
1419
2504
3276
4003
4787
5291
5567
5820
5941
5760
5435
5200
4950
4665
4408
4189
3987
3749
3661
3684
3651
3573
3406
3267
3082
2774
2533
2243
1841
1429
1158
1081
951
956
1220
1450
1648
2025
2523
2610
2339
2160
1742
832
-248
-1220
-2459
-4142
-5518
-6472
-7490
-8440
-8910
-8977
-9072
-8893
-8093
-7191
-6454
-5650
-4685
-3791
-3105
-2418
-1804
-1431
-1225
-1050
-751
-377
-58
223
628
1221
1823
2448
3235
3987
4418
4699
5069
5257
5053
4655
4184
3444
2460
1585
781
-178
-1182
-2006
-2670
-3266
-3680
-3914
-4166
-4387
-4446
-4430
-4383
-4275
-4177
-4149
-4072
-3789
-3401
-2992
-2473
-1820
-1118
-372
548
1544
2424
3161
3818
4449
4958
5266
5430
5469
5319
5024
4789
4644
4399
4070
3856
3742
3615
3544
3597
3595
3408
3242
3172
3038
2778
2503
2211
1782
1421
1242
1142
1022
919
1031
1194
1420
1829
2220
2363
2182
2007
1725
1050
198
-761
-1950
-3463
-4846
-5802
-6733
-7670
-8321
-8567
-8662
-8585
-7993
-7181
-6499
-5844
-5015
-4088
-3349
-2719
-2109
-1690
-1465
-1264
-935
-579
-331
-81
284
812
1413
2059
2806
3505
4046
4460
4877
5213
5221
4967
4559
3991
3225
2361
1523
558
-484
-1407
-2166
-2784
-3311
-3654
-3857
-4027
-4030
-3877
-3720
-3651
-3566
-3435
-3405
-3295
-3036
-2834
-2671
-2323
-1734
-1144
-500
390
1272
1966
2706
3592
4304
4694
5024
5298
5271
5082
4966
4812
4432
3999
3759
3537
3279
3140
3088
3022
2884
2829
2870
2839
2732
2553
2394
2206
1916
1630
1393
1210
956
779
839
934
1015
1165
1511
1810
1774
1751
1681
1261
555
-222
-981
-2125
-3460
-4539
-5531
-6518
-7386
-7873
-8116
-8324
-8204
-7733
-7074
-6400
-5701
-4853
-4044
-3338
-2715
-2141
-1631
-1356
-1174
-870
-525
-285
-67
354
859
1294
1820
2520
3200
3630
4003
4476
4737
4696
4521
4263
3750
2969
2191
1436
587
-349
-1135
-1696
-2246
-2699
-2957
-3039
-3112
-3225
-3115
-2974
-2985
-3020
-2958
-2827
-2851
-2803
-2545
-2323
-2092
-1699
-1059
-417
179
959
1740
2427
3074
3704
4225
4474
4628
4730
4681
4545
4343
4114
3849
3575
3386
3283
3205
3099
3007
2966
2900
2808
2716
2569
2333
2015
1721
1461
1136
812
570
387
274
266
425
679
926
1231
1609
2004
2229
2233
2132
1795
1202
423
-463
-1449
-2693
-3924
-4936
-5816
-6593
-7194
-7448
-7547
-7506
-7139
-6520
-5835
-5250
-4589
-3864
-3281
-2774
-2336
-1996
-1821
-1756
-1617
-1402
-1164
-939
-660
-223
317
928
1608
2346
3022
3494
3929
4355
4587
4574
4357
4023
3497
2832
2222
1590
844
60
-566
-1072
-1517
-1822
-2034
-2202
-2382
-2467
-2425
-2445
-2493
-2565
-2664
-2763
-2819
-2746
-2629
-2498
-2268
-1837
-1276
-692
26
788
1473
2096
2716
3353
3789
4021
4201
4278
4206
4047
3919
3736
3390
3081
2928
2818
2664
2566
2578
2532
2417
2392
2402
2277
2016
1760
1529
1214
913
690
472
261
158
245
390
616
944
1258
1602
1953
2250
2344
2247
2009
1504
808
7
-896
-2014
-3200
-4208
-5180
-6035
-6637
-7024
-7267
-7331
-7083
-6664
-6157
-5547
-4899
-4300
-3752
-3147
-2636
-2285
-1963
-1680
-1475
-1274
-966
-626
-311
80
613
1202
1802
2488
3126
3642
4093
4472
4715
4769
4658
4356
3871
3273
2658
1990
1242
517
-175
-777
-1279
-1656
-1897
-2129
-2317
-2413
-2429
-2426
-2444
-2462
-2511
-2585
-2677
-2694
-2582
-2469
-2388
-2153
-1721
-1245
-711
-37
706
1319
1863
2498
3088
3463
3664
3843
3882
3716
3545
3386
3145
2770
2460
2321
2196
2096
2068
2113
2133
2106
2158
2232
2211
2068
1888
1718
1507
1297
1115
930
762
612
578
675
828
1012
1173
1405
1670
1877
1979
1909
1734
1272
634
-17
-818
-1770
-2881
-3855
-4721
-5572
-6148
-6489
-6660
-6776
-6636
-6174
-5666
-5092
-4481
-3830
-3287
-2839
-2319
-1913
-1626
-1442
-1290
-1106
-907
-641
-362
-9
412
873
1453
2089
2695
3191
3592
3953
4162
4190
4134
3917
3490
2950
2408
1852
1213
600
62
-455
-924
-1247
-1414
-1596
-1738
-1770
-1776
-1811
-1858
-1867
-1958
-2150
-2315
-2424
-2536
-2659
-2656
-2525
-2350
-2060
-1600
-1032
-466
135
812
1460
2005
2511
2957
3233
3367
3433
3426
3296
3068
2827
2606
2364
2149
2062
2046
2027
2058
2166
2304
2402
2466
2498
2439
2283
2078
1862
1575
1243
922
613
372
194
103
113
207
374
569
842
1173
1461
1651
1718
1711
1508
1083
614
-2
-788
-1679
-2538
-3281
-4053
-4692
-5106
-5409
-5613
-5647
-5421
-5129
-4810
-4374
-3894
-3444
-3082
-2673
-2284
-2074
-1918
-1764
-1636
-1537
-1394
-1153
-881
-540
-77
469
1047
1661
2291
2832
3285
3691
3943
4022
3974
3782
3443
2986
2486
1932
1322
746
232
-215
-594
-870
-1066
-1230
-1341
-1413
-1455
-1509
-1609
-1724
-1882
-2094
-2297
-2466
-2613
-2724
-2752
-2674
-2491
-2161
-1704
-1174
-589
49
714
1333
1920
2460
2848
3086
3225
3288
3215
3022
2800
2517
2185
1885
1693
1555
1425
1403
1470
1577
1699
1836
1983
2035
1982
1890
1773
1580
1306
1034
762
504
284
137
92
97
157
324
597
897
1206
1540
1852
2085
2219
2255
2133
1862
1420
828
205
-525
-1317
-2104
-2832
-3448
-4018
-4412
-4620
-4737
-4764
-4677
-4398
-4112
-3836
-3487
-3163
-2908
-2733
-2515
-2299
-2201
-2089
-1916
-1722
-1496
-1189
-775
-342
96
579
1092
1609
2053
2447
2782
2989
3100
3101
3004
2798
2466
2105
1685
1258
864
490
166
-134
-341
-507
-642
-715
-788
-865
-981
-1071
-1190
-1389
-1594
-1790
-2008
-2261
-2419
-2510
-2569
-2525
-2365
-2098
-1777
-1343
-839
-333
181
700
1193
1582
1925
2203
2350
2397
2407
2380
2240
2102
1993
1874
1768
1709
1733
1754
1790
1862
1947
2029
2080
2126
2102
2001
1853
1653
1419
1151
873
581
321
130
-5
-54
7
117
260
472
744
1048
1304
1545
1761
1861
1903
1876
1767
1506
1148
761
256
-260
-790
-1312
-1841
-2353
-2721
-3054
-3311
-3491
-3613
-3683
-3738
-3674
-3602
-3522
-3419
-3341
-3207
-3080
-2927
-2736
-2541
-2316
-2090
-1785
-1415
-1023
-609
-177
289
749
1193
1621
1988
2255
2444
2586
2665
2657
2567
2419
2200
1929
1654
1396
1116
804
521
257
5
-217
-407
-601
-838
-1057
-1247
-1440
-1637
-1806
-1936
-2100
-2212
-2226
-2208
-2134
-2022
-1820
-1581
-1315
-959
-576
-205
137
498
836
1112
1360
1544
1696
1783
1811
1829
1814
1777
1718
1655
1611
1571
1534
1508
1517
1515
1483
1484
1493
1466
1412
1359
1337
1270
1183
1128
1047
935
822
759
707
604
551
561
576
595
662
780
859
927
1021
1106
1141
1140
1151
1115
1016
913
777
563
310
46
-270
-632
-988
-1343
-1741
-2114
-2419
-2722
-2985
-3154
-3280
-3381
-3424
-3370
-3283
-3190
-3049
-2881
-2705
-2540
-2342
-2125
-1938
-1747
-1522
-1289
-1054
-791
-506
-205
115
433
762
1082
1356
1601
1807
1977
2087
2129
2128
2069
1952
1789
1628
1446
1218
990
785
598
401
230
98
-67
-236
-384
-513
-658
-832
-976
-1123
-1281
-1419
-1520
-1600
-1687
-1713
-1667
-1598
-1465
-1267
-1013
-734
-435
-94
227
526
815
1072
1290
1461
1612
1720
1782
1826
1834
1835
1798
1746
1695
1631
1569
1490
1417
1343
1258
1163
1052
959
844
721
615
523
434
331
282
266
237
226
263
324
364
435
546
653
734
826
943
1017
1052
1100
1141
1138
1108
1082
1028
928
811
701
551
344
127
-100
-383
-683
-978
-1318
-1681
-2019
-2328
-2632
-2914
-3122
-3282
-3423
-3488
-3447
-3376
-3290
-3121
-2900
-2668
-2418
-2124
-1800
-1531
-1270
-982
-716
-462
-218
23
239
447
664
859
1064
1263
1420
1554
1682
1784
1822
1818
1798
1731
1596
1433
1274
1069
808
570
348
103
-131
-341
-532
-707
-860
-978
-1067
-1134
-1200
-1231
-1213
-1191
-1157
-1101
-1004
-899
-809
-662
-477
-298
-137
53
273
444
633
849
1025
1167
1270
1387
1482
1532
1570
1584
1577
1512
1451
1399
1324
1243
1135
1055
968
850
763
689
613
515
425
378
335
292
263
276
288
283
338
407
450
483
507
549
578
594
636
673
680
677
715
756
760
762
773
757
719
689
664
606
509
396
244
52
-171
-422
-702
-1004
-1297
-1598
-1876
-2115
-2336
-2511
-2651
-2729
-2757
-2767
-2722
-2648
-2540
-2406
-2245
-2060
-1890
-1707
-1504
-1302
-1106
-908
-695
-494
-298
-89
129
341
544
751
949
1115
1261
1388
1473
1523
1526
1495
1433
1339
1226
1076
931
772
594
420
256
100
-90
-249
-390
-539
-660
-758
-828
-921
-979
-976
-997
-1009
-972
-892
-830
-759
-629
-486
-364
-225
-31
148
292
451
620
757
865
982
1092
1165
1202
1238
1262
1263
1254
1223
1195
1136
1076
1030
966
905
817
755
719
674
626
581
558
511
473
471
482
489
468
478
491
481
482
497
503
481
470
477
487
486
484
503
498
488
479
464
429
370
309
231
144
53
-56
-185
-334
-478
-623
-789
-955
-1109
-1285
-1458
-1601
-1730
-1854
-1975
-2039
-2093
-2138
-2142
-2118
-2063
-2009
-1909
-1780
-1657
-1510
-1338
-1162
-1001
-824
-649
-473
-302
-145
17
156
299
439
544
621
687
757
794
815
849
855
824
792
766
713
631
553
481
388
276
182
104
6
-85
-144
-203
-249
-282
-287
-275
-255
-214
-165
-84
2
96
199
289
398
498
597
703
783
851
908
968
1013
1036
1059
1060
1041
1018
999
973
936
903
867
828
800
777
746
713
678
633
585
533
494
446
383
328
273
218
170
136
87
34
7
-11
-20
-33
-38
-36
-46
-45
-37
-44
-69
-109
-156
-212
-283
-362
-441
-541
-651
-754
-853
-940
-1027
-1117
-1196
-1254
-1294
-1318
-1333
-1339
-1333
-1315
-1281
-1241
-1199
-1155
-1106
-1049
-997
-940
-865
-780
-711
-623
-513
-408
-299
-195
-85
6
100
201
273
336
382
424
441
455
468
448
433
402
379
358
330
330
316
289
277
280
273
261
259
254
239
225
233
239
239
246
252
273
303
330
360
387
412
441
475
526
586
623
654
693
719
730
731
738
714
675
653
634
595
544
521
494
448
416
407
397
359
343
337
306
289
285
266
226
195
178
150
114
93
66
29
5
-11
-34
-72
-83
-93
-120
-141
-157
-168
-194
-214
-223
-252
-285
-316
-352
-401
-459
-509
-566
-634
-699
-760
-811
-866
-911
-940
-974
-997
-1018
-1026
-1026
-1025
-1003
-977
-946
-912
-870
-814
-759
-694
-616
-539
-459
-374
-285
-185
-90
-7
70
146
204
249
298
329
343
353
356
360
340
319
301
269
233
207
196
182
161
150
146
135
129
152
161
155
176
204
235
258
293
346
380
412
463
520
557
593
627
667
701
716
741
766
784
793
795
804
807
793
772
755
718
665
627
586
532
477
438
404
349
294
255
227
183
130
93
55
12
-53
-107
-145
-204
-260
-312
-365
-415
-465
-498
-520
-549
-571
-562
-548
-544
-521
-491
-473
-456
-444
-422
-410
-417
-426
-433
-448
-480
-510
-519
-544
-562
-561
-560
-553
-541
-519
-492
-476
-458
-433
-414
-405
-388
-371
-362
-346
-331
-317
-310
-303
-279
-267
-261
-240
-217
-203
-191
-158
-134
-112
-63
-32
-3
30
67
113
145
176
200
230
261
278
314
329
336
353
365
381
368
363
373
367
361
363
384
399
407
435
461
482
510
544
567
585
599
610
626
624
626
628
609
592
587
577
561
542
517
491
469
456
423
379
348
314
265
218
188
149
95
49
7
-38
-87
-123
-160
-214
-261
-290
-319
-353
-376
-400
-410
-415
-408
-393
-389
-371
-349
-334
-313
-295
-286
-272
-249
-244
-230
-206
-192
-180
-182
-184
-186
-202
-215
-235
-263
-286
-308
-336
-376
-422
-455
-488
-537
-563
-580
-607
-622
-625
-612
-599
-592
-557
-517
-496
-461
-408
-361
-324
-281
-230
-189
-159
-121
-77
-47
-21
24
70
106
149
186
222
258
286
317
347
366
377
389
399
408
414
418
418
404
397
396
387
379
378
387
400
398
404
415
407
409
413
398
385
366
344
332
316
303
294
279
274
283
296
295
298
306
299
298
304
291
269
250
231
200
167
144
115
73
41
18
-3
-26
-48
-57
-68
-87
-94
-97
-112
-127
-138
-157
-188
-208
-217
-237
-257
-261
-266
-282
-281
-269
-267
-259
-249
-250
-246
-239
-238
-245
-268
-285
-304
-341
-372
-394
-411
-432
-448
-443
-447
-452
-428
-410
-405
-385
-361
-341
-327
-300
-269
-260
-261
-253
-235
-220
-214
-189
-163
-147
-123
-94
-67
-41
-8
34
69
99
128
160
183
193
204
227
237
237
251
254
271
279
273
294
306
312
330
344
355
356
364
371
379
380
368
370
363
352
351
335
322
321
314
309
308
303
303
294
280
272
257
237
225
210
190
173
153
127
102
83
61
41
20
-1
-4
-18
-38
-42
-57
-73
-86
-96
-94
-111
-127
-126
-139
-157
-170
-180
-186
-194
-206
-214
-213
-219
-224
-220
-227
-235
-244
-263
-264
-264
-272
-279
-285
-295
-299
-290
-293
-296
-290
-286
-282
-273
-261
-254
-243
-231
-220
-198
-187
-184
-174
-167
-165
-163
-156
-155
-155
-158
-166
-163
-158
-152
-140
-131
-118
-101
-77
-64
-52
-36
-16
0
13
40
67
92
113
142
183
223
256
281
322
355
378
415
434
447
463
475
477
468
461
453
435
402
380
364
338
300
265
230
185
153
138
115
87
59
44
31
3
-20
-39
-65
-81
-97
-109
-113
-117
-122
-121
-117
-111
-97
-79
-70
-57
-27
-9
7
24
36
49
54
62
61
56
48
37
24
2
-10
-28
-46
-69
-101
-116
-137
-156
-164
-174
-179
-180
-172
-173
-171
-160
-160
-154
-143
-139
-133
-134
-138
-136
-139
-149
-146
-144
-156
-164
-172
-177
-166
-163
-166
-157
-144
-130
-111
-99
-87
-76
-67
-56
-57
-59
-47
-45
-52
-46
-39
-41
-40
-29
-21
-16
-10
6
20
35
55
77
95
111
129
146
157
159
160
173
177
179
195
199
193
200
202
195
194
195
188
178
170
160
142
132
119
94
87
76
59
51
33
33
44
36
29
35
39
44
41
40
46
39
32
25
20
11
7
10
-2
-8
-10
-11
-15
-26
-30
-34
-44
-59
-63
-64
-76
-95
-107
-108
-121
-129
-129
-139
-143
-149
-139
-132
-138
-127
-107
-103
-104
-90
-76
-67
-57
-43
-34
-34
-29
-24
-22
-14
-6
0
4
12
22
28
30
31
31
31
40
34
24
15
3
4
4
-1
-2
-4
-5
5
5
5
8
12
24
13
10
13
6
6
4
2
-6
-8
-7
-7
0
3
6
11
18
22
21
23
27
39
47
47
43
35
39
31
23
16
8
10
12
2
-5
3
15
19
24
35
38
48
50
49
57
55
58
60
49
42
41
32
23
22
14
5
2
-4
-12
-19
-19
-17
-28
-37
-33
-39
-45
-41
-43
-50
-53
-58
-50
-45
-50
-25
-11
-15
-6
10
23
38
48
57
71
68
68
65
65
66
60
61
43
39
39
21
17
10
7
6
3
3
0
-6
-8
-9
-10
-16
-19
-25
-31
-34
-43
-47
-46
-50
-53
-46
-39
-36
-25
-22
-23
-19
-12
-11
-23
-29
-35
-43
-52
-71
-74
-75
-87
-90
-93
-95
-93
-90
-81
-78
-74
-65
-57
-48
-40
-38
-35
-37
-36
-34
-42
-40
-38
-32
-23
-25
-20
-7
-7
7
21
26
42
50
54
58
57
61
67
70
71
72
69
66
68
68
70
65
60
60
65
63
62
62
48
48
45
41
40
28
31
37
34
35
40
47
43
41
50
50
54
55
54
55
52
48
48
48
40
43
43
32
35
32
28
20
21
24
23
25
23
22
21
15
6
3
0
-10
-12
-15
-8
-3
-11
-14
-13
-14
-19
-24
-25
-26
-32
-29
-27
-33
-34
-34
-34
-41
-39
-29
-35
-34
-30
-34
-39
-50
-58
-65
-78
-82
-86
-95
-99
-109
-122
-123
-127
-131
-126
-119
-113
-107
-101
-93
-86
-69
-52
-40
-28
-19
-11
-1
6
13
21
31
33
43
57
57
70
82
91
98
97
104
111
113
118
116
113
114
107
102
102
94
87
78
70
62
51
46
34
22
17
7
-6
-11
-13
-16
-21
-25
-31
-30
-28
-32
-27
-26
-25
-20
-22
-27
-26
-25
-32
-36
-29
-30
-36
-32
-34
-38
-34
-35
-34
-25
-22
-17
-10
-12
-7
0
-3
-9
-12
-13
-10
-10
-13
-15
-21
-21
-21
-20
-18
-21
-19
-17
-17
-9
-9
-12
-9
-7
-11
-17
-17
-16
-22
-26
-29
-39
-40
-40
-44
-38
-36
-33
-23
-25
-21
-12
-11
-2
1
1
11
6
8
21
21
26
34
34
39
44
37
48
60
61
69
65
66
70
72
65
62
61
64
75
68
60
62
61
54
51
57
46
36
36
27
24
25
16
16
13
1
0
4
-1
-3
3
-4
-6
5
-1
-6
0
3
6
0
-11
-11
-14
-20
-25
-35
-38
-43
-45
-42
-41
-41
-35
-33
-38
-35
-30
-34
-32
-32
-37
-38
-45
-51
-49
-54
-57
-52
-60
-62
-60
-64
-58
-59
-57
-51
-52
-51
-40
-28
-26
-28
-22
-17
-15
-9
-4
-4
-3
2
8
-3
-11
-1
2
4
7
0
0
-7
-17
-17
-22
-31
-32
-28
-23
-28
-24
-11
-16
-12
2
10
15
23
42
56
60
67
70
77
85
89
95
92
88
92
84
77
76
68
65
58
49
48
41
36
34
30
22
14
11
5
-10
-17
-25
-38
-41
-50
-60
-63
-67
-64
-62
-61
-54
-48
-36
-30
-25
-21
-20
-8
1
6
11
7
10
15
8
5
1
-1
-3
-7
2
3
-1
9
14
5
5
7
1
2
5
10
5
-2
-4
-7
-10
-10
-2
1
2
0
2
4
-1
6
13
17
17
11
14
10
2
8
6
-2
-4
-2
-5
-3
-4
-8
-3
-13
-15
-9
-15
-10
-6
-9
-13
-16
-15
-17
-20
