20
20
21
21
21
23
25
25
23
22
23
23
22
21
22
23
23
21
19
19
20
18
18
16
16
13
8
6
5
5
3
-1
-3
-4
-9
-12
-14
-15
-16
-22
-26
-30
-33
-39
-44
-47
-51
-61
-71
-78
-83
-90
-98
-104
-107
-114
-128
-132
-131
-135
-142
-145
-145
-146
-158
-167
-155
-143
-138
-133
-126
-112
-102
-99
-76
-45
-28
-12
6
22
46
63
94
136
158
170
196
227
251
288
333
396
417
405
446
493
512
502
540
628
666
594
524
600
683
676
606
622
719
686
551
484
562
633
552
420
416
441
334
191
134
160
118
-55
-180
-202
-291
-434
-532
-563
-582
-724
-902
-963
-1006
-1116
-1221
-1282
-1289
-1329
-1465
-1535
-1510
-1518
-1546
-1559
-1561
-1526
-1534
-1553
-1496
-1433
-1379
-1338
-1287
-1202
-1098
-1056
-989
-852
-726
-583
-500
-401
-244
-104
21
116
234
415
589
682
775
898
1067
1212
1249
1347
1500
1619
1665
1698
1802
1983
2068
2006
2046
2169
2251
2201
2088
2151
2309
2241
1981
1904
2058
2093
1787
1429
1578
1830
1562
987
832
1231
1201
560
86
509
865
204
-635
-571
127
-46
-988
-1333
-695
-517
-1396
-1950
-1466
-904
-1426
-2225
-2038
-1449
-1716
-2431
-2373
-1800
-1813
-2505
-2656
-2075
-1928
-2513
-2754
-2169
-1764
-2172
-2657
-2300
-1731
-1799
-2170
-2061
-1521
-1463
-1754
-1754
-1338
-1010
-1094
-1105
-848
-581
-620
-558
-223
92
298
283
467
812
1008
1099
1267
1598
1919
2047
1978
2145
2508
2750
2864
2894
3154
3423
3339
3232
3403
3734
3830
3589
3360
3540
3611
3277
3002
2974
3197
3005
2362
1946
1970
2036
1661
1072
756
978
842
65
-635
-760
-145
-338
-1393
-1983
-1751
-1336
-1944
-2855
-2691
-1820
-2112
-3136
-3367
-2805
-2318
-3053
-3619
-2871
-2470
-3081
-3560
-3236
-2630
-2830
-3510
-3110
-2322
-2705
-3465
-3391
-2605
-2243
-2794
-3074
-2454
-2269
-2773
-2802
-2282
-1721
-1939
-2274
-1877
-1459
-1496
-1541
-1023
-482
-318
-397
-51
581
721
795
1256
1929
2359
2339
2466
2997
3407
3584
3793
4343
4854
4861
4539
4509
5060
5544
5525
5149
5107
5383
5254
4686
4304
4474
4744
4413
3510
3057
2974
2698
2243
1674
1486
1366
950
185
-281
-712
-1052
-712
-1095
-1541
-2247
-2684
-2320
-2475
-3019
-3216
-2671
-2816
-3358
-3970
-3895
-3001
-3203
-3576
-3391
-3197
-3179
-3547
-3708
-3273
-3015
-3273
-3264
-3042
-3214
-3452
-3533
-3179
-2671
-2853
-3068
-2948
-2917
-2964
-3115
-2862
-2343
-2199
-2391
-2428
-2231
-1974
-1699
-1438
-927
-528
-435
-335
-65
309
819
1378
1872
2224
2306
2674
3154
3614
3937
4144
4920
5525
5582
5380
5356
6008
6620
6510
6114
6391
6820
6604
5789
5003
5604
6360
5661
4604
3990
4102
4143
2846
1900
2245
2285
1570
409
-397
-492
-629
-1656
-1952
-1841
-2673
-2452
-3147
-4005
-4173
-4727
-3904
-3257
-4265
-5267
-4747
-4688
-4748
-4839
-5145
-3651
-3564
-5067
-4980
-4434
-3990
-3704
-4210
-3952
-3192
-3805
-4272
-3635
-3424
-3470
-3437
-3373
-2772
-2943
-3806
-3598
-2858
-2480
-2471
-2489
-2137
-2028
-2413
-2255
-1500
-561
-193
-447
-219
161
552
1117
1865
2435
2969
3319
3361
4067
4395
4717
5654
6231
6727
6872
6608
6810
7398
7584
7576
7869
8073
8114
7454
6342
6437
7036
7034
6358
5287
4967
4817
3891
2889
2465
2523
2248
1214
23
-580
-979
-1649
-2179
-2816
-2846
-2502
-3394
-4552
-5492
-5506
-4600
-4622
-5349
-5441
-5225
-5821
-6511
-6614
-5602
-4386
-4878
-5633
-5422
-5224
-5233
-5133
-4555
-3743
-3786
-4425
-4361
-3811
-3854
-4138
-3716
-2759
-2419
-3102
-3619
-3200
-2594
-2419
-2443
-2037
-1564
-1797
-2166
-1966
-1379
-690
-232
51
543
474
408
1052
1950
2772
2981
3195
3722
4222
4282
4460
5259
6265
7152
7107
6900
7103
7434
8148
8335
8264
8597
8769
8531
7773
6947
7047
7780
7504
6475
5678
5305
5182
4254
3018
2707
2733
2070
707
-495
-1078
-1469
-2376
-3224
-3459
-3809
-4394
-5375
-5466
-5352
-6266
-6905
-7028
-6219
-5979
-7098
-7851
-7027
-6475
-7032
-7066
-6643
-5324
-5118
-6318
-5897
-4835
-4505
-4480
-4475
-3883
-3340
-3974
-4104
-2979
-2611
-3009
-3198
-2654
-1646
-1852
-2578
-2033
-1265
-1268
-1566
-1604
-882
-458
-995
-806
0
361
462
565
1260
1972
2202
2349
3211
4007
3934
4249
4758
5508
5951
6108
6890
7564
7576
7264
7882
8969
9220
8658
8440
9137
9585
8747
7355
7287
8066
7912
6608
5395
5265
5450
4521
2895
2218
2264
1810
430
-857
-1269
-1737
-2863
-3805
-4195
-4338
-5306
-6466
-5569
-5338
-6830
-8336
-8472
-6469
-5746
-7768
-8830
-7099
-6497
-7525
-8442
-7752
-5014
-4971
-6985
-6737
-5232
-4755
-5119
-5165
-3947
-2804
-3860
-4482
-3064
-2492
-3194
-3413
-2291
-856
-1302
-2864
-2491
-906
-602
-1147
-1139
-155
221
-624
-812
263
1010
792
822
1541
2321
2083
1911
3367
4406
4233
3941
4539
5909
6230
5817
6309
7762
8181
7598
7589
8436
9389
9020
8488
9145
9904
9330
7975
7589
8269
8592
7505
6157
5948
5931
4842
3376
2565
2613
2366
883
-495
-1106
-1650
-2755
-3503
-3863
-4195
-5013
-6624
-6550
-6393
-7251
-8133
-8355
-7412
-7181
-8329
-9280
-8205
-7391
-7723
-8010
-7853
-6652
-6473
-7315
-6865
-5670
-5121
-5109
-5023
-4301
-3699
-4064
-4017
-2849
-2075
-2447
-2862
-2465
-1546
-1359
-1966
-1611
-543
-336
-697
-941
-612
22
-74
-50
652
1208
959
816
1121
1613
2406
2493
3161
3794
3663
3788
4237
5182
5681
6132
6614
7544
7984
7336
7380
8227
9302
9472
9058
9009
9635
9642
8509
8001
8491
9069
8533
7103
6006
5783
5263
4035
3253
2839
2343
1302
-211
-1367
-2012
-2558
-3297
-3975
-4776
-5618
-5960
-6956
-7897
-7950
-7755
-7517
-8357
-9446
-9113
-8183
-8510
-9041
-8635
-7707
-7007
-7844
-8253
-6939
-5999
-5985
-5935
-5342
-4521
-4490
-4816
-4107
-2969
-2659
-2841
-2415
-1638
-1516
-1887
-1814
-933
-192
-337
-728
-394
63
2
48
282
775
1104
949
1099
1562
1651
1560
1945
2563
3154
3453
3459
3652
4162
4718
5320
5937
6151
6662
7402
7706
7621
7626
8380
9400
9658
8819
8491
9170
9535
9002
7983
7819
8362
8127
6723
5405
5001
4789
4072
2647
1513
1187
451
-1035
-2387
-3072
-3350
-4020
-5324
-6174
-6466
-7076
-7642
-8027
-8271
-8463
-8967
-9142
-8655
-8571
-8904
-8654
-8178
-7840
-7742
-7629
-6669
-5677
-5756
-5842
-5112
-4232
-3618
-3490
-3269
-2440
-1964
-1948
-1599
-1143
-948
-826
-671
-235
75
-134
-165
136
359
231
111
386
624
435
102
119
522
829
559
700
1139
1230
1671
1902
2277
2828
2744
3035
4139
4654
4819
5253
5497
6576
7047
6498
7182
8134
8601
8731
8002
7846
8984
8908
7981
7627
7336
7741
7408
5597
4681
4660
4186
3329
2021
841
610
-45
-1569
-2611
-3258
-3632
-4173
-5354
-6440
-6913
-6732
-7269
-8020
-8221
-8156
-7813
-8200
-8867
-8358
-7078
-7194
-7581
-7248
-6680
-5466
-5480
-5906
-4622
-3542
-3607
-3442
-3040
-2355
-1525
-1668
-1485
-492
-453
-732
-367
120
375
97
-95
534
921
477
4
138
786
679
129
364
622
515
396
283
633
1138
678
750
1604
1543
1626
2081
2344
3029
3485
3232
4038
4926
4811
5433
5816
5745
6396
6856
7101
7726
7408
6853
7625
7825
7364
7029
6437
6610
6679
5264
4104
4040
3935
3400
2065
632
365
17
-1401
-2603
-3142
-3378
-3902
-5175
-6145
-6169
-6530
-7396
-7270
-6875
-7221
-8037
-8684
-7908
-6605
-7114
-7964
-6903
-5690
-5591
-6297
-6431
-4444
-2882
-3741
-4361
-3268
-2041
-1706
-2094
-1729
-261
100
-630
-482
469
822
409
439
1248
1594
731
92
727
1503
1139
394
549
900
751
64
42
774
714
496
472
621
757
588
797
1894
2384
1679
2101
2842
3359
3837
3539
4497
6026
5628
4892
5584
6528
7285
7127
6224
7095
7982
6898
6085
6316
6877
7092
5622
3985
4228
4267
3183
2212
1342
942
485
-928
-2020
-2475
-3074
-3528
-4119
-5138
-5742
-6182
-6469
-6497
-7044
-7204
-6826
-6898
-7158
-7329
-7092
-6247
-5810
-5989
-5574
-4997
-4851
-4477
-4081
-3263
-2303
-2305
-2235
-1701
-1274
-948
-737
-364
161
174
-202
-72
308
315
69
-25
415
520
-185
-765
-718
-203
-229
-807
-1026
-847
-730
-921
-1194
-1070
-526
-341
-268
-218
-86
435
1055
1413
1651
2192
2552
3260
3887
4097
4781
5212
5347
5941
6551
6818
7173
7103
7000
7577
7445
6992
7033
6825
6706
6390
5329
4615
4548
4223
3582
2656
1534
978
638
-329
-1337
-1870
-2244
-2669
-3463
-4433
-5077
-5144
-5345
-5650
-5632
-5931
-6076
-6260
-6449
-6188
-5593
-5354
-5318
-5014
-5006
-4680
-4484
-4273
-3462
-2717
-2400
-2526
-2528
-2168
-1550
-1151
-1003
-826
-678
-575
-646
-708
-709
-592
-228
-57
-405
-943
-1219
-979
-626
-686
-921
-964
-900
-1121
-1403
-1283
-940
-605
-469
-556
-489
-393
-151
538
1298
1652
1624
1927
2512
3098
3608
3812
4321
5297
5644
5531
5714
5972
6675
7245
6860
6726
7074
6883
6660
6375
5915
6208
5973
4936
4294
3712
3221
2750
1933
1238
790
40
-1060
-1937
-2386
-2547
-3001
-3918
-4510
-5136
-5246
-5387
-6127
-5789
-5898
-6265
-6038
-6329
-6242
-5552
-5509
-5440
-4658
-4858
-4759
-3961
-3886
-3119
-2603
-2878
-2300
-1777
-1744
-1442
-1191
-908
-384
-366
-721
-575
-366
-280
-131
-201
-260
-414
-777
-841
-662
-641
-730
-909
-975
-910
-1199
-1322
-950
-680
-522
-511
-633
-322
35
238
871
1458
1658
1912
2222
2749
3342
3700
4194
4758
5330
5324
5028
5532
6300
6877
6878
6392
6291
6767
6675
5924
5787
5824
5965
5668
4222
3370
3503
3257
2586
1724
838
563
81
-1188
-2060
-2215
-2378
-2721
-3504
-4301
-4605
-4909
-5217
-5428
-4979
-5027
-5700
-5822
-5766
-5180
-5001
-5286
-4792
-3827
-3893
-4435
-4194
-3437
-2403
-2410
-2849
-2255
-1551
-1592
-1815
-1540
-854
-406
-648
-820
-542
-515
-803
-596
-132
-51
-398
-828
-584
-365
-798
-965
-674
-289
-413
-1141
-1176
-591
-339
-428
-333
-53
291
255
-47
703
1407
1537
1793
2030
2502
3051
3043
3246
4334
4712
4876
5214
4894
5315
5924
5828
6129
6170
5722
6192
6118
5145
5063
5060
5150
5059
3663
2763
3112
2815
1878
1047
456
637
242
-1295
-2105
-1997
-2076
-2470
-3326
-3893
-3562
-4002
-4762
-4712
-4359
-4147
-4565
-5168
-4645
-3840
-4352
-4696
-4092
-3066
-2579
-3527
-3907
-2565
-1580
-1988
-2466
-2053
-977
-732
-1613
-1672
-705
-258
-613
-853
-698
-550
-858
-1145
-632
-280
-742
-1230
-1104
-749
-954
-1338
-1170
-690
-731
-1260
-1364
-961
-621
-800
-812
-221
-79
-213
-163
170
948
1159
943
1415
2044
2013
2129
2436
2752
3647
3600
3465
4109
3830
3804
4445
4662
4745
4539
3922
4252
4725
3784
3393
3777
3820
3606
2428
1512
2107
2304
1344
558
309
341
98
-900
-1602
-1362
-1364
-1750
-2230
-2732
-2763
-3105
-2945
-2746
-3176
-3092
-3299
-3082
-2805
-3329
-3331
-2355
-2029
-2437
-2535
-2678
-1827
-1279
-1947
-1662
-984
-924
-1031
-1274
-1129
-472
-446
-795
-570
-374
-624
-770
-661
-300
-156
-614
-716
-470
-505
-764
-1005
-579
-56
-324
-783
-791
-389
-153
-271
-385
-2
408
172
-56
111
493
756
845
1012
1329
1424
1338
1415
1855
2267
2216
2422
2641
2792
2928
2668
2709
3334
3612
3285
3053
2786
2948
3335
2866
2509
2721
2817
2605
1907
1153
1303
1708
1250
534
200
175
56
-576
-1139
-941
-695
-1035
-1560
-1975
-1945
-1957
-2347
-2129
-1831
-2001
-2311
-2782
-2591
-2061
-2248
-2460
-2063
-1813
-1932
-2244
-2573
-1953
-1273
-1528
-1659
-1534
-1465
-1440
-1645
-1541
-1028
-873
-1066
-1100
-1000
-1019
-1107
-973
-503
-331
-629
-801
-775
-521
-448
-649
-344
-38
-245
-436
-562
-456
-105
-109
-175
54
18
-124
-40
-87
136
308
256
530
540
390
447
574
955
1298
1061
1124
1556
1588
1625
1419
1441
2234
2432
1895
1762
1932
2209
2369
1866
1709
2289
2318
1891
1528
1287
1621
1840
1330
939
949
913
757
334
-38
234
402
17
-378
-545
-498
-487
-896
-1012
-600
-708
-1082
-1445
-1365
-913
-1031
-1487
-1383
-913
-1026
-1379
-1662
-1325
-697
-953
-1393
-1304
-1001
-958
-1166
-1211
-855
-587
-878
-1107
-875
-717
-830
-862
-653
-412
-601
-940
-849
-505
-420
-687
-692
-449
-435
-678
-838
-697
-448
-402
-593
-565
-535
-664
-562
-347
-213
-182
-242
-229
15
54
-13
261
493
597
607
525
603
949
1187
1227
1361
1282
1382
1702
1630
1608
1715
1879
2096
1976
1589
1591
1996
2058
1831
1567
1545
1842
1691
1147
1030
1257
1354
1086
514
304
485
448
94
-107
-209
-190
-194
-756
-909
-861
-858
-723
-1084
-1385
-1302
-1197
-1300
-1373
-1457
-1335
-1076
-1338
-1465
-1267
-1209
-1065
-985
-981
-796
-783
-861
-678
-529
-541
-474
-383
-278
-218
-437
-477
-226
-96
-117
-276
-324
-196
-204
-341
-381
-340
-289
-306
-443
-495
-486
-445
-411
-449
-511
-500
-393
-418
-383
-391
-351
-157
-119
-107
-45
81
156
246
297
348
550
644
688
773
812
892
1106
1219
1191
1257
1338
1412
1436
1305
1291
1550
1683
1525
1358
1323
1417
1451
1231
1034
1108
1143
926
634
484
501
475
315
126
16
-101
-279
-436
-492
-559
-765
-660
-594
-855
-1057
-1250
-977
-635
-902
-1229
-998
-766
-919
-1070
-1137
-637
-256
-704
-923
-635
-406
-388
-517
-499
-172
-142
-495
-467
-199
-174
-255
-300
-158
-63
-329
-532
-364
-163
-260
-458
-433
-283
-341
-563
-638
-470
-291
-396
-544
-530
-519
-524
-440
-362
-316
-284
-354
-261
-133
-138
-44
118
227
247
278
313
459
705
794
876
915
874
1045
1299
1280
1225
1303
1424
1589
1469
1222
1380
1667
1563
1314
1175
1213
1371
1168
813
834
963
824
567
345
286
397
264
-16
-77
-95
-225
-391
-548
-546
-375
-489
-784
-853
-826
-710
-679
-864
-867
-685
-724
-918
-983
-891
-636
-573
-797
-825
-713
-676
-666
-656
-567
-475
-518
-596
-542
-513
-590
-546
-392
-305
-408
-602
-603
-441
-376
-468
-500
-411
-378
-494
-621
-573
-438
-356
-387
-433
-458
-484
-476
-374
-239
-215
-176
-192
-170
-69
-61
-5
157
293
320
371
328
388
645
675
763
908
864
940
1033
983
1131
1293
1210
1299
1358
1236
1290
1253
1203
1403
1399
1176
1102
1019
978
1010
825
722
799
699
496
308
170
204
212
26
-139
-232
-283
-357
-479
-508
-500
-551
-610
-706
-746
-727
-795
-799
-713
-714
-775
-814
-818
-721
-653
-707
-663
-577
-599
-643
-667
-639
-521
-472
-510
-482
-473
-512
-513
-470
-389
-351
-415
-450
-437
-431
-439
-456
-401
-331
-365
-432
-449
-417
-343
-320
-331
-280
-257
-273
-270
-254
-203
-126
-85
-52
1
16
5
50
139
222
296
329
358
397
434
447
508
614
645
717
719
682
723
756
808
859
860
821
860
845
779
770
729
774
815
725
619
560
530
521
472
357
344
353
257
123
-9
-29
33
-2
-105
-167
-209
-250
-309
-382
-362
-322
-345
-331
-374
-463
-471
-426
-332
-271
-374
-442
-345
-310
-358
-394
-348
-190
-166
-337
-410
-318
-249
-260
-306
-302
-240
-282
-382
-385
-336
-321
-336
-328
-313
-364
-444
-430
-347
-310
-357
-389
-324
-297
-349
-367
-295
-189
-172
-219
-209
-151
-120
-108
-64
-2
42
34
55
134
166
165
192
257
324
323
293
347
431
447
438
445
477
532
533
493
496
492
527
581
554
507
494
530
551
497
397
403
491
473
363
252
273
354
300
175
139
201
211
116
-5
-15
63
43
-52
-100
-76
-61
-121
-213
-213
-111
-132
-242
-280
-258
-213
-259
-355
-310
-198
-238
-346
-380
-328
-233
-279
-364
-320
-271
-290
-329
-334
-278
-237
-272
-280
-251
-264
-274
-253
-213
-192
-229
-250
-206
-181
-208
-216
-187
-141
-149
-189
-172
-141
-133
-144
-133
-86
-76
-107
-100
-48
-24
-26
-36
-15
42
32
14
49
92
116
109
112
133
161
174
195
227
230
234
235
263
284
299
342
352
350
338
355
408
430
390
376
444
455
401
349
363
471
479
355
298
354
400
348
233
208
298
306
189
83
83
143
137
43
-5
-6
-20
-66
-145
-165
-141
-161
-193
-232
-281
-309
-317
-326
-317
-334
-389
-399
-412
-425
-424
-428
-407
-392
-414
-443
-445
-433
-410
-387
-384
-370
-369
-376
-358
-339
-317
-280
-262
-250
-242
-244
-225
-191
-160
-138
-110
-96
-92
-79
-61
-18
21
34
35
53
78
84
97
117
158
188
179
166
181
216
229
239
259
279
293
274
262
284
310
316
315
320
322
321
310
315
336
359
350
318
313
317
332
332
303
292
312
308
260
228
227
257
256
189
142
162
172
129
70
41
68
66
-16
-77
-74
-68
-89
-141
-179
-169
-185
-249
-267
-245
-260
-284
-322
-331
-295
-324
-363
-330
-290
-306
-339
-360
-323
-262
-289
-309
-266
-241
-249
-266
-264
-220
-184
-204
-195
-164
-167
-172
-153
-113
-83
-90
-104
-77
-53
-61
-66
-43
0
20
0
-3
28
52
65
74
91
112
108
105
126
139
145
162
183
194
185
174
195
227
230
219
216
230
234
209
194
203
209
197
181
174
178
165
135
133
139
134
114
92
106
111
88
69
64
83
86
56
37
51
66
60
36
15
32
48
24
-1
-8
7
16
-19
-55
-53
-33
-41
-73
-92
-78
-60
-88
-123
-129
-106
-102
-140
-166
-158
-134
-142
-173
-176
-146
-134
-159
-173
-159
-129
-121
-144
-142
-121
-109
-113
-112
-95
-79
-79
-78
-61
-49
-54
-53
-30
-9
-8
-25
-18
13
24
13
6
22
43
44
29
34
56
71
74
74
74
78
83
79
79
82
82
84
85
79
74
74
73
78
73
56
44
34
33
36
24
8
8
9
4
-2
-15
-11
-10
-18
-29
-34
-38
-33
-27
-29
-23
-23
-23
-16
-12
-7
-1
6
10
16
13
16
24
33
43
46
49
48
49
54
54
48
43
45
47
50
40
31
37
36
29
20
7
4
13
1
-14
-6
-4
1
4
-15
-17
-4
-6
-9
-6
-16
-7
-3
-18
-7
3
-2
-1
-6
-8
2
-6
-18
-5
-2
-14
-13
-12
-6
-6
-22
-22
-12
-14
-21
-25
-26
-22
-25
-29
-20
-20
-30
-34
-35
-33
-38
-48
-44
-36
-39
-50
-55
-44
-34
-39
-48
-46
-45
-44
-49
-54
-46
-44
-49
-45
-49
-54
-48
-44
-40
-38
-52
-59
-47
-43
-40
-35
-34
-18
-9
-18
-17
-6
8
19
18
17
33
39
42
53
60
72
81
80
86
94
97
104
112
115
118
116
118
128
128
122
121
125
125
118
105
102
104
98
90
77
72
71
60
49
43
29
22
14
0
-7
-12
-17
-19
-30
-43
-45
-45
-51
-53
-62
-66
-64
-74
-77
-75
-72
-69
-72
-79
-77
-72
-77
-77
-73
-65
-59
-66
-70
-64
-58
-55
-55
-63
-64
-58
-58
-60
-61
-56
-48
-48
-56
-60
-54
-52
-52
-56
-56
-52
-50
-48
-47
-47
-42
-37
-33
-28
-28
-24
-15
-16
-14
-9
-6
3
12
14
19
25
27
34
38
40
45
51
53
62
67
65
70
71
77
79
75
79
85
90
89
88
91
96
95
87
86
85
86
83
80
83
81
75
69
65
64
61
55
48
47
42
31
23
18
17
11
2
-4
-8
-12
-21
-27
-28
-30
-37
-42
-43
-47
-47
-48
-53
-52
-54
-58
-57
-54
-56
-55
-55
-54
-51
-53
-55
-53
-49
-47
-46
-48
-47
-46
-48
-49
-47
-45
-43
-42
-43
-41
-41
-43
-44
-44
-44
-42
-40
-41
-39
-41
-40
-34
-32
-31
-29
-27
-24
-20
-19
-16
-14
-13
-12
-6
0
8
14
15
14
18
22
30
34
35
38
40
39
38
42
47
50
50
48
45
46
51
52
52
50
51
52
51
47
47
51
52
52
46
40
44
46
43
41
40
42
43
38
38
38
36
33
30
29
31
29
24
26
23
20
17
12
11
7
2
-4
-4
-7
-12
-18
-24
-28
-33
-36
-40
-43
-49
-54
-59
-62
-63
-65
-66
-67
-71
-75
-76
-75
-73
-74
-72
-69
-69
-68
-64
-60
-56
-52
-48
-47
-44
-41
-35
-27
-23
-20
-16
-11
-6
-3
0
4
9
14
15
17
19
22
26
26
26
32
35
35
31
30
33
36
37
