-19
-27
-27
-20
-17
-25
-28
-23
-17
-26
-35
-31
-24
-22
-34
-33
-22
-30
-47
-44
-29
-21
-26
-48
-37
-26
-48
-40
-14
-3
-14
-28
-35
4
8
-7
44
66
63
53
61
119
160
145
163
234
273
261
234
276
356
402
418
442
468
488
435
438
518
541
569
523
478
457
411
395
396
396
300
228
207
132
38
-67
-81
-97
-146
-314
-359
-195
-409
-629
-770
-681
-370
-498
-813
-838
-701
-832
-910
-909
-659
-409
-796
-1038
-877
-672
-632
-755
-712
-516
-599
-885
-844
-560
-472
-654
-757
-493
-354
-677
-867
-717
-457
-393
-641
-656
-438
-624
-833
-556
-342
-201
-346
-626
-301
-187
-389
-237
107
251
282
18
53
522
424
671
1009
1167
1259
876
954
1463
1695
1830
2146
2216
2153
1846
1650
2445
2893
2595
2479
2369
2425
2385
1823
1924
2586
2460
1904
1419
1185
1379
1102
436
468
633
442
-30
-749
-999
-775
-984
-1286
-1419
-1687
-1287
-1528
-2278
-2409
-2469
-1880
-1520
-1910
-2138
-1926
-2227
-2338
-1964
-1660
-858
-1123
-1836
-1622
-1373
-1102
-897
-867
-586
-605
-1122
-1163
-727
-491
-618
-871
-725
-356
-648
-1085
-1024
-784
-580
-722
-856
-745
-890
-1205
-1048
-550
-375
-568
-816
-802
-514
-489
-473
-24
289
245
86
177
555
829
938
1122
1623
2027
1909
1640
1785
2120
2620
3252
3237
3287
3088
2607
3042
3474
3673
3902
3762
3389
3286
2840
2598
3168
3189
2980
2492
1757
1627
1465
896
579
589
481
166
-670
-1406
-1590
-1653
-1810
-2082
-2339
-2809
-2742
-2801
-3171
-3415
-3893
-3427
-2792
-2798
-3161
-3255
-3130
-2971
-2743
-2654
-1728
-1316
-1852
-2136
-2046
-1297
-676
-685
-715
-678
-775
-867
-605
-196
-210
-561
-732
-434
-310
-624
-922
-882
-572
-666
-889
-921
-993
-1156
-1325
-1217
-964
-867
-1006
-1171
-1091
-1043
-840
-444
-291
-160
-335
-237
134
446
840
1041
1405
1701
1982
1987
2246
2432
2773
3792
3905
4013
3670
3503
4409
4757
4578
4485
4749
4899
4843
3852
3470
4250
4289
3969
3123
2612
2778
2307
1331
794
914
966
241
-857
-1450
-1511
-1667
-2114
-2662
-2738
-2995
-3547
-3109
-3445
-3789
-4091
-4575
-3564
-3014
-3416
-3630
-3354
-3457
-3041
-2800
-2596
-1307
-1617
-2204
-1965
-1654
-817
-525
-801
-673
-445
-556
-535
-219
-221
-443
-671
-492
-72
-381
-818
-1217
-1062
-702
-1104
-1160
-1273
-1433
-1582
-1926
-1844
-1516
-1275
-1628
-1823
-1803
-1613
-1211
-1023
-801
-830
-612
-592
-305
357
474
933
1410
1558
1817
2250
2358
3266
4012
3825
4438
4355
4540
5290
5346
5462
5887
5864
5773
6013
5291
5402
5646
5178
5175
4585
4079
3869
3315
2693
2312
1899
1263
699
14
-511
-1035
-1708
-2016
-2671
-2819
-3447
-3917
-3090
-3942
-4655
-5188
-5234
-3847
-3566
-4658
-4815
-4192
-4583
-3994
-3794
-3232
-1716
-2669
-3475
-2763
-2130
-1354
-1086
-1463
-1017
-635
-1345
-1331
-577
-352
-316
-716
-686
-112
-632
-1279
-1269
-689
-365
-851
-1243
-1452
-1511
-1775
-1761
-1388
-1154
-1376
-2023
-2007
-2012
-1774
-1454
-1265
-806
-1117
-1463
-1293
-632
-32
279
490
925
1345
1126
1544
2237
3411
4120
3785
3953
4248
4814
5321
5703
6005
6529
6360
5831
5959
5862
6399
6599
6127
5780
5325
4874
4399
3880
3424
3374
3032
2090
1279
355
-133
-547
-1082
-881
-1331
-1929
-3045
-4197
-4018
-3802
-3719
-3825
-4013
-4484
-4828
-5312
-5134
-3840
-3581
-3800
-3979
-4199
-3788
-3480
-3324
-2512
-1890
-2007
-2249
-2293
-2022
-1571
-1499
-1400
-850
-757
-1106
-1570
-1565
-965
-693
-873
-1230
-1392
-1557
-1812
-1983
-1882
-1670
-1870
-2106
-2366
-2506
-2431
-2549
-2386
-2125
-2125
-2088
-2222
-2335
-1868
-1294
-865
-432
-294
-29
498
822
1112
2034
2978
3989
4310
3851
4406
5296
6369
6734
6822
7343
7979
8035
7276
7309
7793
8770
8675
7678
7239
6851
6627
5956
5327
5190
5075
4031
2426
1405
930
688
224
-597
-1466
-2054
-3381
-3964
-3533
-4021
-4456
-5433
-5869
-5126
-5167
-5956
-6002
-5547
-5623
-5353
-5507
-4971
-3894
-4511
-4707
-4067
-3383
-2561
-2764
-2975
-2353
-2054
-2102
-2010
-1619
-1262
-1445
-1824
-1420
-1051
-1391
-1678
-1872
-1389
-1343
-2183
-2224
-2016
-1994
-2118
-2627
-2806
-2437
-2812
-2980
-2496
-2606
-2429
-2545
-2689
-2128
-1777
-1751
-1291
-626
-506
-138
254
856
1746
1927
2417
3495
4555
4811
4755
5331
6129
7251
7574
7667
8357
8696
8507
8248
8430
9004
9616
9218
8319
7897
7616
7308
6735
6001
5451
4985
4288
3110
1891
1195
739
-22
-929
-2298
-2544
-2204
-3806
-5068
-6014
-5851
-4699
-5428
-6684
-6724
-6737
-7323
-7055
-6745
-5573
-4835
-6182
-6469
-5589
-4776
-4029
-3755
-3427
-2771
-3019
-3381
-2596
-1495
-1164
-1564
-1579
-765
-396
-1062
-1398
-936
-241
-327
-1021
-1053
-961
-1343
-1715
-1670
-1145
-1256
-2077
-2525
-2641
-2255
-2192
-2455
-2217
-2131
-2590
-2666
-2218
-1881
-1042
-1258
-1268
-221
-38
263
702
1564
2595
3531
3592
3714
4541
4910
5980
6686
7184
7702
7915
7998
7944
8280
8741
9402
9243
8602
8060
7607
7525
7165
6528
5984
5443
4477
3464
2399
1503
1139
632
-170
-1198
-2123
-3357
-3656
-3428
-4432
-4975
-5825
-6091
-5322
-5919
-6767
-6428
-6106
-6251
-6054
-6121
-5181
-4279
-5080
-5195
-4548
-3596
-2725
-2913
-2986
-2524
-2189
-1989
-1676
-1143
-881
-1066
-1216
-722
-352
-628
-1027
-1190
-914
-1091
-1352
-1267
-1339
-1712
-2421
-2508
-2133
-2145
-2420
-2766
-2738
-2687
-2948
-2890
-2625
-2331
-2394
-2259
-1766
-1208
-877
-1258
-295
713
1171
1749
1841
3319
4358
4039
4041
5182
6475
7049
7241
6906
7988
8510
7936
8218
8534
9388
9725
8847
7882
7498
7487
7452
6951
5864
5202
4699
3763
2718
1676
1122
1015
117
-1248
-1611
-1917
-2739
-4029
-5533
-5167
-4062
-4648
-5879
-6412
-6671
-6563
-6621
-6499
-5044
-4601
-5746
-6348
-5948
-4763
-3861
-3930
-3752
-3331
-3371
-3528
-3220
-2257
-1571
-1776
-1971
-1554
-1203
-1232
-1531
-1457
-793
-776
-1315
-1433
-1455
-1541
-1624
-1659
-1467
-1364
-1901
-2405
-2100
-2083
-2135
-1890
-2196
-2136
-2135
-2779
-2142
-1510
-1331
-832
-791
-859
-128
460
394
2177
2760
3094
3983
3224
3964
5156
5936
6857
7888
7426
7372
8029
7538
8536
9094
9235
9637
8763
7680
7577
7625
7215
6838
5992
5586
5076
3635
2389
1454
1181
1262
117
-960
-1475
-2629
-3441
-4386
-4968
-4353
-4449
-5514
-6068
-6588
-6894
-6456
-6461
-5965
-5293
-5775
-6199
-6178
-5710
-4664
-4181
-4234
-3959
-3843
-3831
-3430
-2850
-2055
-1632
-2130
-2223
-1691
-1393
-1112
-1049
-1029
-662
-833
-1269
-1189
-1052
-885
-870
-888
-915
-1092
-1603
-1859
-1391
-1113
-832
-1302
-1766
-1878
-2181
-1963
-1440
-749
-718
-738
-1109
-1262
-36
239
871
2146
1941
2718
3197
2464
3269
4695
5515
6844
7164
5921
6930
7343
7101
8425
8525
8945
9242
7935
6935
7161
7314
7140
6823
5680
4982
4406
3082
2077
1347
1180
843
-57
-898
-2578
-3516
-4050
-4542
-4168
-4439
-5234
-5882
-6547
-7222
-6613
-6139
-5946
-5342
-5952
-6227
-5952
-5785
-4873
-3948
-3762
-3654
-3671
-3792
-3203
-2501
-1974
-1451
-1401
-1469
-1554
-1454
-816
-373
-65
-72
-453
-556
-668
-689
-272
10
-302
-404
-785
-1314
-1028
-1145
-924
-569
-871
-1282
-1669
-1792
-1965
-1396
-1197
-981
-714
-1096
-1134
-1331
-567
-98
963
2131
1810
2086
1608
1744
3153
4482
5246
5915
6081
5383
5692
5773
6617
8276
8597
8139
7628
6861
6379
6596
6555
6849
6777
5632
4268
3082
2233
1948
1724
1422
1283
-126
-1763
-3154
-3884
-3083
-2926
-3647
-4189
-5231
-5987
-5661
-6021
-5494
-4570
-4864
-4697
-5116
-5532
-4517
-3749
-3531
-2834
-2829
-2873
-2493
-2801
-2282
-1440
-1167
-664
-791
-1309
-1295
-1127
-676
-44
35
-330
-844
-1339
-1200
-914
-672
-471
-823
-1257
-1782
-2121
-1738
-1410
-1357
-1251
-1815
-2263
-2341
-2565
-2200
-1950
-1869
-1410
-1510
-1808
-1992
-2115
-887
-114
581
1267
926
1276
1239
1281
2558
4279
4954
5457
4993
4202
5324
5688
6505
7742
7852
7753
7126
6140
6096
6868
6951
6869
6259
5072
4193
3195
2488
2437
2221
1860
1227
-282
-1347
-2123
-2660
-2179
-2336
-3081
-3658
-4776
-5207
-4782
-4891
-4404
-3913
-4417
-4489
-4628
-4716
-3840
-3272
-2839
-2414
-2773
-2946
-2679
-2274
-1695
-1184
-929
-825
-962
-1291
-1095
-693
-103
313
-130
-484
-768
-866
-524
-313
-96
-84
-596
-1325
-1406
-1191
-1056
-661
-1051
-1244
-1519
-2142
-2086
-2039
-1654
-1683
-1643
-1725
-1847
-1508
-1841
-1688
-1019
-400
234
501
378
618
1062
1278
1868
2782
3523
4085
4080
3679
4015
4463
5149
5801
5932
5903
5410
5182
4956
4879
4963
4886
4753
4039
3207
2464
2088
1908
1422
941
597
115
-717
-1571
-2011
-1991
-1873
-2446
-2933
-2584
-3053
-3741
-4022
-3760
-2532
-2216
-3068
-3327
-2981
-2933
-2511
-2176
-1605
-831
-1492
-2149
-1902
-1228
-494
-388
-543
-477
-622
-1054
-966
-315
124
21
-526
-613
-383
-722
-890
-586
-197
-29
-553
-1261
-1179
-1039
-1188
-759
-685
-846
-981
-1886
-1892
-1336
-1425
-1179
-1105
-1134
-1096
-1385
-1710
-1361
-498
-421
205
493
328
650
275
693
1639
2551
2996
3315
3124
2600
3059
3236
4302
5048
4753
4626
4170
3990
3940
3990
4183
4315
3938
3094
2515
2100
1820
1633
1313
1276
787
-248
-1134
-1295
-806
-1085
-1620
-2340
-2431
-2175
-2682
-2930
-2624
-2253
-2416
-2736
-3157
-2727
-2117
-2285
-2090
-1912
-1820
-1809
-1912
-1671
-1240
-1071
-1127
-957
-766
-1011
-1266
-1055
-484
-92
-254
-603
-744
-641
-606
-453
-50
98
-225
-619
-752
-599
-295
-305
-326
-197
-346
-666
-758
-746
-604
-519
-776
-745
-783
-823
-695
-747
-595
-717
-702
-375
-114
302
301
388
418
585
914
1260
1857
2026
2265
2087
2102
2297
2538
3115
3228
3448
3218
2988
2912
2793
2985
2940
2882
2609
2152
1760
1385
1113
955
926
689
310
-319
-865
-647
-788
-1008
-1324
-1876
-1630
-1724
-2071
-2048
-1951
-1917
-1858
-2128
-2212
-1611
-1635
-1650
-1554
-1564
-1174
-1156
-1256
-1004
-781
-744
-752
-658
-505
-473
-613
-484
-88
57
-67
-366
-357
-76
-14
59
84
30
-146
-327
-381
-203
32
-200
-248
-313
-478
-471
-570
-476
-411
-559
-889
-888
-797
-809
-695
-809
-708
-681
-679
-484
-399
2
118
307
545
327
556
833
1301
1701
1728
1650
1790
2102
2008
2276
2454
2810
2996
2409
2228
2212
2475
2514
2148
1981
1861
1654
1194
830
682
783
725
233
-127
-539
-712
-605
-823
-952
-1170
-1456
-1512
-1589
-1677
-1574
-1472
-1565
-1564
-1722
-1672
-1323
-1251
-1145
-1086
-1128
-1011
-972
-918
-692
-551
-492
-396
-406
-455
-449
-443
-217
-4
-52
-148
-261
-292
-203
-123
-74
-31
-119
-328
-330
-289
-232
-111
-250
-286
-359
-490
-463
-500
-388
-403
-488
-579
-684
-713
-685
-544
-546
-381
-491
-605
-409
-527
-238
55
201
427
235
147
410
896
1137
1219
1222
1287
1612
1558
1575
1808
2109
2328
2135
1936
1891
2037
2084
1937
1870
1816
1674
1375
1038
903
917
912
669
275
-44
-332
-312
-290
-435
-594
-947
-1123
-1150
-1212
-1254
-1166
-1195
-1306
-1412
-1544
-1317
-1149
-1131
-1112
-1098
-987
-936
-964
-916
-741
-622
-576
-578
-555
-475
-461
-382
-204
-47
-19
-160
-267
-198
-65
-3
0
12
-40
-181
-270
-265
-170
-92
-213
-360
-431
-519
-536
-526
-543
-524
-570
-744
-795
-808
-800
-622
-627
-631
-570
-643
-504
-351
-311
-31
137
237
381
286
401
807
1028
1192
1325
1238
1449
1578
1456
1703
1887
2014
2075
1792
1607
1724
1783
1742
1684
1494
1387
1211
842
679
696
705
627
278
-45
-220
-348
-414
-458
-382
-504
-717
-1015
-1174
-990
-888
-829
-871
-935
-1027
-1067
-1015
-857
-611
-581
-620
-639
-613
-526
-442
-313
-158
-116
-187
-260
-227
-130
-78
-35
19
54
-50
-178
-238
-194
-77
-137
-211
-282
-415
-492
-576
-563
-487
-507
-611
-715
-833
-898
-832
-800
-700
-698
-846
-875
-897
-821
-667
-566
-478
-406
-471
-456
-318
-189
125
269
404
451
321
459
675
976
1190
1215
1174
1237
1252
1232
1467
1608
1810
1823
1535
1423
1399
1453
1499
1475
1400
1297
1084
790
688
678
699
651
403
220
1
-180
-244
-308
-199
-214
-426
-654
-824
-819
-694
-649
-678
-642
-763
-850
-828
-801
-561
-431
-485
-506
-558
-573
-474
-381
-276
-165
-228
-320
-332
-332
-250
-173
-121
-85
-182
-324
-393
-379
-308
-257
-287
-330
-465
-641
-657
-613
-512
-449
-578
-633
-675
-797
-760
-691
-582
-499
-592
-712
-694
-601
-545
-401
-373
-288
-205
-272
-190
-113
23
161
292
359
403
444
417
602
747
859
966
981
1004
1024
1041
1081
1232
1283
1265
1239
1128
1096
1097
1074
1099
1080
975
852
720
629
576
552
513
442
327
149
8
-47
-56
-55
-108
-247
-343
-425
-466
-452
-434
-405
-432
-504
-588
-596
-560
-489
-437
-449
-462
-480
-483
-453
-399
-327
-280
-282
-307
-342
-316
-277
-258
-223
-219
-222
-265
-316
-335
-301
-278
-301
-293
-317
-356
-399
-437
-420
-378
-384
-426
-413
-425
-451
-461
-484
-417
-355
-392
-399
-387
-371
-311
-289
-262
-166
-146
-163
-111
-68
7
106
98
168
270
253
334
387
455
578
573
595
661
702
735
787
800
846
896
858
888
889
872
868
834
813
792
754
679
644
587
509
470
412
367
299
203
150
91
37
-10
-50
-92
-180
-267
-328
-317
-304
-330
-362
-390
-411
-456
-469
-424
-353
-341
-397
-440
-434
-395
-370
-334
-292
-275
-301
-340
-333
-292
-255
-239
-240
-234
-250
-280
-287
-278
-252
-238
-259
-272
-294
-317
-307
-295
-291
-276
-293
-316
-307
-331
-314
-278
-285
-273
-292
-289
-263
-253
-219
-201
-186
-150
-133
-116
-70
-41
12
78
81
129
165
186
262
285
351
429
437
459
476
515
591
622
611
678
711
691
700
646
694
776
722
698
674
630
623
565
509
540
526
440
369
281
234
230
175
143
108
-1
-63
-116
-167
-154
-209
-248
-254
-325
-379
-388
-420
-411
-400
-468
-449
-445
-475
-451
-469
-459
-424
-429
-424
-392
-390
-376
-348
-345
-321
-303
-314
-292
-276
-281
-239
-235
-235
-218
-237
-224
-199
-201
-200
-195
-211
-211
-206
-217
-187
-163
-167
-175
-192
-197
-183
-160
-138
-104
-89
-100
-98
-88
-54
-2
35
64
85
84
113
146
197
250
273
302
310
344
369
408
454
470
498
488
509
530
557
581
587
588
555
559
539
549
552
515
492
440
411
383
356
319
286
251
204
152
91
52
26
-19
-71
-99
-146
-170
-228
-291
-292
-305
-317
-343
-370
-388
-377
-410
-422
-376
-370
-347
-367
-385
-353
-344
-331
-304
-279
-266
-262
-273
-252
-217
-211
-193
-180
-182
-176
-198
-190
-151
-152
-158
-161
-164
-149
-145
-166
-145
-129
-150
-150
-159
-134
-107
-124
-119
-105
-92
-82
-75
-53
-15
3
-3
17
47
69
89
104
138
176
189
194
219
248
270
296
303
324
339
339
357
369
385
386
388
389
383
380
372
380
377
355
334
325
312
295
265
241
233
208
186
161
130
109
75
40
19
0
-22
-31
-49
-87
-111
-137
-138
-130
-166
-190
-196
-194
-194
-219
-237
-221
-212
-234
-234
-236
-216
-211
-242
-237
-225
-221
-223
-224
-225
-220
-230
-239
-209
-199
-210
-217
-224
-209
-198
-208
-198
-182
-179
-185
-193
-175
-145
-136
-136
-128
-118
-107
-92
-76
-52
-37
-36
-21
4
22
42
61
80
102
116
118
136
167
181
190
195
201
218
229
236
250
252
248
248
244
242
244
245
243
243
229
218
215
205
201
193
182
172
161
136
121
117
113
114
95
82
74
60
54
42
40
42
29
12
-6
-8
-7
-13
-27
-36
-40
-53
-65
-77
-81
-88
-100
-115
-128
-137
-152
-163
-171
-178
-191
-208
-211
-222
-221
-227
-238
-229
-227
-235
-239
-241
-225
-207
-210
-209
-199
-191
-181
-166
-149
-127
-115
-107
-91
-71
-53
-34
-13
8
25
32
47
75
93
103
108
122
146
154
155
162
174
181
181
177
180
186
179
168
160
151
148
141
132
128
112
92
80
69
68
61
50
43
33
22
13
10
11
13
2
-4
-2
-4
1
0
2
10
7
6
11
17
21
25
26
32
38
37
41
45
46
49
43
47
51
44
37
26
23
20
7
2
-5
-13
-28
-40
-51
-62
-70
-80
-88
-93
-107
-116
-122
-126
-131
-139
-145
-145
-144
-146
-138
-131
-127
-120
-116
-105
-95
-85
-72
-59
-47
-40
-34
-21
0
17
26
33
41
50
60
64
72
81
88
87
81
84
85
86
82
72
67
65
57
48
41
31
28
26
16
11
3
-4
-6
-11
-11
-9
-10
-10
-15
-19
-15
-7
0
5
-1
0
6
8
15
18
20
28
22
23
28
32
37
37
34
32
37
38
35
32
28
27
26
25
19
16
14
11
11
2
-5
-6
-7
-9
-14
-20
-23
-26
-31
-35
-33
-32
-32
-35
-40
-38
-38
-36
-34
-32
-30
-29
-29
-30
-25
-20
-19
-12
-9
-6
-6
-6
2
4
6
8
8
12
12
8
9
13
15
14
10
7
