-14
-15
-15
-16
-17
-16
-16
-15
-14
-13
-11
-9
-9
-8
-5
-3
1
4
9
15
21
25
29
36
44
48
55
64
77
84
87
93
101
109
113
122
135
148
154
157
166
179
190
197
209
221
230
230
224
234
244
246
246
242
239
225
203
186
176
155
130
95
47
3
-49
-87
-120
-168
-223
-288
-348
-410
-472
-520
-557
-595
-646
-718
-786
-825
-862
-888
-906
-929
-943
-955
-971
-960
-930
-892
-850
-826
-801
-758
-707
-659
-570
-494
-425
-383
-344
-279
-226
-162
-83
26
86
124
146
241
359
412
445
500
611
691
676
692
863
1008
1061
1034
1079
1249
1353
1318
1322
1548
1720
1692
1550
1527
1801
1914
1796
1702
1761
1887
1728
1516
1507
1670
1706
1432
1269
1218
1235
941
701
827
729
617
181
52
122
-137
-409
-558
-449
-646
-984
-1319
-1345
-1256
-1590
-1753
-1769
-1744
-1875
-2275
-2295
-2183
-2190
-2329
-2399
-2277
-2290
-2435
-2556
-2365
-2243
-2269
-2233
-2180
-1995
-2035
-2112
-1876
-1678
-1572
-1529
-1428
-1225
-1102
-1113
-1010
-675
-505
-427
-419
-304
-56
0
99
293
567
704
757
806
936
1121
1203
1460
1629
1755
1861
1918
2099
2222
2307
2501
2829
2947
2869
2768
2847
3201
3316
3192
3243
3387
3344
3038
2684
2780
3041
2907
2526
2201
2103
1951
1491
1121
1133
1216
870
232
-268
-382
-520
-1000
-1068
-1067
-1081
-1508
-2279
-2421
-2295
-2140
-2254
-2368
-2430
-2539
-2934
-3315
-2949
-2535
-2401
-2510
-2783
-2737
-2826
-2960
-2696
-2333
-2084
-2255
-2542
-2606
-2474
-2477
-2396
-2040
-1770
-1782
-2226
-2422
-2097
-1790
-1601
-1402
-1303
-1211
-1370
-1536
-1196
-828
-496
-267
-138
-138
-218
-212
194
780
968
1043
1145
1285
1421
1480
1741
2409
2700
2720
2653
2774
3036
3198
3600
4010
4362
4012
3882
4087
4324
4535
4451
4707
4824
4579
3940
3686
3963
4185
3918
3248
3035
2935
2410
1555
1071
1386
1512
693
-401
-848
-840
-1228
-2036
-2476
-1726
-1515
-2751
-4021
-4141
-3070
-2871
-3708
-3904
-3060
-3019
-4138
-4607
-3712
-2384
-2504
-3324
-3135
-2608
-2667
-3153
-2892
-1791
-1409
-2078
-2455
-1938
-1748
-2207
-2340
-1444
-685
-1445
-2323
-2080
-1538
-1503
-1780
-1355
-641
-1015
-1845
-1944
-1221
-752
-743
-763
-397
-273
-922
-895
-177
528
563
326
668
973
724
585
1406
2217
2205
1925
2168
2963
2981
2432
2793
4083
4864
4347
3633
4037
5093
5120
4461
4713
5787
6152
5118
3963
4214
5226
5310
4581
4017
3968
3859
2958
1950
1605
1734
1807
1114
-33
-950
-1306
-1647
-2145
-2627
-2893
-2339
-2767
-4139
-5360
-5579
-4370
-3775
-4295
-4710
-4429
-4621
-5313
-5394
-4391
-2945
-2859
-3593
-3692
-3530
-3343
-3167
-2564
-1566
-1370
-1963
-2330
-1975
-1625
-1733
-1594
-729
-256
-972
-1749
-1676
-1095
-780
-811
-537
-220
-774
-1500
-1596
-1004
-315
-227
-288
-370
-586
-1020
-846
41
546
450
99
223
518
363
521
1440
2240
2162
1777
1853
2693
3430
3140
3490
4461
5219
5158
4472
4693
5927
6465
5711
5774
6144
6842
6675
5230
4954
5619
6128
5450
4329
3674
3792
3353
1970
1230
1138
1065
408
-874
-1856
-2248
-2578
-2992
-3793
-3982
-4248
-4711
-4663
-5301
-5887
-6276
-5812
-4851
-4763
-5575
-5881
-4986
-4918
-4885
-4440
-3678
-2634
-2932
-3658
-3475
-2507
-1793
-1693
-1640
-1370
-998
-1341
-1409
-669
-349
-564
-714
-280
-142
-714
-979
-669
-134
-260
-654
-583
-419
-486
-920
-920
-500
-158
-335
-905
-851
-424
-450
-488
-108
74
203
57
24
425
798
1181
1613
1801
1615
2256
2739
3076
3494
3496
4152
4708
4788
4741
4975
5393
6068
6318
5996
6181
6220
6043
5828
5488
5505
5658
5292
4582
3671
3015
2877
2506
1625
784
505
274
-645
-2170
-2711
-2476
-2744
-3303
-4370
-4189
-3838
-4842
-5900
-6164
-4769
-3858
-4513
-5549
-5016
-4198
-4649
-4546
-3805
-2559
-2288
-3179
-3220
-2518
-1917
-1740
-1483
-977
-765
-1110
-1654
-1180
-422
-603
-1007
-689
-161
-665
-1487
-1593
-952
-529
-1017
-1331
-1207
-1492
-1867
-1777
-1551
-1388
-1212
-1463
-1714
-1838
-2245
-1726
-987
-944
-1250
-1488
-1267
-823
-705
-909
-2
1063
1049
403
363
1371
2553
3111
2959
3510
4226
4425
4484
4765
5528
6531
7022
6545
6375
6564
6767
7016
6855
6620
6719
6594
5929
5089
4404
4306
4284
3759
2796
1873
1387
801
-134
-889
-899
-1025
-1739
-2825
-3635
-2996
-3148
-4104
-4441
-4367
-3723
-3867
-4899
-5142
-3976
-3712
-4068
-3953
-3757
-2891
-3004
-3620
-3118
-2533
-2292
-2324
-2360
-2214
-2102
-2237
-1959
-1362
-1622
-2141
-2355
-1733
-1246
-2045
-2501
-2012
-1609
-1891
-2347
-2368
-1810
-1841
-2619
-2593
-2103
-2059
-2294
-2586
-2520
-2018
-2132
-2300
-2037
-1900
-1967
-1973
-1715
-1356
-927
-637
-401
40
60
316
1651
2590
2849
2479
3128
4478
5271
5357
5255
6664
7704
7884
7299
7263
8221
8888
8954
8192
8197
8662
8429
7302
6173
6046
6431
6090
4735
3466
2769
2188
1553
733
92
-155
-861
-2087
-3327
-3568
-3383
-3748
-4145
-4444
-4642
-5115
-5514
-5306
-4830
-4636
-4747
-4709
-4718
-4758
-4532
-4259
-3763
-3260
-3372
-3588
-3467
-3096
-2854
-2917
-2653
-2295
-2511
-2790
-2832
-2575
-2084
-1881
-1905
-2075
-2431
-2474
-2158
-2060
-1989
-1933
-2210
-2213
-2134
-2431
-2422
-2143
-1856
-1785
-2232
-2418
-1999
-1933
-2176
-1907
-1564
-1100
-877
-1150
-848
-231
337
514
796
1697
3072
3342
2489
3093
4603
6095
6273
5986
6797
8049
8535
7926
7751
8533
9903
10041
8862
8107
8327
8670
8049
6982
6557
6661
6375
5123
3316
2391
2424
2275
1232
-76
-1097
-1614
-2324
-3654
-3413
-3176
-4040
-5099
-6225
-5840
-5246
-5723
-6160
-5462
-5272
-6049
-6228
-5854
-4547
-4067
-4817
-4631
-4130
-4037
-4099
-3933
-3128
-2400
-2540
-2868
-2588
-2380
-2535
-2739
-2055
-892
-1277
-2525
-2903
-2434
-1861
-1827
-1927
-1612
-1793
-2677
-2872
-2401
-2313
-1994
-1977
-2427
-2448
-2784
-2830
-2288
-2117
-1981
-1586
-1599
-1189
-789
-1022
-485
421
790
1377
2618
3438
3461
2839
3437
5779
7158
6850
6850
7591
8322
8591
8089
8466
9837
10623
10019
8835
8417
8934
9118
8062
7315
7247
6941
6018
4392
3153
2894
2648
1998
849
-94
-794
-1646
-2983
-3752
-2650
-2881
-4227
-5838
-6506
-5241
-5134
-5942
-5999
-5291
-5448
-6123
-6690
-6160
-4476
-4634
-5328
-5194
-5078
-4796
-4845
-4498
-3536
-3255
-3879
-4004
-3489
-3507
-3643
-3704
-2751
-1687
-2477
-3509
-3564
-2871
-2165
-2184
-2173
-1738
-2071
-2998
-2949
-2395
-1843
-1446
-1813
-1905
-1969
-2498
-2223
-1472
-1002
-769
-847
-1033
-633
-321
-546
343
1164
1439
2396
3014
3631
3425
3111
4268
6369
7446
6957
7329
7777
8464
8333
7869
9189
10774
11162
9803
8685
8790
9381
9025
8000
7891
7937
7171
5667
4168
3435
3132
2642
2045
1137
26
-1054
-2368
-3386
-3536
-3427
-3795
-4500
-5555
-6387
-6546
-6653
-6239
-5869
-6008
-6304
-6861
-7071
-6521
-5743
-5419
-5233
-5099
-5007
-4975
-5091
-4609
-3717
-3303
-3220
-3327
-3483
-3277
-3083
-2895
-2386
-1983
-1863
-2018
-2364
-2364
-1997
-1591
-1251
-1285
-1725
-2006
-2127
-1974
-1773
-1620
-1234
-1313
-1661
-2181
-2216
-1888
-1480
-1166
-1235
-1040
-1148
-1033
-899
-243
570
1207
2350
2802
3017
2792
2937
4281
5850
6455
6749
7478
7775
8029
7723
7647
9106
10568
10540
9540
8446
8149
8412
7963
7516
7787
7735
6706
4946
3387
2903
2817
2526
1681
638
-115
-1163
-2729
-3731
-3542
-3073
-3171
-4333
-5404
-5750
-6192
-6477
-6198
-5728
-5361
-5657
-6494
-6806
-6344
-5656
-5122
-4741
-4636
-4703
-5078
-5036
-4211
-3525
-3124
-3104
-3047
-2898
-2930
-2709
-2329
-1774
-1333
-1292
-1408
-1617
-1477
-1132
-805
-456
-429
-615
-963
-1040
-997
-914
-602
-529
-785
-1134
-1278
-1516
-1232
-1091
-783
-196
-782
-1068
-988
-760
223
583
434
1356
2200
2256
2044
1945
2962
5018
5564
5166
5702
5934
6441
6561
6249
7187
8617
8629
7707
7057
6606
6941
6891
6270
6165
5854
5070
4023
2767
2075
1920
1580
1005
53
-904
-1511
-2543
-3371
-3314
-3204
-3491
-3909
-4985
-5337
-3995
-4546
-5151
-5017
-4824
-3477
-3779
-5035
-4403
-2945
-3203
-3358
-3249
-3020
-1869
-2187
-2788
-2180
-1707
-1566
-1623
-1823
-1601
-1264
-1555
-1346
-738
-1053
-1642
-1941
-1057
-317
-1112
-1630
-1594
-1538
-1403
-1600
-1680
-1329
-1433
-2025
-2160
-2181
-2230
-1948
-2102
-2124
-1814
-1771
-2184
-1727
-1383
-1819
-953
-678
-182
706
826
1223
1465
1544
2095
3956
4506
4445
5144
5208
5978
6290
5941
6570
7923
8304
7588
6855
6543
7226
7199
6348
6419
6317
5530
4421
3237
2882
2671
2323
1856
949
-42
-639
-1135
-2172
-2266
-2628
-2707
-1998
-3626
-4712
-4821
-4470
-3230
-3457
-4459
-3910
-3143
-4448
-4742
-3926
-2958
-1907
-2887
-3648
-3144
-2843
-2486
-2071
-1839
-1715
-1843
-2502
-2229
-1460
-1585
-1626
-1627
-1088
-961
-2112
-2067
-1156
-783
-796
-1110
-1438
-1532
-1542
-1674
-1250
-1008
-1296
-1310
-1677
-2055
-1947
-2021
-1845
-1203
-1312
-1949
-2242
-2056
-1550
-1411
-1134
-707
-194
247
388
410
378
1094
2108
3306
3529
3451
3863
4142
4750
5174
5651
6132
6918
7074
6378
5988
6242
6789
6721
6351
6142
5849
5185
4367
3717
3521
3187
2936
2300
1319
889
123
-481
-976
-1134
-1209
-1869
-2484
-2784
-2933
-3323
-3268
-3188
-3267
-3288
-3639
-3538
-3292
-3254
-3104
-3164
-3078
-2649
-2559
-2756
-2590
-2259
-2014
-1937
-2020
-1887
-1633
-1450
-1261
-1254
-1324
-1082
-969
-1064
-1068
-1006
-857
-879
-1139
-1414
-1441
-1388
-1389
-1457
-1920
-2108
-2032
-2368
-2426
-2395
-2707
-2946
-3059
-2974
-2832
-2899
-3131
-2769
-2701
-2793
-2105
-2067
-1399
-673
-396
-194
-263
472
1521
2747
2919
3354
3910
4248
5020
5047
5506
6418
7356
7274
6628
6402
6702
7261
6769
6332
6347
6027
5675
4848
3922
3591
3319
3045
2572
1853
1063
436
-134
-527
-592
-877
-1257
-1399
-1779
-2410
-2673
-2625
-2027
-1847
-2414
-2843
-2768
-2482
-2398
-2196
-2110
-1922
-1973
-2389
-2317
-1889
-1553
-1572
-1726
-1817
-1876
-1849
-1895
-1736
-1597
-1804
-1941
-2031
-1941
-1937
-2073
-2066
-2144
-2136
-2144
-2267
-2449
-2568
-2648
-2628
-2371
-2581
-2891
-2974
-3085
-3049
-3129
-3138
-2838
-2581
-2876
-3078
-2714
-2487
-2186
-1666
-1430
-988
-504
-333
404
861
1292
1944
2616
3304
3671
4110
4284
5088
5523
5648
5917
6220
6995
6825
6298
6098
6337
6640
6382
5882
5487
5357
4988
4234
3722
3282
3159
2845
2001
1180
552
642
161
-70
-632
-1584
-1439
-1689
-1816
-1982
-2383
-2607
-2578
-2816
-3217
-2878
-2709
-2598
-2566
-3042
-3075
-2838
-2664
-2448
-2363
-2292
-2224
-2170
-2157
-1996
-1867
-1650
-1326
-1215
-1080
-1269
-1553
-1262
-945
-799
-725
-848
-948
-1018
-1204
-1261
-937
-1014
-1325
-1328
-1610
-1808
-1930
-2208
-1908
-1723
-2044
-2177
-2364
-2492
-2273
-2101
-1975
-1560
-1499
-1556
-1190
-1271
-951
-212
172
936
1050
692
1199
2046
2565
2849
2975
3373
4236
4091
3697
4149
4630
5127
5137
4559
4520
4805
4513
4165
4073
4023
4029
3528
2697
2431
2202
1847
1770
1249
850
480
-194
-322
-725
-1070
-1104
-1333
-1529
-1813
-2229
-2427
-2210
-2371
-2419
-2322
-2461
-2247
-2356
-2643
-2413
-2071
-1909
-1762
-1816
-1883
-1492
-1318
-1202
-955
-1031
-842
-608
-559
-435
-415
-369
-247
-179
-204
-153
-73
-48
-148
-409
-547
-482
-432
-633
-850
-1008
-1112
-1195
-1500
-1584
-1492
-1577
-1664
-1749
-1819
-1827
-1793
-1780
-1567
-1317
-1312
-1260
-1121
-894
-688
-395
-138
447
846
425
647
1090
1690
2178
2077
2205
2621
2911
2658
2701
2966
3459
3795
3288
2961
3049
3198
3214
2995
2787
2845
2797
2351
1808
1521
1587
1615
1308
870
597
256
87
-129
-323
-31
-421
-916
-1183
-1377
-1126
-1206
-1506
-1467
-1206
-1603
-1940
-1805
-1578
-1071
-1187
-1540
-1396
-1238
-1170
-1084
-932
-732
-546
-636
-764
-598
-536
-463
-286
-105
-64
-404
-635
-475
-329
-377
-495
-566
-602
-817
-1111
-1137
-1081
-1091
-1134
-1287
-1414
-1668
-1831
-1743
-1541
-1399
-1600
-1686
-1642
-1480
-1482
-1563
-1184
-938
-834
-807
-731
-510
-280
-10
219
740
700
576
950
1210
1710
1752
1742
2057
2479
2486
2168
2402
2756
3210
3147
2700
2682
2915
3088
2912
2665
2614
2689
2606
2171
1765
1652
1800
1694
1262
893
480
515
386
10
-199
-512
-554
-647
-829
-1154
-1221
-1186
-1285
-1239
-1485
-1489
-1257
-1248
-1258
-1293
-1307
-1181
-967
-946
-944
-818
-805
-680
-611
-654
-607
-551
-479
-478
-554
-715
-790
-749
-770
-807
-876
-971
-1119
-1288
-1395
-1536
-1591
-1516
-1591
-1755
-1955
-2155
-2091
-1989
-2018
-2045
-2136
-2194
-2096
-2040
-2027
-1917
-1690
-1555
-1479
-1344
-1348
-1048
-686
-476
-286
-294
72
434
855
946
1030
1600
1937
2385
2417
2580
2957
3401
3605
3480
3741
3958
4358
4416
4218
4237
4406
4477
4252
3992
3712
3727
3656
3324
2974
2649
2372
2086
1797
1329
1088
813
485
214
-393
-603
-723
-809
-952
-1359
-1597
-1661
-1611
-1781
-1857
-1924
-1834
-1717
-1951
-1970
-1930
-1828
-1708
-1771
-1710
-1713
-1711
-1737
-1774
-1701
-1683
-1622
-1707
-1740
-1776
-1995
-2029
-1961
-1925
-1900
-2021
-2196
-2167
-2201
-2206
-2077
-2259
-2346
-2318
-2315
-2218
-2277
-2208
-2063
-1915
-2095
-2113
-1880
-1790
-1416
-1581
-1549
-1268
-1131
-908
-824
-508
-397
1
167
318
783
800
1296
1629
1988
2300
2365
2816
3027
3496
3745
3975
4300
4448
4638
4539
4812
4950
5093
5296
5011
4831
4654
4564
4536
4314
3940
3616
3433
2981
2568
2200
1768
1528
1179
734
331
-146
-547
-576
-1004
-1478
-1659
-1938
-1855
-2034
-2453
-2595
-2406
-2413
-2601
-2660
-2763
-2477
-2343
-2551
-2464
-2343
-2338
-2394
-2349
-2223
-2179
-2143
-2138
-2026
-2073
-2215
-2203
-1950
-1682
-2005
-2333
-2200
-2052
-2002
-2089
-2233
-2078
-2022
-2321
-2384
-2201
-2061
-2001
-2129
-2228
-2119
-2116
-2005
-1690
-1532
-1377
-1401
-1363
-1053
-921
-806
-525
-211
-51
83
207
381
795
1123
1317
1540
1680
1830
2106
2384
2592
3091
3433
3474
3473
3476
3950
4452
4644
4480
4506
4661
4702
4573
4377
4721
4891
4643
4112
3670
3641
3602
3364
3046
2815
2554
2040
1543
1165
864
673
328
197
-256
-733
-1194
-1600
-1287
-1470
-1794
-2075
-2220
-2332
-2535
-2653
-2741
-2267
-2205
-2497
-2690
-2821
-2570
-2323
-2209
-2268
-2266
-2240
-2335
-2173
-2133
-2115
-2014
-1979
-1900
-2030
-2095
-2091
-1993
-1840
-1999
-2103
-2014
-1913
-1856
-1886
-1904
-1909
-1865
-1847
-1907
-1889
-1833
-1741
-1652
-1550
-1582
-1553
-1374
-1277
-1017
-891
-823
-741
-581
-367
-224
-47
223
581
743
902
867
1226
1633
1717
1944
2055
2263
2489
2660
2656
3148
3406
3252
3372
3314
3556
3730
3625
3493
3693
3699
3362
3236
3071
3199
3265
2851
2386
2244
2223
2040
1717
1385
1324
1356
1007
403
164
309
264
33
-419
-569
-452
-717
-1075
-1283
-1051
-1060
-1367
-1658
-1778
-1690
-1806
-1942
-1963
-1814
-1985
-2237
-2198
-2169
-2096
-2120
-2158
-1989
-1981
-2229
-2312
-2103
-1946
-1963
-2008
-2001
-1828
-1856
-1943
-1743
-1553
-1444
-1493
-1494
-1344
-1326
-1363
-1235
-1049
-1015
-1090
-1102
-912
-681
-700
-747
-499
-336
-318
-304
-221
101
273
334
415
656
792
803
1030
1271
1595
1652
1676
1786
1871
2078
2097
2255
2369
2301
2289
2207
2262
2254
2348
2429
2286
2185
1916
1991
2100
1930
1742
1626
1669
1508
1314
1103
1187
1360
1161
906
716
748
728
585
429
320
394
275
76
-48
-108
-91
-101
-225
-514
-623
-750
-800
-827
-982
-1035
-1112
-1263
-1514
-1574
-1541
-1546
-1593
-1760
-1838
-1830
-1868
-1879
-1831
-1779
-1744
-1767
-1860
-1881
-1799
-1752
-1678
-1627
-1579
-1541
-1551
-1519
-1427
-1293
-1201
-1102
-1037
-995
-955
-891
-733
-584
-478
-399
-364
-316
-239
-127
49
163
216
269
312
389
500
629
763
870
876
897
957
1003
1110
1173
1200
1245
1267
1217
1220
1332
1383
1399
1346
1257
1286
1337
1276
1294
1375
1299
1312
1265
1126
1220
1219
1184
1244
1181
1082
1092
1112
1081
1128
1023
937
1018
937
846
733
639
681
600
439
339
282
197
54
-139
-260
-168
-342
-539
-683
-871
-820
-962
-1090
-1115
-1155
-1343
-1546
-1619
-1652
-1560
-1658
-1745
-1723
-1784
-1852
-1872
-1791
-1690
-1693
-1752
-1721
-1617
-1572
-1526
-1435
-1279
-1161
-1206
-1140
-975
-840
-733
-643
-512
-323
-206
-193
-45
136
245
359
425
496
612
624
670
839
901
926
966
977
1020
1035
992
1024
1111
1051
980
947
881
915
905
824
825
763
703
695
673
671
645
623
595
606
581
538
570
585
605
590
551
536
600
644
632
620
561
574
610
553
475
464
502
537
467
322
264
263
249
193
91
44
16
-66
-214
-332
-371
-359
-335
-563
-773
-873
-859
-762
-880
-1004
-1043
-1047
-1162
-1233
-1222
-1131
-1018
-1155
-1255
-1241
-1178
-1053
-1005
-953
-919
-939
-910
-786
-597
-519
-475
-406
-275
-142
-138
-63
48
170
266
277
352
453
499
504
551
604
642
701
682
637
569
512
588
681
660
552
476
456
423
409
402
411
404
271
189
174
180
227
207
189
157
108
62
95
161
154
130
81
128
163
137
161
203
250
227
195
173
207
222
181
199
188
191
170
142
116
110
109
79
68
18
-35
-40
-31
-53
-84
-135
-159
-175
-216
-259
-256
-245
-285
-339
-414
-407
-371
-364
-382
-410
-428
-449
-451
-448
-405
-364
-339
-335
-361
-335
-298
-254
-187
-173
-145
-101
-76
-23
28
33
58
125
157
193
214
216
266
291
268
286
312
309
296
243
206
224
226
230
219
166
115
77
68
82
66
16
-22
-71
-94
-81
-57
-15
-29
-101
-146
-127
-83
-42
-38
-79
-79
-67
-58
-3
47
61
52
3
-21
18
52
58
53
22
-3
-16
-4
9
22
-2
-48
-84
-103
-93
-107
-115
-160
-182
-184
-181
-165
-189
-190
-191
-171
-152
-133
-110
-101
-90
-86
-45
9
49
66
76
91
121
172
232
272
278
270
270
310
343
355
358
370
372
344
319
314
334
325
277
235
205
188
164
124
101
95
62
23
-13
-53
-76
-75
-75
-70
-95
-152
-184
-194
-181
-149
-133
-158
-179
-189
-201
-175
-147
-116
-101
-129
-155
-149
-119
-92
-80
-95
-101
-96
-98
-76
-66
-76
-95
-94
-81
-63
-64
-102
-113
-117
-137
-153
-152
-142
-139
-173
-228
-227
-213
-206
-212
-241
-265
-284
-293
-278
-254
-248
-259
-270
-243
-219
-217
-198
-158
-130
-107
-84
-50
26
69
96
142
175
207
262
320
359
401
396
422
494
520
533
533
536
554
557
540
537
543
518
478
432
398
387
373
335
273
207
161
133
121
93
44
-14
-66
-101
-129
-137
-137
-145
-182
-233
-260
-256
-232
-215
-209
-215
-226
-239
-231
-197
-167
-156
-153
-146
-131
-122
-120
-108
-87
-75
-75
-82
-79
-77
-76
-86
-92
-88
-93
-103
-126
-147
-162
-168
-179
-190
-204
-226
-226
-229
-239
-250
-270
-287
-289
-288
-281
-261
-257
-256
-259
-258
-222
-187
-169
-156
-132
-101
-66
-36
-18
10
43
72
102
139
181
215
242
256
276
313
347
374
382
367
364
387
412
430
421
396
382
373
367
365
355
331
303
267
240
230
231
219
188
149
118
110
110
99
74
41
16
12
10
4
-5
-14
-36
-61
-67
-62
-42
-41
-60
-78
-87
-86
-83
-73
-81
-82
-93
-111
-116
-118
-116
-130
-151
-167
-174
-177
-198
-215
-222
-231
-246
-260
-271
-280
-289
-303
-309
-306
-310
-306
-302
-299
-292
-291
-281
-264
-250
-238
-229
-217
-194
-171
-152
-130
-107
-87
-67
-47
-24
3
29
61
98
118
127
140
162
187
207
213
216
235
242
250
259
261
270
267
254
242
242
242
238
231
214
203
193
187
193
196
191
177
168
158
152
156
163
168
168
159
149
154
163
167
164
153
140
137
134
134
139
129
120
107
92
76
58
39
26
9
-20
-40
-55
-72
-101
-133
-155
-170
-184
-208
-243
-269
-291
-308
-313
-320
-334
-344
-358
-368
-363
-356
-350
-337
-341
-342
-330
-310
-285
-261
-253
-247
-228
-204
-174
-143
-121
-109
-95
-71
-42
-11
17
34
57
72
75
92
118
141
153
157
158
171
187
190
198
205
204
205
199
184
175
170
159
157
157
148
138
123
109
104
102
102
104
98
79
66
68
79
86
87
77
65
63
67
80
99
105
104
102
103
110
119
124
130
129
120
109
105
105
101
91
86
83
75
59
42
31
22
6
-18
-35
-55
-75
-94
-114
-127
-133
-151
-174
-189
-203
-207
-206
-218
-225
-231
-236
-236
-232
-223
-212
-204
-200
-193
-182
-169
-152
-139
-126
-111
-96
-79
-66
-51
-38
-25
-18
-13
3
21
28
30
32
42
48
54
56
58
63
59
57
57
54
54
56
58
54
56
56
59
61
57
60
65
68
75
79
81
83
87
91
98
103
101
100
104
104
110
116
120
119
117
114
111
112
111
109
103
91
80
74
74
65
52
41
36
30
20
4
-4
-11
-21
-33
-45
-52
-57
-61
-70
-81
-87
-96
-106
-112
-118
-122
-121
-121
-121
-121
-124
-123
-114
-113
-111
-104
-100
