27
29
22
19
18
13
8
-1
-7
-11
-22
-37
-43
-52
-63
-82
-97
-103
-115
-136
-150
-155
-169
-188
-209
-212
-213
-232
-243
-247
-245
-249
-264
-259
-246
-249
-252
-244
-226
-208
-196
-203
-169
-156
-154
-117
-104
-62
-51
-32
0
48
63
82
151
162
233
228
268
342
372
421
449
523
549
610
618
702
774
775
823
821
896
922
940
961
992
984
963
967
926
958
915
880
826
738
684
656
576
456
398
297
234
76
-60
-92
-154
-313
-485
-540
-577
-661
-879
-952
-934
-1024
-1194
-1287
-1234
-1234
-1364
-1512
-1433
-1366
-1423
-1500
-1451
-1346
-1414
-1534
-1492
-1280
-1243
-1330
-1348
-1222
-1151
-1265
-1247
-1067
-932
-1025
-1079
-941
-758
-741
-835
-672
-496
-513
-590
-493
-220
-69
-103
-89
169
341
377
476
693
935
965
977
1183
1462
1543
1593
1746
1902
2032
2034
2179
2416
2475
2413
2396
2537
2651
2598
2515
2597
2606
2426
2230
2119
2185
2107
1800
1585
1469
1302
1040
709
559
531
233
-168
-409
-519
-610
-921
-1287
-1272
-1277
-1585
-1850
-1960
-1792
-1790
-2185
-2329
-2087
-2012
-2186
-2266
-2130
-1825
-1933
-2181
-1906
-1606
-1622
-1799
-1761
-1428
-1296
-1545
-1536
-1165
-1105
-1315
-1410
-1141
-872
-1142
-1373
-1160
-941
-1060
-1266
-1122
-844
-912
-1190
-1098
-723
-643
-791
-782
-454
-250
-452
-370
1
352
361
310
674
979
1159
1192
1544
1908
2021
2072
2227
2728
2806
2986
3236
3504
3630
3303
3525
3902
4087
3796
3674
3900
3920
3695
3132
3327
3531
3123
2527
2164
2292
2082
1408
798
831
770
162
-407
-785
-978
-1258
-1765
-2061
-2181
-2366
-2608
-2932
-3176
-3312
-2838
-2767
-3198
-3459
-3456
-2801
-2765
-3192
-2994
-2086
-2081
-2713
-2687
-2024
-1114
-1593
-2136
-1408
-838
-1325
-1832
-1575
-820
-678
-1673
-1628
-856
-1110
-1756
-1805
-1167
-745
-1513
-2087
-1356
-1150
-1673
-1762
-1314
-768
-1075
-1737
-1171
-355
-581
-827
-402
319
567
72
203
1302
1570
1288
1492
2081
2682
2586
2452
2979
3643
3767
3819
4124
4312
4468
4445
4654
4958
4893
4758
4850
4897
4421
4171
4309
4298
3909
3242
2954
2993
2479
1520
1193
1178
840
51
-925
-1136
-1075
-1836
-2596
-2655
-2710
-3042
-3861
-4304
-3768
-3638
-4191
-4487
-4311
-3978
-3978
-4357
-3979
-3223
-3212
-3422
-3297
-2667
-2106
-2233
-2292
-1695
-1295
-1356
-1354
-1120
-680
-669
-943
-751
-404
-430
-691
-826
-640
-483
-816
-905
-742
-801
-962
-1265
-1087
-922
-1097
-1237
-1161
-1001
-1025
-1071
-1062
-548
-493
-532
-241
56
441
329
455
1072
1726
1659
1808
2311
2690
3143
2861
3408
4316
4443
4282
4199
4799
5447
5379
4781
5233
5772
5518
5134
4583
4940
5187
4470
3803
3629
3524
3132
2288
1382
1422
1234
399
-339
-1110
-1381
-1670
-2488
-3014
-3160
-3308
-3768
-4418
-4710
-4410
-4372
-4925
-4952
-4519
-4118
-4357
-4696
-4101
-3379
-3177
-3355
-3058
-2290
-1959
-2267
-2167
-1252
-700
-870
-1222
-840
-222
-430
-671
-400
-66
-196
-738
-806
-444
-469
-899
-1055
-803
-914
-1234
-1516
-1248
-1083
-1627
-1539
-1316
-1091
-1358
-1666
-1190
-764
-690
-870
-409
-127
-78
-58
197
1116
1347
1219
1476
2138
2497
2483
2874
3681
4392
4163
3871
4512
5229
5378
5120
5216
5810
6036
5471
4885
5256
5626
5261
4593
4043
4074
3801
2859
2167
1935
1697
1170
248
-661
-1036
-1423
-2003
-2485
-3019
-3397
-3598
-4166
-4614
-4726
-4761
-4455
-4513
-4787
-4639
-4461
-4307
-4067
-3810
-3237
-2625
-2687
-2621
-2263
-1901
-1404
-1139
-813
-331
-302
-638
-494
-140
75
157
-96
1
28
-525
-804
-719
-536
-492
-911
-1259
-1296
-1448
-1741
-1752
-1615
-1568
-1522
-1895
-1973
-1926
-1938
-1585
-1396
-1152
-1161
-1021
-996
-739
-301
-94
538
664
1007
1245
1608
1942
2212
3066
3422
3993
3979
4137
4760
5095
5259
5291
5886
6063
6132
5626
5289
5795
5806
5486
5052
4789
4519
4158
3165
2494
2457
1978
1423
527
-364
-755
-1126
-1853
-2353
-2659
-3065
-3284
-3882
-4509
-4461
-4364
-4270
-4208
-4487
-4426
-4149
-4057
-3918
-3556
-3113
-2706
-2557
-2615
-2269
-1860
-1551
-1355
-1135
-841
-795
-904
-956
-698
-486
-526
-632
-618
-631
-897
-1207
-1287
-1093
-1010
-1284
-1597
-1754
-1873
-1897
-1995
-1969
-1740
-1820
-1938
-2087
-2209
-1883
-1715
-1581
-1368
-1261
-1032
-963
-824
-483
85
363
608
974
1163
1878
1910
2288
3311
3649
4131
4152
4300
5146
5642
5354
5742
6269
6335
6637
5826
5730
6567
6287
5814
5582
5016
5011
4654
3195
3090
3020
2273
1837
690
-179
-133
-740
-1560
-1690
-2442
-2688
-2810
-3772
-3982
-4097
-3937
-3605
-3962
-4507
-4320
-3783
-3652
-3653
-3768
-2999
-2502
-2938
-3013
-2797
-1997
-1606
-1977
-1718
-1251
-1409
-1575
-1563
-1308
-915
-1375
-1659
-1093
-1403
-1952
-2025
-1885
-1325
-1658
-2419
-2273
-1962
-2325
-2514
-2446
-2221
-1826
-2532
-2593
-2313
-2324
-1959
-2116
-1692
-1574
-1584
-1442
-1219
-960
-765
102
173
667
498
615
1917
1787
2333
2925
3449
4277
4280
4103
4910
5973
5836
6422
6533
6615
7366
6618
6692
7335
6961
6861
6786
6064
5832
5463
4526
4620
4140
3037
2857
2040
1062
665
-198
-519
-732
-1823
-2351
-2585
-3255
-3778
-4106
-4113
-3748
-4077
-4765
-4753
-4606
-4452
-4444
-4429
-3844
-3592
-3758
-3770
-3714
-3265
-2898
-2823
-2420
-2295
-2534
-2519
-2408
-2150
-1838
-1919
-1868
-1579
-1822
-2057
-1975
-1869
-1474
-1414
-1716
-1722
-1841
-2028
-1929
-1848
-1657
-1469
-1714
-1800
-1951
-1979
-1730
-1655
-1408
-1347
-1349
-1293
-1184
-1154
-820
-285
58
516
459
617
1387
1785
2275
2918
3149
3909
4439
4464
4932
5373
5982
6786
6945
6589
6962
7213
7357
7488
6914
7118
7323
6731
5933
5303
5019
4998
4449
3293
2887
2281
1482
744
-220
-513
-831
-1599
-2309
-2869
-3357
-3769
-4139
-4353
-4385
-4566
-4891
-4928
-4925
-4919
-4733
-4577
-4233
-4174
-4165
-3933
-3720
-3394
-3239
-2962
-2528
-2391
-2419
-2389
-2222
-1854
-1651
-1630
-1543
-1491
-1562
-1592
-1503
-1548
-1458
-1476
-1580
-1569
-1778
-1917
-1860
-1776
-1883
-1848
-1996
-2154
-2005
-2270
-2059
-1994
-2037
-1846
-1870
-1645
-1671
-1363
-1141
-608
-243
-221
389
518
1199
1659
2092
2999
3163
3629
4173
4738
5282
5546
5904
6676
7196
6845
6977
7254
7603
7850
7193
7062
7369
6995
6358
5890
5371
5330
5005
3827
3296
2680
1865
1505
641
-30
-307
-1037
-1726
-2364
-3045
-3303
-3456
-3946
-4297
-4343
-4633
-4893
-5162
-5219
-4756
-4616
-4766
-4749
-4560
-4375
-4242
-4071
-3643
-3269
-3150
-3049
-2932
-2619
-2469
-2254
-1880
-1699
-1712
-1811
-1709
-1572
-1435
-1495
-1457
-1222
-1285
-1533
-1669
-1657
-1669
-1500
-1695
-1693
-1690
-2119
-2046
-2066
-1926
-1946
-1896
-1793
-1822
-1689
-1863
-1397
-881
-843
-532
-220
57
463
572
1066
1934
2606
2734
2941
3765
4177
4864
4985
5333
6496
6728
6627
6602
6964
7394
7802
7398
7098
7511
7065
6755
6324
5717
5562
5301
4514
3797
3174
2187
1787
1144
330
-113
-785
-1395
-2030
-2790
-3315
-3476
-3722
-4090
-4519
-4811
-4951
-5114
-5114
-5108
-4969
-4703
-4690
-4700
-4500
-4304
-3990
-3616
-3521
-3330
-2944
-2859
-2636
-2375
-2351
-1864
-1494
-1513
-1501
-1494
-1372
-1102
-1047
-1289
-1157
-959
-1113
-1240
-1521
-1509
-1135
-1317
-1520
-1668
-1753
-1709
-1921
-1925
-1847
-1810
-1801
-1730
-1849
-1678
-1547
-1588
-993
-948
-944
-293
-164
2
788
789
1633
2646
2087
2761
3523
3767
4652
4757
4795
6239
6648
5967
6524
6606
7146
7915
6985
6836
7565
7129
6584
6313
5499
5864
5762
4368
3975
3343
2648
2334
1378
588
364
-332
-1249
-1889
-2553
-2825
-3042
-3627
-4001
-4166
-4491
-4750
-5005
-4985
-4638
-4627
-4634
-4605
-4474
-4147
-4154
-4045
-3514
-3217
-3026
-2821
-2786
-2479
-2158
-2050
-1680
-1389
-1489
-1413
-1343
-1370
-1165
-1251
-1223
-976
-1098
-1352
-1481
-1541
-1462
-1416
-1706
-1702
-1799
-1965
-2123
-2404
-2319
-2254
-2281
-2337
-2304
-2465
-2286
-2175
-2124
-1520
-1474
-1277
-824
-684
-377
182
391
1029
2045
1853
2409
3100
3223
4317
4454
4658
5810
6161
5968
6303
6460
6725
7578
6979
6814
7297
6802
6582
6240
5676
5724
5590
4498
3935
3505
2666
2352
1672
942
683
-18
-807
-1281
-1929
-2333
-2575
-2944
-3183
-3479
-3798
-4028
-4133
-4099
-3966
-3881
-3753
-3744
-3745
-3528
-3404
-3169
-2799
-2617
-2466
-2198
-2219
-2085
-1744
-1656
-1341
-1192
-1303
-1181
-1117
-1187
-1110
-1085
-1068
-964
-1124
-1371
-1493
-1588
-1642
-1546
-1750
-1914
-2003
-2179
-2171
-2430
-2462
-2477
-2395
-2336
-2667
-2618
-2668
-2535
-2195
-2172
-1943
-1758
-1522
-1134
-905
-787
-138
431
806
1482
1272
1922
2733
2931
3753
3944
4448
5204
5420
5358
5737
6116
6443
7006
6502
6442
6665
6337
6239
5924
5518
5601
5393
4399
3893
3282
2754
2649
1841
1247
858
134
-458
-1123
-1731
-1880
-2060
-2440
-2791
-3251
-3450
-3438
-3654
-3651
-3621
-3469
-3222
-3456
-3481
-3252
-2959
-2680
-2617
-2483
-2237
-2047
-2105
-1998
-1616
-1321
-1197
-1291
-1248
-1073
-1152
-1208
-1147
-964
-869
-1173
-1353
-1361
-1437
-1570
-1703
-1772
-1823
-1944
-2281
-2410
-2498
-2583
-2569
-2651
-2645
-2874
-2886
-2855
-2875
-2764
-2674
-2370
-2064
-1985
-2180
-1480
-922
-819
-171
-108
744
1592
1204
1758
2747
3429
4097
4198
4391
5543
5963
5564
5997
6530
7050
7212
6652
6549
7011
6817
6254
6220
5878
5673
5265
4207
3870
3468
2762
2457
1909
1227
675
-30
-529
-882
-1440
-1800
-2030
-2449
-2830
-3224
-3401
-3246
-3411
-3470
-3374
-3466
-3423
-3491
-3409
-3005
-2925
-2918
-2596
-2472
-2387
-2254
-2141
-1705
-1421
-1551
-1573
-1408
-1364
-1349
-1339
-1280
-1049
-1091
-1376
-1508
-1520
-1573
-1700
-1705
-1889
-2144
-2245
-2497
-2485
-2581
-2932
-2776
-2612
-2892
-2960
-3110
-3020
-2534
-2881
-2977
-2589
-2322
-2033
-1987
-1925
-1222
-580
-647
-52
222
864
1748
1516
2193
2897
3390
4055
4332
4449
5272
5885
5727
6326
6361
6670
7220
6758
6594
6843
6759
6478
6305
5593
5540
5456
4459
3911
3460
2981
2633
1957
1066
769
278
-476
-841
-1311
-1632
-1907
-2454
-2848
-2949
-3141
-3202
-3201
-3289
-3287
-3349
-3340
-3168
-3023
-2878
-2676
-2585
-2522
-2438
-2285
-2036
-1904
-1902
-1779
-1592
-1526
-1507
-1510
-1343
-1202
-1303
-1380
-1434
-1464
-1550
-1719
-1677
-1646
-1917
-2091
-2240
-2297
-2229
-2423
-2571
-2466
-2591
-2913
-2854
-2912
-2875
-2798
-3102
-2844
-2667
-2838
-2605
-2333
-2024
-1763
-1704
-1432
-869
-617
-283
290
820
1428
1434
1983
2796
3237
3763
4015
4508
5163
5494
5337
5926
6330
6410
6814
6418
6574
6835
6380
6115
6170
5745
5464
5262
4402
4307
3853
2990
2739
2170
1521
1223
584
9
-111
-750
-1148
-1364
-1791
-1985
-2225
-2546
-2593
-2663
-2962
-2876
-2965
-2956
-2834
-2910
-2759
-2694
-2725
-2610
-2375
-2314
-2291
-2351
-2308
-2071
-2090
-2208
-2127
-1985
-1933
-1985
-2166
-2096
-1933
-2003
-2097
-2196
-2206
-2137
-2236
-2427
-2426
-2397
-2451
-2555
-2606
-2684
-2768
-2549
-2764
-2703
-2606
-2789
-2442
-2530
-2557
-2265
-1936
-1866
-1632
-1368
-1288
-693
-328
-158
373
1015
1029
1844
2208
2078
3288
3382
3796
4551
4451
4852
5622
5662
5610
6287
6057
6476
6741
5967
6247
6459
6107
5846
5522
4938
5029
4659
3676
3409
2971
2533
2037
1283
706
481
0
-646
-1053
-1512
-1771
-2080
-2456
-2684
-2887
-3019
-2988
-3111
-3107
-3060
-3165
-2883
-2777
-2811
-2623
-2487
-2381
-2145
-2098
-2034
-1685
-1600
-1563
-1428
-1424
-1414
-1257
-1284
-1384
-1326
-1420
-1354
-1366
-1699
-1776
-1717
-1753
-1916
-2170
-2215
-2178
-2300
-2593
-2810
-2711
-2711
-2878
-2945
-3053
-2879
-2771
-3028
-2882
-2753
-2771
-2607
-2482
-2352
-1852
-1624
-1547
-951
-740
-411
39
464
786
1449
1812
1770
2837
2908
3359
4091
3994
4758
5281
5109
5319
6070
5863
6225
6351
5762
6413
6262
5685
5735
5716
5389
5250
4627
3960
3993
3348
2789
2414
1860
1436
950
236
-235
-419
-889
-1228
-1533
-1876
-2089
-2260
-2534
-2672
-2634
-2582
-2677
-2772
-2642
-2627
-2457
-2413
-2415
-2214
-2113
-2115
-2131
-1962
-1786
-1753
-1795
-1727
-1762
-1835
-1849
-1878
-1747
-1718
-1864
-2003
-1987
-2012
-2141
-2219
-2319
-2206
-2221
-2507
-2573
-2586
-2496
-2541
-2657
-2616
-2645
-2612
-2634
-2751
-2617
-2458
-2565
-2193
-2194
-2339
-1844
-1787
-1459
-1043
-1131
-901
-210
34
44
808
1092
1432
2400
2025
2416
3398
3268
4014
4476
4255
4967
5609
5266
5644
5950
5873
6684
6311
5819
6140
6078
5864
5731
5294
4878
5145
4348
3529
3453
2901
2591
2125
1355
824
433
-130
-627
-923
-1313
-1673
-1871
-2149
-2424
-2649
-2924
-2813
-2718
-2847
-2870
-2832
-2722
-2627
-2573
-2537
-2333
-2156
-2229
-2330
-2295
-2228
-2114
-2002
-2073
-2087
-2067
-2127
-2183
-2157
-2182
-2251
-2170
-2202
-2451
-2631
-2657
-2586
-2538
-2677
-2729
-2708
-2869
-2906
-2913
-2929
-2658
-2632
-2902
-2801
-2781
-2815
-2595
-2377
-2103
-2030
-1922
-1803
-1538
-1261
-1177
-709
-282
-32
-78
244
833
1195
1840
1731
2227
3223
2870
3211
3647
4021
5014
5046
4794
5436
5959
5661
6153
6179
6224
7116
6497
6012
6248
6090
5965
5956
5364
5024
5036
4132
3635
3231
2536
2516
2047
1038
512
63
-463
-808
-1227
-1617
-1700
-1991
-2549
-2742
-2816
-2755
-2794
-2897
-2824
-2915
-2989
-3179
-3063
-2676
-2678
-2708
-2659
-2669
-2666
-2752
-2819
-2590
-2403
-2593
-2895
-2913
-2873
-2954
-3069
-3091
-2790
-2798
-3121
-3202
-3197
-3106
-2980
-2925
-2793
-2795
-2921
-2979
-2925
-2668
-2665
-2523
-2216
-2261
-2213
-2390
-2216
-1572
-1503
-1397
-1236
-1125
-821
-760
-638
-55
358
527
913
957
1098
1706
2037
2283
2928
3064
3187
4001
3751
3924
4541
4686
5433
5349
4885
5429
5861
5495
5739
5713
5585
6209
5640
4949
5083
5070
4817
4624
3998
3527
3484
2694
2170
1902
1416
1279
879
46
-420
-651
-1057
-1296
-1635
-1958
-2053
-2298
-2629
-2807
-2774
-2699
-2650
-2695
-2717
-2821
-2948
-2832
-2672
-2506
-2515
-2613
-2544
-2499
-2613
-2760
-2593
-2308
-2393
-2651
-2808
-2803
-2727
-2854
-2916
-2743
-2668
-2827
-2955
-2985
-2916
-2735
-2791
-2681
-2475
-2635
-2676
-2571
-2450
-2347
-2212
-2050
-1879
-1822
-1989
-1840
-1546
-1224
-1099
-1100
-770
-530
-360
-171
167
597
959
1165
1246
1579
1911
2141
2483
2872
3100
3295
3510
3428
3970
4252
4044
4675
4658
4626
4965
4665
4576
5025
4908
4651
4881
4400
4503
4632
3868
3807
3920
3614
3248
2854
2202
2300
2215
1282
1115
977
596
320
-218
-648
-522
-699
-1204
-1297
-1526
-1749
-1911
-2145
-2139
-2065
-2326
-2484
-2353
-2438
-2518
-2589
-2560
-2415
-2443
-2676
-2760
-2658
-2692
-2787
-2887
-2841
-2788
-2888
-3029
-3012
-2965
-2948
-2915
-2893
-2775
-2813
-2836
-2757
-2656
-2525
-2481
-2389
-2180
-2072
-2071
-1883
-1702
-1499
-1267
-1239
-1104
-807
-751
-581
-233
-122
116
335
435
693
861
950
1315
1595
1623
1805
1958
2042
2366
2414
2410
2710
2657
2675
2742
2800
2860
2851
2817
2930
3140
2763
2733
2789
2851
2974
2590
2470
2622
2693
2400
2198
2056
2172
2275
1806
1622
1513
1513
1459
1156
884
834
862
574
218
-83
-30
32
-218
-616
-816
-736
-836
-1092
-1372
-1382
-1326
-1457
-1686
-1816
-1782
-1868
-2018
-2049
-2052
-2201
-2344
-2396
-2292
-2303
-2542
-2587
-2458
-2395
-2556
-2671
-2563
-2351
-2342
-2475
-2397
-2237
-2114
-2123
-2042
-1855
-1694
-1601
-1529
-1283
-1198
-1101
-847
-718
-571
-404
-289
-84
143
192
406
640
692
800
897
1051
1167
1213
1241
1502
1682
1494
1488
1679
1847
1762
1723
1672
1864
1998
1593
1584
1662
1705
1666
1529
1406
1442
1552
1316
1359
1328
1305
1332
1254
1129
1089
1255
1154
1233
1132
1108
1207
1094
1020
972
1164
1061
943
876
827
875
694
501
460
573
404
161
-2
-82
-117
-291
-472
-658
-644
-827
-1011
-1073
-1300
-1331
-1385
-1578
-1695
-1805
-1921
-1865
-1915
-2065
-2062
-2064
-2058
-2109
-2176
-2134
-1992
-1893
-1896
-1841
-1717
-1655
-1585
-1453
-1326
-1169
-1046
-945
-810
-647
-562
-413
-206
-110
56
138
185
340
450
537
628
651
681
813
816
803
871
921
1040
1028
934
914
920
954
985
965
916
930
930
871
797
732
747
807
804
674
610
655
716
701
629
613
669
726
640
600
686
735
756
830
774
766
815
707
857
884
730
724
779
756
632
506
389
622
608
308
181
113
135
26
-148
-321
-240
-281
-549
-647
-773
-768
-776
-888
-1022
-1053
-1091
-1208
-1214
-1283
-1304
-1267
-1292
-1347
-1325
-1305
-1328
-1269
-1214
-1151
-1103
-1114
-1080
-917
-821
-786
-680
-551
-411
-364
-360
-246
-48
46
63
106
193
275
276
318
417
490
521
531
531
579
580
529
610
629
589
551
513
533
527
480
449
487
438
355
319
303
322
280
253
254
248
229
207
233
237
212
195
207
208
162
145
173
206
205
181
175
177
145
70
96
95
71
72
30
62
31
3
-44
-6
-14
-103
-22
-87
-109
-121
-145
-101
-94
-146
-210
-87
-133
-146
-120
-159
-78
-97
-147
-175
-72
-79
-101
-39
-127
-64
4
-67
-41
-2
-26
70
78
-23
52
126
102
114
88
64
175
136
65
125
134
134
115
75
68
94
58
31
48
-3
-59
-92
-85
-107
-152
-158
-164
-158
-202
-278
-257
-213
-255
-263
-244
-227
-197
-221
-234
-158
-115
-141
-116
-76
-58
-35
-22
-2
46
71
62
76
82
104
120
119
116
73
71
65
16
0
-22
-45
-36
-112
-204
-178
-214
-276
-278
-313
-329
-316
-389
-431
-377
-390
-390
-361
-402
-371
-314
-339
-301
-254
-198
-98
-74
-68
-10
63
136
188
223
324
405
441
456
477
584
658
664
664
720
758
759
746
721
794
792
709
659
631
626
586
508
452
458
400
306
217
181
191
114
45
-10
-42
-68
-153
-203
-178
-174
-212
-232
-266
-282
-281
-296
-282
-249
-269
-284
-250
-262
-266
-226
-197
-159
-143
-192
-187
-122
-140
-163
-143
-128
-120
-133
-177
-177
-142
-190
-217
-213
-244
-274
-321
-360
-358
-368
-425
-444
-446
-490
-519
-531
-529
-540
-559
-586
-592
-561
-598
-571
-510
-497
-477
-481
-445
-401
-365
-320
-258
-178
-132
-98
-63
0
61
129
208
257
315
353
401
467
510
560
621
665
685
700
722
746
774
778
789
810
798
783
767
768
771
737
706
673
649
603
555
535
511
488
436
387
350
320
280
235
218
190
161
111
66
66
39
1
-23
-41
-50
-84
-136
-176
-174
-183
-222
-255
-280
-293
-316
-354
-371
-369
-387
-406
-422
-450
-456
-459
-471
-465
-476
-502
-498
-502
-518
-512
-511
-519
-513
-534
-532
-492
-509
-518
-495
-479
-451
-454
-474
-434
-390
-390
-375
-349
-292
-242
-244
-223
-172
-115
-80
-71
-43
15
41
64
107
125
174
208
204
240
263
261
300
322
303
315
315
313
340
333
335
364
360
348
355
351
353
380
367
362
383
375
370
386
385
392
409
393
388
403
405
397
402
409
415
425
392
370
391
396
379
359
350
343
325
269
243
248
222
179
134
99
59
20
-34
-77
-106
-152
-195
-230
-274
-329
-368
-409
-454
-494
-533
-562
-583
-602
-631
-641
-644
-668
-679
-669
-665
-650
-639
-635
-603
-573
-554
-510
-467
-441
-400
-367
-326
-270
-226
-180
-129
-77
-41
1
39
61
93
130
154
164
186
203
223
240
223
231
266
276
262
252
255
268
263
231
225
234
231
217
206
212
205
196
195
198
201
182
177
200
216
195
187
205
210
210
186
177
204
207
179
173
189
188
194
169
149
168
148
127
133
122
106
105
78
58
56
23
23
24
-15
-35
-41
-59
-71
-106
-145
-140
-152
-179
-198
-219
-229
-229
-239
-252
-254
-266
-264
-256
-262
-260
-259
-245
-229
-232
-228
-205
-193
-178
-155
-155
-140
-120
-119
-86
-62
-70
-42
-18
-18
9
20
5
59
77
65
104
72
71
104
84
89
113
98
109
124
82
107
117
101
122
126
122
129
141
134
149
145
144
139
130
132
125
142
124
118
116
93
90
95
90
87
96
65
72
57
21
41
25
17
27
2
-11
2
-29
-35
-27
-59
-58
-55
-82
-90
-93
-112
-102
-113
-140
-137
-146
-149
-150
-161
-167
-161
-169
-173
-161
-175
-166
-151
-154
-145
-136
-134
-123
-103
-100
-92
-76
-71
-57
-47
-36
-17
-7
1
14
27
36
45
53
65
81
86
89
91
99
109
104
99
98
99
96
91
84
91
97
86
80
78
76
78
69
61
69
68
59
59
55
59
69
67
71
80
84
85
84
84
91
94
94
97
94
97
99
94
96
97
96
95
89
89
88
83
75
71
63
56
45
26
18
7
-9
-22
-41
-51
-63
-78
-92
-102
-119
-134
-146
-164
-175
-191
-204
-208
-217
-226
-228
-232
-234
-228
-236
-242
-234
-234
-227
-213
-214
-205
-178
-169
-160
-149
-138
-118
-100
-95
-76
-50
-35
-14
2
17
38
47
60
76
86
86
98
111
117
123
127
137
145
146
145
149
155
152
149
148
151
158
160
156
158
159
156
161
164
162
166
162
156
160
155
147
154
150
141
138
129
127
129
112
103
102
87
77
65
51
50
37
14
6
-1
-13
-22
-34
-46
-52
-67
-80
-88
-99
-109
-120
-133
-138
-143
-152
-161
-166
-170
-177
-179
-176
-175
-174
-174
-179
-177
-171
