15
15
18
19
20
18
8
6
19
39
56
66
72
100
166
214
202
160
113
64
9
-39
-114
-226
-313
-337
-276
-154
-48
-6
50
208
392
485
462
380
293
219
120
23
-16
-63
-141
-170
-94
-2
23
-6
-102
-132
-103
-159
-194
-97
13
-40
-128
-129
-138
-149
-232
-444
-595
-577
-512
-459
-318
-136
10
173
378
501
467
259
-122
-445
-672
-889
-1022
-1094
-1047
-856
-554
-203
109
376
440
415
505
474
296
61
-223
-425
-532
-608
-714
-815
-974
-1131
-878
-454
-282
-111
100
112
264
762
946
626
266
-56
-234
35
305
8
-238
-33
218
727
1552
1958
1800
1768
2393
3633
4745
4567
3077
1793
1277
746
69
-811
-2178
-3589
-4254
-3784
-2606
-1585
-1422
-1456
-190
2172
3977
4289
3573
2735
2196
1619
883
403
-221
-1268
-1936
-1436
-276
265
-64
-858
-1197
-669
-278
-347
-311
-3
70
-21
308
562
210
-576
-1459
-1976
-1983
-1949
-2308
-2603
-2277
-1458
-481
552
1456
1843
1731
1305
693
-174
-1519
-3027
-4174
-4486
-4055
-3462
-2722
-1644
-274
953
1834
2549
2721
2164
1376
799
309
-391
-1131
-1764
-2242
-2385
-2150
-1799
-1491
-1018
-472
79
679
1263
1627
1690
1877
1809
1110
474
197
-22
-450
-667
-614
-643
-70
1050
1932
2579
3136
3465
3698
5034
7071
7319
5401
3183
2054
1462
535
-755
-2610
-4595
-5921
-6002
-4854
-3439
-2888
-3206
-2203
1085
4489
5665
4942
4219
3655
2964
2063
903
-242
-1690
-2796
-2683
-1264
215
122
-728
-1122
-584
283
174
-549
-977
-998
-1164
-1039
3
752
307
-513
-716
-688
-884
-1397
-2350
-3047
-2874
-1868
-644
447
1219
1068
445
172
-93
-1122
-2838
-4361
-4941
-4555
-3692
-2935
-2198
-923
394
1255
2164
3186
3377
2234
870
347
269
-207
-917
-1502
-1969
-2161
-2276
-2302
-2385
-2350
-1701
-797
455
1402
1476
1601
1858
1857
1714
1747
1585
638
-251
-217
-210
-420
-104
219
822
1937
3261
4368
4867
6861
9523
9833
7771
4849
3248
1908
-37
-1567
-3675
-6045
-7865
-8264
-6526
-4199
-3079
-3005
-1381
2733
6240
6721
5909
5337
4568
3486
1887
514
-784
-2335
-3260
-3345
-1755
-132
-552
-1610
-1666
-295
300
-879
-2010
-2049
-691
521
667
1149
2060
1885
727
267
99
-1338
-3399
-4499
-4595
-3677
-2205
-1760
-1312
231
1574
1910
1828
1449
-460
-2756
-3744
-4249
-4735
-5262
-5491
-4588
-2512
-247
1269
2464
3535
3832
3362
2526
1674
846
-465
-1922
-2582
-2792
-2968
-3112
-3433
-3415
-2588
-1098
-208
3
928
1399
1184
1332
1403
1324
849
285
-410
-1015
-421
-177
-618
-139
961
2561
4524
6026
6523
7768
11274
13008
10497
6934
4541
2098
-656
-2304
-4037
-6768
-9240
-9819
-7783
-4395
-2256
-2668
-2017
1904
6092
7662
7028
6234
5166
3876
2430
809
-406
-2047
-3926
-4637
-2680
212
488
-1108
-1851
-565
639
26
-970
-1032
-349
-58
780
2854
4144
3152
825
-292
-366
-760
-1999
-3872
-4884
-4820
-3797
-2184
-747
-377
-938
-699
167
707
110
-1911
-4539
-5874
-4989
-4235
-4108
-3388
-2242
-1190
27
1816
3024
3088
2006
536
234
451
-378
-1892
-2638
-2714
-2786
-2567
-2346
-2538
-2625
-2477
-1668
-216
380
589
1203
1338
894
864
1374
981
-26
-387
-707
-702
-123
-214
-214
1071
2939
4867
6480
7468
9602
13514
15129
11901
7658
5669
3061
-710
-2806
-4835
-7968
-10827
-11423
-8673
-4810
-2728
-3001
-1484
3673
7987
8820
7634
6517
5645
4242
2095
381
-293
-1542
-3674
-4713
-2818
-450
-1241
-3856
-4559
-2214
-876
-1154
1030
4401
5322
3739
3287
4264
4177
3312
758
-2612
-4661
-6212
-7641
-7490
-6116
-5895
-5099
-1291
2976
4847
5448
4737
1916
161
-1130
-4625
-8412
-9971
-9875
-9899
-8118
-4250
-1421
2
1339
3643
5973
6174
4288
2327
1124
-412
-2224
-3498
-4233
-4992
-5542
-4794
-3248
-1934
-1293
-313
1606
2640
2691
3081
3149
1173
-1262
-2008
-2254
-2785
-3105
-2489
-1592
-338
1275
2225
3528
5120
6488
7501
8304
9906
12951
15280
13104
8505
5837
4298
972
-2512
-4241
-6637
-9784
-11206
-9162
-5278
-3198
-3290
-2107
2965
8251
9706
8506
7100
6421
5585
3482
746
-911
-1942
-3842
-5087
-3479
-830
-1034
-3825
-4951
-2886
-991
-1741
-2060
486
2625
2614
2638
4209
6066
5588
2857
-24
-1952
-4066
-6962
-8321
-7797
-7612
-7255
-4879
-1213
2180
3805
3296
2256
1606
697
-1898
-5064
-6819
-7920
-8328
-7503
-5586
-3112
-1541
-299
2094
4706
5796
4816
3196
2199
902
-783
-2160
-3287
-4198
-5233
-5270
-3819
-2831
-2423
-1993
-1039
535
1570
2625
3155
2027
215
-1087
-1002
-1002
-2013
-2782
-2861
-1812
142
1572
2341
3362
4153
4942
6448
7994
8508
8939
11666
13516
11790
8845
5784
2930
427
-877
-2436
-5815
-8789
-9997
-8898
-6150
-3787
-3100
-2129
1574
6365
9069
8859
8120
7431
6237
4247
1623
170
-1106
-3266
-5039
-4152
-1476
-1628
-3927
-4196
-2207
-783
-786
-902
-13
1485
1978
2013
3364
5332
4397
1392
110
-1098
-3743
-6136
-7474
-8042
-7205
-5235
-3616
-1359
1535
2432
1714
2121
2100
-452
-3182
-4800
-5901
-6497
-6722
-6672
-5551
-3383
-1854
-770
1236
3292
3582
2437
1621
1423
830
-806
-2422
-2838
-3027
-3341
-3152
-2893
-2586
-2235
-1926
-1200
-123
785
873
745
1013
822
473
192
-904
-1858
-1454
-524
-90
91
692
1528
2588
4404
6312
7461
7834
7717
9077
12005
12476
9362
5421
3040
1626
136
-1086
-3796
-7304
-9011
-8688
-6548
-3953
-2588
-2384
-607
3861
8106
9551
8681
7539
6725
5542
3150
789
-935
-3312
-5406
-5379
-2742
-703
-1742
-2736
-1102
1455
1902
662
-79
87
1159
2322
2919
3440
3137
1074
-615
-590
-1574
-4305
-6529
-7189
-6274
-4123
-2416
-2267
-1636
-28
477
469
679
-800
-4096
-6414
-6639
-6087
-5856
-5960
-5406
-3695
-1468
336
1526
2400
2320
1330
357
-249
-578
-1559
-2974
-3234
-2548
-1705
-863
-697
-1013
-1035
-482
72
-65
-128
-495
-1292
-892
104
575
345
-457
-788
-142
988
1738
1659
1863
2894
3803
4890
6191
7286
7627
7401
9517
12176
11282
7753
4175
2166
782
-264
-1705
-5005
-7757
-8397
-7371
-5155
-3371
-3100
-2641
179
4653
7985
8444
7374
6482
6102
4681
1864
82
-1345
-3623
-5366
-4779
-2036
-767
-1689
-1918
-86
1929
1232
-666
-712
450
699
599
1465
1998
1080
99
17
-583
-1678
-2957
-4726
-5016
-3471
-2583
-2993
-2413
-873
-450
-553
-552
-1391
-2953
-4545
-6151
-6432
-5179
-4844
-5146
-3588
-703
801
1045
1805
2538
2094
896
22
-501
-1193
-2010
-2423
-2262
-1666
-624
-218
-503
-250
163
-313
-1090
-1126
-1586
-1837
-629
75
-567
-784
244
635
773
1296
544
-261
353
1654
2384
3037
3989
4720
6368
8332
10127
12170
12582
10035
6373
4146
2096
-617
-2495
-4476
-7309
-8956
-7753
-5405
-4014
-3595
-2968
-624
3080
6513
7722
6880
6040
5815
5362
3252
829
-647
-2325
-4006
-4173
-2172
-723
-1573
-2370
-872
1157
792
-488
-822
-618
-610
-143
1249
1886
1657
1150
903
1372
1434
13
-2405
-3981
-4197
-4158
-4374
-4276
-3732
-2925
-2186
-1818
-997
-490
-1833
-3890
-4161
-2726
-2443
-3360
-3293
-2129
-936
-144
606
1314
1432
848
270
129
-215
-1067
-1720
-1987
-2132
-1548
-754
-827
-1561
-2080
-1698
-1179
-1084
-1624
-1886
-1002
-130
640
1213
1208
1001
1247
1608
985
277
-48
-654
-860
277
2239
3984
5460
6864
9127
12662
14435
12445
8837
5918
3349
476
-1684
-3881
-6921
-9277
-9371
-7062
-4300
-2768
-2477
-1298
2176
5974
7320
6072
4853
4675
4369
2695
765
2
-1202
-3385
-4426
-2566
-255
-889
-2581
-2038
321
1160
-374
-1198
-119
522
-113
281
2052
2529
1228
356
479
400
-440
-2099
-3698
-3702
-2781
-2782
-2969
-1940
-847
-1095
-1640
-1079
-581
-1714
-3717
-4630
-3786
-3020
-3454
-3583
-2343
-835
-254
305
1405
1731
937
346
405
91
-771
-1469
-1849
-2081
-1890
-1530
-1497
-1643
-2181
-2459
-1861
-934
-670
-1307
-1044
-92
631
1256
933
526
510
516
204
-599
-464
-272
-583
77
1836
3993
5639
6757
7638
9449
12495
13643
11100
7535
5212
2754
129
-1548
-3611
-6804
-9089
-8652
-6629
-4410
-3132
-2858
-1184
2663
6546
7788
6775
5883
5497
4818
2921
725
-416
-1965
-4217
-4653
-2319
-156
-1269
-2960
-1554
340
-291
-1689
-1537
-868
-917
-401
538
979
1795
2159
852
-18
336
-506
-2755
-3909
-3595
-3674
-3813
-2975
-1762
-683
-519
-1151
-993
-532
-1872
-3974
-4225
-3418
-3562
-3863
-2940
-1741
-1022
-280
540
1084
1201
1068
583
-50
-424
-701
-1210
-1550
-1139
-631
-847
-1499
-1790
-1975
-1782
-939
-657
-755
-666
76
1225
1912
2064
1094
186
416
357
-472
-1006
-931
-718
-28
1583
3687
5235
6485
7513
8297
10639
12717
11479
7973
4803
3090
1329
-482
-2130
-4880
-7464
-8235
-7127
-5306
-3980
-3526
-2993
-367
3824
6907
6984
5617
5288
5370
4437
2375
685
-588
-2622
-4121
-3025
-544
-33
-1341
-1760
-582
41
-844
-1919
-2804
-2943
-2454
-1981
-1077
211
1191
1155
877
1284
1048
-797
-2979
-4028
-3871
-3690
-3971
-3584
-2577
-2073
-1997
-1542
-961
-1741
-3259
-3607
-2992
-2617
-2924
-2903
-1902
-710
98
638
1088
1214
979
570
458
502
-11
-810
-1421
-1173
-413
-114
-594
-1502
-1178
-506
-812
-662
-221
-399
-416
848
2119
1834
1550
1549
881
676
692
-475
-1549
-1090
-128
911
2581
4209
5178
6529
8117
8931
10549
12022
10324
6958
4744
3256
899
-973
-2198
-4894
-7514
-7821
-6717
-5679
-4662
-3780
-2916
-381
3767
6485
6431
5838
5957
5889
4530
2147
313
-1054
-2818
-3942
-2936
-1079
-1185
-2783
-2864
-1317
-661
-1464
-2644
-3170
-3017
-2619
-1315
434
1887
2815
2421
1720
1732
1510
-376
-3560
-5266
-5337
-5632
-5347
-3978
-2826
-2255
-1549
-184
843
389
-1039
-2394
-2769
-2845
-3718
-4155
-3580
-2929
-1944
-335
1161
1616
1208
1040
1024
833
356
-725
-1681
-1703
-1039
-576
-615
-745
-957
-1397
-1461
-1048
-1234
-1776
-1547
-293
1236
2311
2882
2600
2005
1576
708
-187
-640
-1093
-1436
-662
1566
3612
4629
5941
7607
8836
9969
11093
10971
8695
5590
3359
1798
515
-568
-2473
-4771
-5992
-5781
-4943
-4621
-4387
-3709
-2366
141
3207
5302
5559
5300
6026
6409
4585
2287
1215
83
-1549
-2331
-1384
-914
-2461
-3403
-2340
-1148
-1666
-2982
-3603
-3984
-3381
-1136
718
1573
2607
3161
2534
2134
2202
583
-2697
-4840
-5461
-5975
-6191
-5960
-5219
-4076
-3104
-1796
-216
410
-639
-1878
-1961
-2336
-3351
-3904
-3781
-3281
-2375
-797
682
1303
1233
1069
1077
995
628
-155
-1022
-1434
-1141
-639
-483
-521
-973
-1756
-2062
-1727
-1486
-1775
-1778
-672
1045
2418
3188
3154
2484
1746
1032
789
501
-194
-431
64
1605
3077
3968
4937
5683
6810
7770
7861
8310
8857
7915
5629
3927
3587
2875
1202
-380
-2398
-4534
-5827
-6551
-6643
-6440
-5871
-4625
-2453
1187
4468
5696
5792
6219
6743
5319
2669
1318
697
-953
-2696
-2502
-1391
-1582
-2304
-1715
-988
-1680
-3062
-4103
-4526
-3959
-1815
87
653
1977
3616
3476
2476
2240
1273
-1687
-4104
-4760
-5406
-6052
-5588
-4502
-3604
-2721
-1335
342
899
-6
-840
-1139
-1908
-3330
-3899
-3530
-3500
-3003
-1780
-811
-254
115
327
113
5
229
109
-203
-127
277
340
-20
-427
-1023
-1741
-2237
-2332
-2386
-2477
-2135
-1070
693
2043
2494
2501
2305
1812
1221
905
-34
-1154
-875
725
2282
3185
4200
5137
5652
6027
6253
6258
5854
5996
7175
7818
7315
6487
5988
4961
3183
1800
-370
-4068
-7188
-8228
-8319
-8571
-8029
-6186
-3562
112
4339
6866
7350
7352
7110
5537
3242
2133
1035
-1600
-3704
-2935
-952
-787
-1776
-2231
-2692
-3604
-4147
-4267
-4540
-4546
-3596
-1805
336
2421
3246
2908
2794
2605
1384
-1079
-3486
-4928
-5824
-6287
-6078
-4734
-3221
-2518
-1431
646
1897
1148
-127
-915
-1640
-2438
-2747
-2703
-2787
-2452
-1666
-600
386
635
332
24
260
652
683
507
380
437
400
190
-73
-644
-2048
-3404
-3511
-2917
-2520
-2284
-1497
-169
1687
3601
4168
3565
2749
1910
958
216
-308
-606
12
1564
3341
4849
5807
5409
4400
4187
3863
2883
2067
1698
2126
4163
6738
7451
6437
5944
5646
3990
1820
-917
-4877
-8533
-9909
-9150
-8002
-6879
-5208
-2604
896
4236
5970
5788
4918
4128
3268
2155
1070
282
-512
-750
-183
541
513
-761
-2469
-3284
-2864
-3372
-4808
-4882
-3935
-3052
-1597
891
2339
2390
2543
2155
935
53
-1197
-3756
-5195
-4509
-3671
-3311
-2344
-845
-109
312
767
604
-28
-928
-1794
-2241
-2288
-2154
-2092
-2041
-1734
-1088
-409
32
184
80
3
273
956
1458
1576
1769
1932
1736
1046
203
-511
-1293
-2160
-2587
-2214
-1610
-1260
-762
232
1221
1808
2115
2084
1511
782
652
1031
1278
1265
1344
1672
2351
3199
3653
3217
2201
1576
1198
795
728
743
512
541
1498
2772
3466
3835
4030
3647
2933
2287
1437
78
-1532
-2708
-3206
-3314
-3246
-3118
-2806
-2228
-1529
-809
-141
453
713
597
635
1025
1176
595
-204
-551
-637
-912
-1387
-1764
-1869
-1830
-1580
-1099
-754
-636
-493
-257
-88
-92
-259
-721
-1445
-1885
-1982
-2129
-2231
-2072
-1772
-1526
-1052
-321
230
550
775
849
713
429
69
-351
-820
-1180
-1462
-1719
-1767
-1552
-1130
-592
40
570
941
1372
1821
2010
1981
1884
1428
861
586
223
-267
-655
-960
-1322
-1510
-1129
-776
-590
-116
388
822
1270
1578
1663
1748
1812
2001
2126
1899
1788
1594
1446
1357
1255
1180
372
-228
-105
-175
-75
177
117
133
648
1496
1854
1714
1769
1623
1301
1284
984
281
-402
-856
-946
-1129
-1263
-1137
-1338
-1484
-1241
-937
-768
-817
-622
-352
-164
329
529
191
-159
-349
-445
-657
-943
-1139
-1309
-1346
-1120
-752
-436
-355
-343
-220
-238
-442
-690
-1065
-1459
-1648
-1612
-1331
-930
-567
-295
-146
109
408
464
352
171
88
135
182
180
-13
-304
-498
-574
-610
-600
-640
-753
-647
-354
78
492
844
1332
1585
1683
1701
1452
1051
518
105
-208
-442
-378
-330
-443
-263
151
359
445
515
528
465
481
670
593
385
409
481
811
1264
1394
1179
716
492
484
228
-95
-259
-341
-373
-215
142
281
105
38
85
221
453
396
151
105
162
125
-4
-77
-68
-215
-417
-409
-332
-335
-422
-358
-65
22
34
90
-80
-234
-390
-592
-703
-730
-599
-535
-492
-219
-1
9
-43
-30
96
120
-48
-231
-505
-766
-836
-835
-755
-761
-810
-691
-486
-267
-220
-273
-233
-151
50
260
275
265
301
279
220
114
-29
-252
-499
-580
-538
-472
-407
-292
-21
320
576
749
793
636
436
255
139
164
142
4
-82
38
202
191
173
170
81
71
253
450
513
549
522
523
716
807
577
239
40
-98
-325
-514
-691
-855
-759
-440
-38
351
589
724
834
861
786
550
230
-26
-170
-128
-61
18
197
267
302
410
408
293
147
3
-86
-89
42
138
76
101
185
165
92
-79
-306
-528
-694
-684
-561
-416
-275
-152
49
309
427
425
383
284
189
32
-138
-221
-270
-306
-415
-471
-466
-551
-627
-713
-819
-945
-1020
-923
-702
-428
-205
-5
248
409
389
270
97
-104
-282
-429
-510
-520
-404
-232
-141
-26
51
22
-45
-116
-151
-227
-274
-233
-142
71
285
386
506
616
586
503
431
358
301
330
383
322
352
448
435
416
335
172
27
-16
-35
-98
-127
-121
-39
119
296
430
520
490
398
405
364
257
125
-7
-72
-44
104
180
164
147
33
-53
3
57
63
55
100
209
296
392
448
389
256
79
-69
-196
-339
-467
-528
-500
-392
-307
-283
-213
-118
-19
28
-38
-88
-108
-110
-91
-32
55
27
-47
-73
-97
-169
-291
-454
-602
-645
-640
-568
-453
-339
-153
-1
108
205
224
175
28
-80
-75
-90
-97
-93
-74
10
66
52
21
-54
-138
-200
-236
-229
-222
-148
-40
63
208
299
266
223
203
149
100
44
2
-11
27
109
130
187
231
176
110
55
32
-18
-109
-173
-172
-101
-33
28
131
213
204
177
151
110
70
33
25
22
56
132
156
157
162
131
40
-70
-113
-128
-192
-189
-127
-66
29
115
211
240
189
113
7
-33
-48
-29
24
46
66
154
252
266
269
251
212
188
171
147
92
86
107
74
38
49
69
57
8
-47
-102
-168
-179
-158
-155
-143
-101
-5
54
81
103
87
64
77
104
94
91
94
72
44
5
-13
-45
-106
-170
-233
-296
-358
-336
-280
-256
-212
-138
-48
11
38
32
-1
-26
-72
-110
-121
-130
-150
-168
-174
-215
-278
-323
-358
-363
-357
-368
-374
-330
-231
-136
-64
0
55
111
134
108
90
61
35
-2
-42
-60
-57
-40
-46
-33
-9
25
35
15
43
64
76
85
114
193
236
246
249
246
239
189
110
69
57
28
19
48
82
88
102
125
117
107
86
52
43
65
53
31
40
69
97
108
124
126
120
105
84
100
94
67
51
78
124
131
138
117
76
35
7
9
0
-13
-22
-23
3
22
31
18
-12
-47
-92
-117
-118
-120
-120
-87
-28
15
58
92
124
150
124
85
49
22
17
6
-12
-31
-25
-8
-21
-38
-43
-63
-113
-165
-190
-187
-173
-151
-95
-40
-4
36
77
94
86
89
78
9
-49
-71
-103
-133
-145
-146
-148
-146
-131
-108
-88
-90
-111
-123
-97
-61
-19
10
10
19
30
30
16
-21
-35
-46
-68
-65
-70
-79
-81
-58
-29
-42
-33
-9
-13
-26
-46
-50
-75
-100
-100
-90
-82
-82
-71
-46
-5
32
66
85
96
111
119
158
182
154
125
141
179
177
162
159
146
143
143
108
92
104
91
77
91
131
132
111
122
125
130
116
80
65
61
50
35
31
34
41
54
62
60
49
35
14
-2
-1
-6
-9
-25
-41
-45
-56
-60
-94
-128
-132
-149
-150
-154
-149
-134
-131
-101
-90
-86
-80
-99
-113
-118
-144
-185
-209
-213
-200
-180
-157
-145
-130
-97
-96
-112
-101
-94
-92
-78
-59
-28
-13
-7
11
3
-19
-44
-71
-83
-112
-114
-95
-91
-61
-14
20
41
66
89
89
79
73
80
78
75
91
112
126
122
131
142
135
137
128
116
97
86
96
102
117
128
150
168
157
154
163
156
126
99
87
81
85
106
123
129
135
124
96
76
66
45
14
-8
-15
-11
0
18
17
14
12
-2
-11
-18
-26
-43
-50
-32
-31
-31
-24
-25
-28
-34
-54
-85
-109
-117
-107
-101
-102
-100
-87
-65
-51
-30
-20
-34
-42
-38
-47
-58
-62
-66
-66
-52
-27
-21
-31
-48
-66
-68
-74
-83
-80
-66
-46
-24
7
25
24
12
-2
-18
-27
-38
-64
-83
-85
-71
-61
-54
-44
-39
-31
-23
-19
-17
-25
-24
-6
10
7
4
15
24
21
22
23
5
-3
4
5
13
30
37
36
52
76
70
49
44
38
20
7
4
14
32
48
65
75
79
86
80
66
51
27
12
7
3
4
11
17
18
8
5
13
19
31
36
31
28
32
42
47
39
26
10
-8
-17
-28
-52
-67
-74
-74
-73
-67
-54
-51
-43
-32
-34
-36
-35
-46
-58
-63
-60
-52
-41
-37
-36
-27
-21
-24
-27
-25
-28
-31
-23
-15
-1
9
7
15
26
26
18
10
2
-4
0
6
11
20
32
36
41
56
58
54
55
55
56
49
46
53
53
46
49
56
58
59
57
56
58
67
69
66
73
82
85
78
67
60
47
33
17
9
2
-1
4
16
30
38
43
36
33
27
12
-7
-23
-29
-30
-35
-46
-49
-45
-54
-67
-71
-79
-87
-88
-81
-75
-72
-62
-51
-52
-55
-60
-72
-90
-102
-99
-105
-118
-117
-109
-99
-85
-66
-53
-45
-40
-35
-37
-40
-40
-35
-31
-37
-33
-20
-19
-20
-21
-18
-19
-19
-14
-12
-4
9
22
32
43
53
60
55
46
42
39
36
35
47
62
67
74
78
78
77
69
65
59
51
47
41
42
50
54
56
57
57
59
55
48
47
43
42
41
43
50
55
54
49
