-13
-18
-20
-22
-24
-26
-27
-24
-18
-10
-7
-7
-9
-6
-1
2
1
-4
-14
-22
-26
-28
-28
-29
-30
-28
-22
-15
-10
-8
-8
-8
-4
-3
-4
-7
-13
-19
-20
-22
-19
-15
-17
-16
-9
-1
3
7
7
8
14
19
20
20
14
10
5
7
15
17
13
12
15
27
45
58
71
97
142
177
185
169
133
79
19
-23
-55
-101
-149
-191
-184
-110
-48
-44
-34
32
136
229
298
332
306
239
171
126
102
55
-42
-142
-101
44
110
99
29
-110
-222
-320
-429
-499
-559
-646
-676
-562
-380
-254
-232
-212
-96
2
79
121
-26
-180
-281
-479
-593
-600
-689
-781
-695
-494
-300
-130
-79
-136
-113
-1
76
114
108
40
-62
-169
-189
5
221
184
115
185
281
517
781
761
668
675
660
567
560
609
424
272
489
924
1256
1562
1842
2007
2799
4063
4225
3075
1694
648
-216
-982
-1536
-2202
-2968
-3457
-3489
-2520
-859
-128
-626
-682
763
2298
2511
2080
1530
779
123
-213
-421
-755
-1486
-2572
-3025
-1994
-876
-763
-1256
-1198
1553
4208
4530
4264
2081
-1193
-2275
-2389
-3067
-3329
-4144
-6088
-6230
-3607
-1140
-325
-799
-460
1453
3384
5578
6071
3485
1296
19
-1849
-2907
-3566
-5295
-6866
-6045
-3096
-296
1371
2239
2494
2702
3688
4557
3837
2000
214
-1496
-2112
-1477
-1021
-1446
-2463
-2451
-1211
273
1875
2768
2317
1825
2255
2976
3115
2664
1519
50
-290
489
1247
1724
1986
2478
4098
5756
5662
3788
1436
-563
-2069
-2932
-3634
-4469
-5449
-6044
-5166
-2585
43
689
400
1523
3630
4522
3816
2700
1327
-641
-2169
-2517
-2434
-2392
-2998
-3730
-2836
-612
449
165
-84
331
2947
4538
4225
4874
3224
74
-804
-1661
-3520
-4464
-5693
-7693
-7093
-4143
-2272
-1737
-1290
659
3209
4672
6646
6932
3983
2183
734
-2532
-4670
-5782
-7843
-9083
-6993
-3340
-822
1215
3363
4610
5191
5960
5990
4320
2059
16
-1990
-3026
-3237
-3343
-3813
-4330
-3275
-1323
-74
1018
2212
2410
2546
3747
4378
3337
1830
634
-445
-949
-188
849
1046
1401
2984
6420
9782
10192
7638
4047
1634
387
-1009
-3189
-5297
-6810
-8433
-8650
-5286
-796
203
-1055
347
4399
7497
7518
5019
2670
1262
-430
-1726
-1864
-1897
-2990
-4626
-4095
-512
1858
201
-1449
-1121
212
2452
3306
3439
4004
2745
978
1192
907
-1547
-4154
-6476
-7896
-6734
-4913
-4632
-4557
-3424
-1232
887
2763
4697
4294
2393
1781
767
-1252
-2910
-5073
-7837
-8746
-6817
-4328
-2680
-817
1458
3066
4119
5336
5714
4166
1854
-420
-2184
-2886
-3444
-4120
-4819
-4845
-3543
-2141
-1193
78
1220
1531
2194
3305
3964
3803
2560
957
-68
-88
281
488
954
1898
3465
5075
7322
10702
12235
9956
5489
2314
1043
-964
-4243
-7158
-8620
-9147
-9149
-6892
-1990
1784
1963
1768
4958
9484
10432
6988
3668
3346
2622
-293
-1700
-1134
-1783
-3853
-4688
-2451
747
683
-1969
-2455
-191
2665
4168
4277
5013
4808
2496
1593
2963
2301
-1714
-5463
-7624
-8216
-6510
-4770
-5146
-5936
-4403
-1226
1411
3947
5438
3934
1985
1924
1746
-192
-2945
-6023
-8839
-9070
-6879
-5018
-4389
-3013
-371
1444
2884
4799
4912
2398
141
-556
-1351
-2716
-4161
-5808
-7100
-6489
-4678
-3606
-2918
-1920
-630
891
2976
4929
5081
3984
2991
2676
2400
1572
544
-975
-1547
337
2656
3155
4633
9172
12469
12158
9523
6093
2980
-201
-3593
-6261
-7282
-7885
-9681
-9840
-5194
762
1546
-872
1391
6933
8801
6580
4195
3875
3790
1365
-1257
-614
1012
-1050
-4611
-3762
524
1771
-1467
-3094
-1220
1829
4797
5039
4309
4765
3707
1535
2678
4595
972
-4258
-6414
-7425
-6823
-4592
-4678
-7709
-7599
-1915
2881
4190
5620
5891
3352
2824
4270
2240
-2413
-5821
-8858
-10694
-8204
-5155
-5483
-5830
-2546
1561
3354
5207
6582
4256
1182
389
-5
-2083
-4699
-6261
-7320
-6663
-4486
-2633
-2040
-2239
-409
1943
3279
5361
6354
4878
3145
2313
1295
-586
-2349
-3466
-3683
-1335
2827
5797
8444
13090
17039
16191
11925
7931
4252
212
-3903
-7889
-10689
-12219
-13375
-13057
-8605
-2088
238
-497
2806
9352
12297
10095
7053
6142
5510
2705
-895
-2240
-1797
-3602
-6677
-5337
-893
654
-1639
-2798
81
3111
3129
1698
1919
3093
2871
2977
3933
3946
1622
-3102
-6854
-8042
-8289
-8721
-9573
-9340
-7139
-3612
314
2843
3466
3435
3340
3093
2740
1861
-857
-4767
-7242
-8109
-8038
-7491
-7256
-6496
-4130
-352
2991
4954
6048
5630
4256
3539
3158
1401
-1780
-4188
-5404
-5899
-5253
-4201
-3546
-3172
-1798
573
2607
4637
6026
6381
6173
5731
4984
2820
545
-590
-972
19
2818
5414
8125
13614
18261
17981
13954
9146
4627
537
-2896
-6913
-10179
-12026
-13278
-12493
-8338
-2501
-129
-957
2081
9421
13134
10889
7675
5930
4509
1822
-2082
-4176
-3780
-5538
-8782
-7116
-1725
128
-2543
-3774
-680
1885
2193
3610
4457
4130
3094
544
-592
1322
1626
-3183
-6775
-6769
-8149
-9190
-7756
-6952
-7956
-6672
-1664
1941
3287
4966
4267
1142
399
569
-2685
-7216
-9157
-10063
-10242
-7593
-4569
-3356
-1828
1473
4313
5575
6319
5361
2354
478
592
30
-2061
-3547
-3980
-4925
-4889
-3381
-2693
-2794
-2209
-427
1513
3574
5352
5597
5214
4725
4203
3144
1391
111
-533
-1
2172
5120
7663
11427
16618
18590
15861
11230
7084
3416
-47
-3852
-8239
-11164
-12390
-12645
-10608
-5438
-968
-1011
-613
5593
12246
12517
8919
6743
6193
4527
970
-2225
-3081
-3564
-6154
-7094
-3107
552
-1151
-4457
-3136
17
687
1746
2337
1521
1730
1847
1905
3659
5480
2648
-2370
-3508
-4214
-6485
-7301
-7936
-10359
-10737
-5511
-475
444
1940
3887
2980
2241
3284
2008
-2590
-5907
-7400
-8875
-8190
-6326
-6387
-6350
-3158
710
2579
4246
5539
4529
3163
3277
2683
24
-2293
-3534
-5568
-6805
-5829
-5046
-5162
-4248
-1912
207
2047
4338
5035
4072
4028
4189
3346
1773
228
-920
-1073
22
1136
3215
5675
8657
13739
17538
16941
12269
7414
4167
764
-2296
-5862
-9962
-12350
-12440
-10359
-5960
-1423
-629
-1014
3596
10596
12705
10378
8297
8653
8316
3993
-997
-3814
-5588
-7779
-8169
-5251
-2890
-3348
-4457
-2970
1884
4824
4422
6292
9016
9645
9483
7573
3823
1893
-367
-7350
-12742
-13178
-14093
-15578
-13398
-9081
-6913
-4575
1371
7231
9292
9992
8973
5124
2785
843
-4869
-10817
-13022
-13822
-13964
-11703
-8334
-4988
-784
3744
7059
8929
9230
7033
3337
954
-893
-3844
-6837
-8638
-9251
-9020
-7213
-4766
-3241
-1957
342
3039
4947
6894
7262
5489
4199
3067
1332
-1095
-2449
-2861
-3125
-1010
2230
5492
7992
11579
17545
20890
19418
13729
7630
3533
386
-2827
-7307
-10640
-12132
-13656
-12194
-5581
-491
-1641
-2866
2751
10883
12752
8978
6304
7031
6388
2671
108
803
1047
-2933
-5560
-1790
2684
398
-5017
-5240
-1443
-33
-3015
-1956
4089
5422
3612
3056
3974
5123
4398
928
-3198
-4299
-6880
-11897
-11329
-7201
-7328
-10342
-7727
393
5326
6489
6293
4454
3558
2976
-621
-5341
-7699
-9596
-12437
-11811
-8006
-5306
-4011
-2867
-156
4198
6850
6234
4567
4034
3835
2228
-346
-2965
-5064
-7104
-8643
-8150
-6811
-6053
-4754
-2351
139
3124
5657
5980
5717
5796
4590
2627
1764
911
-929
-2200
-1747
519
4321
7130
8885
13565
19308
20172
15429
10063
6506
2571
-1961
-6773
-10830
-12925
-14128
-13808
-10111
-3953
-778
-1652
807
8150
12512
10305
7191
6934
6476
3947
1428
354
-10
-2182
-5450
-5258
-2462
-1971
-5489
-7270
-4654
-2240
724
2523
1899
2213
2478
1927
2415
5681
5259
-483
-3205
-4298
-6353
-7150
-7499
-9916
-11874
-7916
-1853
719
2525
4720
4598
3531
3853
3404
-481
-4835
-6800
-7223
-6581
-6380
-6487
-5465
-3566
-998
1684
3663
4308
4065
4634
5496
5176
3606
1124
-1585
-4180
-4987
-4534
-5892
-7021
-5817
-3727
-1456
1220
3646
3903
4133
5991
7375
8945
9788
7693
2914
-1488
-3494
-5036
-5198
-3220
-1465
787
5997
12204
15837
16504
14156
9432
6179
5295
2140
-3588
-8004
-10979
-13268
-13048
-10165
-8262
-8094
-5638
602
7309
10266
9269
7789
7273
6303
3636
594
-1459
-3822
-6762
-7262
-4035
-2035
-2378
-1653
-930
-500
442
219
-1697
-1566
468
-139
-554
1611
2153
638
619
933
-1809
-4560
-4425
-5271
-7547
-6587
-3588
-2522
-1641
1061
3335
4090
4167
3440
2373
1013
-1294
-3311
-4104
-5022
-5771
-4947
-3912
-3402
-2328
-445
1088
1872
2739
3353
3308
2944
3068
2940
1223
-268
-711
-2271
-4137
-4225
-4332
-4785
-3687
-1377
720
2130
3549
4222
4425
4517
3284
1168
-1228
-2519
-2775
-2175
-100
2630
5804
9057
13665
18342
18763
14654
9278
5127
1281
-2733
-6533
-10340
-13124
-14430
-14061
-10751
-5911
-3598
-3386
230
7756
12072
10406
8024
8117
7680
4339
688
-703
-1988
-5613
-8496
-7133
-3720
-3119
-5074
-5521
-2196
4071
7188
5461
3572
2689
1520
713
2000
1757
-2971
-7259
-7418
-5581
-4371
-4841
-7343
-8315
-3866
2388
4535
3809
3756
3831
3604
3526
2706
-648
-5971
-9342
-8318
-5356
-4694
-5806
-4987
-2040
996
3382
4125
2894
1444
1312
2242
2402
1267
-149
-1807
-3029
-2672
-2278
-4019
-6236
-5876
-4187
-2717
-66
2742
3776
3815
4144
4475
4069
3014
1034
-1398
-2760
-2909
-2301
-1069
-346
231
2698
6517
9861
13417
16940
17397
14876
11298
7492
3960
518
-3878
-9173
-12199
-12468
-12448
-11824
-8998
-5653
-4167
-1799
3877
9162
9997
8441
8409
9264
8290
4825
1126
-845
-2458
-4785
-6172
-5075
-4534
-5767
-3542
868
2654
1919
248
-483
499
2251
834
-2859
-3141
-2342
-3356
-3015
-1457
-3054
-6504
-5381
-1614
-1101
-1758
-1029
-105
927
2535
3642
2836
907
-611
-1595
-2174
-2868
-4209
-5523
-6316
-5683
-3638
-2535
-3152
-3115
-748
1554
2172
2806
3522
3110
2110
1961
1836
-207
-2525
-3292
-3332
-3418
-3071
-2035
-1862
-1691
152
3143
5427
5238
4449
3706
2879
2880
2492
1128
-931
-2410
-2584
-1974
141
3041
4410
5755
10100
15346
16362
12719
9151
6971
4468
1039
-3431
-7872
-11319
-13222
-13045
-10659
-7283
-5813
-5293
-1439
5202
9824
9419
6752
6083
6263
4497
1491
-405
-1330
-3130
-4146
-1658
1425
968
-2097
-3510
-1684
118
-609
-3083
-4139
-2785
-1530
-581
770
1353
-277
-2387
-1572
372
-775
-4470
-6259
-4522
-2268
-1452
-1024
-33
799
1668
3242
3816
2255
-417
-2757
-3914
-3865
-3920
-5614
-7390
-6565
-3736
-1716
-1193
-403
996
1905
2680
4028
4783
3829
2341
1746
1657
715
-1262
-3201
-4642
-4805
-3753
-2707
-1751
-619
1155
2684
4622
7164
7016
4781
2229
567
-63
-1124
-2570
-4871
-5963
-4545
-1660
2531
6489
9868
12714
14590
15131
13320
9839
5755
1365
-2883
-6806
-9619
-11010
-12041
-12109
-9342
-5506
-3298
-1174
2718
6251
6847
6043
6160
6355
4458
1328
50
380
-124
-1537
-2214
-989
1740
2401
80
-1027
53
-180
-2476
-3076
-2049
-2601
-3442
-2452
-428
1021
637
-1405
-2129
-173
635
-1629
-3375
-2561
-1395
-1019
-524
389
989
631
251
783
1593
717
-2014
-3620
-3453
-3440
-4042
-4936
-5640
-4920
-3115
-1983
-1203
360
1887
2668
3756
5079
5048
3797
2357
898
-494
-2394
-4366
-5281
-5635
-5479
-4324
-2366
-751
1093
4743
6815
6049
5678
4869
2722
696
-434
-2308
-5434
-6189
-5177
-4339
-2025
865
2366
5144
11095
15255
14089
11356
10543
8881
5270
2034
-1323
-5744
-10100
-11597
-10659
-9344
-7949
-7535
-6132
-1102
5024
7563
6336
6148
7762
7456
5126
3539
2779
485
-2400
-2622
-321
1198
-319
-2343
-2106
-904
-1238
-3007
-3910
-3839
-3654
-3376
-2311
4
1761
1380
195
1195
2907
1468
-1327
-2363
-2179
-2739
-3709
-3476
-2184
-546
419
1372
3408
4732
3753
1609
171
-905
-2852
-5465
-7721
-8219
-6950
-5622
-4302
-2063
448
2067
3280
5109
6049
5243
3813
2200
803
-934
-2879
-4236
-5223
-5360
-5009
-3974
-2456
-790
2508
5143
5787
5728
4614
3267
1826
544
-944
-3426
-4871
-5039
-4034
-2028
-688
609
2560
6751
11822
13293
12074
10088
8247
6066
3166
548
-3452
-7574
-9322
-9247
-8326
-7254
-6188
-5687
-4140
461
4786
5187
3964
4657
6359
6017
4202
3216
1821
-392
-1379
-483
1202
1565
414
-667
-750
-348
-1446
-3524
-4900
-5341
-4842
-4145
-2717
-537
742
684
973
3288
4732
2797
587
156
-300
-1854
-3209
-3607
-3505
-2784
-1305
661
2278
2821
2710
2469
1994
1172
-610
-3579
-5678
-6008
-5944
-6078
-5517
-3602
-1534
83
2016
3738
4462
4613
4377
3687
2558
818
-1393
-3486
-4735
-5392
-5937
-5545
-4586
-2574
1048
3570
4776
5142
4750
4020
2946
2854
1396
-1830
-3762
-4772
-4600
-3500
-2958
-3182
-2258
1852
5821
8478
11501
13188
12287
9643
8265
6932
3024
-1624
-5611
-8258
-9774
-10187
-9702
-8557
-6758
-4967
-2316
1759
5287
6031
5329
6059
7250
6195
3717
2001
1285
214
-834
289
1580
698
-1114
-2049
-1666
-1419
-2211
-4229
-5663
-4307
-2410
-1367
1
1118
1204
1482
3180
4137
2640
450
-1071
-2042
-2698
-2951
-3109
-3311
-2476
-181
2143
3320
3515
3180
2133
599
-610
-2285
-5225
-7734
-8150
-7152
-5903
-4441
-2465
-454
1391
3848
6352
7182
6239
5059
3948
2116
4
-2083
-4338
-6108
-6616
-6159
-5481
-3629
-656
1328
2608
3830
4367
4380
3965
3006
1100
-1118
-2742
-4432
-5073
-4388
-4266
-4342
-2782
734
3646
5245
7009
9158
10958
11302
10262
7945
5220
2720
222
-2089
-4393
-6276
-7808
-8521
-7579
-5672
-4053
-3494
-2324
786
3671
4531
4514
5051
5141
3918
2848
2685
2885
2616
1756
1523
1954
1593
-123
-1613
-1721
-2176
-3942
-5140
-5076
-4477
-3587
-3002
-2123
33
2360
3233
3473
4481
4391
2067
-224
-1249
-2358
-4078
-4764
-3610
-1716
-339
536
1636
2395
2186
1259
-449
-2777
-4952
-6404
-7376
-7415
-6280
-5102
-3828
-1421
1704
3639
4171
4580
4915
4420
3085
1931
640
-1037
-2342
-3234
-3536
-3743
-3039
-1747
-1357
-405
409
637
1442
2736
3506
2218
424
-839
-1743
-1989
-2479
-3359
-4085
-3053
-285
1892
3239
4198
4902
5761
6936
7685
7019
5965
5443
4859
3856
2736
1626
-35
-1621
-2106
-2497
-3671
-4871
-5343
-4969
-3936
-2717
-1391
483
2425
3741
4516
5254
5479
4825
4682
4799
3737
1432
-593
-1433
-1436
-914
-1489
-2947
-3416
-2908
-2533
-2471
-2091
-2372
-2773
-1105
1615
2651
1997
1874
2029
1174
148
-646
-2077
-3609
-3579
-2690
-2125
-1391
-344
375
466
859
937
-681
-2783
-3903
-4280
-4763
-5209
-5036
-4383
-3503
-2195
-464
814
1337
1965
2806
2881
2519
2446
1633
-89
-1194
-1263
-1553
-2449
-2837
-2821
-2797
-1925
-624
17
411
1140
1668
1708
1722
1338
203
-853
-1033
-706
-600
-587
-324
386
1510
2685
3492
3631
3183
2962
3362
3442
2985
2614
2420
2444
2772
3007
2503
1503
645
-152
-982
-1579
-2003
-2543
-2845
-2253
-1143
-407
340
1469
2447
3091
3400
3338
2756
1876
1098
438
-108
-738
-1328
-1643
-1763
-1576
-1276
-1183
-1125
-831
-436
-189
51
213
79
-29
48
-1
-184
-408
-777
-1153
-1358
-1424
-1521
-1514
-1277
-967
-628
-461
-474
-624
-962
-1325
-1613
-1913
-2372
-2730
-2595
-2109
-1644
-1218
-632
81
677
1015
1095
1103
1022
596
-33
-595
-885
-1007
-1162
-1206
-1099
-774
-328
121
744
1257
1356
1082
542
18
-463
-947
-1426
-1737
-1470
-986
-515
62
557
1070
1499
1882
2264
2337
2236
2087
2033
1921
1740
1875
1727
1474
1779
2023
1733
1411
1592
1322
517
333
290
-350
-973
-946
-936
-1167
-1016
-691
-423
217
1184
1653
1714
2070
2216
1681
1122
864
337
-535
-1018
-1046
-1143
-1245
-1095
-855
-671
-487
-302
-171
-105
-60
-180
-345
-285
-196
-377
-754
-767
-510
-655
-975
-1029
-1055
-1309
-1494
-1357
-1299
-1431
-1484
-1415
-1149
-849
-786
-984
-1025
-849
-924
-1086
-1060
-888
-737
-619
-408
-257
-212
-141
-49
99
293
282
104
100
270
306
247
304
264
54
-26
32
-79
-398
-540
-486
-442
-152
152
218
323
523
683
736
875
863
639
742
1186
1602
1809
1909
1958
1916
1959
1976
1710
1338
947
634
521
511
484
383
360
423
396
281
213
211
214
260
321
356
438
498
527
628
721
619
348
139
-34
-232
-451
-674
-817
-880
-857
-804
-718
-560
-415
-372
-375
-319
-308
-409
-455
-372
-247
-205
-220
-221
-279
-378
-497
-582
-664
-821
-941
-1035
-1117
-1117
-1059
-1040
-1084
-1110
-1080
-1058
-1027
-878
-763
-777
-801
-762
-603
-355
-56
188
290
411
498
533
540
484
433
257
140
150
86
-12
-73
-86
-263
-519
-588
-560
-472
-328
-167
-59
15
263
520
590
542
448
403
368
395
537
635
680
823
1007
1120
1149
1115
981
735
607
571
465
387
454
579
661
897
1200
1249
1094
952
786
513
236
27
-141
-228
-182
-164
-173
-73
8
-31
-66
-51
-147
-295
-300
-181
-65
-28
-21
-22
-14
27
-30
-203
-375
-467
-548
-550
-397
-274
-222
-124
105
244
172
66
-120
-396
-658
-866
-1080
-1264
-1287
-1237
-1160
-971
-734
-623
-647
-621
-511
-457
-440
-385
-340
-255
-95
59
151
153
149
159
151
162
106
5
-99
-172
-125
-58
-89
-193
-248
-273
-288
-227
-201
-248
-229
-89
95
216
289
312
254
253
326
335
307
262
233
309
461
596
608
562
511
435
398
344
272
234
267
432
647
856
966
1001
1109
1181
1062
800
570
376
190
77
4
-87
-185
-198
-120
-67
-55
-85
-155
-146
-60
-42
-99
-126
-80
-59
-91
-70
-54
-159
-294
-284
-180
-157
-205
-202
-103
35
152
203
150
39
-76
-210
-362
-470
-579
-743
-835
-804
-725
-712
-729
-667
-565
-456
-385
-407
-437
-394
-320
-252
-202
-190
-207
-187
-78
-1
-13
-60
-113
-112
-49
73
167
183
163
125
139
106
-24
-120
-152
-148
-126
-90
-51
7
86
116
88
64
67
20
-2
52
93
134
177
218
238
265
318
326
348
389
411
424
473
555
578
577
618
624
541
450
411
386
359
322
272
177
119
134
117
93
93
65
-1
-41
-38
-59
-105
-145
-149
-134
-126
-94
-50
-32
4
66
101
113
136
165
154
118
96
59
-25
-102
-134
-168
-220
-256
-289
-349
-408
-435
-456
-479
-456
-411
-393
-366
-301
-227
-152
-64
-28
-21
12
13
-45
-83
-90
-155
-234
-245
-249
-279
-268
-217
-192
-177
-130
-98
-118
-126
-131
-158
-188
-182
-131
-89
-41
16
52
100
138
140
97
52
68
74
52
47
43
31
41
92
114
100
117
127
131
163
208
262
320
350
349
348
339
273
194
146
103
42
2
21
67
113
151
184
233
277
287
265
234
221
212
165
116
106
87
49
34
23
-27
-72
-45
-10
-7
18
63
85
103
120
107
59
5
-42
-104
-183
-264
-323
-351
-345
-278
-212
-187
-150
-93
-50
-53
-80
-104
-127
-131
-127
-123
-105
-75
-52
-51
-54
-72
-126
-156
-147
-141
-146
-146
-134
-108
-67
-48
-74
-101
-152
-222
-255
-259
-269
-278
-216
-117
-22
85
160
199
208
201
173
98
17
-48
-81
-86
-86
-82
-85
-58
-27
-9
28
62
76
88
145
232
295
311
306
298
284
237
151
65
-3
-49
-66
-35
26
63
93
144
203
221
178
104
31
-12
-43
-68
-65
-32
16
69
133
203
240
230
202
185
167
132
92
81
99
104
77
41
1
-57
-133
-196
-239
-277
-304
-280
-200
-105
-30
14
47
82
101
94
73
59
32
-3
-8
3
10
-3
-33
-61
-82
-92
-114
-149
-177
-179
-156
-128
-96
-77
-65
-54
-57
-81
-113
-139
-170
-189
-178
-147
-102
-60
-35
-11
21
19
-28
-69
-84
-110
-140
-138
-107
-63
-4
57
96
114
117
84
41
19
12
-1
-17
-1
40
75
103
126
136
108
50
15
-1
-22
-54
-59
-19
31
69
111
134
137
140
143
135
110
86
68
61
77
91
87
74
80
96
87
65
45
24
19
40
69
72
58
65
77
77
57
8
-28
-36
-42
-49
-53
-51
-54
-52
-38
-34
-28
-21
-16
-9
9
38
49
44
40
42
30
6
-13
-44
-90
-129
-156
-167
-154
-132
-118
-99
-66
-41
-29
-24
-31
-39
-44
-48
-54
-54
-48
-47
-39
-20
-12
-14
-16
-25
-39
-48
-54
-63
-54
-44
-48
-58
-58
-53
-48
-35
-26
-29
-21
9
37
55
69
89
100
106
120
119
94
57
14
-30
-59
-70
-79
-81
-59
-28
3
40
77
92
99
111
110
95
85
84
72
55
43
31
15
-2
-9
-11
-12
-6
12
31
41
44
46
50
48
51
46
30
8
-4
-2
0
-3
-7
-15
-13
6
25
38
46
47
40
44
62
79
69
38
10
-10
-30
-62
-90
-101
-109
-120
-112
-89
-74
-70
-65
-51
-28
-14
-11
-11
-15
-17
-16
-5
7
15
27
42
48
44
37
23
1
-23
-44
-58
-68
-75
-85
-82
-67
-53
-47
-41
-25
-11
1
13
26
44
52
50
45
38
29
9
-8
-11
-9
-3
5
3
4
14
20
14
9
11
12
8
6
3
4
7
12
17
20
26
20
2
-6
-2
4
1
-3
2
6
8
10
4
-10
-24
-37
-47
-44
-31
-27
-28
-15
7
22
25
25
23
28
30
19
9
3
5
9
10
6
2
-7
-16
-21
-22
-24
-35
-38
-33
-26
-22
-17
-14
-6
3
5
7
10
13
21
31
39
46
54
59
55
43
30
16
-2
-23
-41
-50
-55
-58
-56
-52
-44
-31
-18
-4
17
40
50
55
60
68
73
70
61
47
35
22
9
-7
-14
-16
-21
-26
-21
-4
10
12
14
14
11
4
-2
-7
-8
-8
-7
-3
8
17
15
10
12
11
14
17
15
14
17
18
9
-8
-22
-31
-41
-49
-50
-48
-42
-29
-19
-12
-4
0
-3
-3
8
14
7
6
13
