-9
-7
-5
-4
-2
1
2
3
3
3
4
7
8
8
7
9
9
10
11
10
9
9
9
11
13
14
15
17
24
30
35
38
39
41
43
44
42
40
35
29
27
32
33
30
27
26
31
40
43
36
31
33
32
33
34
23
4
-13
-29
-41
-54
-77
-113
-135
-148
-168
-192
-218
-255
-287
-306
-313
-319
-329
-349
-364
-352
-318
-288
-281
-287
-296
-310
-310
-301
-312
-323
-296
-233
-142
-23
76
147
242
338
420
530
596
536
460
460
484
532
610
621
591
612
634
638
698
699
549
460
564
725
853
951
994
1070
1275
1470
1521
1469
1292
966
694
578
421
127
-136
-286
-297
-116
48
28
7
90
151
181
212
81
-205
-433
-574
-673
-707
-827
-1107
-1290
-1292
-1343
-1495
-1657
-1850
-2036
-2107
-2123
-2187
-2264
-2363
-2549
-2659
-2534
-2353
-2274
-2172
-1996
-1845
-1619
-1288
-1130
-1154
-1151
-1242
-1397
-1309
-1192
-1337
-1417
-1179
-803
-237
435
734
781
1050
1423
1622
1865
2043
1836
1691
1957
2302
2542
2674
2500
2211
2327
2595
2468
2190
1980
1645
1516
1955
2484
2659
2774
2965
3133
3475
3758
3442
2796
2299
1736
1167
916
614
32
-277
-56
291
611
833
693
419
320
188
-55
-276
-606
-1089
-1355
-1215
-1097
-1245
-1416
-1513
-1529
-1441
-1402
-1576
-1926
-2229
-2491
-2748
-2823
-2935
-3344
-3693
-3716
-3616
-3519
-3321
-3140
-3007
-2542
-2026
-1888
-1768
-1637
-1747
-1912
-1919
-1895
-2102
-2357
-2439
-2399
-1932
-1252
-908
-496
356
1164
1379
1409
1610
1572
1591
1908
2109
2350
2723
2923
3223
3910
4281
3705
3035
2969
2879
2568
2119
1589
1662
2477
3396
4053
4470
4515
4189
4115
4309
3976
2870
1383
237
-59
48
-163
-749
-1003
-439
515
1299
1632
1425
856
292
-18
-241
-706
-1532
-2414
-2666
-2215
-1866
-2034
-2417
-2601
-2530
-2390
-2289
-2339
-2479
-2641
-2845
-2946
-3035
-3431
-4154
-4759
-4950
-4982
-4948
-4665
-4171
-3530
-2724
-2013
-1622
-1334
-1151
-1314
-1533
-1675
-2022
-2270
-2094
-1948
-1898
-1491
-897
-190
901
1971
2630
3198
3633
3592
3385
3249
2980
2755
2865
3026
3175
3598
3950
4149
4577
4830
4459
3936
3777
3819
3834
3821
3775
4151
5023
5361
4926
4513
4195
3502
2715
2201
1422
220
-904
-1651
-1714
-1396
-1549
-1748
-675
1124
1903
1821
1717
1271
452
-500
-1771
-3210
-4419
-5459
-6111
-5561
-4559
-4430
-4362
-3500
-2531
-2081
-2186
-2758
-3430
-3696
-3862
-4400
-4847
-5135
-5690
-6046
-5774
-5289
-5090
-5063
-4730
-3979
-2924
-1992
-1670
-1595
-1386
-1210
-1394
-1847
-1900
-1845
-2094
-2040
-1669
-1215
-518
650
1973
2986
4092
4797
4795
5247
5538
4601
3483
3184
3450
3943
4971
5709
5529
6409
7765
7580
7141
6632
5398
4633
5033
5382
5175
6128
7228
7092
7704
8046
6264
4373
3628
2759
1161
-427
-2349
-4176
-4217
-3923
-4515
-3939
-1938
-216
1330
2887
3322
2582
1467
-102
-1975
-3412
-5162
-7647
-8873
-8212
-7131
-6207
-5301
-4598
-4096
-3460
-3032
-3180
-3311
-3660
-4749
-5456
-5315
-5330
-5969
-6877
-7375
-7155
-6267
-5337
-4938
-4299
-3137
-2137
-1223
-250
167
-404
-1443
-2265
-2863
-3058
-2720
-2706
-2779
-1920
-978
-163
1368
3127
4353
5009
5760
6169
5968
5809
4403
2657
2539
2877
3151
3796
4820
5552
6070
7017
7280
6967
6652
5563
4783
5591
6533
6856
8194
10235
10676
9411
7897
6154
4093
2456
360
-2100
-3442
-4610
-6030
-6131
-5010
-4794
-5139
-3405
-358
1962
3347
3559
3202
3314
2843
597
-1912
-3635
-5860
-8068
-8267
-7361
-7149
-7151
-6872
-6196
-4755
-3592
-3838
-4304
-3605
-2704
-2566
-2596
-2785
-3496
-4254
-4917
-5359
-5142
-4954
-5144
-4632
-2904
-967
92
588
842
839
478
-807
-2216
-3065
-3945
-4738
-4731
-3515
-1757
40
1661
2976
4591
5894
6384
6437
6133
5475
4310
3488
3027
2451
2132
1706
1909
3555
5672
6620
6079
5617
5395
5076
5066
5056
5320
6017
6276
7017
9941
12697
11602
7641
4489
3080
1932
-27
-3438
-6909
-8840
-10213
-10443
-8315
-6059
-6413
-7093
-3401
2830
5937
4723
2489
2534
3617
2451
-982
-3353
-2768
-2478
-4016
-4388
-4042
-5617
-7603
-7066
-5203
-4866
-6381
-8780
-8919
-4823
-1519
-2675
-3829
-1161
2348
3249
2394
772
-1274
-2920
-4502
-5303
-4502
-4179
-4891
-3824
-504
2008
2055
210
-2359
-3284
-2453
-2781
-3495
-2434
-1138
-81
2220
4690
5323
4730
4250
4150
5052
6174
5559
4212
3578
3273
2836
2098
1465
1330
2090
3433
4548
4627
3969
5549
9313
11189
9303
6089
5705
8894
12226
11393
6420
1382
-1856
-2876
-2016
-2199
-5609
-10261
-11705
-8174
-3205
-3023
-8231
-10651
-5514
1361
3614
2290
1318
2098
3476
3294
2648
3972
3301
-1144
-1794
2767
3422
-1842
-6251
-7995
-8327
-7336
-8350
-11405
-10773
-8024
-8787
-8562
-2759
1961
1469
1184
4218
7394
7400
3376
-1875
-4182
-5037
-7330
-8434
-7228
-6154
-4866
-1996
1074
2985
3565
1413
-1523
-594
1400
-285
-2665
-1856
94
986
2535
4225
4235
3869
4200
4629
5075
6075
5820
3581
1903
1471
804
-1131
-1990
-778
440
2005
3393
4884
7703
10933
13277
13656
14017
14844
14129
11309
6541
2271
-606
-3807
-7160
-8964
-9662
-11681
-13868
-12929
-9065
-6244
-6439
-6213
-1919
4239
6329
4649
4335
5626
4932
1555
-403
-118
-1087
-3684
-4444
497
6114
5746
2398
-286
-1802
-3863
-6776
-9197
-10870
-11044
-11956
-12449
-7863
-2373
-1875
-2838
473
5923
8753
8161
5066
2071
634
-1455
-4859
-7192
-8389
-9681
-8974
-5830
-2601
-521
-85
-80
1263
2958
2470
716
611
1810
2401
2126
1749
1193
455
352
551
778
1441
2198
3133
3842
4145
3380
581
-1420
-1788
-2451
-3062
-2675
-1103
664
3084
6492
9844
12944
14199
14048
15246
16443
14177
8791
3444
-1020
-5016
-8262
-10859
-12651
-13997
-15273
-14373
-9546
-4589
-3436
-3006
1004
6982
9548
7744
5842
5774
5463
3339
951
487
29
-1901
-2701
-1261
575
-1170
-427
7759
11921
9170
4217
-1626
-5460
-4305
-1783
-5915
-10080
-8825
-9329
-7344
-138
176
-6624
-5488
4656
10868
10295
7411
3616
482
-1524
-4774
-9014
-12956
-16721
-15823
-9643
-4568
-1160
1291
1475
3438
8945
9887
3890
341
676
-789
-1958
-1811
-3595
-5163
-3617
-1536
-1099
-537
-571
-1621
-1074
494
854
-1287
-3565
-3076
-2174
-2360
-2386
-1766
-651
1849
6456
10809
12832
13303
13680
14784
15407
12680
6534
-210
-5297
-7834
-8827
-10164
-12036
-13162
-12346
-8112
-2265
259
-50
1609
5674
8425
8242
6381
4370
3255
2400
1569
1735
2032
637
-1199
-143
2154
2400
-613
-987
6898
12376
10555
7017
2562
-1941
-3427
-1893
-4153
-8821
-9879
-11046
-9872
-2805
-125
-5163
-5419
3503
11129
11780
9324
6363
2911
-623
-4325
-8360
-12325
-15878
-15537
-10244
-4410
377
2929
2593
3864
8720
9856
4166
-203
-568
-1650
-3564
-4264
-5530
-7457
-6783
-4605
-3612
-2540
-1318
-1015
-540
1266
3282
2213
-1129
-2733
-2646
-2706
-2668
-1959
-1262
197
4107
8679
11170
12591
14221
14561
13241
11209
7817
2539
-2986
-6154
-6722
-7267
-9031
-10530
-9805
-6405
-2678
-1394
-1241
1088
4394
5475
4957
4683
4186
2864
1510
1453
2875
3449
2647
2426
3438
4033
3714
1619
-936
2780
7730
6731
3977
1639
-1706
-4610
-3795
-3917
-7353
-8715
-9311
-9436
-5357
-1689
-3740
-5268
114
6765
8434
7100
5170
2671
-712
-4586
-8009
-11319
-14889
-15738
-11751
-6961
-3368
-82
1275
1848
5010
7088
3822
255
-587
-1753
-3599
-4242
-4287
-4597
-3739
-1981
-416
141
-640
-790
-166
470
1119
556
-1369
-2563
-1780
-1394
-2124
-1417
219
1306
3705
8335
12801
15070
15526
16151
17315
17223
14348
9348
4189
142
-2453
-4427
-6296
-8198
-10120
-10490
-7774
-3631
-1532
-1463
102
4273
7513
7348
6046
5552
5021
4534
4768
5048
4411
3260
1555
214
755
-242
-3467
-6866
-5507
2784
6099
2344
-985
-3385
-5779
-5569
-2302
-4795
-10463
-9989
-8231
-6660
-1503
-603
-7102
-6903
3358
9152
5651
1231
-1290
-4373
-6751
-8476
-11602
-15335
-17665
-15131
-8146
-2943
-486
661
584
3371
8735
8047
1332
-1325
-72
-790
-1481
-1093
-2478
-4334
-2953
-278
148
-632
-1679
-1959
-318
2028
2733
685
-1337
-350
1671
2087
2653
3831
3988
4840
8460
12846
14457
13795
13372
13845
15064
15220
11907
6423
2139
238
-1093
-3521
-6026
-8047
-9353
-8403
-4859
-1598
-628
190
1759
3478
5491
5910
3360
1032
1576
2511
2146
2180
2172
463
-473
315
14
-1581
-4032
-3319
2050
4521
1997
-1587
-4376
-6095
-4824
-2537
-5132
-8472
-7505
-6345
-5110
-1660
-1991
-6595
-5403
2060
5668
3128
194
-1515
-3236
-4254
-5482
-8431
-11786
-13083
-10555
-6041
-3020
-1547
-919
-476
2369
6342
5567
1264
-317
-31
-236
-19
-557
-2714
-3470
-1733
-513
-312
-562
-1667
-1851
-133
1263
1239
622
-413
-696
20
710
1305
2190
3335
4981
7962
10068
9877
9609
10019
9843
8981
8151
7210
6476
5555
3993
2281
695
-560
-2170
-3893
-4939
-5712
-6230
-5733
-4162
-3176
-2972
-2264
-787
1151
2471
2995
3606
4456
5178
5290
4773
3393
2160
1779
930
1354
1973
751
54
-175
-461
-1557
-2938
-4266
-5397
-4382
-3359
-3246
-2685
-2297
-2153
-725
1271
1257
85
-646
-703
-609
-1527
-2909
-3413
-3435
-4048
-4379
-3994
-4563
-5341
-4996
-4347
-3402
-2128
-1874
-2027
-691
627
591
296
147
119
-3
-297
-584
-1084
-1760
-2420
-2873
-2979
-2903
-2709
-2377
-1951
-1509
-1177
-1118
-959
-716
-370
687
1963
3528
4952
5182
5486
6282
6359
5977
5614
5126
4712
4534
4730
5034
5640
5571
3702
2020
1113
189
-902
-2408
-4075
-5301
-5441
-5159
-5126
-4854
-3865
-2042
825
4049
5769
6269
6541
6415
6032
5616
4303
1895
226
-67
1261
2408
1398
344
481
1407
2286
2503
909
-2186
-3327
-2845
-2811
-2353
-2551
-4464
-4684
-1869
186
-1111
-3417
-3558
-1223
1750
2500
1112
212
-112
-726
-1193
-2683
-6157
-8759
-8909
-7580
-5556
-4461
-4369
-3352
-586
2150
2790
1575
218
-41
74
-533
-1845
-3380
-4335
-3554
-2064
-1653
-1631
-1671
-1902
-1037
566
789
333
118
-465
-313
1020
1885
1539
1540
2005
2172
3009
3379
2495
2586
3667
4309
5379
6779
7045
6922
7334
7818
7232
5161
2724
951
-451
-2449
-4358
-5674
-6452
-5708
-4152
-3159
-1634
570
1819
3052
5109
6212
5772
4828
4147
3904
3595
2598
1643
2175
3597
4727
5282
4876
3580
1845
-58
-2120
-4199
-6546
-8810
-9467
-8463
-7506
-7132
-6342
-4684
-2210
350
1988
2708
3500
4022
3046
1506
-65
-2625
-5353
-6667
-7043
-7559
-8164
-8138
-7307
-6026
-4878
-4058
-3353
-2788
-1723
-410
113
60
99
-100
-721
-991
-894
-899
-829
-424
-87
541
1465
1646
1093
412
210
202
-254
-833
-1231
-1218
-578
325
1517
2599
3445
4754
6032
6857
7087
6861
6900
7440
7672
7349
7199
6787
6619
6805
6235
4950
3507
2168
534
-178
-474
-2455
-4172
-4167
-3834
-3439
-2390
-1241
199
2006
3462
4439
4742
4288
3020
2056
1612
956
56
-215
1001
2886
4467
3995
2485
1154
-926
-3554
-6311
-8395
-10746
-12290
-11060
-9032
-7635
-5954
-4142
-2420
673
3345
3214
1968
1958
2043
154
-2154
-3981
-6023
-7385
-7654
-7656
-7725
-7761
-7118
-5455
-3885
-3066
-2618
-2285
-1595
-247
855
810
304
347
488
485
776
630
-140
-65
991
1864
2133
2100
1853
1295
964
907
300
-782
-1121
-476
597
1802
2880
3969
5070
6489
8100
8762
8507
7879
6573
5250
4921
4919
4157
3347
3951
5221
6170
6580
6189
5158
3954
2745
941
-892
-2390
-3829
-4734
-4633
-4065
-3940
-3327
-1737
-30
1339
2236
2678
2709
2406
1841
1430
1273
564
-414
-559
158
1312
1286
-28
-692
-1143
-2448
-4012
-5027
-6595
-8358
-8285
-7504
-7360
-6869
-6086
-5505
-3234
-236
713
773
1797
2819
2106
801
-475
-2558
-4450
-5121
-5147
-5083
-5038
-5186
-4672
-3425
-2446
-2219
-2427
-2197
-1449
-436
201
380
706
1013
1034
1103
1408
1257
763
634
1063
1448
1114
572
172
-123
38
335
-1
-390
-319
232
1263
2169
2509
2289
2754
4357
5704
5883
5213
4395
3937
3887
3658
3417
3171
3033
3406
4469
5742
6088
6081
6107
6106
5865
4819
2886
580
-1004
-2274
-3521
-4353
-4903
-5070
-4549
-2741
-356
866
1111
1742
2722
3364
3356
2479
1411
1268
2153
2484
1842
1240
212
-876
-1135
-1421
-3143
-5667
-7421
-8126
-7727
-6960
-6617
-6483
-5039
-1796
1133
2070
1509
1404
1682
1258
259
-1208
-2709
-3747
-3942
-3636
-3810
-4662
-5369
-5414
-5084
-4510
-4214
-4416
-4106
-2719
-1392
-899
-319
396
828
1353
1911
1882
1016
173
-174
-97
479
605
123
8
492
1161
1241
623
-317
-627
-107
190
564
1219
1549
1951
2810
3369
3186
2695
2450
2574
2833
2947
2654
2353
2732
3543
3867
3746
3594
3348
3250
3741
4299
4005
3654
3771
3738
3478
3096
2307
1084
260
-273
-1257
-2186
-2614
-3115
-3316
-2336
-973
-250
238
989
1642
2075
2081
1594
1200
771
25
-736
-1173
-1316
-1458
-1582
-1612
-1647
-1846
-2378
-2944
-3155
-3340
-3675
-3724
-3271
-2623
-2113
-1683
-1249
-854
-663
-877
-1375
-1686
-1795
-2019
-2183
-2263
-2295
-2270
-2258
-2086
-1872
-1807
-1765
-1651
-1536
-1463
-1350
-1188
-881
-224
498
727
625
673
609
228
-7
-42
-255
-207
463
893
987
1367
1589
1393
1424
1714
1586
1407
1509
1293
1110
1369
1506
1306
1116
1191
1506
1805
1884
1876
1987
1979
1875
2015
1753
1217
1108
1269
1588
2038
2413
2415
2812
3434
3459
3285
3091
2852
2353
1735
913
-130
-1009
-1715
-2274
-2553
-2449
-2336
-2190
-1753
-920
-69
278
415
394
165
-109
-482
-913
-1251
-1484
-1620
-1701
-1710
-1778
-2130
-2544
-2839
-3038
-3132
-3201
-3238
-3005
-2484
-1833
-1282
-1034
-742
-349
-115
53
149
175
159
199
242
51
-327
-686
-944
-1148
-1311
-1607
-1911
-1957
-1749
-1420
-1154
-765
-338
-31
321
650
998
1206
1138
1215
1534
1673
1548
1416
1292
1199
1372
1576
1426
1256
1369
1433
1379
1396
1182
783
684
681
366
98
23
-251
-290
94
270
341
696
925
897
1147
1215
801
596
606
433
348
466
378
330
748
1187
1162
1129
1352
1501
1474
1255
1039
809
321
-244
-703
-1135
-1520
-1758
-1809
-1649
-1367
-1141
-1015
-789
-438
-252
-238
-312
-412
-427
-496
-550
-514
-505
-554
-543
-392
-365
-411
-476
-524
-475
-425
-363
-297
-115
13
41
185
380
431
310
250
203
156
55
-202
-380
-403
-374
-491
-679
-715
-749
-811
-794
-733
-734
-818
-696
-369
-112
147
421
670
849
966
908
632
452
386
249
-1
-104
-94
-212
-297
-310
-365
-411
-385
-318
-145
11
26
-66
-135
-222
-409
-555
-752
-827
-650
-483
-378
-65
313
476
659
831
771
582
518
370
53
-28
4
-66
-78
183
528
777
1017
1173
1250
1356
1436
1265
1029
881
605
233
25
-21
-117
-97
87
278
355
289
212
81
-95
-324
-546
-632
-618
-488
-289
-136
81
329
478
530
514
504
394
273
263
248
171
44
4
-15
-108
-183
-279
-382
-418
-382
-362
-398
-338
-241
-179
-27
66
7
-140
-339
-518
-704
-871
-974
-1016
-1000
-895
-669
-501
-447
-379
-317
-294
-291
-346
-441
-453
-383
-318
-231
-121
-40
54
166
257
273
187
114
55
-75
-232
-362
-532
-649
-640
-683
-747
-653
-542
-549
-457
-249
-80
86
313
495
701
923
965
1024
1128
1120
984
844
705
534
465
428
417
520
586
566
709
908
1002
1054
1056
1006
923
876
743
554
431
326
275
291
287
202
127
91
27
-91
-210
-316
-380
-353
-330
-261
-128
-21
35
100
196
223
212
231
221
158
86
-11
-110
-198
-320
-429
-492
-541
-624
-666
-634
-595
-553
-505
-488
-491
-476
-528
-622
-663
-680
-731
-741
-670
-648
-664
-631
-599
-626
-643
-604
-603
-604
-512
-422
-390
-387
-360
-354
-407
-394
-342
-330
-289
-220
-142
-63
10
59
49
53
90
96
84
121
171
215
284
315
323
353
362
343
318
272
221
244
314
341
360
473
542
536
603
651
643
637
622
594
567
543
515
530
583
579
578
680
753
719
697
682
624
543
438
323
231
208
208
184
202
299
359
356
357
330
220
55
-51
-91
-153
-228
-233
-162
-68
35
102
133
110
65
18
-86
-191
-307
-399
-420
-432
-451
-478
-509
-560
-623
-676
-727
-742
-743
-730
-679
-610
-580
-583
-552
-523
-521
-524
-577
-607
-582
-606
-639
-607
-588
-618
-582
-504
-491
-468
-398
-346
-280
-193
-131
-74
10
79
118
157
173
191
196
152
105
82
8
-113
-197
-247
-285
-280
-218
-134
10
168
252
336
437
493
479
467
475
476
496
534
560
592
628
603
564
568
554
481
441
454
439
460
555
642
704
753
762
751
727
657
567
517
472
393
366
377
357
315
280
209
138
104
37
-39
-73
-102
-133
-116
-85
-93
-116
-117
-101
-106
-125
-185
-255
-273
-286
-316
-350
-399
-451
-497
-525
-537
-553
-573
-580
-562
-514
-464
-429
-402
-373
-325
-280
-269
-268
-277
-307
-337
-344
-350
-370
-378
-346
-315
-297
-262
-257
-259
-245
-251
-274
-278
-273
-264
-265
-265
-220
-160
-102
-56
-20
4
14
30
35
23
11
14
32
69
109
128
150
173
217
292
324
339
361
363
380
420
450
437
424
418
389
369
378
370
350
350
353
359
366
348
316
297
282
249
214
211
220
195
186
203
206
203
193
167
132
104
59
3
-14
-20
-39
-52
-53
-62
-87
-125
-167
-208
-231
-237
-222
-197
-170
-134
-88
-23
25
16
-17
-33
-48
-57
-73
-111
-150
-173
-167
-154
-158
-169
-177
-182
-167
-159
-184
-215
-241
-234
-206
-175
-158
-148
-130
-117
-100
-87
-99
-117
-106
-88
-83
-67
-45
-34
-14
19
47
53
40
27
24
37
46
50
53
52
46
55
76
78
52
16
-5
-6
8
20
20
29
45
54
49
38
21
10
-2
-24
-22
-4
-3
-12
-11
-8
-1
20
30
19
1
-11
-36
-46
-31
-21
-17
-13
1
23
41
36
25
22
12
-2
-3
0
-23
-57
-68
-55
-45
-35
-27
-23
-8
20
51
71
85
95
101
116
132
136
125
111
108
119
123
118
99
62
29
18
18
3
-15
-27
-22
5
35
52
70
94
101
105
123
126
108
82
62
54
51
45
36
41
50
64
78
73
61
51
43
48
49
38
27
34
44
45
61
73
69
56
37
9
-15
-33
-63
-83
-91
-104
-116
-123
-144
-177
-192
-192
-198
-191
-161
-135
-105
-82
-73
-72
-73
-90
-116
-132
-153
-179
-193
-195
-193
-190
-189
-186
-163
-135
-125
-122
-113
-103
-95
-86
-83
-92
-93
-71
-44
-17
1
4
-3
-1
12
16
0
-17
-17
1
18
25
40
64
75
85
100
105
106
105
97
90
98
107
104
107
122
127
126
130
130
125
123
127
132
142
162
179
181
188
199
197
190
183
167
141
117
104
95
83
78
81
77
79
83
79
73
69
66
52
46
45
30
16
16
18
15
7
-5
-11
-21
-23
-24
-37
-42
-42
-50
-61
-80
-102
-119
-131
-130
-127
-126
-126
-127
-118
-105
-104
-113
-122
-121
-121
-120
-118
-120
-123
-119
-112
-110
-111
-113
-123
-130
-129
-121
-113
-113
-115
-108
-93
-85
-81
-74
-62
-52
-39
-28
-24
-21
-20
-18
-12
-7
-5
-5
2
9
17
19
5
-9
-10
-13
-21
-19
-13
-8
8
27
35
48
68
83
90
107
123
125
118
111
110
108
93
75
64
57
48
47
50
57
68
81
95
108
112
103
91
87
84
79
71
68
75
87
94
97
91
82
71
66
58
39
19
3
-6
-16
-24
-25
-23
-18
-4
11
19
24
26
22
22
24
20
13
9
1
-12
-19
-19
-25
-35
-49
-61
-63
-65
-75
-84
-82
-81
-76
-65
-63
-66
-63
-58
-57
-57
-56
-59
-49
-36
-30
-33
-32
-28
-32
-40
-49
-59
-68
-76
-81
-80
-72
-71
-72
-68
-61
-58
-61
-67
-66
-63
-61
-61
-55
-37
-21
-5
13
23
33
39
38
38
38
24
10
5
6
5
3
-3
-9
-2
11
16
20
25
28
37
50
55
53
50
53
54
61
66
63
58
51
51
56
55
41
28
23
21
16
13
13
16
25
30
31
37
41
33
27
31
35
32
30
27
29
35
