15
9
2
-2
-6
-8
-10
-9
-8
-6
-1
5
10
11
11
7
1
-2
-5
-13
-18
-22
-27
-26
-21
-21
-24
-25
-30
-33
-33
-35
-43
-49
-51
-50
-49
-49
-64
-92
-116
-138
-159
-178
-195
-207
-199
-167
-131
-104
-75
-64
-78
-84
-93
-142
-182
-189
-209
-207
-136
-94
-83
-3
71
72
136
221
190
173
247
240
207
288
318
287
403
566
588
603
664
644
645
768
838
787
789
874
916
904
860
702
448
312
317
247
118
15
-164
-322
-267
-219
-348
-355
-154
52
372
761
884
832
792
600
257
-36
-408
-880
-1150
-1238
-1283
-1210
-1080
-1083
-1121
-1122
-1201
-1255
-1218
-1221
-1257
-1184
-1034
-892
-765
-794
-1038
-1358
-1621
-1836
-2016
-2084
-2008
-1808
-1413
-893
-451
-151
54
74
-106
-273
-508
-818
-908
-726
-567
-374
-6
228
485
906
1122
1072
1129
1224
1168
1349
1589
1425
1208
1314
1458
1724
2217
2379
2222
2211
2230
2246
2528
2723
2520
2381
2681
3127
3456
3337
2518
1538
929
619
321
-100
-744
-1441
-1712
-1470
-1178
-1232
-1472
-1455
-893
118
1127
1602
1536
1364
1131
684
178
-501
-1463
-2187
-2315
-2173
-1948
-1644
-1658
-1957
-2009
-1941
-2088
-2138
-2083
-2220
-2194
-1759
-1313
-1061
-923
-1120
-1550
-1738
-1778
-2016
-2230
-2285
-2187
-1681
-910
-368
-87
126
96
-163
-407
-810
-1423
-1585
-1154
-737
-271
450
798
902
1454
1751
1294
1041
1238
1099
1223
1883
1781
1109
1105
1232
1042
1467
2006
1781
1589
1979
2065
2012
2526
2861
2774
3151
4311
5489
5980
5361
3830
2128
971
390
-381
-1641
-2943
-3728
-3699
-2829
-2029
-2260
-2757
-2177
-615
941
1772
1751
1627
1783
1748
1476
1181
584
-232
-697
-962
-1128
-1130
-1807
-3033
-3402
-3192
-3608
-4038
-3875
-3683
-3003
-1750
-1230
-1070
-197
339
-127
-415
-541
-1430
-2401
-2996
-3612
-3586
-2636
-1879
-1452
-598
404
890
915
535
-189
-682
-860
-928
-800
-585
-542
-182
514
976
1099
1204
1276
1407
2107
2436
2247
2388
2631
2010
1223
1188
901
643
997
1218
1092
1452
1828
1993
2870
3775
3745
4158
5802
6973
6764
5324
3080
1116
370
-36
-1177
-2858
-4557
-5533
-5021
-3628
-3200
-3935
-3867
-1731
974
2464
2794
2655
2437
2130
1413
551
157
-236
-1187
-1566
-692
352
764
374
-594
-1205
-1440
-2651
-4043
-4096
-4114
-4685
-4324
-3498
-3041
-1857
-672
-834
-669
596
877
139
-173
-756
-1779
-1937
-1776
-2072
-2111
-1851
-1685
-1375
-1094
-994
-891
-1039
-998
-387
144
172
667
1554
1721
1925
2366
2115
1684
1794
1816
1613
1859
2367
2239
1716
1501
1426
1118
888
1107
1114
1155
2160
3439
3786
3827
4975
7307
9540
9916
7549
4107
1946
1024
126
-2195
-5730
-8251
-8979
-8288
-6487
-5135
-5445
-4832
-986
3218
5082
5602
5084
3659
2743
1727
-240
-1543
-1800
-2805
-3501
-2335
-304
959
825
643
467
-403
-2056
-3397
-4050
-4765
-4739
-4490
-4717
-3729
-2060
-2665
-3467
-2078
-966
-993
-442
83
-191
483
1181
104
-1056
-1271
-2070
-3122
-3227
-2970
-2760
-2688
-2360
-1175
-68
523
1384
1809
1739
2542
3334
2785
2282
2606
2232
1954
2833
2723
1814
1808
1878
1663
2110
1909
532
-9
235
562
1528
2972
3740
4195
4830
6233
9750
14569
15944
11341
5008
646
-1002
-1694
-3440
-7661
-13244
-14890
-11877
-8206
-5348
-3744
-3709
-991
6361
11538
10368
7664
5563
1990
-651
-1241
-2722
-4510
-5080
-5718
-4882
-1430
863
459
-543
-509
451
240
-1708
-2488
-1625
-2550
-3524
-1664
-1369
-3361
-3721
-5411
-8900
-7472
-3826
-3993
-3014
1570
4027
4739
6505
5205
875
-1596
-3491
-6614
-8118
-7465
-6588
-5277
-3215
-345
2398
2687
2463
3417
3171
2288
3091
3756
2982
3333
3561
1329
19
895
297
-1042
-826
-644
-743
-53
848
888
513
790
2717
5232
6182
5510
4063
4391
8549
13724
14125
9717
5523
2817
1875
2532
166
-6708
-12471
-13599
-11239
-7745
-6166
-7187
-6184
-342
5387
7537
7996
7277
4944
2570
1528
1401
975
-925
-3934
-5018
-2860
-858
-1917
-3975
-4536
-4081
-436
5807
8525
7958
6756
3336
1057
4659
5218
-3618
-10337
-11461
-14229
-12946
-7167
-9194
-11825
-2906
6249
8696
13178
15235
8450
3805
3367
-1965
-8561
-11412
-14569
-16017
-11494
-5601
-2013
-430
446
3174
6080
6060
5724
6018
3566
2154
4028
3195
-6
-1630
-3954
-7677
-7634
-5389
-5189
-3582
-789
596
2422
3765
2945
1675
1158
771
1580
3468
3601
4706
10036
14968
15985
14555
10387
4475
1031
-634
-5175
-12004
-16500
-17561
-15527
-10420
-6075
-4772
-2040
4377
9614
10842
10953
10567
8332
5883
3938
2113
1272
65
-2913
-4792
-3252
-1711
-2854
-3952
-4428
-3959
-2860
-250
7239
13641
14938
13580
10252
5552
4162
3979
-5132
-15452
-17619
-19603
-20159
-11699
-7083
-9800
-2742
9866
14185
16595
19512
12975
4173
1409
-4083
-12440
-15996
-18014
-19937
-16566
-9753
-3467
1035
3494
6430
10298
10873
8857
7389
3657
-871
-1722
-3058
-6903
-8686
-8937
-10153
-9212
-5167
-2351
-150
2757
4675
6399
7246
5856
3979
2860
1966
1642
2230
4536
9373
13759
13809
10908
8293
5648
3627
1539
-4288
-11117
-14290
-14609
-12528
-8305
-6057
-5655
-925
6829
10632
10855
10876
9813
7690
5789
3647
2009
1077
-817
-3216
-3402
-1407
-591
-2437
-4501
-3833
-2021
-1336
-1031
2179
7586
10687
12398
12716
10217
5355
845
-3671
-9645
-12878
-14547
-17462
-16851
-11677
-8334
-5272
1093
6651
9686
12433
12773
8545
3843
-1197
-8038
-13172
-15616
-17086
-16817
-14533
-10192
-4103
873
4264
7657
10169
10399
9866
8407
4634
761
-2354
-6328
-9172
-7990
-7295
-9329
-8814
-5831
-2989
1060
5719
6615
5179
5379
3870
15
-1393
-1419
-2248
503
4948
7782
12801
18970
21106
18545
15098
10371
5343
2936
-1313
-8998
-14838
-16635
-15414
-11338
-7883
-6993
-4119
3151
9504
10730
10671
11096
9797
7289
5265
4085
3263
1627
-1747
-4499
-3601
-1730
-3504
-6426
-6102
-4837
-4758
-4448
-1155
4983
8282
8174
7831
6719
4457
2968
-372
-8181
-12540
-12181
-14625
-14795
-9270
-8417
-8881
-820
6320
6721
9410
11769
6640
2291
560
-6170
-12843
-14550
-16453
-17245
-13583
-8696
-4269
-18
3740
7732
10872
10710
10146
9680
5956
2454
511
-3929
-7496
-6459
-6513
-8389
-6470
-3195
-1460
1483
4237
4578
4779
4671
2579
598
-870
-2166
-898
2291
5434
8212
12013
17319
22154
23278
18910
12872
7488
3168
-586
-6575
-13951
-18518
-18853
-16398
-11544
-7286
-5396
-1714
5409
10851
12533
13360
12682
9880
6979
4806
2497
324
-2012
-5230
-6799
-5634
-4657
-5823
-7009
-6212
-4989
-3720
-582
2619
4344
5441
5767
5174
5383
5945
1898
-4028
-7065
-10322
-13091
-11342
-9641
-10752
-8012
-1857
1864
5234
9143
7993
4604
3866
1387
-3691
-7537
-10695
-13502
-13108
-10486
-8285
-5956
-3223
304
4383
6722
7685
8623
8227
6175
5282
4178
-18
-3567
-5234
-7045
-7674
-6338
-5151
-4831
-2446
1390
2778
3208
3627
2658
1057
342
321
-1097
-894
2335
5202
7725
10893
14140
17100
19250
17938
12273
6016
1533
-2399
-6332
-11172
-16356
-18110
-15380
-10537
-6039
-2480
747
4942
9751
11928
11442
10078
7500
3974
814
-1258
-2428
-3235
-4449
-5226
-3732
-1213
-854
-1861
-2493
-2257
-1747
-769
3182
5945
6332
6347
5301
4049
4644
5237
-1102
-7936
-8643
-9394
-10114
-6800
-6062
-8089
-3594
3829
6258
6608
7669
4333
392
-496
-3431
-7851
-10296
-11595
-12045
-10100
-6886
-3748
-1796
-274
2919
6379
6651
5778
5964
3983
1578
1409
-404
-4323
-5109
-4899
-7079
-6510
-4421
-5082
-4524
-892
1414
2065
4473
5461
3561
2994
2253
-416
-816
2148
4348
5047
6818
9041
11267
14380
15433
11328
5538
1514
-1754
-4103
-5740
-9050
-13096
-13240
-9542
-5513
-2406
-309
1479
4549
8585
9841
7990
6114
4172
1311
-734
-751
-860
-1709
-1418
-401
896
2747
2698
117
-1709
-1628
-1927
-2210
-300
2712
5040
5182
4605
4680
3770
2198
356
-2876
-6671
-7093
-5843
-6517
-5387
-2887
-3583
-2475
2740
4369
2329
1774
649
-2829
-4146
-4675
-7755
-9109
-7832
-7247
-6315
-3510
-749
868
1842
3263
4629
4183
2521
1418
510
-1038
-1923
-2930
-5103
-6001
-5495
-5988
-6351
-4881
-2811
-921
1211
3383
5274
6373
5744
3971
1624
-945
-1720
478
2151
2176
3243
4572
6666
11451
14508
10918
5655
3132
804
-1014
-1515
-5052
-10089
-10069
-6957
-4244
-1213
475
-431
722
4971
6691
5546
4570
2748
397
236
1060
1003
1485
2236
1837
2373
4287
3680
160
-1862
-2697
-2727
502
2960
2189
1187
754
271
2875
6741
3966
-1824
-3706
-4704
-4659
-2223
-4108
-8617
-7444
-2892
-739
669
1446
-1270
-3021
-1678
-1638
-3039
-4386
-6097
-6557
-4947
-2846
-1708
-2133
-2931
-2009
-278
114
-445
-870
-1282
-1215
95
498
-690
-1944
-2456
-2903
-3434
-3017
-2654
-2921
-2010
540
1975
2846
4139
4016
3940
4730
4136
1974
627
403
544
2919
4694
3659
3975
5952
8563
11379
11520
7588
4250
4080
3354
1767
368
-2860
-5942
-5348
-3986
-3242
-2167
-2184
-2696
-673
2967
4140
3755
3401
2898
2754
3176
3487
2787
1777
741
-132
-287
-250
-1139
-3292
-4224
-4021
-3289
1421
5101
3647
2741
3506
2285
2930
6034
417
-8039
-7184
-6967
-11047
-8881
-8592
-14524
-10871
-800
534
110
5012
3855
65
2284
1603
-3590
-5490
-6605
-9423
-8554
-5075
-4189
-5170
-4837
-2659
-347
119
67
876
1111
1338
2440
2756
1639
618
224
-828
-1808
-2039
-2360
-2276
-981
1671
2733
3116
5232
5611
3843
2313
645
-1259
-1112
-6
-226
1214
4599
6200
7399
9361
10550
12259
13636
11436
6779
3662
1928
490
-760
-3625
-6557
-6736
-5079
-3352
-2375
-2521
-2454
-405
2305
3569
4051
3777
2624
2087
1931
1674
1583
1002
-489
-1290
-221
938
582
-795
-1356
-419
1057
2581
2926
1327
281
816
596
378
533
-2869
-7969
-8265
-7155
-9068
-9438
-8403
-8304
-4643
1892
3985
3953
6274
6385
3738
2747
807
-4269
-7951
-9247
-10062
-9736
-8261
-7295
-6365
-4028
-1115
921
1995
2928
3458
3280
3534
3943
3314
2029
543
-1043
-2144
-2983
-4466
-5405
-4867
-3848
-1675
1456
2816
2997
3633
3423
2417
2034
1084
-1312
-2337
-1488
-703
1090
3390
4488
5696
8219
11504
13704
13866
11343
7256
4122
2138
747
-1235
-4624
-7836
-8496
-6928
-5169
-4613
-4781
-4071
-1547
1813
3966
4758
5182
5794
5908
5659
5724
5244
3296
735
-377
-215
-559
-1669
-3084
-3600
-1672
664
703
-1145
-1960
-1332
-725
756
675
-2400
-4699
-3980
-2653
-2413
-2687
-4056
-4982
-2369
1073
1241
640
701
5
-666
-350
-1333
-4142
-5921
-6723
-6824
-5417
-3862
-3725
-3598
-2498
-1238
159
1116
1178
1522
1994
1913
2246
2538
1556
323
-393
-1827
-2917
-2374
-2247
-2891
-1928
-92
1135
2947
4114
3490
2361
1654
414
-1217
-1751
-2475
-3068
-1688
581
2602
4490
5913
6766
7514
8182
7498
6769
7170
6463
4628
2795
1065
-179
-180
-490
-2649
-4648
-5196
-5205
-4684
-3866
-3608
-2678
147
3205
4705
5495
5646
4663
3345
1845
220
-817
-1534
-2573
-2997
-1924
-626
-73
-81
-487
474
1416
746
41
-664
-1665
-1717
-250
-477
-1637
-1349
-2267
-3636
-2643
-2673
-4707
-4406
-2603
-1929
-659
1575
1510
873
1349
393
-1156
-1676
-2481
-3851
-3952
-3280
-2888
-2410
-1860
-1454
-1180
-968
-793
-720
-412
273
856
1330
1935
2409
2106
1681
1263
275
-586
-1311
-2048
-2104
-1499
-1057
-562
223
616
852
1364
1410
1010
935
675
329
688
1560
2364
3045
3614
3674
3609
3939
3935
3137
2572
2981
3832
4139
3826
2813
1554
1526
2052
1454
-341
-2277
-3769
-4379
-4056
-3843
-3974
-3321
-1522
523
2128
3042
3253
2522
1415
949
816
558
180
-247
-561
295
1828
1883
1309
886
122
-598
-977
-1730
-3205
-3939
-4119
-3938
-2711
-1943
-2177
-2037
-1602
-1206
-731
-612
-854
-530
333
529
533
414
-446
-1228
-1577
-2132
-2773
-3089
-3493
-3685
-3097
-2325
-1678
-982
-423
45
599
1158
1348
1422
1540
1364
1258
1320
1145
681
205
-208
-593
-805
-768
-851
-932
-617
-262
104
665
1141
1179
1105
1272
1225
783
610
748
712
899
1366
1584
1694
2188
2430
2060
2068
2445
2375
2316
2780
3048
3290
3766
3545
2453
1570
1103
211
-860
-1952
-3217
-3920
-3740
-3281
-2693
-1822
-793
429
1636
2347
2379
2091
1590
866
163
-534
-1003
-1093
-1056
-747
-291
209
901
1323
1200
726
-131
-1678
-2777
-2768
-3019
-3525
-3345
-3058
-2699
-1576
-858
-1070
-776
-24
103
242
620
235
-477
-734
-1193
-1629
-1522
-1814
-2273
-2047
-1479
-1032
-585
-209
-107
180
591
551
467
554
398
213
291
535
660
601
455
343
414
595
720
838
1021
1164
1312
1406
1397
1275
917
345
-27
-157
-368
-510
-458
-308
-7
633
1242
1544
1938
2225
2198
2181
1916
1317
829
595
417
291
468
634
850
1356
1788
2058
2181
1911
1169
506
46
-578
-1163
-1647
-2212
-2479
-2195
-1845
-1607
-1202
-859
-646
-198
259
418
417
396
458
523
427
385
260
-194
-556
-742
-1360
-2019
-2048
-2419
-2839
-2326
-1950
-2013
-1308
-335
-125
278
761
534
517
638
49
-461
-401
-496
-688
-537
-457
-442
-205
-299
-573
-540
-579
-747
-698
-534
-419
-183
36
61
129
184
143
266
517
707
810
887
1023
1296
1448
1268
1103
960
691
502
433
313
225
314
391
554
855
801
455
289
226
126
71
-62
-218
-113
133
401
681
857
857
816
838
733
633
531
352
300
375
518
544
487
424
426
557
590
469
236
18
-81
-180
-316
-409
-500
-672
-748
-703
-726
-787
-780
-764
-746
-589
-353
-212
-173
-179
-253
-315
-371
-520
-714
-854
-841
-783
-722
-630
-547
-394
-179
70
278
331
322
333
300
189
29
-161
-364
-489
-465
-424
-499
-572
-636
-680
-591
-542
-621
-720
-775
-813
-820
-686
-555
-482
-264
28
291
493
610
698
743
778
706
492
326
242
167
111
98
61
50
164
311
400
417
337
241
279
348
307
168
-30
-175
-228
-223
-223
-285
-373
-414
-303
-21
380
683
731
813
1050
1187
1107
870
530
229
158
198
188
214
301
386
586
880
1021
924
717
567
444
308
140
-104
-317
-429
-456
-479
-499
-473
-461
-376
-194
-25
82
140
162
137
118
94
-8
-160
-281
-355
-372
-316
-286
-296
-249
-113
34
109
121
63
2
-43
-145
-329
-516
-654
-753
-776
-712
-644
-631
-581
-450
-346
-269
-224
-324
-432
-407
-413
-470
-445
-463
-568
-482
-254
-126
-5
120
148
302
571
609
462
351
244
128
92
-28
-274
-380
-361
-396
-383
-297
-288
-285
-179
-51
48
166
231
184
167
185
169
161
140
93
44
32
91
206
287
315
443
609
702
751
713
603
517
471
386
321
293
257
269
344
420
417
379
327
269
224
190
185
180
193
207
196
205
258
242
140
63
-13
-94
-142
-163
-170
-116
5
62
102
178
197
173
150
96
32
16
24
-9
-34
-10
-2
-1
18
-33
-130
-186
-240
-329
-413
-500
-588
-606
-575
-570
-577
-526
-442
-366
-298
-236
-178
-162
-183
-220
-264
-309
-350
-377
-439
-506
-506
-481
-466
-416
-368
-370
-331
-234
-221
-259
-228
-179
-171
-149
-157
-239
-244
-191
-202
-229
-217
-200
-167
-73
5
52
132
229
285
319
383
432
427
405
386
357
330
318
302
307
346
370
366
375
387
367
347
328
332
383
434
475
551
625
621
577
524
435
342
265
169
83
78
124
176
225
269
318
370
397
398
390
346
272
204
140
77
55
39
-39
-82
-55
-40
-41
-17
-3
-3
32
56
25
-17
-82
-192
-297
-380
-453
-510
-563
-581
-556
-509
-447
-389
-350
-327
-280
-245
-259
-272
-290
-340
-385
-411
-437
-464
-475
-484
-486
-438
-359
-332
-338
-319
-276
-236
-196
-150
-125
-100
-73
-63
-41
-19
-8
-5
-19
-23
-14
-29
-37
-10
6
12
33
42
20
-6
-18
-30
-21
0
14
66
149
230
290
319
334
357
370
355
310
287
288
271
267
296
321
332
343
345
340
355
351
312
296
303
309
324
336
320
294
292
292
289
275
242
218
213
198
164
131
106
86
87
99
103
91
70
40
1
-21
-52
-119
-179
-212
-229
-216
-202
-223
-239
-224
-213
-221
-247
-289
-328
-338
-330
-322
-327
-339
-324
-280
-245
-232
-231
-240
-237
-226
-205
-195
-219
-245
-261
-249
-210
-178
-180
-196
-173
-150
-142
-120
-122
-145
-144
-120
-89
-53
-27
-25
-30
-24
-33
-61
-82
-80
-58
-37
-9
25
62
116
166
204
240
259
260
251
240
231
209
179
154
141
141
140
143
162
175
180
201
223
232
233
223
191
161
146
119
96
85
68
71
103
115
110
113
121
130
132
122
108
104
92
58
32
5
-28
-50
-76
-98
-106
-104
-96
-98
-97
-82
-58
-33
-8
-2
-12
-22
-44
-81
-119
-142
-164
-178
-185
-170
-137
-106
-66
-40
-36
-37
-23
-25
-43
-58
-69
-65
-59
-67
-81
-79
-78
-88
-94
-87
-54
-30
-23
-5
23
37
29
24
17
3
-3
-15
-36
-54
-56
-39
-20
4
26
36
54
78
83
75
76
76
63
58
62
67
71
61
46
59
80
83
77
69
61
57
50
28
6
-5
-16
-18
-9
-8
-10
-7
-4
-6
-10
-19
-28
-32
-38
-46
-43
-33
-30
-42
-56
-57
-60
-63
-72
-81
-83
-71
-56
-48
-39
-35
-28
-19
-23
-33
-32
-28
-31
-9
16
28
48
62
60
55
50
37
20
19
23
10
-8
-10
-2
-6
-7
0
-7
-17
-2
10
8
19
27
28
46
72
84
90
97
95
87
75
64
49
27
13
12
15
19
23
29
30
34
41
43
50
56
54
50
48
47
37
27
22
11
1
-6
-16
-27
-32
-39
-41
-24
-11
-11
-8
-6
-13
-24
-37
-53
-55
-55
-61
-62
-52
-49
-43
-30
-17
-17
-19
-12
-17
-23
-18
-29
-46
-48
-50
-62
-72
-75
-78
-76
-72
-75
-69
-58
-47
-41
-40
-42
-42
-40
-54
-65
-60
-62
-64
-48
-33
-31
-21
-12
-13
-13
-6
-3
-2
1
3
9
18
31
33
30
37
44
45
41
33
22
14
12
5
3
9
17
31
51
66
77
92
107
116
123
117
106
105
105
103
97
81
68
59
53
49
49
49
44
46
58
73
86
93
89
85
80
69
50
29
13
0
-5
-3
0
-4
-8
-16
-20
-17
-17
-24
-29
-33
-39
-45
-49
-58
-71
-75
-68
-62
-51
-39
-36
-37
-28
-22
-27
-26
-25
-35
-48
-61
-77
-96
-114
-131
-136
-133
-129
-120
-109
-98
-86
-74
-72
-70
-63
-58
-51
-36
-29
-31
-26
-16
-13
-19
-22
-26
-28
-23
-16
-16
-20
-20
-17
-11
-6
-5
0
9
25
39
47
56
69
82
89
90
87
84
80
74
70
65
63
59
48
33
31
38
40
43
53
66
79
83
81
79
79
79
81
81
83
85
85
76
72
65
54
40
29
18
9
10
14
9
-1
-5
-3
-7
-19
-30
-38
-38
-30
-31
-33
-23
-14
-7
1
8
3
-5
-9
-19
-32
-42
-57
-65
-64
-64
-66
-69
-72
-75
-78
-77
-72
-69
-64
-52
-41
-33
-27
-25
-25
-19
-20
-28
-29
-25
-27
-24
-19
-22
-24
-19
-11
-10
-16
-23
-34
