-26
-27
-28
-25
-24
-24
-21
-12
-3
2
4
5
6
2
-7
-18
-27
-36
-45
-48
-44
-39
-31
-21
-10
1
5
0
-11
-17
-26
-42
-52
-60
-74
-85
-85
-78
-67
-57
-39
-11
45
124
149
140
123
68
17
-22
-25
-26
-53
-45
-11
86
216
242
233
261
285
293
290
316
335
280
268
389
619
843
823
626
505
421
279
64
-108
-251
-622
-1009
-1048
-824
-596
-623
-673
-327
273
742
942
1081
1188
1011
709
696
811
528
-165
-737
-814
-700
-767
-936
-1094
-1184
-1321
-1444
-1148
-560
-276
-293
-23
584
962
832
371
-280
-1019
-1660
-2068
-2023
-1696
-1555
-1380
-743
130
651
635
401
130
-303
-743
-907
-858
-900
-1184
-1304
-1043
-594
-263
-294
-273
71
469
905
1465
1945
1995
1542
863
244
-254
-708
-1145
-1319
-1037
-503
147
754
1216
1525
1538
1493
1699
1924
2030
2179
2196
2494
3660
5042
5356
4179
2630
1454
724
474
-105
-1189
-2429
-3720
-4360
-3719
-2563
-2434
-2944
-2094
181
2187
3365
3806
3489
2786
1923
1163
996
926
-231
-1303
-183
1514
1487
541
-641
-2514
-3906
-3798
-3406
-3148
-2862
-3349
-3314
-951
1278
1000
153
170
-119
-663
-396
-403
-1405
-2312
-2777
-2423
-1157
-329
-693
-1186
-795
-319
-488
-587
-543
-1142
-1981
-2237
-1830
-1268
-1081
-1080
-853
38
939
1116
1346
1689
1462
979
1138
1522
1237
422
-548
-1242
-1568
-1496
-1434
-1262
-287
591
1054
1685
2593
3116
2768
2989
3857
4835
7156
9451
9329
7123
4515
2521
952
295
-434
-2724
-4713
-5890
-6554
-5314
-3327
-3315
-4564
-3359
559
3497
4717
5478
5148
4188
3391
2364
1610
838
-529
-2163
-2177
408
2370
3573
4756
3839
1274
-1837
-4176
-5275
-5529
-5383
-5918
-5587
-4183
-3233
-1659
-404
-1490
-2611
-1320
1192
2803
3118
2509
801
-503
-1194
-2891
-4574
-5531
-6593
-6926
-5405
-3038
-1659
-1540
-1293
-893
-536
151
103
-316
-429
-745
-789
130
1423
1277
-29
-932
-1619
-1521
-98
876
917
926
1009
930
720
251
-1208
-2599
-2160
-359
1265
2498
3552
4687
5729
7509
11955
15306
14389
10791
6774
4044
1830
397
-1727
-5174
-7599
-9953
-10825
-7445
-3200
-3117
-4996
-2517
3435
7140
8090
7817
6521
5633
4707
3411
2572
1545
-779
-3822
-3496
-521
161
-1448
-2570
-547
2094
3280
5058
4891
1913
-713
-1312
-1489
-2901
-3775
-6466
-10609
-10202
-8183
-8100
-6255
-2703
-764
1513
7271
11426
9699
6857
3749
-1610
-6142
-8940
-11737
-13991
-14256
-12305
-8696
-3921
774
3003
3823
5311
6361
6424
5207
3642
2106
-414
-2375
-3556
-4858
-6306
-7957
-7554
-5024
-2661
-15
2423
3840
4272
4270
3615
1277
-954
-2298
-3270
-2846
1172
5602
7649
8749
8816
12003
16370
17765
14919
8206
3579
-343
-2545
-2293
-4659
-8636
-12992
-13894
-8570
-2374
-860
-2887
-2064
3724
8096
8825
9026
7735
5557
3117
1553
2272
2286
-6
-3536
-4580
-2067
-294
-1021
-2184
-2995
-2641
454
3076
3669
4545
5004
2965
920
1886
362
-4759
-7332
-8692
-9843
-7080
-4177
-5964
-6078
-767
2567
2255
4229
6119
3938
1865
416
-3088
-6953
-9726
-12699
-14765
-13006
-9276
-6127
-2436
2436
6349
8249
8771
8198
6836
4308
1483
-1275
-3617
-4557
-5772
-7170
-7561
-6660
-4642
-2617
-220
1289
1807
3615
4586
3754
2887
1483
-1299
-3144
-1832
-498
-338
2040
5787
7920
13417
22204
24917
21161
15443
10190
4656
987
-780
-7524
-14320
-16777
-17890
-15444
-8832
-3954
-4849
-3802
4332
11439
13355
12948
9957
6378
4847
3102
837
-429
-1351
-4389
-6570
-3872
-1225
-1970
-3927
-5650
-6523
-4326
287
2844
5087
8527
8782
6056
5452
5354
168
-5669
-8393
-11782
-13145
-10389
-9266
-9850
-6065
150
2753
5172
9652
10084
6706
3877
593
-3868
-7872
-11566
-15401
-16850
-14375
-10424
-6510
-2105
2305
5746
8082
9613
10051
8888
6404
3643
666
-2761
-6459
-9873
-11459
-11533
-10446
-7990
-5466
-3249
-420
3221
5610
6592
7483
6828
4537
2532
1020
-932
-2267
-2056
-952
2615
7232
11468
18199
23547
23134
17959
12137
7385
2270
-304
-4435
-11220
-14338
-15678
-15372
-10927
-5566
-4451
-4446
1450
9709
13588
13994
12359
9221
7120
4566
1146
-1036
-2397
-4177
-6244
-5023
-1115
514
-1134
-3446
-3871
-2945
-2283
-2218
172
4381
6251
7496
8975
8580
5377
1493
-2568
-8201
-10003
-9903
-13148
-13646
-10245
-8278
-6084
27
4820
4674
5970
8079
5718
2935
552
-4969
-10474
-12826
-14064
-15012
-13144
-8962
-5116
-1121
3792
7848
10128
9793
7665
5684
2646
116
-1909
-4655
-7390
-10197
-11598
-11666
-9975
-6660
-3050
533
3795
7683
11061
11118
8552
5476
1529
-2258
-3746
-4255
-5660
-5207
-3118
-875
3605
8916
16086
22552
24800
22467
15873
10695
5842
2887
558
-6990
-12770
-15065
-15782
-13386
-9064
-7283
-8622
-4159
6070
12117
13481
13463
10521
7758
6591
3896
536
-1369
-2354
-4812
-4681
-400
1197
-1143
-3302
-3701
-2881
-2197
-2799
-662
4099
7660
8815
8562
8736
5725
2067
-1301
-6478
-9391
-12001
-15507
-16053
-12452
-8675
-6539
-1472
5740
9333
10758
11080
8003
4007
-433
-5884
-10917
-13876
-14714
-15080
-13055
-8469
-4537
-1754
637
2983
5012
5788
5558
4968
3779
2061
300
-1569
-2926
-3862
-5055
-5751
-5933
-4779
-2655
212
3332
5184
6801
5994
3151
584
-2343
-5701
-8664
-8823
-7507
-4862
145
3504
6165
9779
12579
18654
25943
27822
22287
13697
8553
3477
1268
-294
-8259
-15059
-18113
-17891
-13972
-8551
-6688
-9140
-4803
6701
13758
14966
14060
11435
8661
5863
3074
1005
-1079
-3944
-7465
-6738
-1049
2222
716
-2399
-3349
-2561
-3682
-3283
-405
1613
3554
4115
4770
6451
6948
3888
-2278
-4916
-6982
-11898
-13506
-12277
-11959
-10137
-4612
1539
6318
10909
12464
8995
5818
3198
-2543
-8718
-12584
-14694
-15738
-14977
-11887
-8055
-4526
-1460
1113
3640
5839
7806
9014
7967
6589
6193
4607
804
-3280
-5874
-8526
-10334
-9428
-7729
-5951
-2690
1778
4984
6567
7437
6152
2735
-112
-1847
-3454
-4654
-3823
-2019
-178
2284
4455
6746
7965
12802
20234
22436
19789
13365
8616
4680
2239
1571
-4695
-10536
-13234
-14498
-12096
-7618
-5983
-8841
-7111
2581
10061
11675
11626
10182
8745
7667
5067
2765
1467
-987
-5206
-5782
-1262
966
-1338
-4300
-5083
-4772
-4686
-6056
-6329
-1263
2196
3915
8616
12231
10749
5539
2719
-989
-4934
-6289
-12217
-17456
-14893
-11590
-10594
-5984
579
2954
5347
10919
11528
7906
5217
-663
-7268
-9571
-10987
-14276
-15536
-13027
-9703
-5575
-790
2640
5402
7431
7945
9174
9903
8364
5831
1659
-2700
-5701
-7168
-8577
-10621
-10033
-7817
-4905
-830
3101
6385
7815
8104
8236
6986
4440
1559
-1600
-4565
-5165
-2585
-633
110
1382
3191
5758
7524
12307
18252
19686
16886
10958
7083
4120
3432
2549
-4665
-10324
-12505
-13777
-12501
-8433
-7421
-10189
-6518
3357
9404
10506
10485
8738
7092
5666
2450
-508
-1838
-3547
-6144
-4560
166
1445
-1305
-3738
-4253
-4109
-4246
-5378
-2006
3362
5753
7759
9121
9343
5671
2385
-868
-6228
-8963
-13621
-18377
-17169
-13605
-11947
-8225
130
6726
9937
13612
14525
11375
8045
2662
-3897
-7775
-10181
-12982
-14436
-13174
-10597
-7386
-4308
-1108
3063
6329
7740
9627
11486
10279
7803
5062
917
-3167
-6772
-10269
-13102
-13395
-11219
-7842
-3419
1687
7091
10657
11892
12151
10917
6883
1987
-1458
-4442
-6130
-5431
-4046
-3279
-1072
2501
5344
7874
9893
13672
17933
18823
16052
11624
8200
4298
1779
-876
-6641
-11117
-13659
-15037
-12805
-7796
-6561
-7830
-3443
4726
8817
8879
8341
6632
4790
3226
1048
-250
24
-513
-2531
-1798
1102
1043
-1764
-4220
-4682
-5218
-6408
-4802
-1199
2660
4139
3348
3888
4760
5079
2342
-2590
-6930
-11077
-13048
-12569
-10911
-9181
-7412
-3374
3478
9763
12089
10671
8230
5258
1424
-2205
-6062
-9517
-11304
-11454
-10270
-7575
-4363
-3087
-2559
-434
2308
4764
6987
8227
8302
7769
6314
3373
-333
-3762
-6672
-8942
-10513
-10105
-7502
-4379
-565
3682
6868
8695
9312
7886
4756
1938
-698
-3525
-4563
-3982
-3372
-2032
198
2169
3398
4234
4591
5460
7129
7301
8825
12896
15110
13655
9845
6463
3036
1564
754
-3780
-8037
-10574
-11877
-10236
-6556
-4918
-5525
-2838
3259
7197
7497
6778
5721
4416
2857
1341
1313
1411
-105
-2100
-2000
390
973
-1056
-3121
-3032
-664
-543
-2262
-2643
-2401
-2627
-2436
611
2187
-113
-2745
-5659
-7373
-6830
-7152
-8667
-7036
-2020
1652
3571
5656
5898
3748
1661
-358
-1816
-2476
-4593
-6494
-6031
-4999
-4531
-5007
-6103
-6126
-4512
-2622
-727
2081
4055
4564
5606
6297
5369
3500
802
-2018
-3300
-3877
-4732
-4675
-3792
-2867
-1344
1208
3242
4343
4794
4026
3277
3206
2674
1223
148
-204
-533
-218
720
1090
534
236
805
1725
2536
3495
4583
7244
11759
14222
13518
11158
8790
6018
3462
1794
-2107
-6672
-10121
-12196
-11134
-8763
-8185
-8614
-5688
58
3917
5613
6252
5710
5242
4714
3089
2453
2822
1421
-755
-472
1097
537
-1735
-3866
-4657
-4247
-4460
-5368
-4292
-2335
-1498
248
2408
2686
966
-667
-1869
-2465
-2377
-4282
-6201
-4547
-1432
162
1492
4197
6130
6209
5626
4279
2490
-172
-4160
-7124
-7987
-8185
-8168
-7603
-6796
-5240
-2841
-675
1109
3327
5102
5339
5754
6444
5458
3264
1146
-994
-3394
-5490
-6315
-5993
-5021
-3150
-698
1746
4139
5974
6375
5441
3733
1695
-642
-2628
-3992
-5517
-6158
-5646
-4593
-2697
-1039
4
1244
2841
3994
4457
5500
6267
5797
6299
8284
9199
8126
6075
3549
1435
661
80
-2585
-6325
-8669
-9971
-9593
-7642
-6321
-5600
-3508
824
4844
6843
7440
7287
6498
4611
2575
1432
413
-1088
-2020
-1561
-291
738
1047
690
929
1370
-248
-1925
-1423
-683
-1385
-1312
477
1195
1215
1059
-337
-1156
-619
-902
-1488
-22
1782
2426
3503
4374
3393
1646
-187
-2026
-2887
-3579
-4856
-5347
-4461
-3713
-3071
-1767
-1149
-1041
-535
-110
395
1171
1512
1133
519
466
673
48
-812
-1488
-1925
-1878
-1419
-964
-1306
-1097
-547
-690
-415
-225
-934
-2079
-2882
-3464
-3548
-3434
-3935
-3860
-2782
-1733
-840
539
1439
2059
2943
3055
2726
2739
3145
3018
3005
3738
4568
5438
5339
4338
3097
2076
1554
958
-96
-1813
-3440
-4571
-4743
-3934
-3253
-2907
-2096
99
2609
4093
4383
4182
4096
3498
2463
1508
1125
1019
680
748
1759
2758
2924
3097
2350
752
173
-122
-1432
-2415
-1992
-2614
-3059
-858
494
-77
52
37
-1070
-428
1416
882
-291
576
1360
664
136
-309
-1601
-3011
-3595
-3444
-3298
-3082
-2618
-2247
-1894
-1170
-655
-1055
-1314
-991
-1184
-1648
-1211
-323
76
-24
-4
413
530
509
901
1019
601
545
727
122
-671
-1098
-2159
-3329
-3335
-3352
-3958
-3650
-2540
-1691
-1177
-596
196
626
900
1358
1776
2013
2176
2259
1743
1184
1182
1222
1129
1441
1972
2535
3893
5359
5635
4653
3402
2584
1774
857
-389
-2228
-3908
-4467
-4057
-3576
-3248
-2742
-1850
-293
1621
2620
2871
3144
3054
2555
2218
2227
2135
1682
1479
1908
2230
2093
1549
871
-101
-1153
-1586
-2369
-2876
-2275
-1738
-1440
-641
442
787
1171
1807
1444
791
889
889
110
-527
-810
-1405
-2025
-2165
-2001
-1884
-1699
-1243
-900
-746
-479
-326
-549
-1028
-1256
-1368
-1612
-1584
-1360
-1366
-1405
-840
-127
244
748
1292
1416
1448
1734
1629
856
104
-684
-1868
-2803
-3198
-3419
-3372
-2880
-2318
-1684
-784
-96
176
228
220
122
97
236
387
553
745
1072
1467
1720
1737
1595
1343
1220
1428
1586
1557
1713
2326
3054
3560
3648
3006
1901
1126
755
92
-948
-2094
-3020
-3321
-2912
-2241
-1806
-1277
-264
822
1520
1947
2114
1836
1253
796
752
846
908
1103
1618
2165
2315
2450
2251
1311
402
-353
-1433
-2299
-2103
-1906
-2162
-1456
-377
-121
218
937
715
13
280
414
-435
-833
-680
-1070
-1413
-1134
-1190
-1810
-2115
-1953
-1831
-1640
-1267
-1092
-912
-401
210
457
205
-99
-308
-645
-1025
-1175
-1256
-1308
-998
-380
13
179
520
667
592
530
251
-309
-915
-1383
-1749
-1760
-1590
-1507
-1247
-980
-767
-379
-94
-51
55
324
640
1068
1628
1769
1477
1364
1346
1206
984
585
195
109
292
847
1430
1733
2046
2600
3190
3241
3048
2639
1896
1368
821
31
-756
-1462
-2021
-2137
-1878
-1617
-1268
-658
101
925
1593
1740
1655
1621
1340
955
860
773
748
883
980
1251
1335
1110
774
441
-58
-828
-1308
-1857
-2259
-1971
-1904
-2107
-1637
-1042
-916
-521
1
-39
-378
-381
-557
-1063
-1212
-1474
-1834
-1871
-1801
-1620
-1289
-1006
-713
-417
-335
-301
-307
-462
-709
-784
-728
-854
-814
-629
-708
-704
-416
-190
-62
27
247
548
779
1094
1118
917
673
252
-157
-550
-833
-1094
-1318
-1184
-860
-501
-31
324
565
802
1035
1172
1191
1330
1319
1192
1190
1224
1195
1075
974
879
909
1038
1193
1275
1325
1401
1414
1528
1686
1751
1688
1591
1466
1192
793
360
-52
-458
-858
-1147
-1129
-998
-953
-861
-683
-501
-323
-132
-40
-71
-65
-34
-13
173
373
555
734
836
890
765
515
128
-340
-819
-1238
-1480
-1674
-1803
-1795
-1710
-1512
-1174
-953
-868
-705
-505
-438
-528
-597
-659
-686
-648
-591
-437
-229
-94
13
114
132
42
-204
-463
-627
-743
-824
-848
-738
-556
-386
-180
34
188
291
361
474
586
623
649
698
718
595
346
56
-232
-490
-643
-717
-699
-555
-438
-283
-99
71
220
350
503
533
576
702
759
771
797
867
950
981
925
897
932
900
836
815
735
553
412
254
127
230
419
612
837
1000
1024
1022
1011
841
571
240
-134
-407
-554
-705
-779
-681
-540
-409
-206
1
65
88
73
8
24
54
-37
-187
-231
-154
-72
-43
-73
-184
-346
-547
-714
-798
-886
-955
-984
-936
-775
-600
-522
-556
-592
-608
-672
-683
-665
-678
-635
-497
-326
-198
-65
34
64
94
89
-8
-134
-231
-349
-425
-449
-453
-456
-416
-319
-262
-185
-71
60
175
286
382
428
463
509
537
455
381
307
207
165
111
44
-34
-7
131
228
336
423
469
524
552
552
479
406
378
306
240
251
291
319
389
510
590
585
596
595
516
464
369
266
243
245
266
311
357
353
343
364
360
296
262
243
223
253
245
248
245
189
81
-104
-318
-518
-711
-844
-899
-914
-854
-741
-580
-452
-318
-118
-39
3
66
65
31
-22
-96
-208
-281
-374
-547
-697
-798
-870
-910
-887
-809
-705
-595
-478
-297
-142
-52
26
70
80
35
-65
-169
-237
-298
-349
-293
-171
-85
-44
-9
48
86
69
-2
-68
-91
-87
-24
59
137
226
270
270
258
222
150
124
133
131
164
214
259
287
334
364
350
361
339
278
212
154
122
103
115
140
162
203
244
272
284
275
234
190
177
172
152
135
110
94
132
148
111
126
197
264
334
400
439
455
492
525
515
450
328
165
6
-101
-163
-225
-293
-307
-261
-212
-185
-179
-186
-196
-193
-169
-156
-139
-98
-48
11
64
101
87
18
-56
-135
-220
-301
-347
-360
-377
-400
-398
-386
-373
-336
-295
-257
-193
-137
-107
-71
-21
3
-3
-2
-23
-55
-60
-67
-93
-128
-169
-226
-276
-300
-309
-291
-244
-191
-134
-53
28
90
142
193
227
234
238
250
246
218
167
97
36
-28
-95
-136
-146
-126
-97
-63
-23
23
56
46
58
108
127
126
134
137
126
103
79
81
108
118
101
95
108
95
84
69
57
57
24
2
7
38
46
26
15
7
21
35
59
102
144
162
167
186
207
198
142
83
44
9
-24
-23
8
29
72
142
200
244
258
233
187
151
117
47
-20
-60
-101
-133
-150
-157
-156
-150
-138
-133
-127
-103
-81
-54
-10
40
91
121
125
105
61
-8
-90
-158
-197
-217
-232
-221
-194
-164
-144
-125
-117
-128
-139
-157
-174
-165
-151
-156
-151
-126
-102
-79
-71
-72
-73
-74
-93
-132
-146
-161
-179
-166
-157
-137
-116
-112
-105
-90
-80
-90
-82
-48
-18
17
33
47
72
69
49
54
77
73
80
98
105
121
141
142
124
113
92
70
86
100
98
108
136
159
161
168
175
162
145
135
126
110
96
92
95
107
124
151
185
218
228
223
207
191
194
184
164
143
112
78
63
55
39
31
41
54
62
69
55
25
0
-26
-42
-51
-65
-79
-88
-87
-77
-73
-72
-76
-66
-45
-24
-14
-28
-49
-58
-62
-66
-73
-83
-101
-127
-148
-163
-176
-182
-175
-153
-132
-110
-88
-76
-71
-75
-84
-99
-122
-154
-195
-216
-220
-222
-219
-207
-175
-119
-61
-18
15
36
45
43
28
2
-25
-46
-68
-86
-88
-92
-89
-76
-66
-57
-41
-19
-8
4
20
24
37
52
50
39
32
24
22
26
30
38
45
45
43
48
62
68
82
93
94
95
91
82
68
56
40
29
28
26
26
35
43
40
44
53
60
78
105
131
150
171
190
189
173
152
132
120
116
107
97
90
81
71
54
39
25
26
31
40
56
69
79
89
99
92
75
55
35
21
11
1
-5
-2
-11
-27
-38
-50
-61
-63
-63
-74
-82
-82
-86
-88
-97
-104
-105
-110
-110
-111
-109
-108
-112
-111
-104
-101
-97
-98
-95
-101
-113
-108
-98
-88
-78
-69
-61
-54
-57
-73
-90
-103
-123
-135
-130
-122
-106
-92
-79
-48
-16
-1
15
29
31
19
-1
-19
-37
-44
-44
-40
-21
2
26
50
69
81
82
75
68
57
51
47
41
34
29
33
36
35
41
60
88
117
138
152
156
157
157
150
136
117
94
72
52
34
22
17
15
18
31
41
49
63
68
69
80
86
86
83
76
67
61
59
49
35
23
8
-6
-18
-24
-27
-29
-33
-35
-36
-36
-36
-35
-34
-38
-49
-59
-67
-71
-79
-79
-73
-71
-67
-67
-73
-74
-72
-70
-71
-63
-56
-50
-44
-43
-45
-55
-73
-84
-88
-93
-93
-86
-77
-62
-53
-53
-52
-49
-45
-43
-42
-35
-29
-19
-14
-15
-15
-18
-16
-14
-15
-9
0
9
20
24
22
9
-3
-3
-1
2
3
2
11
24
39
48
55
67
78
88
100
109
109
96
87
84
74
63
53
47
48
47
43
35
29
25
21
20
31
36
35
38
42
43
32
25
17
10
14
15
14
21
32
38
40
40
35
26
26
27
24
27
25
23
14
3
-4
-10
-13
-15
-18
-22
-25
-21
-22
-35
-45
-53
-62
-68
-72
-79
-74
-57
-47
-40
-29
-19
-16
-16
-20
-25
-30
-36
-42
-46
-43
-41
-41
-43
-38
-34
-34
-32
-27
-23
-22
-20
-23
-29
-32
-35
-37
-39
-40
-41
-45
-46
-36
-28
-25
-26
-25
-23
-21
-13
-11
-6
4
4
5
11
18
22
28
38
46
50
53
50
52
47
36
33
32
33
32
22
12
12
14
11
12
16
20
22
25
31
39
