28
31
33
30
33
40
41
42
44
43
42
44
45
42
38
32
40
72
106
127
124
105
94
91
76
60
53
27
-6
-8
25
85
150
172
159
198
270
260
162
71
13
-42
-77
-83
-86
-109
-146
-187
-214
-177
-101
-115
-237
-291
-209
-164
-202
-197
-157
-162
-165
-165
-249
-380
-485
-599
-715
-750
-740
-750
-755
-732
-686
-633
-615
-625
-621
-607
-565
-503
-451
-377
-299
-234
-80
122
127
7
26
37
-90
-116
-60
-102
-24
301
604
749
798
845
905
937
1063
1346
1519
1507
1624
1778
1804
1949
2004
1576
1279
1778
2501
2675
2208
1411
680
130
-291
-477
-611
-1106
-1784
-2233
-2115
-1069
254
458
-257
-326
586
1408
1485
1203
982
653
648
1823
2992
2423
832
-893
-2841
-3753
-2833
-2158
-3129
-4335
-4487
-3836
-2787
-1223
406
670
-258
74
1625
1819
954
428
-779
-2426
-2491
-1746
-1866
-2044
-1801
-1776
-1554
-697
100
163
-631
-1531
-1548
-1106
-892
-523
-10
76
66
266
302
381
619
617
674
1135
1429
1493
1776
1726
1094
617
288
-373
-875
-849
-711
-338
511
1403
2017
2579
3155
3585
3696
3470
3355
3506
3355
2801
2954
4161
4910
4075
2199
396
-823
-1699
-2618
-3381
-3707
-3972
-4440
-4697
-3858
-1646
336
242
-696
109
2064
2820
2232
1596
1409
1196
317
-400
312
1236
700
-460
-923
-819
-879
-1910
-3873
-5116
-4639
-3697
-3508
-3325
-2051
-492
-359
-699
778
2514
1812
398
504
719
57
-416
-806
-1686
-2092
-1822
-1999
-2253
-1558
-715
-917
-1447
-960
-27
-242
-1122
-991
-430
-498
-395
189
614
1107
1614
1495
1562
2123
1798
925
667
194
-600
-812
-1267
-2021
-2012
-1817
-2023
-1994
-1567
-798
423
1609
3106
4898
5538
5516
6115
6139
5456
5761
5549
4152
4709
6282
4978
1967
14
-1649
-3383
-4243
-4679
-5196
-5651
-5999
-6028
-5159
-2781
489
1743
479
1191
4639
5936
4387
3467
3037
1705
580
-282
-1209
-1070
-640
-1555
-1878
333
2823
2908
782
-1442
-2417
-2869
-3611
-3997
-3433
-2527
-2185
-2573
-2304
-543
564
-372
-900
400
1532
1756
2049
1996
1125
285
-521
-1861
-2951
-3353
-4142
-5253
-4810
-2796
-1380
-1111
-652
249
649
592
814
1074
885
544
173
-234
-205
-131
-1377
-3213
-3467
-2747
-2636
-2478
-2097
-2461
-2703
-2006
-1390
-852
186
1002
1150
1454
2455
3441
3252
2380
2671
3614
3731
4054
5017
4647
4335
7242
10465
9987
7083
3901
462
-2310
-3412
-4142
-5575
-7048
-7719
-7717
-6549
-2879
1574
2401
311
1165
5151
7285
6793
6028
5261
4324
3581
2325
959
774
468
-2253
-5256
-3848
857
2876
1339
940
1890
1038
-444
-816
-1419
-2165
-2279
-3353
-4696
-3424
-1016
-1316
-3449
-3214
-396
1147
768
1595
3016
1881
-110
-276
-782
-2795
-4121
-5064
-6384
-5936
-4099
-4007
-4921
-4121
-2564
-2283
-2364
-1207
165
100
-412
202
819
265
-662
-2035
-3955
-4591
-4025
-4473
-4781
-3372
-2502
-2621
-1644
-215
577
1376
1709
1394
1474
1850
2294
2991
3185
3241
4248
4952
5341
6897
7768
7898
10632
13631
12473
9191
6196
2750
-325
-2329
-4178
-5477
-6178
-7479
-8363
-6800
-2912
1249
2757
1913
3271
7231
8771
7108
5670
5149
4608
3813
2479
1413
1702
1405
-1700
-4826
-4323
-2546
-2683
-2298
587
3159
3701
3289
2014
538
528
501
-1731
-4157
-4754
-5296
-6985
-7467
-4966
-2792
-3745
-3685
32
2511
1908
2022
2066
-415
-2570
-3449
-5960
-8465
-8300
-8451
-9896
-8884
-5359
-3006
-2856
-2638
-967
745
1463
2129
2561
1786
902
434
-964
-2724
-3553
-4773
-6674
-6758
-5083
-3621
-2365
-1050
465
2562
4530
5349
4933
3845
3156
3079
2620
1909
1623
1593
1640
2122
3083
4374
5912
6549
7045
10378
15148
16585
13615
8984
5284
3003
956
-1669
-4430
-6506
-8090
-9740
-9910
-6382
-858
1428
-408
-311
4494
8797
8933
7235
6317
6215
5790
4244
2480
2094
1557
-1994
-6680
-7591
-4929
-3998
-6275
-6846
-1543
5040
6619
5232
3825
1629
-896
-2355
-3469
-4366
-5071
-7968
-11914
-11498
-6504
-2830
-2927
-3522
-788
3655
5225
4990
5126
2957
-2069
-5603
-6515
-6916
-6846
-6992
-8271
-7988
-4500
-1488
-1302
-1459
-427
446
708
1836
4119
5342
3978
1836
822
304
-1273
-4017
-6211
-6873
-5983
-3964
-1993
-91
1992
3129
3310
3703
4249
4097
3196
2116
1537
2284
3079
2057
1369
2055
1986
2209
4110
5110
4402
5849
10099
13140
13330
11105
7146
3490
1211
-1076
-3837
-6064
-7544
-9029
-10618
-9515
-4071
834
408
-1200
1335
5533
7467
6685
4557
3171
3389
2995
746
-208
925
62
-4144
-7092
-5486
-3040
-3629
-5327
-4992
-1620
3881
7461
6974
5615
4336
736
-3624
-5162
-4961
-6219
-9327
-11439
-9630
-5773
-3190
-1133
688
1340
3194
6479
7213
5918
4793
1087
-4070
-5178
-4133
-5807
-8235
-8322
-7026
-5046
-2511
-634
271
907
1493
2323
3673
4871
5278
3912
1304
284
431
-1301
-4264
-5831
-6258
-6065
-4375
-1829
265
2198
3816
4405
4747
4712
3233
810
-1307
-1935
-1362
-1256
-1482
-1055
-602
-253
795
2336
3951
5320
5771
6711
10673
15369
15955
12261
7582
4161
1902
-861
-4341
-7018
-8984
-10915
-11731
-10246
-6077
-1094
530
-879
278
5267
8625
7413
4893
3844
3846
3725
2578
1070
574
-55
-2467
-4908
-4327
-1978
-2019
-3911
-3976
-897
3269
5289
5045
4297
3202
1142
-1084
-2452
-3173
-4210
-6426
-8446
-7282
-3879
-2108
-1669
-520
1155
2839
4275
4988
4697
3385
373
-3203
-4750
-4912
-6054
-8507
-10144
-9036
-6218
-3997
-2680
-1118
692
2034
3127
4252
5294
5583
4102
1549
-134
-919
-2303
-4684
-6979
-7419
-5666
-3591
-2511
-985
1320
2265
1869
1608
1551
919
40
-887
-1991
-2016
-828
-139
-805
-1250
-250
1062
1369
1754
3813
6183
7692
8853
10390
12817
15219
15005
10739
5422
2323
24
-3603
-6871
-7638
-7106
-7447
-8375
-7628
-4378
-381
1286
127
476
4320
7556
6980
5091
5110
5689
4448
1769
132
480
355
-2151
-5074
-5108
-2602
-1248
-3203
-4896
-2245
1389
2181
2967
5327
5507
3227
1218
-663
-2020
-2199
-3758
-7186
-8174
-5924
-4450
-4864
-4035
-690
1787
1553
2095
4555
4599
1836
-494
-2757
-5150
-6090
-7065
-9106
-8844
-5890
-4112
-3434
-1081
2352
4061
3450
3228
4261
4183
2977
2265
1771
1011
761
21
-2221
-3302
-2872
-3613
-4759
-4147
-2232
-763
-163
852
2221
2775
2407
1560
326
-1336
-2168
-2184
-2462
-1958
-441
752
1490
2729
4108
4551
4869
5970
6494
5208
4521
7105
10211
10005
7342
4556
2528
1170
-682
-3624
-6124
-7090
-8532
-11016
-10734
-6169
-1121
-121
-1720
77
5093
7707
6223
3498
2018
1947
1453
-282
-456
2033
3026
151
-2217
-1013
703
-802
-5085
-6608
-3603
-1372
-1866
-1088
2206
4959
5726
4977
3877
3182
1645
-2055
-5231
-4775
-2973
-3275
-4966
-4174
-523
1784
959
133
1064
973
-838
-2107
-1932
-1491
-2069
-3164
-3406
-1958
-244
-704
-2496
-2507
-784
249
300
1268
3205
3991
3862
4072
4311
3846
2222
-448
-3150
-4496
-4789
-5489
-6207
-5502
-4035
-2934
-1663
-333
306
286
126
240
411
194
-238
-418
-43
605
1053
1547
1999
2158
1819
1052
591
570
807
1360
2195
3001
4437
7424
10340
10538
8171
5593
3444
1024
-1601
-4087
-5853
-6623
-7743
-9529
-9362
-5867
-1992
-1554
-2999
-1830
2054
4729
4168
2845
3389
5006
5229
3469
2395
3583
3794
782
-2060
-1442
426
-267
-2298
-2154
83
1681
1515
1033
1297
2099
2188
794
-655
-1026
-1635
-3553
-4990
-3885
-1808
-1705
-2470
-1011
2013
3277
2721
2759
3090
2301
633
-987
-1837
-2043
-3014
-4950
-5482
-3759
-2225
-2365
-2639
-1540
331
1399
1518
1990
3059
3536
2936
2147
1787
1487
-67
-3297
-5854
-6085
-6082
-7290
-7948
-6904
-4965
-3371
-2283
-937
739
1602
976
280
322
364
9
-950
-1609
-762
426
783
919
1221
1552
1566
1064
749
1491
2596
2858
2945
3704
5461
8296
9960
8781
6298
3775
1308
-461
-1565
-2926
-3996
-4547
-5590
-6021
-4293
-1424
172
-553
-1486
321
3947
5624
4867
4312
4663
4869
4463
3367
2780
3292
2643
267
-686
1086
2388
1420
432
895
1992
2566
1914
536
-95
-149
-1274
-3094
-3467
-2859
-3567
-4919
-4641
-2908
-1723
-1559
-972
577
1882
2011
1454
1170
1012
62
-1676
-3130
-3352
-3262
-4242
-5416
-5112
-3595
-2685
-2736
-2381
-993
571
1074
514
168
545
422
-919
-2154
-2113
-1848
-2703
-4094
-4628
-4183
-3966
-4464
-4663
-3780
-2445
-1590
-1135
-472
840
2249
2631
2081
1456
1202
879
61
-282
274
618
460
746
1684
2571
3080
3141
2778
2709
3289
3875
4314
4476
4362
5173
6981
8244
7926
6071
3763
2193
1154
-45
-1108
-1858
-3087
-4624
-4986
-3701
-1606
-235
-438
-551
1227
3660
4442
3566
2692
2614
2619
2097
1720
2114
2211
1098
-36
337
1619
1893
903
-355
-1180
-1524
-2064
-2983
-3569
-3536
-3628
-4137
-4063
-3027
-2272
-2590
-3074
-2531
-1373
-979
-934
-97
1056
1586
1471
1220
917
232
-1069
-2757
-3973
-4215
-4191
-4406
-4279
-3294
-1907
-957
-422
126
656
899
739
507
504
584
326
-171
-250
-27
-198
-807
-1424
-1953
-2522
-2933
-2841
-2360
-1704
-982
-268
611
1403
1824
1750
1122
599
470
258
-177
-290
128
859
1756
2571
3204
3639
3594
2943
2517
2542
2310
1823
1419
1306
1593
1990
2136
2485
3354
4214
4311
3485
2483
1822
1206
288
-248
-244
-707
-1730
-2311
-1849
-791
-166
-643
-1216
-686
299
678
558
621
1106
1662
1986
2557
3369
3405
2247
1368
1760
1995
1039
-901
-2919
-4078
-4445
-4601
-4622
-4321
-4029
-3953
-3556
-2321
-866
-135
-377
-489
614
1913
2123
1487
832
113
-875
-1746
-2215
-2444
-2834
-3384
-3582
-2879
-1741
-1079
-1031
-1078
-743
-239
4
-70
-174
-272
-537
-889
-1047
-890
-715
-791
-930
-697
-133
218
146
41
24
-118
-311
-442
-509
-523
-358
-78
68
211
555
852
861
877
1243
1674
1796
1810
1876
1966
2063
2054
1986
1864
1651
1409
1147
840
607
597
576
455
626
1061
1339
1701
2434
3172
3694
3899
3569
2836
2139
1385
369
-562
-1290
-1999
-2684
-3019
-2700
-2011
-1523
-1252
-868
-300
390
947
1045
887
961
1005
732
556
499
296
14
-135
-110
83
87
-693
-1918
-2830
-3298
-3494
-3441
-3306
-3108
-2626
-1939
-1223
-512
107
333
239
197
307
491
531
256
-208
-525
-636
-760
-956
-1245
-1578
-1731
-1665
-1505
-1178
-754
-457
-213
92
402
647
769
643
408
316
251
150
68
-54
-119
73
372
521
628
767
708
505
437
344
98
-72
-91
-38
108
440
779
935
1037
1208
1393
1446
1354
1161
976
865
796
784
747
635
511
436
293
119
47
-42
-118
7
309
625
955
1232
1438
1706
1895
1866
1746
1563
1078
381
-237
-774
-1267
-1722
-2108
-2347
-2363
-2182
-1827
-1361
-869
-306
211
538
798
1092
1213
1033
692
316
-49
-390
-677
-886
-1032
-1221
-1493
-1695
-1711
-1644
-1623
-1516
-1291
-1011
-626
-205
126
363
525
507
332
219
120
-173
-527
-679
-596
-388
-191
-6
205
379
437
352
249
149
-25
-248
-425
-459
-410
-361
-238
-2
213
285
264
249
314
409
439
468
618
817
885
838
728
531
238
-91
-356
-464
-469
-521
-549
-405
-114
136
222
247
332
437
435
348
250
111
-45
-107
-67
36
232
419
488
520
580
545
367
217
140
7
-107
-80
76
314
492
545
573
622
605
492
382
321
215
45
-29
65
152
113
3
-125
-164
-64
-23
-137
-203
-145
-118
-138
-86
18
36
-88
-219
-235
-227
-348
-562
-733
-787
-735
-671
-644
-547
-337
-176
-79
63
180
157
42
-63
-92
-45
-23
-89
-150
-113
-40
19
80
143
202
201
155
175
230
183
43
-48
-101
-198
-290
-381
-476
-499
-459
-389
-274
-132
4
106
182
248
278
234
127
56
23
-69
-177
-224
-233
-267
-302
-281
-195
-117
-107
-102
-85
-85
-95
-120
-173
-191
-139
-119
-148
-119
-48
-47
-57
13
110
174
213
255
268
258
250
213
155
133
159
225
336
476
601
641
653
706
747
724
643
555
480
399
302
222
182
142
47
-47
-74
-76
-77
-94
-160
-229
-213
-154
-136
-97
-13
43
86
154
177
126
58
-3
-78
-97
-43
-16
-44
-85
-113
-113
-98
-100
-125
-147
-167
-194
-233
-273
-274
-232
-197
-151
-61
24
47
3
-49
-76
-93
-148
-227
-248
-222
-254
-339
-396
-429
-454
-459
-450
-432
-355
-213
-91
14
116
177
179
150
122
82
24
-35
-74
-87
-97
-106
-57
13
43
35
10
14
45
50
14
-14
-10
6
22
37
56
93
105
24
-51
-24
48
111
159
210
279
373
421
383
321
271
218
167
108
34
-7
1
44
122
223
309
377
432
415
339
268
209
142
62
12
8
53
92
85
72
70
44
-5
-54
-79
-49
-9
15
49
122
187
197
173
120
45
-27
-81
-114
-126
-120
-107
-78
-7
76
100
77
29
-25
-83
-169
-255
-300
-296
-268
-221
-145
-57
-15
-27
-57
-103
-162
-224
-280
-299
-260
-213
-201
-189
-165
-165
-207
-254
-288
-310
-325
-377
-428
-397
-317
-276
-258
-190
-103
-30
6
-17
-62
-85
-128
-197
-218
-193
-180
-177
-140
-79
-15
51
67
45
59
102
130
152
167
147
112
102
141
196
206
171
168
222
270
295
313
314
307
300
280
274
304
319
295
290
326
373
409
431
441
474
531
552
528
489
420
310
208
145
92
6
-83
-121
-98
-58
-36
-9
29
60
70
41
-1
-33
-70
-123
-157
-136
-88
-78
-114
-138
-132
-133
-175
-224
-252
-265
-264
-271
-286
-293
-296
-309
-311
-289
-284
-317
-352
-361
-352
-335
-323
-305
-261
-195
-112
-35
11
23
19
2
-18
-37
-82
-162
-246
-287
-291
-272
-247
-227
-200
-138
-48
39
115
165
178
172
181
180
149
109
64
26
13
0
-21
-30
-23
-20
-11
21
62
89
88
70
66
79
84
69
48
44
52
59
70
105
141
154
158
183
224
248
239
213
187
160
133
118
110
100
97
91
96
139
182
174
144
153
190
193
156
122
104
94
81
67
49
25
1
-22
-23
2
34
32
-2
-24
-18
-7
-26
-43
-31
-22
-18
-12
-17
-38
-65
-94
-119
-132
-132
-144
-163
-161
-137
-106
-93
-96
-89
-76
-85
-96
-89
-92
-98
-92
-92
-103
-108
-113
-119
-96
-51
-20
-5
-4
-6
1
-5
-27
-53
-81
-124
-162
-178
-189
-197
-193
-187
-175
-141
-105
-84
-70
-52
-26
-1
5
-7
-25
-45
-62
-76
-95
-117
-133
-139
-132
-94
-45
-4
32
65
99
132
150
138
117
99
75
44
29
24
21
26
35
55
83
102
116
134
156
171
182
176
166
172
175
168
162
152
133
121
124
134
150
169
183
200
221
240
242
242
236
223
196
153
114
88
61
32
12
3
-2
-15
-43
-63
-60
-52
-53
-52
-46
-37
-25
-23
-39
-56
-73
-93
-112
-127
-143
-157
-162
-155
-143
-130
-128
-129
-121
-113
-118
-125
-128
-131
-134
-136
-137
-129
-124
-131
-133
-129
-114
-105
-112
-125
-135
-139
-144
-153
-155
-144
-127
-112
-101
-79
-54
-45
-45
-37
-24
-17
-15
-12
-3
13
20
26
43
73
100
110
113
117
128
137
126
110
105
100
91
92
101
117
119
105
95
103
110
108
117
131
136
146
153
143
130
113
79
48
39
40
30
18
17
26
45
59
72
86
98
107
109
106
96
78
58
40
24
13
0
-15
-27
-42
-56
-65
-74
-87
-103
-109
-105
-99
-101
-112
-120
-112
-96
-89
-89
-76
-62
-55
-49
-41
-34
-27
-19
-14
-7
5
5
-3
3
12
17
21
17
3
-4
-6
-13
-15
-18
-33
-40
-36
-35
-31
-27
-34
-31
-12
3
1
0
-1
-4
-2
-3
-18
-28
-31
-36
-34
-22
-9
-4
-7
-10
-1
18
28
28
27
32
40
41
