14
13
14
14
16
16
13
10
10
10
10
11
11
10
6
6
5
6
10
8
9
7
5
6
6
11
11
10
9
7
7
7
9
12
11
10
6
4
6
6
6
5
3
0
-3
-4
-4
-6
-6
-9
-13
-14
-17
-17
-19
-20
-21
-23
-24
-24
-24
-23
-24
-24
-24
-23
-22
-22
-20
-20
-19
-17
-12
-9
-7
-8
-6
-5
-3
3
6
9
8
6
7
11
15
17
19
17
15
14
16
21
21
22
17
17
16
14
16
18
19
15
13
13
13
14
11
14
15
14
10
10
11
13
13
16
20
19
17
15
18
23
25
26
25
22
13
12
14
19
16
2
-11
-26
-37
-46
-52
-57
-81
-113
-140
-159
-165
-184
-204
-222
-257
-288
-304
-306
-302
-326
-332
-337
-350
-348
-356
-305
-269
-270
-264
-250
-188
-150
-101
-21
33
60
41
99
199
280
337
337
402
412
470
534
598
628
584
647
669
751
740
710
713
637
701
801
886
790
568
508
581
695
695
685
646
446
234
225
498
670
493
280
214
214
136
97
291
452
292
-1
-84
-14
-56
-204
-137
38
-94
-491
-764
-714
-619
-672
-760
-797
-993
-1415
-1662
-1608
-1469
-1525
-1764
-1918
-2046
-2213
-2247
-2119
-1979
-1991
-2102
-2097
-1999
-1956
-1867
-1683
-1491
-1282
-1300
-1206
-1025
-883
-501
-290
-51
128
62
273
462
744
1244
1332
1521
1452
1327
1601
1834
2317
2589
2443
2300
2148
2036
2247
2484
3123
3436
2735
1895
1425
1986
2701
2660
2533
2330
1733
907
295
1077
2290
2137
1153
117
-5
209
-79
246
827
821
136
-879
-913
-532
-558
-391
-133
79
-422
-1406
-1643
-1347
-979
-711
-554
-559
-1367
-2502
-2689
-1981
-1151
-1136
-1808
-2385
-3049
-3526
-3337
-2690
-2080
-2415
-3327
-3793
-3934
-3551
-3100
-2654
-2308
-2799
-3148
-3187
-2633
-1899
-1655
-1196
-990
-976
-975
-763
77
847
1146
1257
1452
1773
2035
2366
2735
3244
3322
3411
3773
3880
4262
3972
4033
3880
3857
4684
5134
5269
3671
2536
2832
3915
4570
4074
3736
3084
1619
-23
727
2938
3861
1816
-1030
-1391
-616
-319
-733
-217
309
-560
-2400
-2984
-1592
-1115
-1284
-1117
-302
-146
-1822
-3077
-2289
-935
-135
258
71
-796
-2854
-4011
-2206
42
415
-1227
-3382
-4107
-4316
-4247
-3175
-2422
-2958
-4899
-6554
-6462
-5675
-5074
-4785
-4594
-4892
-5774
-6210
-5625
-4216
-3070
-2704
-2397
-2225
-2389
-2049
-1084
424
1735
1717
1645
1901
2228
3040
3607
4341
5298
5137
4936
5099
5269
6060
6357
6544
6812
6138
5498
6069
7161
7778
6563
4530
4739
5665
6064
5602
4957
5073
3814
1273
611
2774
4434
2781
-969
-2100
-523
-429
-1980
-2871
-1541
-1084
-3619
-5332
-4092
-1992
-2525
-4321
-3807
-2018
-2058
-3424
-2679
-228
484
-1735
-2783
-1006
516
418
-381
124
3
-2307
-3506
-1855
407
-298
-3384
-5084
-4713
-4550
-5059
-4973
-4586
-5478
-7693
-8594
-7366
-6144
-6408
-6893
-6344
-5681
-5838
-6006
-4873
-3089
-2189
-1989
-1151
-141
428
420
1144
3038
4166
4461
4059
4260
4983
5136
5515
6191
6614
6574
6057
5644
6100
6104
6640
7088
6640
6125
4849
5596
7521
7927
6707
4633
4428
5755
6100
5844
6169
6176
4850
1395
-165
2878
5482
4483
-42
-2742
-1201
-697
-2199
-3538
-2687
-1364
-4215
-7839
-7694
-5188
-4152
-6185
-6353
-4214
-3871
-7011
-8846
-5339
-55
1633
-1243
-3151
-3853
-3789
-2754
835
5320
4384
-996
-6166
-5531
-1225
1913
2407
487
-2653
-6839
-8293
-5558
-1490
-547
-3713
-7231
-8824
-8484
-7308
-5464
-3524
-3067
-4723
-6492
-6020
-4046
-2011
10
1625
2449
1772
510
918
3000
5701
6983
7166
6477
5338
4749
4866
6850
7931
7915
7147
5330
4620
4278
4665
5569
6028
5572
4403
3012
1758
3015
5277
6832
5591
1785
1156
2585
4222
4759
4600
5106
3770
-140
-2805
279
4461
4411
-425
-4378
-3137
-2154
-3780
-5431
-4066
-2075
-4394
-9175
-10376
-7192
-5160
-6452
-7365
-5484
-4861
-7095
-9746
-6449
578
1661
126
-1952
-1599
-636
-1872
1471
7148
8382
4059
-1185
-1746
2166
2988
2884
4681
3520
-44
-5072
-5404
-707
1163
-504
-3368
-4972
-5935
-7577
-6813
-3410
-1580
-3058
-5825
-6229
-4905
-3723
-1760
386
2167
1927
-453
-279
2080
3741
5264
5562
5926
5366
3335
3516
4841
6153
5914
4338
3465
3181
2265
1501
2386
3005
2483
933
25
-60
-429
-566
1392
4118
3922
581
-2760
-1478
2105
4333
4710
4501
3691
540
-3091
-2468
3305
7436
5164
-1251
-4501
-3106
-1904
-2367
-2293
-468
-706
-5112
-9719
-9418
-5609
-3538
-4314
-4667
-3667
-4161
-6756
-8427
-4694
437
4408
6092
2725
-823
-3906
-1827
5588
11383
13169
9241
2093
-3137
-2867
3052
11888
13672
6763
-2241
-8210
-5843
158
4959
5631
193
-6957
-11313
-9874
-4521
-573
-333
-2998
-6468
-8785
-8433
-5110
-982
1412
1453
-468
-2555
-2615
-1703
1209
4739
5845
4718
1271
-466
-219
1452
3346
4073
3461
581
-1970
-3669
-2367
-462
209
121
-1330
-2913
-4739
-4320
-3072
-1304
1309
2971
2966
-814
-4182
-2237
3169
7363
7661
6440
5279
2478
-1910
-951
7193
13304
10604
1219
-3625
-919
1501
1039
867
3236
3116
-3401
-9914
-8826
-3089
-572
-2398
-4138
-3028
-3486
-7273
-8460
-3634
4356
6137
1408
-952
636
2559
2251
3422
8833
12066
7883
2238
1551
4951
6601
4580
5206
7140
4316
-1496
-4322
-1614
1516
188
-2574
-3682
-5242
-8397
-10060
-7173
-3287
-4102
-7900
-9678
-8896
-8209
-7469
-4945
-2395
-2116
-4647
-6290
-4078
-1165
-23
123
800
1033
-217
-1527
-514
1712
2109
984
-523
-405
-523
-1566
-1277
-149
824
-347
-1421
-494
39
31
-470
-113
3850
6557
5813
2825
227
2724
6645
8508
9216
9547
8672
5227
288
2072
9922
13670
9741
1296
-1170
1787
2649
1330
1171
3778
2849
-4026
-8873
-6531
-1474
-503
-3598
-4664
-2968
-3426
-6555
-7333
-2408
3829
4367
677
-1559
539
3447
3287
4006
6675
8854
6450
2001
2076
4599
5176
3134
1935
2786
1869
-2148
-4313
-3187
-2153
-3613
-6482
-6983
-7254
-9496
-10812
-9701
-7551
-8103
-11024
-11984
-10413
-8853
-8024
-6981
-5382
-5054
-6324
-6358
-4111
-1045
154
-286
-552
-200
227
984
1855
2514
2761
1511
1244
1562
1804
2252
1768
2380
2623
1781
1453
1945
2508
3076
3181
2986
5796
7422
7088
4466
1573
4816
9191
11596
10467
8151
7797
6420
3303
3926
10009
13664
9836
1016
-2043
2286
5124
3156
28
1250
1992
-3110
-8348
-6943
-1097
343
-4015
-6649
-5230
-3941
-6090
-7903
-4006
837
1719
-259
-1490
-1158
-1522
-1343
1860
6603
8063
5023
389
-1320
-308
1754
4803
5977
3515
-2515
-6932
-6079
-2299
456
-1224
-5588
-9673
-11946
-11494
-8723
-6201
-6313
-9069
-12008
-12721
-11411
-8690
-6066
-4915
-5141
-6252
-6299
-4266
-1958
-168
1218
2199
2346
1565
1787
3557
5293
5963
5658
5268
5040
3958
3190
3910
5042
5789
4558
3410
2678
1640
1793
2146
3277
4250
2996
2299
4129
5590
5724
2761
1876
5847
8488
9047
7207
6441
7097
4627
2075
4957
10099
10848
4388
-2505
-1142
2947
3202
-110
-1862
-418
-2109
-7000
-8710
-5401
-2424
-4699
-8490
-7951
-5318
-5588
-8395
-8058
-3207
-459
-2251
-3886
-1987
1148
1072
-444
1227
4173
4447
2513
2215
4342
4233
976
-757
902
2698
1217
-1891
-3160
-3247
-4502
-5987
-5522
-4481
-5977
-9098
-10069
-8479
-6707
-6732
-7464
-7294
-6936
-6613
-5581
-3379
-1418
-994
-1317
-588
1122
2419
3446
3969
4274
4724
4649
4941
5668
5979
5795
4999
4155
3866
3890
3984
3609
2614
1583
1014
966
1056
1288
1146
308
-107
-723
197
3665
5354
4869
1554
-823
1660
5254
7897
8183
6995
5533
2633
-404
2044
7750
10241
6450
-877
-2843
-508
828
-251
-1205
265
-471
-5642
-9936
-8511
-4108
-2798
-5369
-6955
-6037
-6254
-8546
-8856
-4577
-139
-702
-2796
-2044
-220
-42
-1196
789
5199
6568
4450
2595
3101
3343
1829
2074
5628
7038
3300
-1714
-3466
-1556
169
248
-392
-2192
-5708
-8792
-7958
-4026
-1615
-3026
-5924
-7472
-7309
-6181
-4011
-1612
-641
-1374
-3133
-3125
-1013
777
2354
3101
3091
2602
1557
1971
3316
4377
4549
3701
2746
1856
1108
764
1295
1455
749
-145
-1123
-1701
-2016
-1590
-917
-524
-707
-1259
-958
-1056
560
2987
3991
3090
-147
251
3626
6405
6881
5986
5643
4352
1307
27
4710
9370
8456
2133
-2284
-391
1567
729
-820
314
1520
-1660
-6478
-7336
-3754
-1615
-3170
-4553
-3492
-2790
-4899
-6925
-4667
16
1445
-114
-678
978
2087
428
230
3579
6717
6769
4457
3455
3422
2124
1490
3500
6085
4880
186
-3043
-2756
-1229
-666
-917
-1542
-3930
-7448
-8737
-6866
-4097
-3566
-5229
-6900
-7846
-8071
-7038
-4738
-2713
-2504
-3801
-4263
-3300
-1746
-404
913
1799
1526
899
355
1207
2678
3368
3371
2622
1499
721
574
1413
2044
1338
655
-327
-1052
-1324
-1293
-236
476
-18
-880
-1265
-785
153
320
2531
5007
5145
3392
-1
959
5018
8418
9554
8180
6793
4714
1516
1674
7085
11891
11246
4134
-1628
-825
1873
3071
2563
2853
2401
-2160
-6852
-6690
-2692
-76
-1730
-3915
-4029
-4181
-5876
-7188
-4486
-219
662
-340
-1381
-1790
-2367
-3119
-479
4167
6316
4447
614
-1788
-1836
-678
2466
5816
4840
-167
-5535
-6784
-3688
-298
757
-1188
-4937
-8626
-10053
-7799
-4206
-2592
-4076
-6864
-8556
-8874
-7261
-4438
-2178
-1304
-2437
-4226
-4387
-3055
-835
1542
2878
2943
1715
395
438
1924
3897
5443
5427
3871
1900
802
1765
3475
4361
3892
2548
815
-571
-384
830
2393
2707
1869
1005
-9
-122
249
1674
3264
3593
4599
4988
4288
2146
749
3812
7807
9205
7651
5550
4576
3193
1271
3237
8273
10051
5810
-1506
-3421
-322
1876
1689
466
248
-1919
-6713
-8903
-6057
-1879
-1683
-4819
-6381
-6149
-6745
-8013
-7297
-3111
48
-1010
-3460
-4504
-3940
-3494
-2158
1778
5073
3743
-661
-3239
-1681
1430
3159
3968
3739
1342
-2637
-4595
-2215
1542
2733
401
-2674
-4480
-5415
-5040
-2959
-650
-429
-2978
-5705
-5879
-4278
-2428
-1081
-375
-301
-1397
-2559
-2060
-78
2141
3228
3055
2425
1705
1398
2121
3950
5423
5232
3812
2213
1510
1697
2667
3621
3572
2714
591
-968
-1108
-276
887
758
331
-658
-1750
-2253
-1876
-679
354
375
-815
-119
1013
1577
709
-809
859
2793
3709
3056
2337
3012
2351
427
461
3436
5459
3757
-437
-2006
-200
883
245
-674
-108
-314
-3143
-5234
-4239
-1668
-942
-2608
-3527
-3249
-3116
-3907
-4168
-1561
744
542
-1233
-2361
-1062
225
833
1961
3049
2826
1195
61
1471
3377
3425
2653
1734
1519
1241
668
1235
1606
896
-491
-1301
-871
-1004
-1588
-1664
-1557
-1644
-2320
-2777
-2550
-2573
-2651
-2213
-1338
-743
-1397
-2029
-1572
-954
-257
243
746
1220
619
-27
296
1391
2341
2048
1342
1072
615
448
811
1398
1787
774
-742
-1541
-1271
-473
-295
-493
-922
-1739
-2440
-2359
-1729
-1262
-1107
-1261
-1273
-1351
-1531
-469
1063
1784
886
-446
229
2003
3173
3428
3525
3449
2413
714
1124
3897
5486
4238
1391
253
982
1184
751
827
1552
981
-1418
-3185
-2487
-853
-710
-1530
-1999
-1952
-2388
-3403
-2832
-929
220
-196
-1089
-1044
-703
-434
448
2101
2881
1999
590
366
1656
2446
2679
2787
2362
1318
128
235
1131
1299
644
-184
-850
-1424
-2061
-2203
-1728
-1672
-2138
-2711
-2935
-3012
-3206
-2910
-2187
-1763
-1922
-2226
-2156
-1800
-1383
-715
109
660
442
-134
-79
603
1381
1867
2004
1874
1352
726
679
1216
1639
1403
728
145
-167
-555
-745
-406
-341
-706
-1406
-1750
-1432
-1281
-1230
-965
-620
-567
-715
-882
-328
708
1354
1760
1458
1143
1408
1995
2933
3512
3574
3277
2361
1454
1821
3111
3788
2920
1166
360
455
365
51
-89
35
-570
-2026
-2907
-2496
-1741
-1845
-2297
-2488
-2294
-2286
-2652
-2344
-1610
-814
-497
-531
-346
-226
-47
314
975
1657
2032
1775
1275
980
970
1525
1923
1958
1421
438
-132
-300
-8
312
11
-801
-1666
-2115
-2020
-1721
-1453
-1380
-1753
-2340
-2590
-2237
-1594
-1170
-1010
-848
-666
-591
-561
-208
449
932
1118
1168
1234
1221
1084
1248
1697
1925
1661
1074
700
720
683
538
412
167
-228
-822
-1158
-1082
-947
-969
-1227
-1472
-1506
-1438
-1319
-1150
-941
-639
-416
-273
-258
-96
619
1377
1665
1289
880
1229
1877
2312
2488
2569
2458
1693
830
993
2029
2586
1810
442
-178
-113
-206
-383
-286
-105
-632
-1716
-2200
-1770
-1203
-1231
-1402
-1307
-1169
-1381
-1621
-1104
-327
58
-6
4
321
445
391
626
1238
1631
1464
1118
1087
1207
1127
1044
1144
1199
865
259
-85
-36
-5
-234
-520
-730
-1003
-1385
-1602
-1479
-1324
-1360
-1542
-1671
-1646
-1603
-1456
-1144
-787
-705
-853
-780
-544
-222
-7
169
398
367
264
184
324
609
661
557
392
126
-125
-165
-128
-25
-194
-448
-616
-840
-825
-811
-697
-619
-728
-796
-791
-645
-407
-169
75
218
275
376
542
818
1178
1552
1784
1736
1503
1424
1617
1991
2272
2309
2099
1595
1078
858
1117
1524
1518
1004
266
-204
-360
-331
-162
-93
-245
-663
-1112
-1264
-1124
-870
-541
-365
-467
-711
-914
-608
-53
274
399
349
298
265
335
770
1200
1136
726
403
479
705
703
553
373
60
-355
-570
-493
-429
-683
-1136
-1454
-1563
-1627
-1694
-1682
-1681
-1767
-1900
-1928
-1776
-1659
-1568
-1421
-1230
-1034
-946
-897
-794
-579
-248
55
222
208
179
249
378
514
638
751
754
598
383
335
441
531
529
371
218
91
-10
36
107
163
126
-12
-40
31
122
224
326
430
509
496
514
618
771
988
1148
1211
1179
1080
1049
1176
1357
1472
1473
1352
1132
843
701
826
991
961
652
236
-41
-135
-89
-9
-57
-247
-540
-765
-766
-671
-540
-513
-534
-494
-444
-407
-446
-445
-359
-176
48
211
205
10
-204
-239
20
310
408
264
-69
-411
-640
-538
-225
-130
-442
-1003
-1349
-1374
-1246
-1063
-1008
-1169
-1494
-1744
-1710
-1466
-1231
-1114
-1066
-1058
-1016
-906
-702
-480
-348
-150
142
341
359
337
427
650
843
959
1065
1016
885
787
763
878
900
819
699
507
370
255
209
233
211
138
44
-79
-177
-199
-148
13
108
120
102
95
200
315
448
587
708
817
858
880
915
963
1017
1097
1169
1169
1078
940
835
740
697
683
617
444
157
-65
-179
-230
-276
-366
-472
-627
-809
-928
-954
-915
-852
-848
-870
-913
-958
-872
-726
-598
-517
-500
-470
-426
-365
-241
-132
-85
-86
-102
-79
-48
-52
-42
-44
-94
-147
-196
-243
-320
-387
-384
-366
-397
-505
-579
-556
-513
-490
-479
-428
-366
-352
-332
-273
-163
-30
64
139
195
231
259
309
424
534
591
588
546
542
537
516
533
535
519
416
292
253
238
216
144
78
54
25
-22
-57
-69
-71
-52
-39
-24
3
35
82
115
180
291
401
448
415
430
523
617
636
652
699
693
604
492
487
518
485
372
251
184
82
-28
-113
-179
-249
-351
-428
-492
-554
-590
-616
-644
-669
-661
-628
-595
-576
-557
-497
-406
-330
-252
-169
-112
-80
-71
-21
78
157
178
143
117
132
147
156
150
102
10
-85
-136
-135
-143
-199
-262
-316
-373
-416
-433
-403
-380
-393
-423
-451
-431
-380
-313
-242
-182
-153
-140
-108
-59
19
101
155
182
185
193
220
244
282
306
284
254
224
220
222
207
184
147
114
90
86
98
90
55
40
52
89
117
127
147
149
180
238
289
344
367
372
378
371
394
458
506
509
452
381
378
390
367
321
267
234
175
93
32
-6
-54
-122
-182
-215
-232
-271
-314
-338
-355
-366
-363
-358
-364
-354
-322
-283
-267
-282
-260
-207
-159
-123
-106
-77
-63
-79
-83
-66
-49
-33
-41
-78
-114
-135
-131
-129
-163
-191
-207
-228
-269
-315
-314
-283
-272
-284
-296
-294
-279
-262
-229
-159
-110
-90
-79
-71
-32
21
82
141
181
207
225
235
248
273
296
321
339
333
309
280
267
277
276
261
230
200
180
158
148
143
141
136
116
86
63
67
95
114
118
112
97
89
87
97
121
138
141
133
109
100
106
112
108
78
49
41
33
15
-12
-34
-50
-81
-123
-138
-134
-139
-162
-191
-213
-223
-227
-230
-229
-234
-240
-239
-229
-213
-205
-196
-186
-170
-151
-137
-117
-93
-64
-53
-55
-43
-24
-9
-10
-10
6
16
-1
-11
-4
-1
-10
-30
-27
-12
-29
-53
-69
-64
-57
-64
-65
-61
-57
-49
-34
-10
6
10
11
20
39
65
90
111
123
131
137
148
168
188
196
190
174
164
163
163
168
168
150
121
84
62
67
78
78
50
8
-10
-18
-19
-13
-15
-18
-27
-39
-35
-34
-29
-20
-18
-2
13
35
50
34
15
15
47
76
81
66
57
49
37
36
51
66
50
10
-27
-39
-31
-28
-39
-57
-82
-110
-129
-128
-110
-106
-117
-130
-133
-126
-116
-106
-92
-78
-62
-48
-36
-23
-13
-5
12
31
42
45
46
47
47
36
22
19
24
23
4
-19
-38
-52
-59
-60
-58
-64
-93
-117
-118
-100
-80
-79
-85
-86
-88
-73
-41
-6
12
6
1
20
51
81
97
102
101
88
87
101
125
135
112
87
64
57
60
54
53
37
7
-23
-45
-56
-53
-54
-61
-74
-93
-95
-89
-79
-70
-69
-53
-37
-25
-9
3
16
38
61
77
86
94
108
117
113
110
116
127
117
95
86
74
59
41
26
26
14
-18
-40
-50
-50
-48
-50
-52
-57
-62
-56
-45
-33
-22
-14
-5
8
23
38
55
67
76
81
82
86
90
87
82
69
60
48
26
8
-2
-16
-37
-64
-83
-97
-118
-136
-147
-150
-157
-166
-167
-162
-154
-146
-137
-123
-104
-87
-78
-65
-41
-11
14
20
24
37
50
63
77
86
88
79
72
74
74
65
53
38
27
17
10
3
-15
-32
-40
-47
-57
-63
-63
-58
-60
-64
-56
-41
-30
-21
-9
4
17
29
50
71
80
81
84
97
113
119
121
123
116
106
99
96
93
83
62
49
44
38
24
6
-10
-25
-32
-37
-37
-39
-45
-47
-47
-43
-39
-32
-22
-17
-14
-9
0
10
16
22
25
25
21
17
17
22
20
9
-5
-21
-31
-40
-48
-57
-66
-73
-84
-99
-109
-111
-107
-103
-103
-101
-98
-95
-86
-73
-56
-42
-32
-20
-6
8
23
41
55
61
61
64
78
86
86
86
89
89
75
59
53
51
47
34
23
12
-2
-14
-21
-22
-22
-31
-40
-47
-52
-47
-38
-30
-28
-33
-32
-21
-8
6
16
24
30
30
33
37
48
60
65
63
54
45
46
44
42
37
34
32
23
13
8
6
3
-4
-11
-13
-16
-22
-25
-22
-16
-20
-27
-25
-17
-16
-20
-19
-10
-6
-9
-9
-3
1
-6
-6
-1
1
-1
-6
-6
-11
-15
-12
-9
-14
-24
-27
-23
-22
-29
-32
-30
-30
-32
-34
-28
-21
-18
-20
-21
-18
-12
-6
0
3
9
15
16
16
21
29
32
29
24
22
24
29
30
22
11
7
6
6
2
-3
-6
-12
-19
-23
-21
-23
