6
6
2
2
4
5
5
4
6
10
10
9
9
10
10
11
14
17
15
10
5
3
3
-1
-4
-10
-16
-28
-40
-50
-62
-73
-82
-87
-96
-110
-134
-154
-160
-166
-162
-165
-164
-171
-183
-184
-173
-149
-130
-128
-114
-87
-61
-62
-61
-35
22
81
93
112
104
105
119
182
270
283
258
219
265
317
340
337
319
302
250
330
461
504
347
136
143
284
409
423
436
386
179
-22
48
380
555
484
302
196
135
50
144
382
554
495
301
157
48
-27
82
337
486
342
-38
-318
-403
-362
-240
-137
-172
-447
-842
-1122
-1155
-1067
-939
-916
-1043
-1227
-1622
-1857
-1874
-1619
-1350
-1310
-1444
-1691
-1796
-1874
-1617
-1318
-963
-927
-1097
-1087
-1082
-824
-618
-271
31
234
233
228
360
510
829
1072
1393
1500
1513
1614
1602
1712
1812
1922
2001
2006
2273
2512
2324
1554
990
1402
2084
2251
1834
1518
1260
590
-111
196
1384
1796
926
-186
-218
235
-162
-445
-52
1111
1591
529
-362
-769
-385
92
839
1823
2013
768
-996
-1539
-597
1205
1812
1392
205
-1297
-1965
-1779
-697
142
-172
-1192
-2335
-3047
-3172
-3056
-2563
-2154
-2332
-2927
-3707
-4218
-4273
-3837
-3144
-2521
-2348
-2789
-3395
-3717
-3163
-2154
-1141
-646
-820
-1051
-1252
-1022
-353
788
1588
1768
1582
1279
1376
1679
2349
3244
3728
3660
3167
2818
2885
2745
3439
4567
5030
4073
2287
1809
2485
3097
2913
3065
3275
2401
81
-941
709
2190
1767
-150
-605
203
-272
-1680
-1738
106
1150
-214
-1228
-489
260
-269
-1019
558
2689
2416
338
-511
835
1886
1594
1649
2293
1717
-76
-1401
-418
949
228
-1192
-1924
-2105
-3030
-4372
-4246
-3525
-3756
-4788
-5719
-5748
-5930
-6670
-6501
-5438
-4792
-5100
-5679
-5490
-4845
-4309
-3620
-2695
-1916
-1716
-1867
-1448
-576
85
657
1203
1790
2069
2066
2236
2578
3078
3515
3897
4369
4391
4067
4057
4259
4702
4761
4641
5479
6074
5753
4091
2871
3789
5159
5443
4711
4269
3912
2509
158
459
2974
4131
2196
-1082
-1540
-570
-1048
-2324
-1933
60
214
-2493
-4241
-3000
-1245
-1372
-2112
-1385
484
543
-1200
-1440
-234
982
750
749
2020
2587
1195
-932
-1383
-88
1224
864
106
-1132
-3202
-4557
-4454
-3029
-2440
-3943
-5976
-7064
-7145
-6911
-6737
-6183
-5938
-6529
-7193
-7109
-6389
-5426
-4457
-3726
-2773
-2433
-2551
-2236
-1266
300
1440
2186
2441
2344
2398
2756
3475
4303
4771
4765
4786
4908
4973
4986
5054
5349
5564
5679
5582
5053
5996
7010
7036
5234
3212
4209
6232
7159
5782
4785
4655
3486
633
392
3891
5797
3296
-1630
-2603
-347
-354
-2913
-3589
-1256
-325
-3719
-6665
-5126
-2662
-2986
-4395
-3536
-1014
-1549
-4935
-4088
63
2477
645
-1860
-506
1078
667
459
2146
3121
771
-2819
-2168
862
613
-1870
-3653
-3178
-3147
-5004
-6030
-5524
-5447
-6792
-8019
-7396
-6616
-7668
-8738
-8106
-6482
-5528
-5700
-5713
-4960
-4151
-3477
-2206
-195
1072
974
933
1733
2901
3676
4239
4839
5603
5412
4958
4932
5364
6382
6227
6281
5739
5580
5837
5857
5673
5576
7213
7984
7339
4233
2875
4609
6805
7693
6451
6042
5027
2225
-644
723
4870
6336
2778
-2016
-2677
-1452
-2352
-4338
-3734
-1190
-1403
-5514
-8002
-6888
-5113
-5266
-5597
-3507
-1603
-3064
-6572
-6132
-2457
1117
2714
1985
1215
-798
-2237
-909
2679
5937
5767
2237
-1252
-3107
-3189
-567
1503
1530
-980
-5133
-7413
-7457
-6185
-4904
-4900
-5587
-6974
-8719
-9322
-9138
-7831
-5661
-4089
-3550
-4312
-5291
-5252
-3448
-498
2180
3780
3787
2478
1582
2503
4506
6653
7526
7332
6364
5249
4758
5037
6278
7136
6882
5869
5242
4789
4699
4844
6114
7947
7996
5569
2139
2180
4666
6664
6622
5683
5125
3153
-526
-2065
1192
4998
4490
-474
-3423
-2680
-2743
-4663
-5930
-4161
-1967
-4130
-8227
-9067
-7464
-6362
-7261
-6780
-3623
-2530
-4979
-6704
-4721
-609
1211
610
2480
4200
2743
-162
-335
3838
6576
5538
3975
3092
733
-2670
-3611
520
4005
1334
-3780
-6941
-6963
-6472
-6396
-5006
-4005
-5929
-9389
-10915
-9382
-7290
-6351
-5355
-3995
-3728
-4663
-5065
-3530
-392
2454
4233
4932
4366
3313
3120
4822
7066
8568
8216
6828
5606
4580
4950
5857
7102
7056
5530
3836
3227
3853
4487
6036
7121
7192
4381
730
727
3434
6550
6771
5138
3596
1441
-1779
-2378
1330
5152
4594
-882
-4355
-3636
-2917
-4121
-5408
-3831
-1889
-4443
-9006
-10337
-8333
-6399
-6818
-6754
-4244
-2852
-5385
-7812
-5875
-912
2504
2077
2096
3553
3582
1639
667
3681
7650
7953
5409
3918
2532
546
-815
365
3746
3581
-770
-4714
-6068
-5462
-5242
-5038
-3800
-4480
-7653
-10545
-10547
-7853
-5768
-5309
-4936
-4436
-4472
-5104
-4361
-1657
1277
3340
3829
4061
4083
3453
3826
5298
7130
8078
6948
5167
4196
3451
4134
5257
5718
5154
2848
1141
924
1939
3282
5587
6344
4786
873
-2381
-390
3405
6388
6818
5183
2730
-558
-3770
-1798
3705
6691
4532
-1056
-3361
-2894
-3313
-4271
-3472
-1164
-685
-4622
-8668
-8823
-7422
-6694
-6213
-4212
-1924
-2945
-6802
-8016
-4432
455
2791
3109
3484
3989
2550
848
2390
6210
9187
8436
6021
4535
2904
526
545
2846
4945
3705
-1385
-4826
-5866
-5660
-4723
-4096
-3622
-5435
-9425
-11331
-10347
-7963
-6237
-5865
-5608
-5649
-6247
-6241
-4256
-1211
766
1349
1882
2922
3453
3265
3543
5110
6434
6336
5297
4202
4096
3784
3691
4654
4939
3760
1598
-223
248
1939
2919
4844
5462
3677
111
-3226
-698
4033
6705
7108
5370
3355
584
-2999
-1206
5139
8716
6648
169
-2349
-1131
-1419
-2254
-2024
290
1035
-3417
-7904
-8069
-6123
-4854
-5101
-3827
-1781
-3025
-6559
-7759
-4005
1451
2931
2102
2995
3546
2475
484
2143
7070
8942
7467
5470
4849
3715
574
-6
3748
5707
3070
-1907
-4979
-5003
-5255
-5318
-4203
-4050
-6542
-10461
-11785
-9651
-7720
-7141
-6786
-6606
-6781
-7002
-6509
-4108
-1317
-37
403
788
1654
2234
2495
3682
4826
5175
4969
3780
3213
2931
2586
3205
3793
3934
2411
140
-913
-905
162
1789
3374
4493
3349
7
-2689
-1833
2223
6263
7879
7314
4972
1593
-1225
-591
5184
10304
9743
4236
-263
-547
181
-51
-29
1657
2488
-679
-5962
-8135
-6481
-4838
-4303
-3363
-1675
-1987
-6152
-9235
-7190
-1051
3489
3810
3575
2670
276
-1768
463
7042
11625
10237
6280
3253
1557
760
1890
6476
8561
4227
-2188
-5611
-4868
-3413
-3190
-2706
-3217
-6442
-10595
-12371
-10376
-7751
-6909
-6829
-7062
-8311
-9535
-8989
-5917
-2017
-94
-425
-1465
-1412
-515
1022
3188
4819
5411
4332
2788
1781
1805
2820
3609
4114
3727
2183
-77
-959
-826
42
1405
2197
3552
3558
1967
-722
-1882
551
4537
7364
8032
6987
4075
1005
-754
2261
8412
11122
7921
2091
-589
309
1123
1042
1785
2726
1741
-2566
-6600
-6545
-4634
-3671
-3436
-2698
-2007
-3779
-7290
-8002
-4394
497
2747
2818
3066
2342
269
-709
2398
7888
10366
8769
5708
3512
2024
872
2464
6283
6694
2198
-3366
-5722
-4455
-3616
-3784
-3865
-5101
-8106
-11720
-12720
-10315
-8097
-7777
-8312
-9139
-10013
-10372
-9010
-5567
-2037
-951
-1720
-2429
-2112
-367
1887
4263
5861
5398
3769
2072
1620
2973
4133
4398
3939
2907
1805
370
-601
-271
626
1615
1949
2667
4295
4188
2010
-189
780
5067
8636
9336
8559
7186
5275
2812
2726
7593
12249
11372
5690
1145
1339
2839
2192
1230
2080
2581
-368
-5408
-7449
-6022
-4650
-4668
-4878
-3950
-4036
-6997
-9629
-8336
-3579
371
646
-234
-597
-1153
-1454
-660
3744
8457
8085
4401
1204
1059
2323
2971
4885
6675
4043
-1705
-6244
-5526
-2035
-1750
-3368
-4963
-7209
-10074
-12044
-10565
-7460
-6897
-8280
-9442
-9419
-9044
-8762
-6445
-2961
-1015
-1583
-2978
-2821
-1112
1400
4252
6294
6082
4258
1845
1590
3457
4971
5924
5069
3269
1640
363
655
1477
1454
1076
225
26
1063
2392
4056
4338
2407
1058
2059
5471
8658
9474
9286
8039
6047
4328
4945
8754
11216
9137
4806
2327
2737
2620
778
52
587
234
-2660
-6358
-6952
-5766
-5753
-6295
-6155
-5080
-5573
-8261
-9228
-6888
-3005
-984
-1443
-1752
-1347
-741
121
1888
4480
5908
5170
3667
3067
3920
4707
4535
4073
2898
1294
-239
-1424
-1825
-2339
-3564
-4705
-5373
-6103
-7536
-9420
-9778
-8404
-7074
-6675
-7429
-8130
-7944
-7227
-5556
-3081
-1140
-644
-1242
-1229
100
1754
3357
4408
4778
4444
3454
2919
3474
3957
4001
3389
2090
1280
7
-34
495
610
850
-83
-738
-916
-500
1562
4579
5447
4214
1946
2049
5354
7586
9249
9816
9433
7623
3944
3090
6963
10336
9363
4856
1588
1901
1049
-1536
-2620
-1213
229
-2241
-6883
-8746
-8377
-8079
-8266
-7606
-5322
-4959
-7602
-9658
-8430
-4248
-1709
-1734
-1254
52
1787
1839
1806
3792
5741
6340
5984
6077
6956
6050
3694
3330
3932
4260
2775
257
-721
-2002
-3804
-4458
-4290
-4219
-5935
-8392
-8731
-7931
-7360
-7248
-7259
-6734
-6549
-6883
-6029
-3868
-1759
-752
-994
-928
-204
849
2449
3759
4533
4210
3173
2582
2710
3000
3049
2720
1839
893
-137
-426
-50
-159
-581
-1024
-1077
-415
-421
-198
1240
3283
4606
3778
2445
2910
5116
7186
8175
8515
8895
7417
4794
3726
5746
8732
7881
4281
1417
841
677
-1210
-2708
-2001
-1905
-3999
-6927
-8381
-7533
-7476
-8340
-7957
-6447
-5495
-6744
-8304
-7057
-3887
-1473
-704
-154
1376
2513
2473
2579
5057
8245
8710
7211
5928
6226
6531
5635
5728
6885
5718
2155
-1087
-1370
205
-576
-2444
-3611
-4909
-6527
-7963
-7553
-5980
-6344
-7734
-7617
-6577
-6044
-6711
-6601
-4525
-2735
-1982
-1665
-1453
-1067
-1020
-99
1994
3465
3462
1929
596
550
1185
2081
2635
2029
623
-1056
-1802
-1599
-849
-410
-308
-610
-1595
-1854
-1764
-452
1215
2410
3649
4101
3131
2234
2511
4871
8004
8747
8198
6770
4914
3569
3288
5395
7811
6839
3267
92
-663
-121
-810
-1754
-1596
-1560
-3272
-5924
-7104
-6084
-5054
-5118
-5104
-4399
-3747
-4504
-5221
-3754
-745
1853
2237
1804
1830
2687
4077
5261
7108
8181
7523
5604
4554
5825
7433
6704
4732
2983
1890
1138
-485
-815
-1014
-2710
-4689
-6217
-6317
-6424
-7906
-8488
-8108
-8102
-8352
-8729
-7880
-6816
-7111
-6933
-5734
-4296
-3164
-2930
-2303
-1311
-782
-126
645
1694
2366
2169
1917
2076
2522
2880
2609
1776
1129
683
785
823
666
445
-212
-485
-384
-18
318
566
659
1124
1873
2950
4162
4019
3368
2996
3935
5864
7095
7473
7013
5516
3750
3029
4230
6412
6691
4599
1831
160
-59
-14
-109
-96
-505
-1759
-3548
-4983
-4973
-4219
-3747
-3581
-3264
-2895
-3393
-4400
-4166
-1982
490
1549
1398
1294
1434
1735
2568
4237
5602
5098
3933
3166
3318
3701
3435
2955
1769
-209
-1431
-1761
-1901
-2538
-4076
-5060
-5785
-6724
-7266
-7518
-7655
-7792
-7938
-7553
-7180
-7441
-7432
-6769
-5504
-4304
-3669
-3291
-2673
-1858
-756
420
1140
1814
2129
2436
2838
3285
3869
3640
3205
3033
3079
3085
2410
1723
1664
1429
1003
717
459
779
494
277
817
762
533
164
732
2579
3926
4036
3402
2618
2714
3872
5389
6971
7186
6151
4751
3651
3890
5144
6251
6031
4251
2123
1194
1044
870
358
-144
-391
-1391
-2880
-3959
-4362
-4230
-4220
-4115
-3331
-3124
-3738
-4592
-4579
-2928
-1291
-241
212
77
-352
-218
753
2404
3364
2836
2187
1550
1258
1096
1397
1729
1188
-272
-1609
-1955
-2378
-3075
-3840
-4090
-4250
-5105
-6077
-6409
-6381
-6491
-6310
-5685
-5078
-5083
-5423
-5126
-4071
-2891
-1874
-1037
-551
-323
-73
559
1629
2453
2816
3081
3113
3139
3050
2918
3101
3203
2978
2430
1790
1333
1269
1027
839
463
114
130
-65
44
-2
74
370
605
826
1153
1776
2895
3509
3069
2684
2718
3965
4951
5290
5680
5508
4648
3183
2535
3765
5063
4537
2804
1102
684
451
-477
-974
-922
-986
-1897
-3392
-4122
-3955
-3918
-3887
-3556
-2916
-2686
-3500
-4232
-3601
-2022
-593
-118
-284
-379
-320
39
813
1748
2147
1954
1328
947
950
983
984
751
109
-703
-1320
-1712
-1759
-2008
-2328
-2516
-2878
-3266
-3830
-4245
-3971
-3384
-2798
-2607
-2860
-3024
-3040
-2790
-2102
-1242
-553
-302
-427
-307
-4
433
937
1352
1672
1710
1632
1548
1549
1477
1640
1871
1917
1532
857
708
754
837
785
704
725
577
237
160
377
629
991
1200
1428
1282
921
1258
2152
3236
3556
2904
2224
1989
2423
3237
3993
4144
3327
1898
1020
1283
2102
2416
1598
642
117
-234
-728
-1356
-1394
-1056
-1217
-1779
-2353
-2498
-2416
-2754
-2778
-2186
-1562
-1309
-1790
-2050
-1477
-891
-543
-431
-185
591
910
475
153
77
406
655
683
1089
1077
77
-1034
-1289
-380
467
-7
-997
-1842
-2321
-2217
-1825
-1315
-1402
-2369
-3130
-3082
-2520
-2214
-2259
-2198
-2162
-2223
-2183
-1751
-1192
-1038
-998
-607
-64
155
7
71
645
1164
1317
1286
1193
1182
1170
1263
1578
1778
1648
1288
980
897
963
1120
1231
1160
915
575
419
527
803
1040
1001
772
597
517
692
1082
1605
2084
1924
1371
1004
1204
1872
2451
2726
2666
2121
1244
772
1143
2063
2376
1657
652
38
-40
-74
-154
-134
-169
-508
-1149
-1657
-1785
-1746
-1742
-1692
-1408
-1153
-1478
-2077
-2332
-2054
-1433
-1065
-636
-178
-396
-1129
-1717
-1304
-203
469
699
566
-231
-1298
-1823
-846
784
1055
-56
-1381
-1944
-1832
-1461
-710
-119
-606
-1845
-2604
-2271
-1495
-1187
-1103
-939
-1007
-1350
-1646
-1380
-764
-237
234
507
464
126
-107
300
1067
1727
2025
1763
1278
923
944
1483
1978
2119
1920
1338
798
576
686
1094
1350
1214
900
373
-48
-86
60
436
666
569
370
100
-49
101
289
548
936
1148
1144
771
432
622
1126
1531
1674
1631
1406
894
296
334
1024
1533
1200
330
-332
-551
-583
-628
-533
-399
-616
-1269
-1925
-2119
-1844
-1563
-1518
-1460
-1399
-1573
-2003
-2103
-1658
-1038
-884
-1003
-582
-376
-628
-1076
-921
82
591
555
761
738
81
-709
-614
973
1855
1195
209
-389
-387
-329
19
848
923
-160
-1100
-1090
-451
-223
-408
-262
-212
-637
-1078
-1012
-467
-185
-169
-9
36
-146
-453
-358
296
794
956
867
568
414
445
763
1320
1544
1425
1094
651
558
662
875
1103
1008
764
378
-92
-257
-152
19
93
-95
-289
-449
-633
-636
-494
-247
-114
-174
-84
75
84
-22
-28
285
664
758
725
673
544
330
172
449
861
837
351
-203
-381
-313
-336
-408
-451
-549
-847
-1279
-1480
-1406
-1268
-1182
-1162
-1058
-1071
-1224
-1285
-1087
-503
-41
153
124
3
14
174
597
1228
1588
1401
965
630
794
1120
1402
1535
1276
790
278
118
366
563
420
54
-339
-599
-796
-903
-801
-688
-720
-888
-1109
-1211
-1221
-1136
-833
-489
-281
-329
-519
-513
-274
110
484
669
673
550
429
512
756
996
1070
898
668
485
382
379
404
377
223
-71
-311
-431
-516
-562
-648
-690
-730
-818
-852
-854
-813
-723
-620
-463
-352
-354
-297
-154
115
377
470
498
492
528
654
798
969
1034
874
666
537
589
673
597
446
269
106
-49
-167
-167
-167
-256
-353
-412
-440
-447
-479
-462
-351
-243
4
148
79
-36
-56
247
561
709
819
808
542
310
343
790
1084
783
385
109
74
77
52
149
62
-347
-710
-761
-624
-623
-763
-772
-779
-900
-989
-940
-761
-687
-671
-539
-421
-398
-399
-282
-68
58
125
229
283
264
226
303
442
466
417
315
223
136
65
99
85
-28
-180
-344
-415
-429
-416
-381
-486
-621
-674
-675
-588
-538
-488
-401
-396
-372
-269
-144
23
107
175
295
401
550
675
739
788
821
868
956
983
998
972
935
915
848
787
705
616
536
429
291
171
82
35
-32
-133
-240
-328
-375
-432
-458
-455
-462
-472
-482
-468
-421
-389
-351
-309
-270
-206
-154
-90
-31
7
71
138
209
253
230
188
162
189
275
317
278
164
30
-26
-37
-28
-32
-93
-166
-261
-345
-385
-419
-411
-379
-384
-417
-475
-495
-446
-395
-332
-286
-280
-280
-302
-257
-166
-78
-15
7
28
7
-22
-15
27
86
113
86
53
2
-34
-18
-1
32
21
-22
-53
-82
-62
-10
48
99
116
107
111
138
212
300
354
381
408
428
435
437
454
488
514
522
493
455
397
338
303
283
263
206
137
79
23
-47
-94
-126
-162
-207
-261
-285
-291
-305
-312
-310
-292
-255
-230
-219
-207
-157
-63
16
63
80
94
133
171
228
280
292
265
220
211
241
239
197
142
78
26
-39
-106
-151
-202
-243
-289
-353
-418
-484
-533
-554
-552
-536
-517
-512
-531
-549
-529
-453
-346
-257
-215
-207
-204
-164
-73
34
126
161
149
135
135
193
272
307
305
256
205
181
180
215
224
167
83
24
32
75
70
30
-21
-55
-32
-9
19
25
-6
-20
-2
52
107
121
128
151
184
229
265
288
290
291
323
362
376
350
320
326
343
343
318
282
252
206
169
147
137
114
72
36
7
-23
-51
-74
-78
-69
-85
-106
-122
-127
-117
-107
-83
-58
-58
-85
-112
-114
-90
-74
-79
-95
-127
-159
-187
-204
-207
-243
-285
-306
-325
-356
-404
-441
-455
-464
-474
-470
-459
-464
-476
-472
-432
-379
-332
-287
-235
-192
-162
-115
-30
51
99
135
175
214
239
261
311
351
351
328
313
323
310
274
237
206
178
147
125
93
40
-14
-35
-28
-32
-60
-87
-99
-91
-68
-29
11
30
42
69
118
183
243
293
333
357
380
404
438
465
473
476
477
463
439
411
382
351
300
252
212
156
95
32
-15
-54
-97
-138
-173
-214
-249
-271
-283
-286
-298
-300
-292
-291
-290
-280
-255
-228
-214
-204
-188
-167
-153
-141
-129
-122
-125
-127
-127
-132
-146
-159
-161
-163
-176
-194
-209
-225
-236
-234
-226
-219
-224
-231
-225
-216
-202
-178
-145
-111
-91
-75
-51
-27
-3
24
56
85
101
102
99
105
118
145
169
166
139
112
98
110
128
133
117
87
65
58
67
82
99
104
97
93
96
115
134
158
183
201
208
212
219
230
250
269
282
280
264
245
236
233
232
230
213
184
143
104
81
63
54
34
-2
-37
-78
-112
-128
-137
-135
-141
-167
-190
-206
-205
-188
-182
-179
-182
-190
-183
-168
-152
-133
-123
-108
-93
-92
-92
-87
-70
-53
-51
-49
-46
-49
-49
-49
-45
-43
-48
-51
-54
-65
-71
-69
-65
-67
-80
-83
-81
-82
-80
-78
-72
-72
-84
-86
-79
-71
-65
-58
-49
-44
-46
-46
-37
-22
-2
12
22
27
29
38
52
70
90
107
113
117
119
122
129
138
153
162
154
146
144
144
138
128
130
130
113
94
81
75
66
53
52
45
24
-3
-7
15
16
-7
-22
-22
-22
-25
-11
12
5
-24
-33
-13
12
7
-11
-10
-3
-2
-6
5
11
-3
-21
-22
-7
-2
-20
-34
-38
-38
-39
-37
-30
-35
-52
-61
-59
-55
-47
-47
-47
-51
