16
17
15
15
15
12
11
3
-4
-5
-6
-2
0
-4
-7
-16
-18
-14
-9
0
0
-4
-8
-12
-7
2
9
13
8
3
1
3
10
13
14
10
2
-2
-5
-4
-3
-3
-7
-14
-22
-27
-28
-26
-22
-23
-28
-36
-41
-43
-33
-30
-26
-29
-38
-37
-31
-14
6
14
19
22
28
57
73
98
116
112
139
143
149
163
138
147
148
140
153
107
58
28
-18
3
9
-27
-60
-166
-210
-209
-201
-132
-135
-159
-177
-215
-147
-66
20
110
102
137
150
184
302
346
426
436
379
382
303
280
289
196
166
18
-163
-277
-477
-545
-663
-825
-969
-1178
-1275
-1317
-1328
-1323
-1406
-1461
-1441
-1306
-1061
-876
-707
-653
-568
-274
56
505
789
916
1088
1152
1456
1767
1981
2157
2086
2089
2066
1998
2037
1867
1734
1583
1262
1075
698
384
186
-127
-183
-370
-700
-922
-1312
-1390
-1290
-1270
-1121
-1163
-1170
-1047
-981
-678
-275
24
341
490
660
939
1085
1344
1610
1802
1926
1747
1626
1579
1444
1283
898
579
340
-161
-571
-1032
-1577
-1954
-2552
-2718
-2707
-3099
-3453
-4026
-4248
-3981
-3813
-3411
-3215
-3396
-3335
-3194
-2447
-1426
-811
-428
-343
-136
487
1232
2154
2690
2776
2723
2662
3110
3512
3889
3947
3542
3165
2776
2684
2876
2722
2259
1483
692
478
326
238
65
-493
-1060
-1651
-1747
-1348
-1068
-1095
-1458
-1566
-1355
-984
-502
-54
342
507
475
808
1398
1929
2268
2257
2406
2520
2384
2338
2357
2346
2138
1596
1039
614
97
-373
-763
-1284
-1881
-2777
-3574
-3858
-4032
-4130
-4419
-4874
-5345
-5638
-5455
-4873
-4289
-4113
-4089
-4074
-3614
-2868
-1899
-915
-283
130
381
982
1822
2838
3481
3908
4118
4432
4750
4705
4959
4935
4860
4643
4389
4420
4088
3084
2113
1549
1640
1754
1063
369
-525
-1618
-2364
-2278
-1338
-937
-1766
-2870
-3057
-2565
-1755
-866
-244
510
192
-316
278
1317
2871
3451
3287
3658
3225
2715
2876
3197
4347
4119
2748
1900
698
341
4
-456
-401
-1632
-3137
-4464
-5183
-5057
-5731
-6375
-6540
-6760
-6941
-7625
-7744
-7151
-6966
-6319
-5581
-4814
-4216
-4315
-3841
-2798
-1450
-131
405
1063
1300
1783
2810
3525
4821
5047
5369
5765
5279
5519
5688
5671
6067
5710
5965
5822
3935
2737
1987
2634
3275
2552
1964
474
-1582
-2758
-2413
-249
513
-1267
-3181
-4206
-3695
-3007
-2148
-98
553
-480
-2336
-2407
-200
1486
3874
5062
5220
3687
574
1207
4106
7616
9904
7276
3849
651
-1313
1969
5085
6578
4425
-1881
-5097
-5882
-4074
-990
-1310
-3090
-6712
-10145
-10416
-9476
-6947
-5458
-6430
-7808
-9850
-10302
-9035
-7362
-4290
-2453
-2934
-3929
-5465
-4422
-1704
638
3148
3129
2309
1435
833
2561
4686
6465
7172
6000
5437
4195
3959
5442
6770
8416
7522
4720
2689
1519
2804
4510
4499
4204
1549
-1857
-3512
-2795
383
1900
-71
-2706
-4441
-4598
-4221
-3304
-860
467
-693
-2780
-3124
-1057
700
1266
2818
4875
5515
3705
2764
5836
8009
7628
6675
7079
8129
6344
4547
4944
4976
3764
1220
-82
947
-210
-3151
-5600
-6030
-4795
-6157
-8149
-8797
-10219
-11666
-12650
-11682
-9160
-9217
-10954
-12361
-12191
-10132
-8193
-6577
-4948
-4174
-4960
-5326
-3725
-347
2203
1923
1551
2620
3344
4062
4685
6487
8020
6962
6449
6595
7780
8640
8281
8907
8852
7030
4630
3500
5607
6969
5733
4090
1721
-288
-1979
-1599
1432
2274
57
-3321
-4980
-3632
-2717
-2536
-1469
-640
-1420
-3328
-3255
-341
2056
2251
2056
3133
3565
4188
5104
6912
10106
8781
6114
4920
5252
8788
9102
7383
6239
1600
-1084
-1279
63
3201
83
-5152
-8510
-10328
-8291
-7771
-8430
-9435
-12784
-15083
-15981
-14578
-11897
-11296
-11535
-12347
-12837
-11903
-10841
-8480
-5704
-3976
-3039
-3237
-3397
-1615
-62
2010
3762
3378
5173
4644
4694
6417
6128
8055
7763
7260
9193
7616
7754
8945
7945
9443
6942
4603
5796
5107
6967
6549
4198
3774
196
-1033
1356
3015
4167
785
-2584
-1829
-1582
-719
-626
-581
619
-1367
-2541
-1017
951
3265
2060
1611
3274
3429
3638
3252
9131
13624
9754
4392
245
3407
6778
8205
13179
9730
-183
-8078
-10998
-828
6335
3359
-3281
-13513
-15996
-14074
-11556
-5301
-5875
-12670
-19500
-21888
-16521
-12166
-10885
-10789
-12407
-13191
-14527
-13222
-8659
-5591
-3370
-2836
-2906
-2251
-2660
-2626
-179
3467
6211
6274
3981
3302
4413
4559
7013
9966
10395
9510
7403
6215
8289
10654
11979
11005
7191
6315
6828
7318
8352
8224
7054
4689
1454
724
3504
5829
4441
864
-480
218
233
-870
-1077
681
911
-1054
-1707
-390
1577
1109
-606
831
3933
4844
3857
2598
3597
7043
7131
5122
4345
3813
3079
1466
2812
6405
4136
-2595
-7259
-7075
-3067
-1703
-3894
-7393
-11292
-13435
-14234
-12141
-9345
-10773
-14857
-17727
-16747
-14386
-13402
-12472
-11293
-11613
-12534
-12209
-9675
-6174
-4898
-4479
-3224
-2033
-1379
-877
-118
2655
4737
4608
4958
5294
6928
7140
6574
8665
10315
10174
9233
9069
10550
12401
12279
11207
9630
8993
9517
9997
11207
11675
9923
6355
3648
3554
5827
7871
7126
3713
588
-386
-346
227
902
1134
132
-2328
-4193
-3702
-1598
-127
-452
-1074
-564
-320
-1029
-983
734
2469
4283
5088
3428
1116
-1836
-2281
882
4332
6428
3004
-5001
-10254
-10784
-5528
570
-33
-6108
-14314
-18447
-16019
-10713
-6650
-7645
-13306
-19069
-20355
-16861
-11864
-8575
-8742
-11326
-13804
-13958
-10710
-5924
-2539
-1242
-1650
-2823
-2578
-814
1971
4960
6130
7107
6922
6376
7664
8142
9920
11451
11942
13124
11817
11047
11771
12554
15009
14859
12272
10971
9467
10267
11680
11928
11917
8460
4472
2624
3804
7113
7240
3772
-85
-1916
-1558
-1610
-1234
-219
-1229
-3659
-6166
-6460
-3799
-2201
-2476
-2924
-2856
-2326
-2942
-3417
-1086
1309
1684
2646
3102
2172
-538
-3157
-1040
2653
4647
4125
-1057
-6804
-9986
-9265
-3504
238
-2040
-9343
-16930
-17177
-12586
-8380
-6881
-10452
-15445
-18950
-18622
-13868
-9689
-8157
-9706
-12533
-13208
-11311
-7240
-3153
-1251
-682
-1178
-1126
475
2945
5127
6355
7118
7983
8927
8999
9988
10940
10819
11595
12608
13796
14868
13742
13197
14029
14273
14361
11994
10372
11911
12128
11333
10108
7909
6330
3832
2713
4817
5631
4017
-211
-3348
-2206
-1260
-1862
-3229
-4225
-4531
-6450
-7456
-5975
-4084
-3365
-5137
-6183
-4400
-2851
-3064
-2843
-1301
535
1520
1248
1504
683
-1545
-1728
68
2702
4118
684
-4308
-7543
-8015
-4738
-1939
-1902
-5705
-11743
-14876
-13633
-9980
-7788
-9278
-12832
-16076
-16771
-14574
-11900
-9400
-8879
-10244
-10698
-10646
-8069
-4208
-1911
-219
881
1363
2142
2787
4133
6865
8448
9888
10471
9662
9895
10122
10905
12525
13308
13948
13365
12308
11905
12041
13949
14454
12467
9793
8144
8921
10100
10385
9923
7186
3747
1168
995
3987
5788
3817
-382
-3139
-3147
-2693
-3047
-2835
-2594
-3649
-5999
-7693
-6744
-4957
-4650
-5336
-5252
-3765
-3439
-4453
-4441
-3057
-1125
-1545
81
3183
1722
-2333
-6338
-4206
1139
2622
3472
121
-7006
-10958
-11370
-4337
2290
60
-7034
-15475
-16723
-11851
-7763
-4641
-5992
-11280
-16241
-17130
-11976
-6596
-4592
-5887
-8700
-9288
-7909
-4846
-430
2113
2646
1918
1094
2549
4726
6515
8392
9428
10058
10074
8711
9130
10345
10794
11853
12903
13952
12895
10413
10030
11479
13360
13513
11100
9733
9273
9098
9452
9241
9097
6970
3357
2094
3151
4748
4283
843
-1499
-1982
-2714
-3960
-4748
-4281
-4305
-6365
-8540
-8862
-7833
-7458
-8386
-8264
-7207
-6357
-7203
-8023
-5688
-3766
-2454
-1408
-1381
-1472
-3624
-4453
-1345
1583
3399
1647
-2712
-5032
-6054
-3520
384
1476
-673
-6415
-10096
-8915
-5965
-3554
-4073
-6670
-9554
-11807
-11088
-8528
-6444
-5548
-6638
-7871
-8006
-7223
-4820
-2423
-555
732
423
352
781
1908
4140
5820
7534
8358
7893
7295
7262
9223
11210
12363
13180
12787
12638
12126
12008
14310
15598
15545
12950
9421
10027
11453
12312
12399
9854
7269
3565
206
1881
4181
4693
1471
-4395
-6434
-7081
-7821
-7493
-7502
-7067
-9018
-13153
-14524
-13187
-10498
-9217
-10027
-9301
-8567
-9047
-8991
-7549
-3554
-530
886
1587
153
-1725
-2530
-140
5336
9244
8760
3597
-3123
-5080
-1898
3986
7678
4450
-2870
-9732
-10983
-6474
-1988
-851
-4533
-10675
-14795
-14750
-10750
-6729
-5774
-7673
-10564
-11607
-10145
-6840
-3113
-1156
-510
-441
-412
938
2624
4703
6663
8041
9342
9445
9635
10036
11289
12579
13116
14370
14276
13842
13703
12928
14694
15644
14400
12664
9264
9566
10776
10271
10614
8331
5142
1856
-1645
-299
2247
2007
-838
-6269
-8685
-8788
-9315
-8456
-8020
-8217
-10262
-13904
-14266
-11939
-9480
-8544
-9104
-8709
-7581
-7852
-7261
-4556
-1171
1744
576
-998
88
1122
2903
3999
5230
6367
3329
546
557
1524
2824
1394
-252
-1259
-3555
-4981
-6246
-5940
-5203
-6870
-8184
-9554
-10406
-10423
-11078
-9542
-8059
-8357
-8222
-8742
-7502
-5379
-4011
-1476
-206
693
1786
2141
3923
5594
7192
8875
8975
9439
9610
10024
11420
12132
12944
12631
12035
11796
11808
12625
12793
13430
12765
11042
9553
7564
8052
8940
8897
8671
5274
1831
-415
-2061
-465
879
121
-2926
-7903
-10149
-9534
-8717
-7642
-7631
-9135
-11211
-13521
-13421
-10921
-8361
-7019
-7731
-8277
-7821
-7413
-6027
-3369
93
2033
1170
291
401
1042
2324
4232
6649
6989
4228
977
-490
456
2165
3070
2502
-22
-3719
-6626
-6715
-4247
-2408
-3495
-6671
-9758
-10937
-10072
-7840
-5712
-5750
-7295
-8632
-8339
-6182
-3603
-1554
-547
-475
-66
1146
2859
4939
6073
6926
7401
7610
8695
9416
10429
11226
11357
11578
10835
10579
11255
11406
12103
11735
11657
12133
10226
8371
6480
6588
8637
7985
6483
4426
1384
-1037
-3791
-3023
185
-170
-4257
-9760
-11526
-9646
-8956
-9233
-9220
-9631
-11453
-14570
-14776
-10978
-7566
-7217
-8897
-9114
-7267
-6280
-5281
-2894
126
1746
891
1842
4015
4689
3698
2254
4356
7280
7885
7248
4182
914
-961
-773
3244
5313
2366
-3266
-8011
-7620
-4563
-2520
-2543
-5504
-9596
-11983
-11024
-7135
-4402
-4515
-6512
-8321
-7366
-5271
-2564
-139
645
1090
1448
2185
4154
5631
6360
7060
7057
7704
8843
9282
9600
9926
9414
9694
9763
9620
9930
9487
9324
9887
10155
9313
7409
4389
3874
5253
6463
6524
4330
1322
-1561
-4063
-3530
-526
716
-1869
-7480
-10362
-9521
-7724
-6941
-7756
-8404
-9760
-12306
-13121
-11017
-7310
-5768
-7560
-8444
-7510
-6130
-4857
-3720
-746
1972
2505
2369
2380
3475
4075
4205
6255
8675
9163
7069
3862
2962
3188
3930
5058
4729
2745
-1242
-4473
-4129
-2154
-1353
-3110
-6197
-8411
-9774
-9963
-8448
-6432
-6123
-7889
-9537
-9286
-7165
-5131
-3663
-2045
-1120
-544
-13
710
2758
4477
5303
6395
6800
7358
7668
7517
8768
9731
10105
9465
8092
7682
7982
9003
9137
9397
9241
7203
4782
2482
3018
5640
6160
5321
2855
-581
-2702
-4699
-3753
-561
173
-2687
-7827
-10564
-9300
-7471
-6706
-6710
-7508
-8963
-11053
-11597
-9223
-5805
-3905
-4908
-5996
-5145
-4043
-2571
-667
1799
4845
5288
4644
5291
5546
6188
6390
7352
10513
11000
8735
5960
3092
2756
3507
4999
6228
3321
-1681
-5773
-6161
-3363
-2182
-3507
-6737
-10531
-12397
-12337
-9888
-7127
-7626
-9635
-11557
-11642
-8688
-6019
-3908
-2433
-2643
-2191
-811
595
3249
4649
5269
6537
6454
7430
7862
7620
8541
8871
9444
9508
8001
6819
5852
6338
7500
7548
7726
6299
3825
1230
-165
1858
4347
4836
3280
-222
-3117
-4879
-5443
-2550
1067
1207
-2961
-8420
-9548
-6786
-4380
-3285
-3377
-4132
-6191
-8762
-8236
-4470
-548
101
-1978
-2932
-2373
-1511
-283
1774
4999
7499
7175
5300
3304
2412
3553
5992
9310
11393
8924
2632
-2903
-3304
1468
6673
7218
2388
-4613
-9376
-9005
-4575
-378
-520
-5723
-11987
-14463
-12763
-8851
-5741
-5647
-8212
-11349
-12239
-9817
-5887
-2835
-1810
-2219
-2297
-1820
-265
1912
3538
5088
5386
5434
5861
5802
6217
6333
6712
8026
8691
8070
6532
5079
4902
5856
6514
6939
7542
6191
3457
868
148
3095
5270
5479
4023
246
-2438
-4115
-3237
923
3454
2190
-3037
-7758
-7404
-4632
-1920
-952
-1953
-3797
-6887
-8501
-6394
-2534
397
-83
-2354
-3011
-2520
-1207
858
3501
5855
5401
3164
2008
2653
4110
5430
6859
7705
6340
3018
234
168
2127
3674
3696
1887
-1505
-5056
-6816
-5598
-3084
-2641
-5006
-8472
-11138
-11583
-10399
-8427
-6928
-7359
-9282
-10906
-10423
-8050
-5155
-3166
-2735
-3204
-3379
-2647
-491
2052
3859
4750
4272
4058
4631
5113
6204
6842
6948
7661
6628
6042
5656
4661
5682
5499
5891
6169
4684
5115
4573
3484
3083
1986
3436
4744
4328
3899
1191
-492
-1078
-970
2095
3527
2098
-1360
-4676
-3788
-1484
-333
146
-1003
-2322
-3776
-5075
-3520
-1160
179
-120
-1877
-2158
-1535
-945
266
1789
3257
3512
2376
1363
1398
1924
2848
3805
4523
3950
1533
-1035
-1964
-792
991
1573
-13
-3206
-6348
-7607
-6643
-4810
-4102
-5939
-9164
-11376
-11439
-9926
-8306
-7677
-8177
-9286
-9975
-8912
-6672
-4233
-2794
-2705
-2782
-2363
-729
1620
3459
4534
4807
4649
4872
5282
6315
7274
7354
7035
6169
5911
6136
6002
5639
4834
4390
4002
3684
3935
4721
5493
4716
2709
1201
1555
3467
5352
5765
4812
2390
-127
-753
1368
5041
6105
3353
-565
-2201
-1097
506
1436
1697
692
-1827
-4358
-4742
-2724
-865
-1192
-2709
-3468
-3350
-3468
-3781
-2548
678
2483
886
-1938
-3001
-1440
649
2818
5119
4543
-41
-4843
-5038
-270
3999
3873
604
-3426
-6352
-7052
-4874
-1480
-1026
-4572
-8797
-10178
-9016
-7682
-6758
-6448
-7219
-8714
-9535
-8151
-5606
-3872
-2946
-2131
-1349
-912
-286
1058
2751
4461
5823
6625
6711
6014
5661
5943
6642
7743
7900
6725
5382
3788
3584
4231
4024
4290
3405
2018
460
-692
842
3470
4530
3585
793
-1134
-241
1904
5040
6803
6208
3077
-445
-837
2430
6460
7401
4862
1224
-716
-839
-111
825
1707
1162
-1386
-4299
-5503
-4490
-3263
-3481
-4077
-4402
-4843
-5964
-6518
-4696
-2480
-1987
-3303
-4502
-3976
-2771
-1627
-294
263
-255
-1507
-2015
-464
858
951
571
102
-159
-710
-1113
-911
-1024
-1744
-2265
-2415
-2640
-3377
-4164
-4042
-3453
-2967
-2873
-3005
-3183
-3240
-2544
-1250
147
896
770
567
823
1612
2704
3684
4008
3859
3472
3341
3777
4253
4517
3964
3196
2575
2246
2300
2250
2167
1737
921
340
-39
-254
-63
-7
1094
2365
2092
923
-704
-590
1425
3426
4880
4711
2721
632
-576
709
3974
5406
4198
1290
-983
-1080
-543
291
1015
627
-879
-3172
-4436
-3779
-2694
-2197
-2741
-3588
-4127
-4660
-4187
-3075
-2015
-1447
-2303
-3056
-2804
-1813
-116
720
483
43
-658
-300
841
1667
2167
1588
926
927
1109
1391
1068
417
-40
-383
-363
-480
-982
-1667
-2408
-2560
-2202
-1838
-1695
-2195
-2758
-2781
-2267
-1311
-656
-471
-640
-924
-801
-126
954
1750
1651
1178
748
1054
1843
1997
2091
1676
1086
768
282
347
326
-22
19
-59
-379
-552
-1118
-1110
-543
-296
1324
2731
2822
1689
-631
-228
2361
4540
6252
5727
3759
1816
-303
1088
4989
7076
6180
1864
-1123
-1038
-356
977
1849
1567
-113
-3304
-5353
-4793
-2895
-1719
-2167
-3289
-3961
-4285
-4508
-3988
-2985
-1865
-1364
-1545
-1158
-489
-206
-32
146
1389
2743
3023
3047
2236
1640
2028
2900
4103
3991
2231
325
-580
-114
746
922
263
-1270
-3296
-4439
-4096
-2999
-2547
-3031
-3843
-4544
-4768
-4720
-4194
-3197
-2500
-2352
-2341
-2162
-1782
-1298
-739
69
830
919
877
578
366
755
1073
1467
1769
1268
299
-488
-884
33
848
1097
1004
24
-408
-274
286
1339
2167
2171
2580
3160
3561
3368
2042
2448
4214
5806
6705
6128
4642
3051
1421
2230
5343
7113
5898
1732
-1173
-750
344
997
1278
694
-804
-3508
-5216
-4174
-2317
-1674
-2729
-3492
-3324
-3575
-4234
-4204
-2656
-924
-693
-585
-453
-916
-1327
-1482
383
3002
3416
2545
1170
329
643
1256
2686
3644
2210
-150
-1792
-1933
-892
-290
-473
-1532
-3502
-5122
-5396
-4435
-3281
-3005
-3488
-4328
-5136
-5207
-4452
-3269
-2462
-2312
-2311
-2395
-2081
-1567
-1166
-521
-47
342
455
402
620
793
1153
1420
1414
1609
1542
1371
1439
1405
1679
1780
1480
1757
1718
1588
1684
1334
1603
1817
1621
1936
1915
1848
2722
3173
3234
2517
1312
2025
3247
4140
4773
3981
2716
1536
628
1853
3706
4123
2959
683
-257
271
656
922
1041
735
-199
-1583
-2233
-1444
-371
-431
-956
-1631
-2165
-2482
-2615
-1622
-335
-261
-957
-1904
-2304
-1689
-1152
-317
176
-242
-791
-1260
-1140
-787
-745
-669
-439
-382
-794
-1456
-1829
-1817
-1828
-1773
-1586
-1661
-2170
-2937
-3248
-2968
-2570
-2198
-2205
-2465
-2594
-2697
-2354
-1706
-1260
-903
-897
-1043
-919
-601
27
678
969
1021
991
809
875
1200
1700
2248
2285
1921
1619
1450
1368
1513
1617
1748
1735
1309
944
805
836
1074
1188
1164
1109
802
630
756
895
1319
1631
1938
2249
2027
1573
1008
1261
2226
2935
3355
3155
2291
1199
274
703
2118
2777
2308
900
-248
-541
-717
-512
74
111
-374
-1249
-1968
-1906
-1671
-1497
-1329
-1409
-1618
-2050
-2529
-2297
-1712
-1297
-1028
-1164
-1506
-1816
-1902
-1351
-525
2
-66
-503
-764
-850
-821
-506
-6
266
-25
-629
-1094
-1236
-1039
-763
-600
-633
-961
-1412
-1672
-1598
-1290
-1018
-879
-945
-1207
-1367
-1283
-958
-570
-306
-68
21
32
4
63
445
915
1237
1229
1075
1023
1008
1088
1298
1475
1580
1289
959
812
846
1030
1042
1030
858
599
301
280
301
348
289
218
340
274
158
80
226
358
437
422
566
832
1020
1060
786
528
573
884
1336
1693
1745
1419
799
411
522
1081
1555
1507
1029
365
-69
-320
-354
124
423
226
-460
-1189
-1346
-1311
-1118
-654
-385
-789
-1542
-2064
-1737
-1108
-916
-764
-777
-1069
-1456
-1635
-1117
-466
-297
-302
-307
-441
-681
-822
-564
-12
249
132
-60
-326
-597
-711
-566
-146
-6
-199
-456
-765
-894
-823
-619
-448
-515
-731
-943
-1012
-891
-733
-582
-461
-452
-491
-416
-244
-30
219
426
537
566
606
701
746
817
935
989
985
903
773
664
656
696
703
628
488
338
217
176
237
352
337
179
-34
-115
72
272
391
449
377
367
443
627
965
1173
1216
1126
1042
1218
1494
1645
1590
1357
1163
1086
1082
1123
1082
885
527
195
12
-70
-142
-298
-434
-602
-860
-1082
-1223
-1198
-1110
-1139
-1146
-1160
-1245
-1322
-1344
-1158
-850
-676
-624
-686
-786
-721
-519
-245
3
89
56
-27
-91
11
219
325
265
35
-173
-242
-278
-313
-436
-632
-872
-1111
-1225
-1249
-1205
-1234
-1332
-1378
-1402
-1318
-1164
-991
-777
-629
-537
-388
-194
29
239
391
544
687
837
989
1091
1134
1162
1195
1228
1254
1185
1118
1068
1016
963
866
777
617
439
322
298
315
282
173
-6
-137
-178
-116
-47
-20
-28
-50
-18
89
202
312
390
414
456
548
699
831
910
894
822
799
790
776
748
753
737
611
456
319
223
127
34
-73
-205
-318
-428
-565
-708
-818
-899
-931
-954
-980
-1014
-1049
-1046
-1000
-896
-784
-748
-741
-693
-614
-472
-320
-206
-163
-200
-174
-72
58
112
62
49
70
50
12
26
16
-83
-213
-274
-259
-305
-370
-400
-409
-414
-475
-492
-432
-373
-352
-325
-217
-79
-25
-26
19
122
224
299
384
484
572
604
589
601
641
661
648
644
656
635
546
443
359
296
238
156
111
68
-14
-119
-215
-258
-274
-301
-300
-283
-292
-297
-308
-249
-140
-91
-57
-27
14
101
169
264
376
386
377
369
371
436
451
441
473
465
409
328
258
269
254
181
160
117
40
-47
-130
-135
-165
-240
-292
-321
-339
-350
-352
-311
-265
-291
-270
-215
-178
-126
-84
0
70
73
83
111
120
137
134
141
192
184
139
99
72
66
55
43
35
9
-26
-47
-93
-136
-165
-193
-204
-212
-233
-244
-253
-273
-277
-276
-265
-269
-274
-245
-213
-198
-191
-187
-206
-212
-199
-184
-150
-127
-121
-137
-172
-179
-186
-201
-188
-149
-106
-80
-110
-147
-142
-121
-90
-71
-55
-20
-22
-46
-51
-46
4
38
22
27
37
52
59
53
72
93
103
118
130
147
172
175
184
206
232
240
223
225
242
267
296
304
299
298
287
294
328
363
379
357
343
346
356
377
363
335
324
324
335
314
288
268
240
221
209
206
195
157
120
107
118
117
82
38
-3
-39
-58
-67
-97
-147
-193
-223
-253
-285
-296
-304
-316
-340
-366
-367
-372
-383
-380
-374
-368
-368
-367
-346
-336
-336
-328
-328
-314
-293
-281
-265
-268
-267
-242
-210
-185
-180
-194
-206
-210
-191
-150
-133
-145
-176
-195
-186
-164
-142
-134
-139
-142
-127
-110
-85
-57
-39
-17
7
31
70
108
137
177
218
264
314
335
339
354
384
417
427
426
437
435
423
416
411
420
408
373
338
312
298
273
235
194
153
124
100
67
37
23
2
-24
-44
-51
-57
-82
-102
-104
-87
-71
-78
-86
-96
-103
-103
-107
-92
-80
-76
-75
-91
-95
-89
-87
-79
-82
-76
-68
-75
-81
-94
-109
-108
-112
-112
-90
-83
-96
-126
-146
-121
-98
-84
-81
-93
-82
-67
-63
-60
-60
-52
-35
-31
-20
-1
8
15
20
30
43
38
32
45
61
75
70
52
41
39
46
58
59
55
51
36
21
18
22
40
51
45
37
31
25
27
26
26
28
16
2
-5
-21
-34
-49
-57
-53
-52
-63
-89
-114
-128
-132
-125
-114
-109
-117
-131
-134
-116
-94
-75
-66
-65
-52
-47
-33
-9
13
37
49
54
57
64
84
110
120
125
130
133
130
117
114
115
122
113
97
85
69
58
42
40
49
49
43
20
-5
1
9
11
11
4
8
8
3
13
31
40
35
31
34
49
56
62
70
74
76
70
67
60
50
54
53
51
48
32
15
3
-10
-6
-7
-18
-29
-45
-48
-47
-50
-51
-55
-64
-71
-80
-85
-85
-84
-84
-94
-105
-110
-113
-120
-121
-115
-108
-102
-111
-120
-114
-107
-102
-101
-94
-74
-64
-60
-55
-48
-34
-19
-6
13
29
40
46
50
65
76
89
97
93
94
96
96
90
78
70
66
58
47
34
24
13
1
-11
-21
-32
-50
-64
-71
-66
-64
-73
-81
-84
-76
-67
-63
-49
-32
-21
-13
-10
5
29
47
66
80
92
98
95
104
121
135
144
141
130
116
105
100
99
94
85
76
51
22
3
-9
-14
-18
-24
-26
-36
-50
-57
-61
-57
-53
-50
-43
-37
-34
-26
-19
-11
4
10
21
36
44
49
54
58
67
77
77
72
70
76
81
80
77
66
52
41
31
26
23
19
13
-1
-19
-29
-35
-44
-51
-58
-58
-60
-70
-78
-88
-93
-94
-95
-96
-106
-117
-120
-118
-119
-122
-119
-119
-128
-139
-134
-117
-107
-109
-112
-109
-98
-87
-74
-58
-40
-25
-19
-13
0
11
26
42
48
58
70
69
64
59
63
72
73
70
61
46
33
27
30
33
28
20
12
6
2
4
5
7
4
0
2
7
12
18
24
34
47
58
63
63
69
83
101
116
119
119
118
119
125
134
139
137
128
116
105
95
84
76
70
66
59
42
21
2
-11
-13
-16
-25
-39
-56
-63
-69
-70
-72
-76
-79
-83
-85
-82
-81
-80
-75
-71
-73
-75
-72
-68
-62
-57
-54
-54
-57
-58
-56
-53
-46
-42
-41
-43
-42
-37
-34
-33
-31
-28
-27
-30
-32
-28
-22
-20
-22
-22
-21
-25
-25
-22
-22
-20
-24
-30
-37
-40
-35
-32
-28
-27
-29
-29
-29
-33
-29
-25
-18
-13
-13
-8
-2
5
15
22
32
42
47
48
55
65
73
78
84
90
94
92
90
93
97
94
90
89
89
81
65
55
51
47
38
30
26
20
5
-11
-25
-31
-32
