-9
-8
-7
-5
-4
-3
-4
-4
-3
-1
0
2
4
3
5
4
4
6
9
11
11
12
11
10
11
14
15
16
16
15
16
15
16
16
18
17
18
18
17
15
15
15
15
16
15
13
12
10
8
9
9
9
10
9
7
5
5
5
5
5
6
4
2
-4
-9
-12
-11
-10
-11
-18
-31
-44
-53
-56
-56
-60
-72
-90
-110
-127
-139
-148
-152
-156
-174
-195
-217
-233
-237
-235
-228
-228
-238
-250
-260
-243
-216
-184
-169
-164
-168
-151
-105
-40
30
45
61
48
96
174
264
358
372
383
371
405
463
534
599
647
661
639
611
570
591
624
731
800
750
611
425
372
447
587
687
661
513
294
137
178
315
443
448
349
275
151
34
-29
24
150
198
183
95
-62
-288
-463
-434
-201
-71
-181
-495
-819
-959
-1011
-869
-738
-768
-1027
-1450
-1663
-1694
-1611
-1576
-1628
-1676
-1790
-1934
-2072
-2083
-1970
-1822
-1713
-1635
-1558
-1571
-1585
-1559
-1290
-893
-628
-442
-481
-325
-191
98
474
678
943
907
1088
1240
1450
1679
1835
1955
1941
1973
2086
2300
2219
2186
2170
2258
2261
2007
2133
2308
2307
1995
1535
1573
1647
1595
1581
1630
1621
1065
373
369
886
1209
921
439
264
106
-158
-139
254
558
208
-429
-559
-324
-152
-248
-245
-134
-379
-850
-1119
-895
-675
-847
-1123
-1277
-1353
-1659
-2047
-2158
-2139
-2182
-2319
-2448
-2485
-2820
-3294
-3493
-3386
-2946
-2760
-2797
-2973
-3319
-3440
-3221
-2587
-1872
-1545
-1686
-1943
-2096
-1550
-783
5
476
420
381
247
652
1390
2232
2484
2390
2259
2556
2790
2848
3210
3630
4096
3692
3525
3503
3658
3384
3225
4059
4786
4527
2978
2056
2339
3023
3252
3382
3472
2713
903
-456
412
1986
2288
1098
-7
12
-270
-1012
-1041
-340
293
-290
-897
-641
-677
-1378
-2083
-1434
-80
318
-492
-1400
-2022
-2382
-2321
-1567
-470
-664
-2098
-3603
-4005
-3462
-3018
-2816
-2914
-3414
-4423
-5329
-5462
-4989
-4487
-4403
-4381
-4456
-4789
-5161
-5184
-4559
-3608
-2867
-2515
-2382
-2540
-2349
-1911
-911
361
1027
1360
961
1061
1618
2437
3294
3792
4197
4110
3755
3534
4221
5111
5693
5469
5199
5224
4602
4053
4032
5616
6898
6227
4418
3100
3417
3685
3646
4142
5070
4605
2027
-439
-9
2006
2535
1293
136
376
-101
-1790
-2464
-1250
179
-459
-1799
-1322
-366
-988
-2644
-2791
-842
336
-309
-1016
-806
-938
-2342
-3103
-1648
150
-46
-1841
-3294
-3630
-3767
-3823
-3098
-2242
-2832
-4820
-6220
-5868
-4807
-4438
-4802
-5067
-5164
-5508
-5921
-5562
-4456
-3921
-3963
-3875
-3144
-2325
-2399
-2403
-1713
-333
559
715
951
1045
1279
1454
2442
3592
4186
3967
3307
3409
3818
4606
5248
5715
5618
5364
5099
4929
5065
5061
6269
7395
7698
6155
3773
3521
4430
5677
6141
6221
5646
3052
-428
-890
1969
4170
2948
-216
-1207
-1174
-2326
-3656
-3036
-642
-279
-2240
-3553
-2820
-2480
-4043
-4622
-2613
1856
2844
-304
-3697
-4926
-3078
-1191
1357
3988
3507
-1637
-7213
-7945
-2547
2123
1968
-555
-4590
-7450
-8800
-7220
-3091
-1650
-3692
-7033
-8646
-7978
-7915
-7406
-5891
-4527
-3931
-5102
-6290
-6262
-5242
-3631
-1798
401
1603
468
-1192
-1623
185
3275
5148
5983
5606
4251
2740
2796
4740
7067
8054
7744
6528
5206
4660
5084
6397
7319
6934
6090
7036
7627
6940
4655
3181
4536
6266
6890
6638
6353
4758
631
-2404
272
4683
5731
1885
-2185
-2293
-2383
-4017
-4442
-1947
444
-1669
-5060
-5408
-3957
-3720
-5397
-4606
-1372
196
-1030
-2528
-2356
-2559
-3529
-2597
641
3135
2117
-1685
-4157
-4797
-4002
-1614
685
1009
-2642
-7418
-9029
-7000
-3568
-2359
-3789
-6115
-8577
-9640
-8828
-6697
-4540
-4384
-5562
-6489
-6378
-5424
-4766
-3336
-1216
317
873
264
34
751
1793
3533
5434
6616
6739
5712
5040
5397
6342
7943
8753
8827
8178
6817
5969
5768
6430
7216
7527
6506
6491
7130
7127
5524
3013
3415
5386
6919
6565
5764
4920
2408
-1666
-2217
2081
5577
4097
-1585
-4233
-3272
-3369
-4832
-4751
-1792
-1045
-5046
-8054
-7119
-5060
-5711
-7001
-3659
734
-463
-5763
-8260
-5108
-1370
-234
1004
1989
33
-5136
-7891
-3697
1766
2634
-462
-3476
-4370
-5103
-5298
-3659
-1642
-1623
-4407
-6641
-6368
-5705
-5899
-6252
-5291
-3592
-3790
-5373
-6284
-5350
-3488
-2569
-972
762
870
-164
-1374
143
3239
5093
5948
5788
5406
4721
4346
5845
8271
9212
8723
6799
5588
6133
6420
7032
6879
6289
5353
4182
3850
5926
8125
7852
4474
940
1689
4043
6052
6437
6048
4800
1086
-3039
-2457
2106
4732
2407
-2111
-3175
-2512
-3485
-5185
-4737
-2161
-2314
-5081
-6402
-5537
-5392
-7188
-6422
-2120
980
-1681
-6706
-7726
-4699
-1580
507
2453
2170
-2119
-7560
-7378
-1530
3545
3353
-206
-2890
-4476
-5290
-4125
-1105
698
-910
-4101
-5707
-5242
-5096
-5553
-5105
-3646
-2867
-3968
-5536
-5892
-4991
-3856
-2620
-795
739
256
-1357
-1661
448
3023
4265
4985
5492
5631
4539
3980
5818
8051
8849
7869
6570
6044
5408
4994
5666
6618
7845
6704
3733
566
-166
4287
8476
8868
4967
1132
-3
-500
225
4567
9154
8201
-33
-7119
-4087
1751
2981
-985
-2728
396
-153
-4856
-7498
-5081
-2014
-4039
-6047
-3016
-788
-4073
-8983
-7916
-990
1651
-1467
-3673
-2806
-1662
-2990
-2125
2190
3554
-524
-4824
-3993
-26
860
-770
-644
-34
-1285
-3933
-4229
-1725
-935
-2364
-3586
-3166
-2804
-4737
-6143
-4924
-3047
-2448
-3491
-4185
-3683
-3662
-3364
-2082
-131
1211
109
-991
-565
684
2565
3636
4456
4812
3542
2902
3569
5053
6283
5797
5538
5343
4578
4342
4305
4716
4781
3625
3328
3684
3736
5124
6088
6296
3992
710
1396
4121
6790
7114
5531
3694
116
-3690
-2646
1977
5225
2880
-2946
-4780
-4368
-4843
-6149
-6012
-2792
-2500
-5919
-7908
-7398
-6135
-7069
-7592
-4098
-994
-1721
-3633
-3502
-1249
-1125
-1962
374
3286
4019
1889
381
1201
1004
381
1742
3965
3852
313
-2606
-1719
185
776
-486
-2398
-3717
-5524
-6120
-4882
-3744
-3646
-5394
-6718
-6400
-5567
-4547
-4069
-3151
-1747
-1280
-936
-264
590
1700
2115
3108
4822
5366
5403
5130
5785
6791
6475
6226
6010
5857
5719
4912
4491
4283
3799
3243
2474
1782
929
232
-25
1643
3886
4221
1396
-2621
-2938
107
3686
5331
4894
2770
-735
-4288
-3528
1421
4977
4024
-635
-2938
-2469
-2552
-3381
-3738
-1906
-753
-2498
-4241
-4422
-4136
-5084
-5979
-3647
-403
-305
-2996
-4299
-1718
646
459
156
1014
1664
475
-280
1923
3825
2552
0
-562
1432
1707
60
-536
-179
104
-1051
-2055
-1866
-2645
-4234
-4963
-3950
-2764
-3667
-5334
-5714
-5053
-4258
-3848
-3172
-1989
-1440
-1470
-1289
-285
1088
1829
2312
2727
3195
3558
3279
3475
3902
4281
4422
4061
3750
2991
2162
1746
1882
2036
1876
1025
36
-646
-1673
-2137
-1897
-742
2123
3798
2672
-510
-3239
-1630
2019
5144
7089
6738
4321
68
-3491
-864
4776
7593
5606
646
-739
-388
-1233
-1800
-1095
1171
1174
-2135
-4049
-4070
-4059
-4419
-4005
-1164
289
-2446
-4608
-3421
-439
851
-204
620
1894
1449
862
1659
3562
3154
648
1034
3579
4102
1841
-978
-307
1400
1294
752
-632
-2176
-4357
-5769
-3880
-2235
-2979
-5427
-7697
-7320
-6270
-5658
-4544
-4008
-3651
-3701
-3818
-2346
-1213
-456
591
1291
2212
2106
1632
2150
2800
3439
3801
3749
3711
3053
1824
1310
1142
1057
820
23
-261
-416
-1350
-2173
-2917
-2802
-1847
-1355
457
2601
2766
940
-1983
-1312
2855
6315
8130
7561
5622
2933
-163
1332
6772
10009
8562
3244
749
1640
1393
784
776
2216
2342
-951
-3525
-3614
-3157
-3573
-4033
-2365
-190
-1412
-4324
-5025
-3055
-492
110
510
1317
782
-557
-748
1406
3636
3304
1878
1720
1825
1336
427
822
2487
2238
290
-1826
-3032
-3222
-3685
-3474
-2797
-3571
-5565
-7599
-8200
-7180
-6260
-5538
-4926
-5309
-5750
-5876
-4846
-2712
-1580
-1045
-905
-897
-305
315
1144
2269
2428
2312
2246
2055
2528
2163
1702
1394
710
766
427
-81
-416
-1208
-1059
-801
-975
-944
-1456
-1149
-266
1247
4328
5679
4411
1718
554
3660
7460
9602
10280
8901
6458
3307
2184
6172
10028
10063
6300
2285
2087
2154
1303
996
1133
1381
-333
-2976
-3552
-3506
-4194
-5015
-5090
-2955
-1487
-2508
-4003
-5330
-4756
-3245
-1504
942
1666
193
-1971
-2871
-679
2419
3963
3987
1898
-270
-1124
-132
2774
3749
2022
-889
-3504
-3889
-3547
-3209
-2829
-3642
-5135
-6594
-7276
-6662
-6436
-6627
-6122
-5319
-4566
-4723
-5148
-4407
-3009
-1863
-964
-340
-41
-96
-297
665
2162
3126
3138
2427
1847
1429
1183
1557
2580
2854
2145
520
-481
-243
612
1506
1706
1410
463
39
204
1431
2817
3631
5009
5613
5221
3784
2545
4059
6803
8696
9265
7899
5727
3279
1581
3702
6943
7785
5012
276
-1269
-767
-608
-834
-1300
-1047
-2073
-4931
-6491
-6311
-5275
-4732
-4787
-3679
-2963
-3728
-4946
-5200
-3578
-1669
-501
522
779
276
-295
-314
996
2581
3378
3359
2323
1012
369
697
1858
2283
1173
-762
-2813
-3845
-3631
-3083
-2801
-3618
-5062
-6028
-6422
-6226
-5843
-5271
-4449
-4067
-4132
-4299
-4120
-3098
-1866
-898
-301
-65
132
312
869
1854
2833
3146
2624
2020
1958
2271
2573
2672
2591
2215
1579
1041
767
783
900
1000
1041
870
478
236
53
202
678
1294
1915
2285
3302
4397
4346
3134
1943
2985
5643
7570
8028
7009
5116
2879
1110
2225
5433
7123
5347
1235
-1152
-1155
-1073
-1321
-1449
-1078
-1357
-3284
-4941
-5009
-4211
-4002
-4158
-3626
-2075
-1078
-1910
-2977
-3389
-2122
-338
1110
2393
2273
408
-1593
-1704
1046
4202
4265
2295
-423
-1669
-854
580
2418
2070
-718
-3466
-4695
-3477
-2045
-2401
-3382
-4666
-5695
-5843
-5738
-4907
-4450
-4693
-4398
-4045
-3534
-3369
-3427
-2646
-1586
-669
101
256
220
291
673
1747
2549
2925
2635
1843
1579
1581
2034
2392
2412
2137
1406
587
169
400
789
992
630
277
39
-173
-118
111
500
761
662
515
786
1287
2361
3333
3315
2619
1675
2186
3857
5137
5632
4950
3795
2640
1718
2379
3961
4578
3552
1267
98
302
301
64
-319
-385
-425
-1219
-1804
-1865
-1965
-1983
-2006
-1764
-1376
-1912
-2503
-2402
-1989
-1257
-1172
-1376
-1332
-1595
-1472
-802
-174
351
148
-187
-14
-69
12
158
260
457
0
-692
-1258
-1789
-1925
-1965
-1958
-2251
-3005
-3660
-4013
-3929
-3745
-3540
-3181
-3089
-3198
-3223
-2757
-1853
-1203
-818
-527
-257
55
243
620
1254
1720
1901
1777
1644
1611
1561
1793
2174
2299
2067
1560
1265
1211
1213
1339
1390
1206
750
331
201
304
318
151
226
363
422
255
249
701
1134
1329
1830
2622
3025
2680
2039
2564
3598
4229
4196
3789
3487
2707
1680
1727
2724
3165
2170
349
-217
41
-143
-530
-929
-742
-913
-1682
-1734
-1687
-1744
-2146
-2546
-1928
-1467
-1542
-1707
-2147
-2207
-2115
-1985
-1246
-1158
-1432
-1621
-1704
-1107
-803
-590
-326
-567
-760
-808
-491
120
137
-270
-717
-1092
-1114
-1115
-1138
-1175
-1494
-1795
-2052
-2236
-2244
-2168
-1928
-1616
-1550
-1601
-1571
-1424
-997
-592
-227
26
-8
71
148
308
622
803
965
969
844
853
911
1051
1261
1347
1398
1302
1130
1192
1280
1436
1442
1197
1051
909
835
826
756
706
625
351
234
151
192
529
634
806
736
812
1431
1748
1838
1673
1656
2213
2549
2711
2976
2662
2096
1215
942
1903
2271
1833
687
-190
-92
-88
-247
-313
-548
-749
-959
-1251
-1181
-1499
-1807
-1719
-1648
-1435
-1596
-2018
-2152
-2275
-2140
-1617
-1503
-1536
-1814
-1972
-1350
-899
-627
-562
-775
-541
-361
-196
150
207
306
214
-73
-130
-286
-421
-463
-512
-485
-734
-1147
-1438
-1555
-1398
-1206
-1092
-1029
-1156
-1346
-1348
-1064
-580
-234
-213
-341
-445
-415
-209
140
663
877
666
471
424
771
1149
1317
1541
1559
1392
1276
1175
1344
1488
1380
1411
1272
1014
712
323
296
365
261
237
64
-194
-355
-587
-393
63
210
250
67
128
713
1000
1138
1081
958
1233
1375
1498
1733
1597
1289
897
630
973
1133
884
471
16
92
99
-187
-421
-582
-412
-315
-546
-854
-1150
-1336
-1293
-1084
-743
-779
-1353
-1863
-1883
-1308
-840
-809
-998
-1179
-1086
-806
-387
11
94
-20
9
245
554
603
468
460
429
396
312
111
-44
-313
-580
-587
-592
-699
-950
-1228
-1178
-1052
-981
-885
-953
-961
-929
-875
-543
-229
-76
-67
-209
-163
111
371
589
623
537
534
532
652
884
993
1012
914
786
829
833
845
873
770
688
500
288
192
24
-107
-209
-316
-357
-510
-644
-678
-680
-573
-422
-256
-80
-13
63
235
481
855
1129
1226
1148
1051
1178
1418
1588
1588
1431
1208
1017
850
870
902
767
508
137
-48
-165
-218
-216
-340
-518
-774
-948
-982
-991
-992
-973
-1073
-1205
-1311
-1258
-1044
-982
-979
-939
-752
-515
-388
-259
-104
16
113
289
515
660
590
452
423
413
379
282
186
104
-47
-202
-308
-424
-551
-674
-744
-747
-759
-734
-713
-769
-844
-846
-692
-521
-425
-352
-279
-220
-197
-109
85
219
231
235
325
462
487
460
488
523
557
535
551
581
512
408
326
264
215
103
-19
-79
-172
-240
-303
-380
-395
-428
-413
-316
-244
-148
-100
-49
78
200
384
558
645
700
717
798
945
1011
1048
1025
1019
1031
951
917
872
804
720
591
515
419
238
76
-51
-118
-158
-269
-362
-468
-555
-555
-563
-583
-621
-679
-664
-615
-594
-548
-540
-521
-477
-453
-341
-211
-93
-5
0
34
96
158
255
307
332
326
260
206
170
160
162
83
-32
-141
-216
-271
-358
-449
-539
-600
-644
-665
-667
-695
-723
-714
-657
-580
-519
-473
-415
-330
-220
-109
-18
32
49
95
168
247
297
312
303
275
262
269
271
253
223
187
178
132
68
8
-52
-80
-138
-201
-224
-222
-244
-262
-317
-322
-285
-235
-123
-58
10
58
85
150
250
357
499
590
637
699
718
799
834
824
859
883
908
878
767
693
630
554
515
457
399
274
92
-2
-20
-42
-95
-205
-308
-371
-414
-396
-358
-372
-423
-468
-450
-383
-340
-316
-285
-254
-204
-161
-134
-91
-60
-24
-4
11
33
37
9
-42
-74
-91
-125
-193
-237
-244
-266
-334
-417
-465
-482
-505
-534
-524
-507
-500
-513
-518
-489
-464
-417
-366
-302
-236
-192
-156
-119
-64
-4
45
78
114
152
192
205
178
149
131
134
151
156
144
107
60
36
25
26
19
-10
-22
-21
3
20
-5
-10
11
63
142
191
237
272
278
326
370
431
500
526
570
584
589
611
613
644
661
627
603
563
528
519
482
457
396
302
240
164
118
87
45
11
-73
-167
-222
-258
-262
-270
-289
-278
-295
-333
-351
-347
-299
-260
-243
-219
-202
-205
-214
-207
-165
-126
-118
-128
-153
-174
-186
-191
-193
-207
-223
-241
-271
-310
-355
-380
-397
-413
-405
-416
-439
-467
-492
-470
-437
-411
-390
-386
-361
-334
-306
-254
-216
-178
-122
-70
-16
11
21
72
123
165
198
223
265
279
266
281
302
312
323
317
328
316
275
258
243
248
241
214
197
161
142
152
167
172
162
157
180
189
190
188
195
228
251
267
259
259
264
285
318
326
322
301
283
304
333
334
316
269
246
234
211
207
181
136
82
24
0
-16
-67
-115
-164
-192
-210
-258
-293
-314
-340
-356
-375
-382
-370
-379
-391
-413
-421
-389
-363
-357
-366
-373
-359
-339
-327
-312
-288
-271
-266
-251
-222
-181
-156
-159
-147
-115
-85
-67
-63
-42
-14
-6
-7
-9
2
20
23
28
39
43
46
42
56
82
90
96
102
115
137
136
133
142
160
189
200
193
183
168
175
186
197
200
187
169
147
127
122
119
119
118
100
81
57
46
55
64
70
65
59
53
47
40
43
49
57
61
56
60
54
44
37
41
58
66
65
59
57
50
44
36
33
38
39
36
9
-6
-21
-44
-64
-74
-78
-87
-109
-138
-148
-163
-172
-181
-181
-178
-185
-184
-179
-165
-144
-124
-105
-87
-76
-57
-37
-24
-6
3
7
14
19
31
39
31
33
34
34
40
35
28
18
0
-7
-10
-7
-10
-34
-54
-68
-71
-61
-55
-54
-60
-66
-65
-64
-53
-37
-24
-13
-7
8
29
40
43
49
61
81
91
99
107
106
104
103
113
123
119
110
98
87
84
78
72
66
49
40
26
18
19
6
-5
-12
-21
-27
-44
-53
-45
-35
-21
-17
-23
-29
-33
-27
-11
-5
6
10
-1
-4
-13
-6
5
1
-6
-14
-20
-17
-20
-19
-10
-11
-8
-8
-10
2
8
7
2
-3
8
17
16
12
4
2
3
1
4
5
-6
-17
-22
-19
-15
-19
-25
-27
-29
-32
-35
-37
-35
-39
-48
-48
-42
-40
-40
-44
-48
-43
-41
-30
-19
-11
-7
-11
-2
24
48
67
70
73
84
94
109
120
119
114
103
100
108
111
105
83
58
47
42
27
12
-2
-9
-16
-33
-46
-52
-61
-71
-78
-75
-67
-73
-84
-96
-102
-93
-84
-76
-74
-81
-90
-94
-91
-79
-72
-71
-73
-70
-58
-49
-43
-45
-46
-42
-36
-24
-14
-14
-18
-18
-13
-7
-1
2
6
14
17
21
29
35
43
49
57
68
78
85
87
85
76
69
73
84
84
73
62
57
56
49
49
51
48
39
33
39
42
41
35
39
46
46
45
50
57
64
63
59
61
61
64
69
67
62
52
50
52
47
37
26
14
7
2
-2
-13
-32
-46
-50
-53
-61
-76
-87
-95
-101
-103
-109
-111
-114
-117
-108
-96
-89
-90
-91
-88
-77
-68
-61
-58
-56
-53
-52
-47
-41
-36
-39
-43
-46
-44
-41
-36
-31
-35
-37
-38
-35
-27
-26
-31
-32
-33
-28
-20
-22
-20
-18
-19
-13
-9
-1
3
1
3
14
23
32
37
41
51
56
64
68
70
74
77
79
83
79
78
75
69
69
70
74
74
66
62
57
58
64
69
71
66
53
49
54
61
65
60
56
51
46
44
42
40
37
32
29
24
13
4
0
0
-3
-15
-24
-32
-36
-40
-44
-46
-51
-57
-62
-62
-60
-60
-66
-64
-61
-61
-64
-68
-65
-59
-52
-45
-44
-41
-38
-36
-32
-28
-25
-24
-25
-22
-22
-24
-27
-31
-29
-26
-27
-30
-36
-43
-43
-43
-38
-36
-34
-29
-29
-26
-20
-14
-6
2
9
14
18
23
29
34
38
43
48
53
55
54
55
55
55
56
57
56
50
43
34
27
25
22
20
17
12
6
0
-2
1
2
1
-1
-3
-3
-1
2
1
5
9
9
9
10
11
13
9
8
9
9
5
2
-1
-1
-4
-10
-15
-17
-17
-19
