9
8
7
7
7
5
2
1
0
-2
-3
-4
-5
-8
-11
-13
-14
-16
-17
-18
-20
-22
-24
-26
-27
-26
-25
-23
-23
-24
-26
-24
-22
-19
-15
-13
-14
-16
-17
-14
-10
-7
-5
-5
-5
-5
-3
3
8
11
12
16
20
21
21
24
36
43
48
48
48
44
41
50
71
99
97
76
56
61
78
96
123
142
143
107
85
101
151
182
185
188
208
217
179
154
170
221
247
230
214
185
122
45
36
110
161
97
-38
-156
-215
-245
-266
-268
-307
-412
-579
-714
-751
-730
-720
-764
-820
-852
-888
-959
-1004
-966
-845
-758
-776
-787
-786
-726
-713
-630
-439
-283
-222
-295
-259
-150
29
138
250
317
356
392
397
500
550
707
780
816
799
805
904
898
904
1044
1343
1393
1092
755
846
1160
1260
1242
1269
1302
952
526
634
1171
1429
1110
780
834
909
726
626
886
1208
1059
654
483
539
544
431
511
745
699
208
-319
-455
-276
-197
-301
-455
-716
-1145
-1659
-1845
-1677
-1531
-1638
-1946
-2198
-2448
-2702
-2724
-2484
-2227
-2238
-2408
-2516
-2516
-2479
-2293
-1940
-1630
-1517
-1564
-1470
-1298
-1118
-965
-655
-201
57
106
51
149
362
586
815
1081
1316
1394
1301
1206
1327
1496
1606
1553
1741
2140
2197
1700
1086
1172
1721
2043
1954
1920
1809
1221
450
585
1652
2213
1722
949
946
1138
832
667
1234
1919
1743
1100
984
1201
960
592
899
1719
1916
1141
376
99
-3
-114
-3
370
243
-662
-1687
-2206
-2106
-1952
-1912
-1930
-2280
-2994
-3790
-4096
-3724
-3225
-3048
-3235
-3591
-3865
-3964
-3812
-3244
-2643
-2348
-2357
-2479
-2257
-1978
-1590
-1139
-647
-165
-77
-61
3
320
765
1241
1590
1771
1809
1858
2080
2140
2332
2506
2753
2750
2629
3124
3544
3266
2097
1595
2449
3349
3162
2520
2505
2338
1244
275
1304
2900
2824
1181
354
1130
1352
662
547
1784
2501
1645
782
1169
1836
1620
1357
1972
2711
2081
848
460
1035
1373
886
324
-187
-871
-1755
-2198
-2081
-2177
-2948
-3876
-4404
-4626
-4973
-5544
-5792
-5765
-5617
-5643
-5835
-5944
-6020
-5858
-5417
-4707
-3957
-3580
-3655
-3672
-3263
-2384
-1527
-1165
-862
-588
-279
-47
247
817
1260
1491
1625
1935
2292
2549
2614
2788
2964
3099
3250
3212
3587
4274
4784
4431
3337
2943
3527
4220
4408
4529
4650
3804
1902
1035
2350
3918
3684
2011
1361
1736
1414
537
615
1985
2561
1590
889
1496
2046
1408
782
1853
3353
3181
1974
1609
2267
2016
852
621
1497
1774
528
-921
-1543
-2213
-3360
-3807
-3225
-3013
-4495
-6571
-7519
-7354
-6916
-6868
-7071
-7522
-8178
-8438
-8084
-7486
-6992
-6577
-6110
-5591
-5124
-4606
-4180
-3791
-3116
-1997
-829
-169
-154
-183
224
850
1726
2258
2756
2956
3024
3358
3772
4150
4124
4084
4356
4898
4963
5628
6225
6251
4787
3145
4001
5745
6614
5790
5208
5122
3733
1528
1810
4491
6020
4010
1252
1557
2424
1597
23
858
3294
3134
829
-219
958
1550
318
256
2685
3887
2017
-417
457
2932
2616
759
-18
916
550
-1319
-1701
-786
-1491
-4237
-5954
-4990
-3996
-5436
-7267
-7957
-7637
-7858
-8511
-8512
-8713
-9373
-9752
-9030
-7633
-7110
-7716
-8156
-7581
-6036
-4607
-3874
-3400
-2859
-2378
-1861
-921
651
1865
1796
1498
1876
2826
3617
3752
4095
4400
4437
4772
5324
5882
5893
5321
5287
5629
6544
8018
8118
6662
4112
3424
5280
6948
7122
6388
5517
4100
1655
859
3484
5947
5395
2177
829
1736
1358
-400
-860
1429
2963
1385
-625
-675
-72
-767
-1362
609
2968
2813
995
9
399
35
-570
353
1845
1948
-118
-2520
-3836
-4522
-4080
-2847
-2278
-3588
-6648
-8958
-9247
-7978
-6467
-6272
-7475
-9374
-10675
-10712
-9872
-8399
-7170
-6801
-7463
-8165
-7783
-6681
-5074
-3425
-1837
-1036
-1326
-1761
-1275
233
1909
2994
3242
3371
3141
3320
3630
4239
5359
5967
6768
6718
6436
6092
5618
6167
6890
8539
9951
9418
6930
4187
4302
6815
8552
8259
7584
6550
4371
966
622
4385
6971
5272
1147
177
1138
114
-2026
-1734
1287
2200
-471
-2637
-2125
-1154
-2005
-2505
185
2567
1435
-2037
-2800
-17
1215
182
-766
180
352
-2105
-3845
-2758
-1780
-3092
-5077
-5082
-4242
-6025
-8221
-8699
-7355
-6534
-7570
-8229
-8819
-9541
-10030
-9566
-7803
-6606
-6696
-7496
-8131
-7358
-5679
-3981
-2661
-2006
-1488
-1493
-1411
-167
1775
3424
3787
3432
3401
3584
4143
5125
6113
6848
6831
6796
6850
6833
6945
6943
7468
8039
9126
9913
8925
6560
4358
4782
6891
8343
8106
6917
5145
2715
460
1147
4542
6392
4388
374
-857
-14
-346
-1612
-1438
742
1099
-1485
-3457
-3126
-2225
-2647
-2619
-181
1600
13
-3143
-4131
-1717
871
1579
1009
-583
-2353
-3817
-3777
-1873
-519
-1173
-3630
-6166
-7034
-6870
-6393
-5836
-5868
-6501
-8105
-9625
-9877
-9400
-8784
-8534
-8204
-7705
-7714
-8108
-8133
-7242
-5442
-3691
-2481
-1940
-1718
-1281
-580
701
2480
4361
5268
4911
4081
4169
5346
6741
7706
8016
7905
7413
6937
6923
7678
8309
8186
7334
6609
7459
8725
8694
6667
4259
4399
5971
6970
6674
6194
5692
3384
260
76
3446
5690
3428
-704
-1412
96
-360
-2563
-2979
-778
-152
-2563
-4339
-3456
-2601
-3795
-4543
-2391
-109
-1207
-3910
-4264
-2176
-1052
-1519
-1374
-342
-590
-2816
-4318
-3475
-2051
-1862
-2637
-3292
-4162
-6110
-7415
-6656
-4843
-4062
-5568
-7506
-8388
-8421
-7820
-7189
-6439
-5779
-6083
-6596
-6773
-6334
-4942
-3745
-2415
-1258
-897
-708
-745
237
2129
3829
4757
4728
4483
4605
5047
5888
7158
7820
7940
7353
7161
7677
7721
7959
7951
8326
8391
7835
8408
8861
8185
5799
4139
5475
7522
7584
6063
4826
3731
1724
-474
1055
4167
4396
729
-2972
-2390
-1191
-2296
-4119
-3687
-1916
-2640
-5436
-6460
-5336
-4913
-5651
-5276
-3157
-2345
-4443
-6241
-5141
-2813
-1472
-1551
-1674
-2142
-3623
-4361
-3224
-1160
-221
-1138
-2656
-3900
-4946
-4859
-3865
-2714
-2674
-4449
-6231
-7295
-6998
-6040
-5556
-5350
-5778
-6251
-6383
-6268
-5376
-4322
-3415
-2398
-1796
-1162
-707
-293
1032
2453
3912
5032
5362
5693
5749
6255
7380
8371
9153
9144
8721
8484
8605
8967
9258
9201
9041
8470
7394
6840
7981
9446
8668
5500
3014
3935
5815
5948
4708
3849
3035
568
-2207
-1281
1922
2637
-799
-4593
-4232
-2974
-4107
-6124
-5978
-3978
-4285
-6980
-8116
-7123
-6559
-7551
-7804
-5244
-3304
-4766
-6828
-6789
-3937
-1979
-2128
-1837
-1668
-1814
-2811
-2835
-661
714
-64
-1608
-2596
-2271
-2323
-2682
-1803
-1592
-2249
-3912
-5097
-4494
-4233
-4236
-4394
-4488
-4287
-4681
-4897
-4420
-3652
-2671
-1896
-1255
-429
160
820
1633
2699
3920
4741
5115
5386
5865
6580
7341
7712
8013
7999
7878
7823
7911
8522
8839
8419
7890
7280
7036
6622
6252
7538
7954
6580
3590
1895
3567
4843
4330
3224
2475
1523
-1304
-3490
-1323
1369
884
-3222
-6259
-5026
-4325
-5603
-7024
-6275
-4598
-5799
-8219
-8662
-7447
-6919
-7346
-6304
-3862
-3419
-5832
-7202
-5078
-1940
-1014
-1662
-1279
-689
-1549
-2223
-777
1464
1414
-445
-980
-18
-92
-1496
-1931
-677
-85
-1584
-3145
-3393
-3111
-3366
-3682
-3152
-2890
-3642
-4484
-4327
-3209
-2491
-2119
-1607
-939
-353
-168
582
1733
2860
3615
4183
5021
5615
5954
6092
6652
7484
7930
7962
7428
7391
7506
7762
8014
7425
7126
6249
5530
5189
4865
5825
6185
4865
2532
474
916
2323
2117
1605
1114
345
-1465
-4515
-4006
-1011
148
-1773
-5552
-5818
-4410
-5035
-6233
-6373
-4546
-3994
-6368
-7589
-6558
-5223
-4950
-5286
-3795
-2500
-3800
-4837
-3612
-806
209
-1446
-1819
-714
-31
-56
150
1389
1367
-340
-665
726
1691
720
-864
-594
248
26
-703
-1420
-1732
-2166
-2385
-1712
-1435
-2157
-3020
-3116
-2246
-1409
-1288
-1133
-956
-633
37
539
1218
1824
2070
2516
3083
3664
4348
4212
4417
5026
5434
5757
5079
4921
5045
5210
5271
5018
4404
3671
3288
3040
3065
1956
1941
2707
2672
1179
-1626
-1631
329
1477
578
-795
-1275
-1897
-3697
-4365
-1741
292
-770
-4396
-5711
-3671
-2838
-3849
-4739
-3320
-1937
-3327
-5015
-4692
-3183
-2891
-3364
-2233
-443
-807
-2999
-3541
-1417
1268
1701
702
293
10
-36
410
1886
3394
2959
1137
146
413
1250
1583
1515
1939
1458
106
-1055
-1112
-27
210
-420
-862
-1163
-1493
-2243
-2337
-1295
-686
-830
-1380
-1683
-1359
-951
-141
891
1182
967
673
894
1766
2452
2976
3306
3253
3061
2753
2511
2631
2990
3304
3346
2846
2169
1364
837
857
1107
1254
461
310
564
298
-891
-2337
-1514
111
578
-316
-1063
-1211
-1713
-2864
-2372
28
918
-729
-3395
-3220
-1178
-767
-1714
-2256
-1173
-609
-1863
-2702
-1997
-1043
-999
-1386
-786
49
-821
-1811
-1400
95
1215
686
464
782
593
309
462
1677
2592
2077
1329
1025
1075
1082
1086
1662
2006
1348
273
-390
-218
163
187
1
-516
-1210
-1737
-1880
-1597
-1221
-1003
-1141
-1602
-2053
-1914
-1317
-695
-273
-86
-9
-262
-423
-57
693
1366
1356
1187
1075
917
932
881
1069
1162
1076
1081
863
329
-123
-205
176
453
2
-359
-124
259
-15
-952
-1270
-291
582
431
-59
-164
-107
-650
-1092
95
1626
1477
-198
-1337
-209
1055
800
-31
-54
756
672
-250
-506
27
434
204
176
732
585
-508
-1069
-36
1341
1351
419
49
321
214
113
825
1798
1654
458
-91
490
916
737
634
867
845
37
-627
-604
-426
-378
-552
-743
-1170
-1796
-2049
-1900
-1617
-1549
-1638
-1841
-2130
-2245
-1965
-1483
-1184
-1104
-1164
-1217
-1206
-1066
-660
-247
-94
-34
-155
-259
-293
-189
204
411
310
106
-60
-70
2
13
227
381
321
80
-241
101
942
1388
1035
150
84
1010
1765
1856
1663
1744
1698
1205
923
1824
2864
2662
1556
912
1582
1962
1382
908
1211
1758
1219
154
-219
54
226
23
-21
47
-333
-1066
-1154
-603
-203
-371
-750
-624
-590
-761
-821
-546
-144
-245
-381
-283
-186
-321
-599
-455
-7
17
-348
-764
-937
-810
-807
-886
-1010
-1282
-1460
-1555
-1542
-1457
-1489
-1527
-1562
-1559
-1507
-1516
-1454
-1315
-1112
-941
-960
-914
-726
-530
-394
-304
-109
94
156
189
344
519
521
477
549
719
844
830
859
895
925
930
961
1053
1115
1446
1820
1850
1454
1027
1309
1998
2325
2154
1984
1879
1626
1249
1320
2143
2450
1764
845
650
1122
1037
435
241
533
489
-272
-999
-952
-670
-794
-1010
-1071
-884
-1206
-1843
-1853
-1491
-1049
-1046
-1277
-1213
-1165
-1405
-1433
-1073
-527
-249
-566
-813
-863
-780
-564
-301
-48
-147
-531
-739
-619
-428
-414
-500
-490
-579
-827
-952
-906
-748
-688
-751
-743
-796
-847
-791
-612
-406
-365
-359
-383
-317
-189
-91
59
147
249
403
472
412
369
453
709
912
906
804
716
757
871
1004
1123
1133
1080
968
958
1263
1547
1553
1230
952
1167
1551
1619
1428
1294
1252
1099
793
785
1154
1281
862
315
184
314
223
-62
-157
-10
-134
-599
-922
-959
-873
-912
-936
-853
-948
-1321
-1593
-1434
-1100
-909
-975
-1084
-1192
-1313
-1248
-874
-465
-444
-676
-826
-725
-500
-312
-112
30
-69
-275
-352
-235
-42
53
76
53
-87
-282
-386
-324
-161
-50
-52
-192
-423
-537
-455
-237
-38
-42
-161
-273
-316
-213
-18
131
191
158
118
159
179
280
449
578
625
510
438
428
513
651
755
843
750
593
490
544
717
881
998
992
839
571
494
680
996
1102
964
754
544
454
375
530
745
756
483
75
-61
12
79
24
-54
-88
-211
-497
-777
-821
-632
-473
-578
-801
-1048
-1185
-1135
-948
-634
-567
-813
-1082
-1097
-842
-584
-466
-362
-340
-470
-539
-438
-130
49
41
71
88
72
6
12
188
285
213
116
23
-18
-33
-23
52
10
-116
-219
-280
-242
-208
-156
-106
-167
-241
-294
-276
-143
-37
32
41
-23
-32
-2
55
196
277
311
272
171
195
270
384
407
355
310
308
320
339
351
377
426
404
475
475
405
309
301
508
655
572
411
344
365
370
319
415
536
449
247
88
120
191
136
87
80
59
-49
-271
-414
-374
-274
-157
-222
-422
-570
-689
-586
-414
-325
-360
-518
-635
-575
-458
-352
-264
-272
-231
-256
-267
-178
-79
63
121
116
108
67
32
46
105
204
208
78
-22
-107
-107
-59
-64
-44
-119
-222
-265
-294
-299
-299
-286
-270
-297
-356
-343
-336
-323
-294
-235
-155
-212
-240
-215
-152
-89
-121
-73
-3
-12
-25
-10
33
112
134
149
214
185
215
251
290
351
332
410
459
443
366
317
427
547
566
520
476
444
438
405
498
634
620
496
323
310
395
414
381
342
306
221
67
-24
2
106
127
1
-144
-250
-274
-233
-185
-147
-191
-355
-417
-353
-268
-231
-285
-246
-185
-211
-253
-222
-130
-83
-102
-96
-77
-125
-180
-165
-67
-50
-162
-226
-238
-214
-202
-241
-256
-272
-316
-327
-345
-371
-351
-335
-332
-359
-398
-381
-352
-339
-310
-256
-214
-234
-268
-215
-149
-87
-86
-92
-30
-41
-34
-14
44
95
106
103
130
154
127
178
207
258
257
258
299
314
363
377
429
430
410
437
489
539
568
576
544
539
480
501
561
546
526
430
377
370
339
305
267
252
229
135
20
-14
-18
-11
-81
-130
-91
-176
-253
-306
-275
-183
-199
-227
-207
-262
-345
-321
-249
-119
-154
-284
-300
-305
-272
-237
-198
-182
-260
-334
-309
-256
-264
-320
-314
-250
-271
-342
-373
-356
-290
-270
-265
-251
-301
-323
-267
-195
-149
-157
-163
-131
-110
-104
-75
-42
-33
-14
20
33
21
7
42
100
124
110
102
116
126
147
151
143
153
173
197
224
234
218
230
222
237
279
297
336
343
325
286
273
316
379
404
376
357
337
305
270
311
363
368
310
226
224
218
180
159
151
150
120
32
-32
-47
-49
-23
-43
-95
-165
-225
-219
-203
-203
-224
-267
-301
-326
-339
-302
-288
-307
-314
-319
-298
-307
-334
-310
-265
-247
-257
-276
-274
-259
-251
-220
-184
-170
-174
-190
-190
-182
-158
-128
-116
-109
-116
-121
-122
-120
-102
-75
-53
-36
-21
-22
-33
-23
19
63
79
90
109
132
131
122
148
170
186
192
211
219
198
181
177
207
202
186
187
177
174
162
165
166
146
137
158
191
212
202
181
166
160
192
234
253
255
224
205
182
152
192
227
236
178
89
65
78
95
94
75
31
-21
-85
-106
-92
-103
-81
-118
-178
-230
-276
-232
-200
-202
-214
-243
-286
-289
-284
-230
-175
-208
-212
-226
-214
-186
-175
-132
-106
-114
-121
-120
-112
-93
-70
-34
-22
-53
-69
-64
-33
-10
-14
-2
-5
-15
-6
2
12
7
0
21
36
16
0
1
6
7
-8
-1
9
-2
-13
-10
5
5
2
9
15
13
18
26
46
47
44
55
55
48
56
66
83
92
75
86
75
73
93
115
128
115
103
109
130
120
127
146
163
157
126
134
149
154
142
149
167
163
119
90
98
101
94
77
81
75
30
2
-11
-13
-10
-24
-18
-48
-108
-124
-109
-89
-95
-132
-141
-136
-151
-143
-138
-134
-130
-143
-131
-124
-133
-130
-120
-104
-97
-102
-100
-96
-97
-82
-73
-76
-86
-97
-80
-75
-83
-83
-87
-81
-83
-89
-75
-70
-81
-82
-80
-74
-70
-64
-48
-37
-46
-50
-30
-15
-14
-16
-6
24
37
40
47
52
55
61
82
103
106
97
94
95
105
106
112
120
115
118
113
106
97
99
115
127
117
98
99
120
135
114
96
98
131
148
124
107
112
122
121
106
108
139
120
82
68
74
94
72
40
42
46
31
8
-16
-23
-31
-47
-58
-77
-98
-110
-114
-125
-151
-166
-157
-159
-173
-188
-191
-174
-180
-187
-181
-180
-174
-171
-166
-147
-147
-154
-143
-127
-110
-99
-90
-85
-85
-85
-78
-52
-39
-35
-27
-22
-13
-9
-8
7
23
32
32
35
44
54
57
60
71
84
85
85
85
87
94
97
99
98
97
100
99
100
105
102
99
93
81
88
89
84
74
58
55
55
50
44
42
35
25
17
13
20
16
11
10
11
7
3
11
16
19
10
9
19
22
28
33
31
25
24
27
40
43
32
28
19
13
8
1
0
-8
-20
-26
-36
-51
-69
-78
-74
-75
-86
-97
-103
-104
-111
-120
-119
-114
-105
-98
-96
-95
-93
-88
-72
-53
-44
-31
-20
-9
-1
0
10
27
39
43
48
50
54
56
56
64
67
64
55
47
49
48
40
39
35
30
24
16
15
12
7
6
2
0
-6
-8
-6
-6
-7
-7
-5
-3
-6
-7
-2
0
-3
-10
-12
-8
-7
-7
-10
-17
-22
-26
-28
-25
-33
-38
-38
-46
-49
-53
-52
-42
-41
-44
-44
-46
-36
-24
-22
-13
-13
-7
4
11
22
30
38
48
56
58
68
77
80
82
82
85
90
90
88
83
78
74
71
69
61
51
40
34
31
25
20
17
9
0
-11
-15
-13
-14
-17
-21
-24
-26
-28
-27
-21
-17
-19
-19
-19
-20
-18
-17
-17
-18
-18
-14
-11
-12
-15
-20
-20
-23
-24
-21
-22
-26
-28
-31
-31
-31
-30
-30
-32
-35
-35
-33
-31
-35
-39
-38
-35
-37
-40
-39
-36
-37
-44
-45
-43
-41
-42
-41
-37
-39
-44
-44
-38
-29
-24
-28
-30
-28
-21
-14
-14
-12
-10
-3
3
6
6
11
20
24
28
33
41
44
45
50
58
65
71
73
73
76
80
86
87
87
87
92
91
88
86
88
90
86
77
71
69
65
61
54
47
41
36
26
18
12
7
2
-4
-16
-24
-26
-30
-33
-40
-45
-45
-48
-54
-56
-57
-55
-55
-57
-55
-53
-52
-52
-53
-53
-48
-44
-42
-44
-47
-47
-45
-43
-41
-35
-36
-40
-41
