-19
-17
-12
-9
-7
-7
-6
-5
-2
2
8
12
12
14
14
17
19
23
34
41
43
40
40
45
50
54
70
86
81
57
37
48
66
73
75
83
75
27
-25
-15
40
74
62
40
33
4
-44
-31
62
157
167
114
71
54
40
72
174
283
289
165
35
-33
-26
29
91
124
41
-153
-350
-443
-425
-384
-380
-439
-553
-713
-873
-955
-908
-803
-744
-742
-807
-887
-964
-991
-850
-608
-402
-313
-360
-410
-428
-325
-66
232
455
438
346
336
435
611
798
937
1024
1052
1031
1025
1045
1045
1051
1071
1102
1302
1458
1347
852
501
594
891
1088
983
938
716
117
-464
-209
612
951
520
-50
-124
-137
-376
-339
374
1044
816
195
119
367
367
249
673
1552
1857
1218
431
89
59
142
577
1227
1240
257
-1199
-1990
-1849
-1348
-975
-930
-1422
-2478
-3542
-3937
-3490
-2806
-2499
-2730
-3191
-3612
-3852
-3677
-3085
-2482
-2140
-2052
-2092
-2025
-1898
-1559
-1029
-479
-40
138
246
254
219
427
838
1384
1801
1888
1724
1514
1574
1914
2267
2502
2599
2503
2313
2031
2342
3057
3290
2574
1746
1847
2394
2502
2125
2228
2310
1545
130
-31
1283
1908
1043
-106
17
394
-308
-1020
-331
966
877
-428
-636
386
830
213
95
1122
1806
1149
405
1267
2335
2038
725
288
945
993
652
527
826
163
-1757
-2962
-2425
-1468
-1735
-2742
-3610
-4173
-4780
-5124
-4766
-4278
-4508
-5367
-5759
-5328
-4776
-4372
-4208
-4192
-4080
-3719
-3109
-2469
-1885
-1581
-1346
-1042
-579
279
996
1157
967
1119
1638
2214
2741
3100
3340
3263
3226
3262
3727
4001
3912
3947
3932
4664
5300
5314
3971
2519
2654
3830
4948
4904
4608
3854
2099
-35
147
2698
4235
2873
267
-462
-146
-714
-1500
-570
1270
1052
-1106
-1974
-949
-448
-1209
-1146
1092
2723
1327
-964
-1423
177
1483
1755
2089
1925
521
-1546
-2045
-430
1101
388
-1780
-3613
-4315
-4357
-4469
-4275
-4296
-5008
-6285
-7207
-7136
-6849
-7016
-7163
-6827
-6178
-5970
-6071
-5798
-5333
-4871
-4319
-3138
-1908
-1374
-1432
-1264
-441
513
1304
1981
2493
2630
2505
2565
3210
4032
4671
4745
4584
4458
4511
4706
4948
5133
5238
5190
5588
6699
7008
5845
3591
3167
4588
6060
6291
5922
5628
3721
606
-598
2089
4896
4281
1045
-710
-403
-1053
-2549
-2204
165
1000
-1340
-3409
-2774
-1677
-2190
-3084
-1469
1057
751
-1600
-2535
-984
398
216
186
1124
1210
-622
-2189
-1521
-111
-620
-2141
-2764
-2647
-3328
-5075
-5880
-5557
-5336
-5839
-6337
-6265
-6864
-8138
-8613
-7777
-6233
-5484
-5672
-5702
-5613
-5302
-4737
-3590
-2078
-1041
-548
-258
320
1090
1842
2446
3133
3759
4275
4527
4632
4825
5125
5468
5533
5940
6358
6409
6090
5608
5739
6153
6203
7273
8736
8630
5961
2712
3178
5995
7659
7138
6409
5825
3150
-1395
-2026
2465
5807
4120
-676
-2288
-1529
-2949
-5132
-4186
-555
215
-3646
-6178
-4798
-3585
-4772
-5596
-2554
941
-424
-4143
-4457
-1889
-354
-197
914
2616
979
-2691
-3693
-1070
1504
825
-795
-1748
-3355
-5599
-5997
-4298
-3064
-3825
-5823
-6928
-7367
-7906
-7824
-6998
-6068
-6069
-6659
-6751
-6381
-5486
-4458
-3655
-2740
-1712
-1055
-631
251
1381
2479
3196
3739
4456
4889
4812
4889
5537
6420
6824
6823
6787
6376
6161
6181
6475
6729
6790
6454
5821
6488
7700
8069
5815
2801
2785
4993
6742
6180
5452
4815
2074
-2045
-2540
1818
5221
3212
-1938
-3816
-2875
-3401
-5229
-4679
-1722
-1389
-5060
-7515
-5957
-4131
-5052
-6282
-3841
-318
-865
-4215
-4767
-2147
-155
666
1850
3668
2188
-1830
-3166
-483
2997
3290
1726
303
-2034
-5002
-5399
-3220
-996
-1406
-4239
-6391
-7537
-8025
-7550
-6583
-5727
-5906
-6971
-7514
-7534
-6630
-4914
-3817
-2955
-2234
-1658
-1170
-522
867
2655
4253
4825
5100
5006
4953
5013
5867
7157
7659
7743
6936
6164
5476
5734
6498
6933
6637
5961
5133
5508
6847
7322
6475
3192
1978
3444
5450
6167
5437
4620
2545
-1345
-3163
8
3654
3628
-963
-4188
-3559
-3666
-5190
-5637
-3722
-2265
-4664
-7489
-6813
-5235
-5484
-6694
-5184
-1331
-520
-3082
-4594
-2874
-434
851
2317
4081
3801
256
-2138
-491
2953
4293
3123
1587
-297
-3011
-4819
-3337
-1035
-617
-2798
-5572
-6597
-7043
-7303
-6773
-6084
-5792
-6436
-7462
-7482
-6957
-5825
-4540
-3626
-2659
-2084
-1971
-1388
-122
1659
3519
4410
4755
4863
4717
4705
5147
6463
7464
7615
7080
6159
5683
5493
5607
6028
6676
6668
5680
4239
4659
6744
7745
6123
2668
2207
3966
4909
4848
5038
5404
2992
-2168
-4048
148
4225
3087
-1932
-4136
-3004
-3756
-6044
-6128
-3366
-2212
-5523
-8406
-6792
-4674
-5759
-7520
-5593
-1403
-680
-3819
-4740
-1948
617
1006
1284
3452
3970
1128
-786
968
3808
4151
2117
1063
826
-1062
-2756
-2530
-1042
-954
-3176
-4848
-5301
-5968
-6942
-7298
-6487
-5862
-6673
-7843
-8170
-7490
-6316
-5126
-4234
-3625
-3336
-3148
-2126
-374
1802
3277
3512
3619
3989
4795
5419
6102
6794
7252
7172
6707
6673
6331
6151
6130
6303
6943
6568
5682
4591
3981
6003
8004
7626
4474
1428
2038
4131
4871
5200
5760
4606
189
-5088
-3521
2280
4441
1077
-4003
-4520
-3745
-5916
-7488
-5660
-2400
-2989
-7422
-8627
-6266
-5257
-6898
-7379
-3405
417
-1029
-4548
-4514
-1060
1580
2637
4005
5107
2983
-667
-823
3118
6748
6432
3614
620
-1612
-3081
-1678
1032
1672
-489
-4367
-6523
-6777
-6189
-5149
-4873
-5572
-6737
-7945
-8364
-8267
-7540
-5727
-4156
-3526
-3326
-3569
-3416
-2176
-30
2792
4519
4787
4470
4025
4524
5704
7367
8588
8507
7611
6668
6034
5671
6095
6714
6636
5877
4481
3266
2487
2231
4540
6811
6272
2346
-1662
-872
2346
4098
4057
3999
3021
-451
-5407
-4740
1256
4414
1734
-3634
-4453
-2805
-4200
-6219
-4937
-1586
-1498
-5681
-7806
-5832
-4526
-6071
-6717
-3425
-9
-1529
-5297
-4904
-1220
1056
959
1568
3824
3407
-56
-1141
2160
5378
4554
2349
2086
1957
-494
-2307
-554
2034
1496
-1721
-3622
-3701
-4349
-5239
-4545
-3325
-3787
-5867
-7297
-6988
-6233
-5537
-4467
-3302
-2942
-3341
-3633
-2679
-594
1636
3368
3886
3621
3544
4130
4958
6244
7134
7342
7033
5952
5523
5080
4771
5117
4941
4398
3639
2599
2288
1983
1035
2045
3877
4358
2310
-1677
-1683
1211
3428
3869
2908
2520
463
-4014
-4790
421
5192
4295
-1684
-4612
-2847
-2466
-3939
-3945
-1032
464
-3237
-7007
-6163
-3818
-3662
-5293
-4188
-819
-480
-3669
-5452
-2157
1805
2437
1210
1089
1931
814
-178
2385
6203
6299
2314
-818
422
2258
2069
2027
2180
1610
-843
-2978
-2135
-1137
-1924
-3267
-3556
-3003
-3764
-5353
-5809
-5207
-4333
-3665
-3477
-3548
-3763
-3667
-2780
-1231
481
1497
1532
919
729
1832
3439
4341
4631
4248
3394
2450
2047
2783
3477
3149
2210
1371
1100
925
401
275
417
45
-123
987
2052
1781
-765
-2470
-598
2044
3107
2284
1635
1252
-648
-2546
-254
4076
5335
1941
-2340
-1906
339
456
-349
-83
916
-154
-3016
-3664
-1913
-1050
-1952
-2386
-765
420
-1290
-3486
-2665
11
1534
1529
1430
1743
916
-627
116
3045
4597
3345
1308
759
1139
756
879
2090
2485
973
-1513
-2499
-1746
-1390
-1731
-2036
-2674
-3800
-4961
-5469
-4964
-4272
-3850
-3510
-3545
-3949
-4182
-3704
-2399
-1018
80
620
465
11
-120
762
2072
3111
3276
2396
1587
1013
1040
2081
2752
2690
1764
438
8
20
247
681
825
656
172
535
1589
1597
-188
-1456
213
3132
4497
3864
3059
2368
788
-697
1773
6215
7576
4453
105
-369
1029
1314
1290
2030
2614
958
-2329
-3313
-1920
-1284
-1882
-2373
-1308
-633
-2455
-4491
-4112
-1708
187
374
98
-299
-1478
-2398
-1023
2215
3974
2475
-11
-866
-172
767
1646
2612
2247
57
-1874
-2108
-997
-512
-1386
-2186
-2832
-3626
-4381
-4943
-4925
-4618
-4308
-3937
-4062
-4569
-4816
-4562
-3437
-2019
-898
-491
-1127
-1680
-1260
28
1571
2395
2689
2153
1119
979
1450
2707
3369
2917
2172
1153
727
1036
1534
1689
1013
62
-26
-21
1599
3346
3439
1881
-578
145
2861
5041
5814
5763
5221
3427
700
1770
5991
8138
6620
2368
1036
1944
1729
1213
1537
2259
1283
-1928
-3692
-2879
-2409
-2902
-3733
-3000
-1845
-3120
-5441
-5756
-3826
-1875
-1470
-1848
-1588
-1671
-2305
-2284
-726
1183
1364
563
252
707
856
764
1225
1841
1820
951
-80
-569
-636
-737
-640
-746
-1529
-2733
-4030
-4503
-4019
-3245
-2813
-3392
-4289
-4798
-4697
-3956
-2936
-1803
-1249
-1385
-1791
-1824
-915
307
1280
1817
1845
1449
1100
990
1453
2405
2729
2354
1422
573
620
1074
1453
1518
1066
490
395
-142
610
3251
4601
4239
934
-522
2204
4832
6375
6510
6254
5263
1985
38
3818
7877
8260
4514
807
1351
1640
774
895
1925
2137
-243
-3342
-3598
-2882
-3227
-3826
-3404
-2206
-2718
-5166
-6861
-5701
-3466
-2127
-1848
-2061
-2798
-3737
-3477
-1029
1884
2106
470
-617
13
1405
2034
2607
3237
2629
1476
783
599
845
570
331
489
-95
-1510
-3129
-4143
-4120
-3454
-2867
-3211
-4497
-5761
-6045
-5379
-4249
-3146
-2644
-3077
-3704
-3661
-2532
-771
183
591
418
220
201
552
1527
2258
2494
1807
947
714
1048
1466
2026
2179
1802
1203
270
424
1159
2073
4057
4714
3954
1846
47
1768
4378
6048
6854
6524
4862
2296
-64
2205
6605
7780
5787
1855
605
1009
704
1137
2217
2443
727
-2373
-3827
-3112
-2613
-2480
-2345
-1941
-2442
-4469
-5955
-5356
-3116
-1387
-1337
-1880
-2718
-3236
-2720
-1427
702
1777
922
102
-108
728
1960
2355
2836
2712
1779
1333
1114
1399
1607
789
331
2
-867
-1638
-2483
-2766
-2587
-2679
-2892
-3472
-4222
-4428
-4237
-3590
-2843
-2695
-2738
-3129
-3333
-2813
-1775
-1022
-790
-711
-901
-787
-557
-63
444
500
387
321
432
465
512
599
884
879
774
770
739
810
903
1050
1478
2880
3351
2892
1241
502
2278
4010
5010
4666
4077
3121
1730
850
2898
5252
5285
3317
709
728
1194
1218
1383
1683
1516
48
-1869
-2295
-1501
-1037
-1101
-1437
-1532
-2066
-3186
-3854
-2968
-1408
-745
-1020
-1556
-1781
-1849
-1644
-660
824
1262
514
-1
146
880
1256
1447
2158
2093
1134
255
-13
611
1078
727
319
-354
-1278
-1966
-2207
-1626
-1194
-1516
-2158
-2863
-3275
-3320
-3059
-2455
-1997
-2274
-2963
-3100
-2506
-2002
-1470
-1052
-997
-962
-1321
-1226
-412
79
239
340
386
378
-5
-242
267
678
1003
1151
1037
984
549
452
953
1560
1721
1770
2343
2431
1853
863
1086
2478
3425
3331
2927
2669
2121
1456
1270
3112
4344
3528
1678
311
1006
2006
1957
1556
1196
547
-157
-871
-524
95
-176
-831
-1471
-1395
-1268
-1687
-1916
-1591
-1106
-985
-1400
-1505
-1399
-1337
-986
-599
-57
-67
-599
-584
-241
286
533
355
408
129
-279
-133
-1
189
285
-142
-441
-870
-1324
-1279
-1165
-1035
-1185
-1496
-1770
-2102
-2145
-1998
-1861
-1749
-1841
-1964
-1983
-1942
-1627
-1278
-1076
-1033
-1183
-1100
-870
-556
-95
196
300
254
259
329
413
680
1016
1306
1292
1003
915
1044
1166
1214
1182
1194
1292
1115
1413
1969
1935
1610
859
993
1851
2272
2315
2184
1898
1559
1032
1003
2134
2594
2274
1342
743
1132
1190
976
918
1013
891
319
-280
-318
-353
-486
-556
-441
-338
-1011
-1777
-1946
-1408
-851
-903
-1112
-1304
-1671
-1807
-1600
-1064
-390
-495
-847
-942
-982
-812
-506
-155
113
-20
-340
-527
-597
-442
-276
-169
-225
-618
-979
-1050
-1055
-994
-919
-881
-1024
-1409
-1573
-1418
-1099
-986
-1027
-1022
-1015
-1013
-1012
-723
-345
-152
-141
-107
-125
-11
257
454
713
667
499
497
599
773
912
850
815
758
734
823
749
851
839
740
654
590
624
811
988
1054
1014
513
462
750
1229
1582
1477
1275
995
746
714
1392
1863
1820
1240
722
791
926
986
898
905
747
459
95
-36
-19
-104
-182
-318
-381
-555
-810
-1052
-1018
-849
-779
-815
-964
-1068
-1158
-1123
-900
-598
-548
-675
-774
-793
-668
-511
-333
-186
-302
-611
-692
-643
-550
-362
-342
-415
-615
-916
-984
-884
-781
-650
-633
-811
-1007
-1070
-898
-692
-649
-617
-513
-514
-635
-621
-415
-136
-6
-44
-75
-31
-7
87
227
300
317
232
260
286
311
340
262
271
327
288
235
287
289
365
346
276
420
469
490
461
651
1017
1124
1038
722
736
1059
1310
1558
1655
1510
1349
1079
1035
1598
1803
1722
1311
872
989
993
872
803
710
613
362
-9
-83
-146
-214
-254
-320
-310
-595
-896
-998
-880
-706
-653
-713
-850
-1065
-1202
-1067
-804
-577
-736
-954
-1083
-1086
-870
-728
-610
-573
-748
-925
-921
-801
-586
-482
-543
-636
-718
-738
-672
-534
-411
-348
-372
-454
-503
-451
-353
-265
-232
-210
-152
-219
-308
-282
-192
-73
-56
-112
-104
-87
-96
-30
87
110
63
55
134
260
329
347
359
357
375
438
526
570
563
583
639
645
653
728
733
735
695
710
768
798
825
797
770
638
639
698
742
733
658
577
514
435
420
596
554
461
303
236
341
324
267
202
169
125
93
26
-7
-91
-135
-147
-203
-202
-300
-379
-483
-553
-516
-483
-506
-593
-713
-726
-643
-633
-627
-735
-785
-695
-651
-589
-552
-554
-540
-555
-533
-415
-361
-360
-372
-380
-378
-377
-337
-276
-264
-317
-354
-333
-330
-356
-346
-328
-300
-300
-301
-260
-241
-197
-151
-146
-142
-100
-48
28
79
77
119
121
98
173
300
372
378
312
278
324
353
422
447
424
402
375
401
408
385
394
425
397
345
297
320
372
356
306
277
364
381
348
301
289
383
430
402
407
424
424
410
328
404
488
475
433
313
326
386
350
304
251
203
200
143
99
90
43
11
-79
-129
-155
-204
-228
-264
-290
-302
-361
-443
-501
-514
-458
-446
-474
-552
-631
-643
-618
-577
-530
-520
-593
-635
-619
-560
-485
-459
-482
-446
-404
-389
-308
-243
-204
-185
-190
-139
-69
-42
-30
5
70
108
92
90
81
88
128
170
207
178
110
81
88
122
155
159
160
135
113
136
158
176
176
164
169
177
209
218
205
194
161
161
177
169
189
193
175
160
106
68
90
131
140
96
46
33
25
52
72
100
105
40
47
76
105
151
159
161
170
142
189
260
262
263
223
229
237
202
189
169
145
123
75
39
-1
-61
-84
-131
-169
-181
-213
-241
-292
-316
-292
-312
-336
-348
-315
-258
-259
-241
-219
-203
-165
-138
-84
-22
-37
-33
-11
21
68
58
55
52
43
61
75
89
77
22
-9
-14
-11
3
-26
-38
-39
-55
-69
-97
-94
-73
-62
-61
-67
-61
-50
-48
-42
-24
-10
13
23
25
31
27
24
44
60
63
57
20
1
9
22
28
0
-54
-91
-107
-104
-88
-102
-131
-155
-167
-164
-151
-142
-142
-124
-121
-109
-82
-65
-58
-47
-28
9
62
78
81
79
98
140
174
201
203
220
237
228
235
269
285
282
268
256
284
284
262
258
263
260
224
209
206
204
193
171
161
131
94
77
68
47
22
-8
-13
-20
-53
-66
-90
-118
-144
-148
-144
-152
-175
-200
-203
-200
-202
-211
-210
-219
-223
-216
-204
-188
-181
-185
-203
-197
-167
-136
-111
-102
-95
-81
-82
-92
-81
-47
-18
-17
-29
-44
-44
-40
-28
-5
-10
-28
-45
-67
-69
-68
-77
-80
-92
-105
-108
-118
-124
-128
-117
-104
-112
-117
-131
-135
-116
-100
-71
-55
-57
-50
-40
-20
4
38
74
79
83
105
128
152
170
193
219
225
219
240
273
302
304
284
274
271
276
287
302
307
294
269
240
223
223
211
200
199
178
155
121
91
92
87
63
44
29
16
-10
-38
-50
-57
-67
-86
-103
-109
-119
-122
-122
-130
-134
-135
-135
-145
-155
-150
-140
-136
-139
-132
-113
-105
-104
-107
-108
-104
-98
-92
-82
-83
-96
-105
-108
-106
-101
-102
-118
-132
-135
-136
-131
-138
-150
-151
-163
-163
-151
-152
-156
-156
-148
-140
-136
-124
-105
-89
-85
-81
-56
-36
-30
-17
-3
11
27
34
53
64
62
69
83
99
102
96
104
107
106
109
99
106
109
100
103
101
101
105
101
95
91
88
93
104
117
126
124
116
116
122
126
132
135
138
145
148
156
162
160
155
147
147
145
141
145
145
145
142
124
105
89
73
70
67
59
51
34
10
-18
-44
-55
-70
-86
-98
-108
-114
-130
-153
-172
-188
-197
-199
-201
-204
-207
-207
-205
-206
-212
-206
-189
-175
-165
-150
-137
-126
-119
-111
-92
-75
-59
-45
-34
-25
-15
-1
12
12
13
20
27
34
37
44
42
28
22
22
32
34
25
19
15
7
-1
-8
-7
-6
-12
-16
-16
-12
-12
-14
-18
-21
-17
-15
-8
4
11
15
14
17
25
29
37
48
63
76
78
84
93
93
96
101
104
117
128
135
137
128
116
113
118
121
120
117
110
101
89
82
79
71
54
38
29
22
14
2
-9
-19
-30
-41
-48
-52
-61
-66
-78
-85
-80
-80
-83
-93
-102
-101
-98
-100
-98
-99
-96
-92
-88
-85
-81
-78
-79
-83
-78
-59
-39
-29
-33
-39
-37
-31
-19
-4
11
10
4
-1
5
19
21
23
24
19
14
17
18
15
8
0
6
8
3
-1
-6
-5
-4
-3
4
7
5
4
6
13
21
28
34
37
44
52
56
60
59
59
61
58
60
64
64
58
46
36
28
24
19
15
11
3
-10
-20
-26
-29
-30
-34
-42
-47
-51
-57
-60
-59
-54
-50
-47
-47
-45
-42
-38
-31
-24
-19
-15
-15
-9
-1
0
2
1
1
5
10
19
22
17
13
9
8
8
9
16
19
16
17
12
8
6
4
7
7
5
2
-3
-6
-5
-3
-3
-7
-14
-16
-15
-14
-16
-19
-22
-24
-20
-19
-17
-13
-10
-9
-5
7
15
22
29
35
42
49
53
59
70
77
82
87
87
84
84
85
88
86
78
72
66
58
50
37
23
12
3
-4
-16
-28
-39
-49
-59
-65
-66
-68
-73
-77
-84
-89
-90
-87
-82
-76
-76
-75
-73
-72
-71
-65
-54
-49
-50
-50
-47
-47
-47
-45
-38
-33
-34
-35
-31
-29
-28
-29
-24
-14
-11
-11
-6
-5
-1
2
6
13
17
23
27
29
34
38
41
45
46
49
48
