16
13
11
13
16
14
12
8
4
2
1
3
4
2
-3
-5
-9
-10
-10
-8
-7
-8
-12
-15
-17
-17
-15
-14
-14
-18
-22
-26
-28
-29
-29
-29
-34
-42
-52
-58
-62
-62
-65
-66
-76
-91
-101
-105
-99
-95
-100
-100
-106
-117
-112
-103
-81
-57
-54
-41
-30
-25
10
42
80
116
122
147
166
170
228
292
323
339
305
328
367
356
445
525
516
432
304
345
483
486
496
511
442
323
130
227
509
508
357
187
144
171
66
154
406
395
130
-133
-123
81
58
9
83
29
-195
-498
-480
-274
-270
-417
-549
-585
-759
-1036
-1093
-1013
-983
-1107
-1322
-1387
-1521
-1775
-1826
-1725
-1542
-1526
-1817
-1932
-1964
-1942
-1712
-1521
-1245
-1162
-1398
-1419
-1230
-905
-472
-287
-106
-19
-123
29
362
759
1099
1203
1361
1468
1347
1433
1691
2197
2544
2456
2358
2130
2044
2022
2209
2948
3290
2856
1953
1318
1672
2245
2398
2586
2423
1851
944
95
852
1917
2052
1435
465
342
278
-291
-92
654
1156
864
-306
-692
-450
-561
-492
-170
452
553
-695
-1680
-1629
-1030
-474
-523
-593
-862
-1830
-2669
-2608
-1837
-1260
-1642
-2310
-2727
-3102
-3430
-3503
-3032
-2551
-2689
-3151
-3510
-3649
-3632
-3465
-2884
-2302
-2164
-2353
-2686
-2676
-2198
-1473
-707
-285
-321
-430
-432
-44
645
1294
1759
1930
1851
1890
2141
2427
2932
3312
3580
3589
3346
3270
3260
3262
3907
4614
4445
3494
2270
2451
3271
3460
3516
3331
2778
1580
15
526
2352
2758
1747
43
-167
173
-695
-919
-44
916
970
-637
-1401
-767
-1023
-1108
-900
1012
2904
1057
-1795
-3072
-1838
472
1211
1758
2078
-790
-4205
-5326
-2350
1852
1259
-1374
-3556
-5226
-5816
-5583
-3172
-865
-2976
-6141
-7399
-6954
-5669
-5598
-4527
-3373
-4555
-5799
-6038
-5098
-3878
-3346
-1969
-731
-1207
-1943
-1986
-855
593
1548
2939
3459
2712
2071
2132
3406
4415
5195
6196
6112
5073
4076
4136
5131
5930
5807
6307
6833
6175
4620
2672
3110
5091
6157
5955
5107
3858
2401
199
-325
2893
5123
4321
600
-2162
-1308
-716
-1052
-354
890
920
-1401
-3913
-2852
-1144
-1135
-1706
-1360
80
-224
-1729
-2320
-1640
-1228
-1364
-629
572
348
-1312
-3178
-3690
-2740
-1928
-648
-812
-2861
-5004
-6594
-5871
-3951
-3009
-3186
-5107
-7622
-8217
-7558
-5964
-4572
-4580
-4963
-6155
-7130
-6340
-4610
-2925
-1975
-1685
-1555
-1847
-2123
-1234
773
2608
3310
3309
3103
2917
3211
3938
5183
6349
6410
6326
6144
5748
5783
5923
6481
7196
6719
6251
6950
6944
6516
4998
3984
5549
6436
6179
5800
4957
4054
2190
-17
2071
4958
4698
1965
-1930
-1966
-665
-1489
-1614
-858
-574
-1690
-4914
-5248
-2597
-2340
-3064
-3844
-2816
-1412
-3287
-3950
-2468
-1592
-2066
-3350
-2200
-187
-1344
-2795
-2912
-2398
-2158
-3553
-2528
-1083
-2737
-4747
-5871
-4480
-3189
-4620
-5025
-5079
-6253
-6618
-6958
-5808
-4783
-5982
-5961
-5673
-5716
-5006
-4695
-3605
-2398
-2345
-1525
-888
-809
86
1237
2593
3496
3458
3969
4729
4944
5386
6031
6799
7133
7038
7424
7919
7581
7179
7315
7742
7819
6884
7501
8686
8202
6216
3879
4670
6586
6514
5949
5523
4472
2516
-719
-313
3702
4492
2090
-2282
-3882
-2076
-2544
-3499
-2770
-2179
-2491
-5482
-7684
-5290
-3578
-3755
-4448
-4596
-3006
-3535
-5513
-3970
-1322
-346
-1636
-3469
-1954
-642
-1492
-1439
-412
-25
-1415
-3276
-1998
-377
-1672
-3400
-3798
-2593
-2799
-4719
-5173
-4920
-5451
-6188
-6352
-5340
-5502
-6902
-6758
-6006
-5167
-4661
-4419
-3371
-2871
-2510
-1019
100
679
1201
1820
3172
4037
4463
5644
6192
6220
6519
6880
7640
7872
7584
7954
8327
7889
7838
7369
6688
6365
5631
7130
8712
7820
5555
2419
2118
4555
5740
6195
5632
3190
681
-2674
-2333
2440
4225
2317
-2680
-5524
-3866
-3778
-4468
-3644
-2844
-2757
-5875
-8899
-7156
-5375
-4898
-5220
-5197
-3224
-3499
-5748
-5763
-3483
-677
111
-1024
-985
-911
-1925
-2194
-390
2219
2247
-246
-2028
-1563
-1202
-1685
-1185
-19
-278
-2887
-5264
-5026
-3986
-4154
-4543
-4376
-4546
-5756
-6856
-6163
-4412
-3630
-3429
-2930
-2591
-2489
-1922
-313
1750
2606
2369
2877
3501
4415
5395
6111
7371
7359
7054
7247
7244
7601
7502
7438
7969
7588
6829
6281
5009
4728
4003
4403
6880
6824
5177
1539
-529
1619
3484
4545
4936
3199
647
-3116
-5249
-879
2966
3051
-877
-5705
-5203
-4392
-5096
-4564
-3367
-2486
-4417
-8611
-8312
-5474
-4682
-5113
-5884
-3987
-2853
-5042
-5589
-3273
-795
-575
-2204
-1581
305
-112
-918
-463
1093
1472
-32
-39
1003
609
-863
-1602
-156
1118
-138
-1931
-3033
-3437
-3233
-3103
-2481
-2587
-4212
-5417
-5511
-4406
-3094
-2501
-2344
-2671
-2843
-2174
-769
818
1723
2075
2255
2256
3103
4456
5769
6648
6364
6323
6673
6575
6866
7171
7123
7262
6292
5808
5930
5317
4789
3836
2955
3250
4850
5430
4400
1003
-1185
558
2451
3720
3604
2408
289
-3002
-5192
-1892
2494
2684
-840
-5833
-6141
-4611
-4559
-4174
-3356
-2997
-4333
-7524
-8388
-5952
-4460
-4221
-4718
-3904
-2663
-3621
-5012
-4306
-1872
42
486
302
258
-464
-1159
-433
1962
3689
3280
1870
404
-76
182
1162
2801
3053
1192
-1248
-2795
-2397
-1043
-519
-905
-2143
-3715
-4749
-5115
-4329
-2728
-1989
-2282
-3166
-3694
-3088
-2177
-842
650
1692
1975
1376
954
1706
3169
4738
5500
5295
4925
4230
3944
3949
4438
5055
4981
4312
3307
2443
2245
2107
1877
1674
1165
2540
3185
2166
-188
-2451
-822
1526
2481
2529
1648
-96
-2458
-4868
-2259
2879
3822
836
-4331
-5070
-2497
-1889
-1846
-1078
-274
-933
-4081
-5558
-3008
-1149
-1126
-2073
-1611
155
-689
-2843
-2998
-853
1505
1846
1431
1558
643
-859
-1147
1271
4466
4717
2713
565
-639
-397
789
3032
4616
2573
-1035
-3148
-2628
-395
397
-28
-1004
-3203
-4820
-4900
-3637
-1985
-2043
-2818
-3244
-3694
-3592
-3126
-2005
-551
-1
116
-247
-620
-277
334
1570
2473
2614
2666
1944
1125
983
1076
2169
2652
2127
1808
619
-282
-270
-13
895
874
-200
611
1033
757
-210
-1624
1
1666
2060
2498
2088
1087
-472
-2381
14
3974
4506
2335
-1637
-1922
110
280
448
1035
1464
796
-2064
-3202
-1094
71
53
-910
-817
457
-717
-2381
-2263
-507
1604
1543
704
481
-266
-673
-283
1420
3658
3254
1268
-243
-761
492
1690
2535
2899
954
-1391
-2279
-1580
240
495
-795
-1919
-3309
-4033
-3752
-2990
-1887
-1989
-3030
-3431
-3467
-3129
-2495
-1853
-859
-493
-795
-1038
-1080
-629
-41
760
1490
1466
818
186
110
561
1101
1369
1404
701
-132
-347
-122
397
617
499
376
-44
-746
306
1893
2514
1727
-211
328
2035
2821
3235
3181
2757
1959
183
594
3525
4562
3565
721
-485
1034
1637
1202
868
836
718
-441
-1892
-1253
-415
-599
-1395
-1854
-903
-817
-1864
-2523
-1901
-521
-149
-650
-724
-859
-1156
-1126
-443
1196
1577
484
-312
-569
-38
666
1076
1741
1359
-368
-1393
-1262
-182
474
-205
-967
-1665
-2388
-2677
-2393
-1819
-1472
-1753
-2271
-2626
-2806
-2487
-1891
-1320
-1106
-1084
-1099
-1300
-1339
-933
-109
564
524
66
66
259
500
795
908
1004
773
293
271
617
788
985
746
669
819
700
718
930
2020
2852
2695
1402
697
1750
3044
3803
3797
3586
2797
1505
533
2063
4387
4510
2782
365
48
856
857
728
1016
938
66
-1566
-2559
-1696
-1110
-1259
-1644
-1815
-1591
-2117
-3097
-3089
-2010
-1126
-1040
-1392
-1561
-1849
-2259
-1898
-391
1045
750
-492
-1194
-1044
-212
642
1393
1718
468
-1316
-1745
-939
254
597
-304
-1195
-2079
-2938
-2767
-2193
-1591
-1370
-2084
-2803
-3168
-3206
-2633
-1828
-1337
-1070
-1250
-1586
-1582
-1355
-629
290
891
861
474
239
291
719
1357
1913
2043
1504
816
694
997
1712
2407
2526
2156
1646
1297
1594
2142
2662
3879
4355
3674
2245
1256
2348
4064
4975
5224
4723
3242
1683
697
2143
4855
5423
3790
827
-705
-297
206
676
1073
869
-340
-2481
-3952
-3362
-2241
-1855
-2308
-2744
-2756
-3598
-4675
-4630
-3410
-2016
-1702
-1961
-2217
-2897
-3383
-2703
-926
781
916
-133
-820
-1157
-982
52
1506
2371
1433
-509
-1548
-1274
-529
267
570
25
-1292
-2950
-3459
-2651
-1731
-1348
-1809
-2698
-3472
-3856
-3394
-2395
-1754
-1578
-1656
-1916
-2076
-2029
-1280
-258
326
487
246
167
159
312
1011
1793
2166
2085
1623
1518
1679
1623
2188
2822
3030
2920
2203
2095
2530
2471
2573
2564
3198
4119
3504
2342
1544
1745
2891
3564
3830
3785
2380
546
-405
798
3393
3908
1988
-435
-1314
-550
108
312
521
230
-962
-2296
-2694
-1754
-979
-1370
-1967
-2067
-1990
-2337
-2922
-2710
-1662
-967
-933
-1284
-1595
-1677
-1553
-816
342
999
562
-352
-692
-294
434
1021
1305
1072
166
-581
-497
-5
313
153
-297
-678
-1224
-1719
-1681
-1318
-1101
-1305
-1688
-1899
-1971
-2079
-1836
-1331
-1084
-1110
-1433
-1545
-1286
-973
-613
-307
-162
-203
-378
-427
-144
272
684
852
657
394
236
437
795
989
1039
897
644
504
548
714
920
919
879
811
583
549
866
1285
1377
843
423
693
1154
1503
1490
1382
1204
809
704
1221
1939
2023
1302
507
439
815
1090
964
687
486
134
-251
-503
-323
70
63
-305
-630
-759
-776
-919
-840
-281
2
-207
-619
-840
-601
-361
-87
401
620
343
-145
-315
86
499
583
524
260
-80
-396
-377
-98
-8
-172
-533
-838
-1074
-1186
-1116
-968
-993
-1198
-1494
-1784
-1897
-1867
-1544
-1192
-1155
-1387
-1596
-1646
-1513
-1177
-771
-391
-390
-690
-861
-740
-361
47
252
288
243
79
109
306
526
765
760
670
514
395
479
607
651
633
662
596
502
368
361
611
897
1136
1075
746
527
731
1158
1493
1591
1527
1461
1163
1013
1224
1674
1959
1610
1194
1053
1102
1071
885
803
840
720
427
121
-62
-48
-119
-171
-160
-151
-328
-741
-899
-683
-416
-380
-591
-816
-903
-980
-912
-668
-472
-493
-734
-896
-846
-773
-719
-585
-503
-586
-814
-973
-949
-944
-967
-921
-895
-1002
-1237
-1405
-1340
-1150
-1037
-1039
-1030
-1031
-1077
-1070
-853
-552
-429
-419
-383
-322
-273
-219
-34
262
393
338
249
274
424
478
444
555
748
781
660
524
552
680
769
796
825
810
687
628
638
751
811
751
733
711
623
616
756
887
1010
980
909
882
862
972
1076
1153
1193
1142
949
755
688
723
836
821
677
443
178
26
34
66
50
23
-73
-147
-340
-523
-491
-454
-510
-581
-566
-532
-649
-882
-986
-955
-901
-844
-821
-861
-954
-1058
-1111
-1044
-893
-764
-729
-796
-824
-781
-697
-561
-461
-418
-436
-494
-520
-466
-377
-299
-285
-325
-334
-320
-291
-272
-252
-184
-110
-111
-126
-95
-62
-63
-76
-6
97
136
107
65
42
56
120
204
257
247
241
236
260
361
478
524
489
474
515
611
665
672
688
671
618
568
581
647
669
593
528
515
509
466
402
394
404
383
340
330
363
372
318
244
197
228
281
336
356
251
159
55
20
88
158
247
167
-35
-124
-110
-77
-72
-160
-177
-179
-280
-326
-427
-495
-547
-592
-506
-512
-655
-839
-936
-820
-678
-647
-677
-767
-850
-807
-677
-440
-257
-255
-343
-432
-355
-175
9
129
133
54
-9
11
55
98
138
157
113
44
-30
-39
-16
-10
41
50
9
-48
-78
-25
33
38
42
56
54
73
87
101
107
100
145
180
174
194
256
294
290
272
301
356
374
404
437
438
390
315
297
324
309
249
189
141
86
-4
-80
-101
-105
-107
-139
-191
-226
-238
-220
-163
-99
-48
-32
-56
-28
47
153
246
248
203
212
276
344
399
392
353
315
291
324
336
300
284
270
250
210
139
90
36
-17
-17
-21
-80
-198
-324
-369
-368
-378
-409
-448
-486
-532
-569
-578
-561
-517
-477
-452
-415
-381
-354
-328
-287
-186
-92
-67
-51
-25
3
25
36
69
105
90
51
30
21
18
16
21
25
3
-47
-69
-81
-93
-80
-63
-52
-83
-139
-142
-111
-61
-5
-3
-22
-42
-43
7
63
107
138
149
162
171
152
160
206
252
265
230
205
179
164
175
193
187
140
98
68
40
12
5
20
25
1
-18
-25
-28
2
31
68
86
83
119
136
143
179
231
273
268
249
269
297
300
303
297
274
239
197
165
152
143
106
47
-7
-28
-69
-143
-202
-228
-224
-234
-252
-269
-291
-313
-320
-308
-288
-273
-254
-230
-221
-206
-199
-181
-148
-111
-54
-34
-40
-38
-29
2
17
28
49
39
17
6
14
37
29
-9
-41
-64
-60
-54
-55
-54
-65
-89
-126
-131
-99
-78
-77
-71
-59
-53
-57
-41
-10
18
36
42
59
52
45
59
67
70
69
66
60
30
10
21
27
24
7
-4
-20
-50
-60
-58
-41
-34
-58
-85
-113
-117
-97
-88
-77
-86
-100
-109
-122
-99
-68
-68
-61
-59
-37
-3
7
36
50
61
89
120
164
204
231
251
259
277
307
328
341
339
344
355
359
360
340
303
269
250
252
245
218
167
104
57
31
38
34
-2
-43
-78
-87
-91
-110
-125
-138
-140
-112
-90
-87
-92
-111
-106
-74
-38
-18
-27
-40
-40
-38
-29
-14
-17
-44
-72
-94
-101
-107
-125
-136
-162
-201
-228
-244
-237
-236
-247
-255
-272
-300
-311
-302
-284
-265
-251
-240
-242
-249
-245
-218
-185
-165
-151
-143
-129
-130
-130
-111
-90
-68
-63
-65
-62
-59
-47
-31
-27
-14
-6
2
24
30
46
69
88
114
125
150
194
216
227
238
259
292
306
314
335
349
349
333
323
329
329
318
303
293
285
267
249
230
217
217
213
209
198
185
173
166
172
179
175
164
145
136
138
124
106
97
92
92
76
44
13
-15
-46
-69
-83
-102
-134
-173
-209
-234
-256
-278
-299
-320
-337
-360
-376
-381
-383
-389
-392
-390
-376
-358
-342
-327
-316
-311
-305
-291
-264
-237
-220
-202
-177
-159
-160
-155
-136
-108
-77
-59
-48
-41
-33
-16
8
31
52
72
98
119
131
139
148
158
168
184
203
218
218
209
201
199
200
195
201
208
200
185
162
151
149
140
131
122
113
108
97
85
77
70
66
57
56
61
67
72
71
67
66
70
78
88
95
93
89
82
79
82
88
88
85
77
68
57
40
23
13
9
13
9
-10
-34
-53
-59
-62
-71
-79
-90
-103
-112
-120
-128
-136
-144
-151
-160
-169
-174
-181
-185
-183
-180
-184
-192
-192
-178
-158
-144
-139
-136
-131
-119
-97
-77
-59
-37
-24
-11
-2
6
27
44
58
73
82
82
79
77
84
89
95
105
105
97
79
62
65
72
80
80
66
47
27
15
29
38
31
14
-2
-2
3
1
-2
-4
-4
-2
5
18
29
26
18
26
37
41
43
44
53
62
60
57
49
42
41
41
44
45
32
16
-4
-19
-17
-14
-16
-30
-47
-47
-44
-51
-62
-72
-72
-67
-67
-66
-68
-73
-79
-82
-72
-58
-50
-52
-52
-45
-36
-25
-13
1
16
28
38
41
41
47
56
65
74
73
75
73
68
68
70
70
69
61
57
51
43
36
28
21
18
12
8
4
-2
-8
-12
-18
-23
-28
-28
-26
-25
-27
-29
-27
-29
-30
-29
-23
-19
-21
-19
-10
-4
-5
-5
-1
6
9
11
13
10
5
1
7
11
8
3
-5
-11
-12
-12
-10
-14
-21
-25
-29
-28
-29
-31
-29
-31
-35
-38
-35
-31
-32
-37
-40
-41
-42
-41
-37
-31
-31
-36
-43
-46
-44
-42
-36
-28
-28
-27
-26
-23
-17
-7
5
14
12
10
13
19
27
33
41
47
47
46
51
53
56
59
61
60
55
53
53
52
49
45
43
40
35
27
19
15
15
9
1
-4
-8
-8
-12
-14
-7
-4
-5
-8
-11
-3
3
7
9
12
17
21
20
22
30
30
28
27
27
31
33
29
28
27
25
24
24
24
25
21
17
15
14
15
10
4
1
1
-1
-7
-13
-21
-26
-29
-31
-30
-31
-37
-40
-42
-44
-41
-39
-41
-45
-52
-51
-50
-52
-53
-54
-52
-53
-57
-56
-52
-51
-50
-49
-44
-36
-33
-31
-30
-27
-18
-12
-9
-8
-9
-9
-7
-3
-2
-3
-4
-7
-9
-12
-12
-12
-18
-23
-23
-23
-24
-24
-23
-19
-14
-9
-6
-2
5
12
17
25
33
43
50
56
62
67
75
84
89
93
99
101
104
107
110
114
114
108
103
100
98
93
85
76
65
54
44
39
32
