24
30
28
12
-9
-24
-41
-47
-42
-36
-24
-11
1
20
27
15
8
-7
-23
-26
-22
-8
6
17
31
33
25
9
-9
-25
-35
-37
-33
-25
-9
8
28
43
41
36
26
10
1
-10
-26
-27
-10
7
22
33
40
37
21
8
3
-5
-20
-18
-9
0
20
31
40
47
45
35
19
-3
-11
-14
-17
-12
-3
10
18
17
12
8
-1
-19
-25
-20
-18
-19
0
19
27
39
35
29
9
-24
-39
-50
-62
-63
-54
-45
-28
-16
-13
-19
-25
-26
-23
-15
-9
5
16
24
33
28
31
20
-6
-23
-50
-60
-60
-64
-56
-45
-32
-27
-19
-3
10
14
19
30
42
50
56
54
51
37
22
12
-6
-17
-23
-34
-44
-49
-55
-54
-50
-44
-29
-13
4
24
43
60
63
56
61
60
48
47
50
51
43
27
17
-11
-54
-84
-106
-129
-142
-127
-87
-49
-3
64
113
130
147
158
146
119
88
57
24
-2
-15
-21
-24
-37
-62
-92
-118
-148
-166
-163
-138
-101
-52
26
109
174
222
241
228
185
118
40
-37
-107
-152
-169
-164
-133
-86
-27
13
35
63
71
52
36
27
5
-28
-27
10
36
65
109
130
128
105
86
71
20
-40
-97
-163
-218
-239
-215
-171
-103
0
104
178
234
279
296
279
223
142
36
-77
-151
-182
-186
-164
-119
-55
23
88
105
72
0
-80
-137
-147
-115
-65
0
77
145
191
203
177
98
-10
-92
-129
-139
-145
-154
-158
-166
-156
-125
-119
-142
-171
-206
-237
-230
-182
-123
-65
17
88
127
156
152
115
43
-40
-125
-217
-290
-330
-339
-344
-328
-273
-211
-137
-43
36
86
109
149
200
223
230
193
117
21
-52
-84
-116
-136
-145
-123
-69
4
85
160
232
288
343
386
403
412
412
417
428
430
450
515
601
678
723
723
666
549
437
326
174
18
-81
-94
-29
124
324
516
661
765
860
901
843
748
674
537
308
25
-385
-1007
-1761
-2495
-3144
-3644
-3813
-3520
-2830
-1856
-665
598
1677
2413
2780
2743
2270
1430
423
-556
-1403
-1987
-2232
-2206
-1991
-1641
-1194
-738
-397
-198
-105
-57
25
205
504
812
1005
1078
1031
823
436
-60
-596
-1120
-1538
-1702
-1535
-1134
-590
78
766
1265
1513
1601
1524
1242
830
408
6
-367
-629
-705
-638
-500
-302
19
458
916
1375
1860
2283
2533
2654
2654
2451
2058
1586
1134
688
252
-73
-198
-193
-141
65
398
701
1138
1997
3116
4142
5022
5751
6054
5614
4305
1913
-1944
-7018
-11866
-15081
-16498
-16088
-13374
-8814
-3555
2141
7976
12275
13741
12914
10615
6980
2606
-1359
-4475
-6759
-7728
-7126
-5683
-4388
-3518
-2906
-2666
-2861
-3119
-3177
-2954
-1994
136
2940
5483
7331
8293
8134
6870
4713
1749
-1899
-5504
-8007
-8946
-8560
-7140
-4893
-2297
235
2613
4480
5251
4948
4139
3145
2143
1459
1171
1120
1240
1524
1737
1474
632
-531
-1979
-4046
-6513
-8541
-9670
-9471
-7170
-3042
1440
5585
9315
11818
12422
11255
8372
3852
-1174
-5271
-8032
-9332
-8881
-6959
-4189
-1012
2048
4235
5106
4975
4397
3594
2762
2267
2300
2649
3083
3565
3626
2733
1256
-147
-1373
-2311
-2564
-2062
-1001
689
3021
5331
6788
7272
7182
6699
5734
4635
3996
3525
2452
867
-1297
-5389
-11292
-16148
-18493
-19464
-18625
-14578
-8715
-2593
4705
12555
17476
18195
16602
13399
8108
2012
-3286
-7895
-11591
-12888
-11493
-8998
-6673
-4651
-3015
-2037
-1602
-1396
-1403
-1453
-779
1175
3912
6455
8253
9071
8675
7032
4294
538
-3976
-8297
-11079
-11760
-10814
-8702
-5593
-1912
1732
4984
7380
8167
7325
5759
4180
2806
1769
1002
393
69
-394
-1756
-3837
-6228
-8978
-11115
-11079
-9117
-6116
-1567
4257
9463
13237
15569
15316
11916
6894
1539
-3924
-8531
-11150
-11665
-10252
-7054
-2685
1641
4849
6741
7588
7425
6419
5174
4056
3072
2494
2531
2708
2533
2012
1171
38
-1019
-1730
-2111
-1885
-732
1152
3371
5426
6768
7369
7598
7547
7067
6296
5733
5757
5916
5332
3026
-2773
-12104
-20758
-25473
-27725
-27888
-23687
-16236
-7778
3093
15666
24211
26007
24117
20392
13821
5404
-2524
-9649
-15528
-17787
-15728
-11909
-8591
-6043
-4103
-2736
-1915
-1931
-2895
-3907
-3326
-357
4089
8429
11608
13197
13206
11817
8872
3889
-3017
-10188
-15144
-16854
-16100
-13645
-9720
-4812
497
5786
10011
11740
10812
8529
6134
4106
2461
1021
-86
-283
-26
-1073
-3628
-6432
-9676
-13100
-14042
-11971
-9274
-5351
1621
9121
14465
18254
19699
16596
10530
4510
-1704
-8141
-12551
-14077
-13419
-10477
-5316
247
4382
7075
8825
9414
8692
7248
5701
4098
2784
2448
2620
2288
1630
1105
362
-490
-905
-1150
-1244
-342
1666
3943
6031
7511
7877
7627
7505
7272
6411
5355
5290
6570
8277
8786
5431
-4472
-17251
-26012
-30117
-32283
-31329
-25526
-17270
-6654
8194
22711
29719
29394
26176
20827
12498
2919
-6163
-14359
-19797
-19958
-15746
-10769
-7185
-4944
-3341
-2023
-1581
-2756
-4974
-6369
-5021
-552
5328
10478
13806
15182
15097
13739
10133
3341
-5600
-13738
-18443
-19379
-17760
-14437
-9736
-4030
2470
8911
13158
13769
11637
8681
5983
3719
1924
335
-1643
-3521
-4498
-5962
-8974
-11602
-12608
-12533
-10037
-4382
1479
6251
11574
16485
18458
17469
14067
7891
436
-5567
-9727
-12700
-13858
-12671
-9528
-4792
883
5816
8769
10147
10728
10696
9826
8030
5868
3664
1482
82
-434
-1186
-2178
-2347
-1726
-756
622
2186
3443
4466
5725
6962
7311
6821
6337
6076
5786
5750
6371
7514
8793
10053
9431
2128
-10920
-22212
-28118
-31416
-32301
-27766
-20169
-11869
523
16334
27330
29512
26893
22606
15647
6516
-2241
-10239
-17235
-20123
-17431
-12208
-7740
-4948
-3598
-2794
-2013
-2205
-4007
-6097
-6222
-3178
2234
8132
12769
15050
15178
14122
11738
6751
-1189
-10093
-16639
-19143
-18484
-15785
-11517
-6340
-581
5735
11244
13741
12739
9818
6712
4314
2445
-347
-4544
-7720
-8310
-8105
-8027
-7278
-6840
-6823
-4228
977
4925
6847
8794
10584
11272
11209
9644
5351
-169
-4398
-6938
-8460
-9149
-9028
-7843
-4856
-40
5030
8448
9952
10691
11069
10466
8921
6571
3073
-504
-2353
-2718
-2887
-2962
-2462
-1182
948
3446
5212
5790
5857
5982
6039
5981
5798
5147
4420
4696
6117
7508
8205
8950
8776
2349
-10767
-21913
-27259
-30921
-32465
-27542
-19444
-11739
-52
15710
26746
28813
26273
22199
15417
6371
-2336
-10064
-16624
-19480
-17264
-12318
-7619
-4719
-3661
-3075
-2305
-2502
-4270
-6215
-6178
-3117
2089
7789
12556
15181
15466
14229
11668
6875
-769
-9648
-16261
-18821
-18364
-15891
-11643
-6379
-658
5483
10891
13546
12882
10184
7063
4628
2714
-634
-5535
-8535
-8823
-9082
-8713
-6605
-5788
-5840
-2184
3529
6635
8285
10170
10505
9693
9422
7640
2826
-2288
-5576
-7578
-8585
-8405
-7645
-6442
-3606
1127
5844
8661
9717
10283
10486
9646
8123
5926
2383
-1102
-2618
-2815
-2923
-2811
-2171
-858
1193
3322
4803
5451
5435
5566
6170
6272
5679
5200
4839
4809
6090
7817
8532
8798
7591
-197
-13597
-23546
-27835
-31252
-32178
-26422
-18185
-9976
2955
18606
27699
28310
25633
21433
14188
4971
-3692
-11441
-17565
-19192
-15935
-11046
-6891
-4313
-3514
-3110
-2497
-3248
-5567
-7263
-6318
-2395
3228
8938
13562
16024
16214
14921
11862
6026
-2411
-11248
-17184
-19040
-18353
-15882
-11441
-5833
335
6779
11840
13707
12458
9627
6766
4202
831
-3830
-7991
-9703
-9364
-8210
-6553
-5008
-4022
-2043
1887
5647
7433
8013
8238
8265
8293
7522
4792
793
-2695
-4881
-6070
-6712
-6947
-6608
-5110
-1779
2775
6525
8469
9533
10407
10606
9617
7537
4565
1155
-1403
-2367
-2523
-2560
-2327
-1500
287
2659
4386
5233
5712
5594
5388
6178
7014
6723
6557
7383
8204
9079
10083
6847
-4986
-18861
-26078
-29261
-32272
-30734
-24044
-17328
-7885
7740
22166
27869
27098
24539
20231
13004
4351
-4158
-12154
-17515
-17767
-14207
-10056
-7136
-5918
-5185
-3658
-2878
-4338
-6680
-7771
-5865
-786
5347
10665
14354
16088
16470
15646
12278
5296
-4225
-12894
-17754
-19110
-18439
-15958
-11815
-6356
448
7479
12250
13466
11973
9491
7224
4601
386
-4446
-7523
-8437
-8167
-6970
-5718
-5576
-5021
-2094
1661
3972
5220
6319
7225
8317
9438
8757
5595
1751
-1281
-3647
-5633
-7087
-8036
-8050
-5898
-1551
2994
6192
8330
10002
10981
10984
9973
7460
3686
434
-1205
-1702
-1735
-1645
-1280
-225
1483
3312
4457
4555
4318
4643
5687
6972
7791
8112
8571
9093
9377
8422
2013
-11146
-22979
-27923
-30638
-32091
-27864
-20688
-13436
-1532
14241
24895
26845
24632
21550
16461
9061
1154
-6760
-13762
-16697
-14861
-11151
-7861
-6263
-6437
-6081
-4615
-4576
-6483
-8064
-7294
-3417
2529
8596
13290
15659
16209
15924
13997
9105
1130
-8103
-14990
-17810
-18042
-16756
-13821
-9524
-3955
2643
8530
11670
11593
9670
7845
6751
5290
2091
-2446
-5948
-7261
-7611
-7591
-7241
-7527
-7594
-4998
-340
3464
5635
7432
9260
10647
11187
9997
6455
1750
-2126
-4634
-6509
-7975
-8741
-8334
-5805
-1281
3352
6561
8363
9654
10736
10950
9931
7576
4028
747
-866
-1211
-1367
-1608
-1361
-211
1611
3600
4957
5177
4952
5317
6419
7585
8185
8241
8145
8311
8967
7827
137
-13523
-24607
-29182
-31770
-32147
-27252
-20394
-12679
229
15897
25827
27519
25302
22020
16575
8844
584
-7629
-14584
-17331
-15538
-11878
-8621
-7109
-6980
-6115
-4615
-4747
-6538
-7945
-6930
-2545
3727
9721
14338
16754
17273
16808
14568
9116
371
-9314
-16072
-18674
-18846
-17381
-14142
-9523
-3572
3440
9553
12543
12201
10190
8205
6680
5056
2159
-2344
-6172
-7580
-8064
-8547
-8413
-8394
-8268
-5656
-744
3482
6031
8188
10356
11793
12012
10371
6399
1362
-2743
-5419
-7355
-8751
-9310
-8544
-5583
-705
4120
7430
9329
10536
11370
11461
10289
7615
3984
793
-1015
-1586
-1662
-1839
-1773
-719
1370
3668
5132
5779
6531
7596
8627
9582
10197
9755
8614
8044
6265
-1778
-14999
-25021
-29487
-32101
-31798
-26287
-19178
-11491
784
15385
24692
26524
24513
21099
15781
8686
1218
-6139
-12409
-15203
-14120
-11199
-8422
-7341
-7688
-7329
-6252
-6300
-7440
-8043
-6445
-1979
4027
9838
14413
16878
17358
16574
14147
8915
574
-8648
-15096
-17738
-18154
-17033
-14074
-9573
-3903
2596
8410
11485
11404
9700
8166
7160
5525
2052
-2481
-5596
-6780
-7490
-7766
-7749
-8503
-8351
-5038
-313
3249
5732
7905
9860
11483
11902
9832
5541
835
-2955
-5551
-7244
-8492
-9125
-8053
-4546
394
4750
7420
8906
10128
11003
10904
9451
6526
2949
317
-756
-1016
-1218
-1402
-1157
13
2026
3833
4742
5292
6091
7141
8199
8955
9158
8737
8255
7987
4757
-5260
-18004
-25764
-29210
-31623
-29832
-23459
-16901
-8211
5654
18910
25036
25080
22872
19062
12935
5687
-1665
-8971
-14126
-15065
-12900
-9768
-7387
-6918
-7072
-6137
-5425
-6397
-7930
-8098
-5534
-449
5455
10908
14886
16659
16934
16066
12955
6594
-2316
-10639
-15569
-17558
-17709
-15927
-12555
-7874
-1727
4786
9621
11442
10611
8942
7653
6416
4356
593
-3897
-6505
-7447
-8593
-9195
-8903
-8978
-7729
-3034
2408
5535
7704
10406
12183
12225
11071
7965
2762
-2166
-5170
-7110
-8668
-9261
-8563
-6311
-2142
2852
6619
8576
9764
10845
11368
10795
8968
5927
2453
53
-633
-679
-1240
-1732
-1130
313
2178
4298
5902
6685
7421
8526
9607
10110
9709
8773
7698
4677
-3709
-16008
-25097
-28998
-31450
-30969
-25131
-17915
-10090
2208
15837
23602
24827
23222
20051
14560
7437
195
-6701
-12245
-14424
-13251
-10680
-8275
-7310
-7525
-6989
-6072
-6648
-8019
-8221
-6065
-1490
4113
9488
13953
16528
17167
16463
13825
8225
-45
-8463
-14015
-16549
-17467
-16624
-13642
-9092
-3347
2989
8246
10792
10584
9212
8038
6948
5180
1791
-3156
-6955
-8051
-8782
-9732
-8934
-7661
-6795
-3006
3325
7155
8288
10039
11598
10948
9181
6681
2204
-2719
-5402
-6416
-7433
-8027
-7335
-5441
-2211
2119
5849
7790
8720
9797
10883
10799
9159
6703
3769
964
-441
-880
-1756
-2613
-2341
-968
1154
3625
5558
6540
7427
8767
9926
10530
10501
9503
8186
6268
-310
-12603
-23417
-28391
-31248
-32045
-27374
-20269
-13116
-1915
12531
22634
25371
24288
21834
17108
10142
2607
-4838
-11320
-14704
-14411
-11896
-9052
-7754
-7860
-7273
-6158
-6499
-8058
-8889
-7487
-3469
2094
7890
12947
16192
17589
17723
15925
10967
2794
-6318
-12935
-16309
-17934
-17760
-15316
-11249
-5704
960
6904
10319
10884
9832
8776
7985
6149
2210
-2620
-6218
-8488
-9914
-9754
-8629
-7753
-5497
-801
3966
7206
9316
10263
10221
9723
8117
4818
840
-2508
-4728
-5844
-6114
-6014
-5851
-4714
-1700
1924
4624
6511
7976
9191
10242
10744
10128
8001
5015
2727
1355
-5
-1293
-2207
-2670
-1813
492
2943
5160
7380
9150
10541
11986
12639
11637
9751
6789
-924
-13842
-24269
-28664
-31442
-32319
-27499
-19967
-12326
-1145
12381
21497
23973
23036
20719
16191
9522
2441
-4203
-9612
-12199
-11975
-10352
-8381
-7399
-7726
-7664
-7216
-8066
-9644
-10003
-7968
-3423
2256
7717
12586
16166
17973
18035
15844
10793
2959
-5671
-11821
-14977
-16785
-17005
-14796
-10766
-5529
409
5596
8480
8939
8302
7596
6605
4584
892
-3560
-6253
-6902
-7224
-6779
-5181
-4113
-2828
584
4139
5479
5758
6267
6470
6143
5489
3977
1587
-465
-1503
-2222
-3207
-4137
-4638
-4177
-2152
697
3091
4836
6474
8419
10085
10547
9734
7639
4738
2508
1306
123
-1252
-2110
-1987
-754
1408
3638
5208
6421
7794
9363
10878
11523
10544
8892
6469
-618
-12670
-22609
-27426
-30880
-31752
-26739
-19566
-12316
-1298
11989
20709
22964
22205
20034
15336
8722
2001
-4366
-9548
-11903
-11508
-9574
-7295
-6385
-6769
-6631
-6547
-7884
-9655
-10257
-8533
-4295
1111
6629
11746
15459
17332
17495
15494
10631
2923
-5458
-11328
-14560
-16536
-16609
-14315
-10380
-5071
921
5956
8775
9240
8428
7594
6851
5309
1764
-2964
-5772
-6633
-7867
-8085
-6333
-5579
-4926
-802
3972
5529
6149
7725
8290
7499
6776
5234
2021
-763
-1862
-2764
-4152
-5126
-5371
-4721
-2506
542
2858
4503
6274
8345
10213
10914
10180
8313
5725
3559
2274
840
-960
-2141
-2246
-1225
786
2898
4445
5924
7907
9845
10976
11311
10664
9044
6386
-138
-11864
-22765
-28038
-30897
-31947
-27557
-20308
-13116
-2615
10683
20132
22972
22304
20312
16061
9720
3080
-3236
-8620
-11421
-11412
-9857
-7907
-7072
-7516
-7361
-6945
-8132
-10017
-10534
-8771
-4645
898
6576
11582
15293
17532
18231
16601
11878
4281
-4104
-10232
-13733
-16039
-16762
-15120
-11535
-6421
-467
4733
7716
8391
8012
7629
6805
4442
575
-3095
-4982
-5547
-5596
-4885
-4099
-3764
-2366
349
2447
3271
3704
4183
4829
5565
5539
4431
3008
1760
646
-527
-1946
-3502
-4480
-3988
-2244
-211
1701
3499
5500
7841
9698
10298
9553
7762
5712
4050
2672
1162
-542
-1793
-1689
-226
1783
3737
5403
6937
8658
10460
11690
11420
9777
6908
-93
-11953
-22274
-27453
-30979
-32130
-27346
-19953
-12485
-1739
11053
19698
22309
21819
19630
14736
7970
1443
-4348
-8755
-10493
-10100
-8646
-6585
-5456
-5705
-5821
-6386
-8567
-10775
-11132
-9031
-4767
367
5592
10715
14866
17435
18080
15972
10833
3380
-4329
-9756
-13012
-15365
-15982
-14024
-10140
-5018
482
4953
7343
7718
7270
6670
4943
1881
-1077
-3331
-4879
-5140
-4391
-3716
-2910
-1282
364
1349
2222
2800
2660
2821
3667
3822
3163
2899
2753
2152
1440
383
-1288
-2883
-3492
-2964
-1871
-576
1041
3209
5666
7804
9206
9459
8505
6928
5355
3905
2363
956
44
-295
136
1251
2465
3574
4782
5877
6707
7684
8811
9465
9173
8362
6216
-1001
-12880
-22334
-26844
-30231
-31480
-27202
-20264
-12547
-1134
12019
20475
22660
22034
20250
15736
8703
1406
-5052
-9766
-11733
-11292
-9545
-7707
-6823
-6464
-5721
-5878
-8036
-10379
-10779
-8542
-4218
784
5694
10428
14650
17733
18639
16445
11044
3335
-4257
-9476
-12897
-15669
-16719
-14941
-10736
-5122
582
5024
7381
8083
8151
7862
6937
4264
-644
-4720
-5591
-5965
-6786
-5226
-3065
-2825
-855
3201
4488
3587
3992
4610
3867
3368
3300
2152
1071
1340
1465
290
-1316
-2410
-2991
-2703
-1415
-246
681
2394
5180
8158
9758
9750
8929
7312
5464
4172
2708
713
-809
-1266
-559
1084
2585
3606
4788
6175
7551
8936
10199
10570
9714
8550
5104
-4575
-16939
-24536
-28510
-31960
-30966
-25072
-18548
-9677
3415
15364
21221
22229
21498
18900
13476
6633
-247
-6369
-10014
-10643
-9696
-8090
-6755
-6665
-6532
-5982
-7200
-10005
-11780
-11095
-7826
-2775
2617
7699
12510
16614
19046
18768
15275
8766
586
-6347
-10760
-14226
-16708
-16544
-13713
-9054
-3400
1811
5257
6833
7404
7580
7011
5317
2826
-138
-2792
-4211
-5083
-5979
-5846
-4530
-3098
-1384
953
2791
3697
4644
5755
5938
4950
3858
2959
1857
860
-46
-1308
-2632
-3268
-2929
-2030
-990
190
1730
3722
5896
7810
8889
8883
8144
7050
5806
4234
2424
1067
101
-552
-143
977
2026
3603
5551
6657
7309
8252
8935
8852
8312
7653
4100
-5745
-17240
-23460
-26607
-29622
-28434
-22691
-16574
-8398
3790
14813
19769
20087
19323
17164
11889
5174
-968
-6018
-9049
-9807
-9084
-7639
-6592
-6450
-6036
-5636
-7248
-10112
-11592
-10403
-6783
-2179
2339
6951
11659
15761
18142
17646
13910
7504
11
-5998
-9790
-13095
-15728
-15700
-12751
-7947
-2571
2125
5281
6688
7207
7537
6993
5038
2157
-1122
-3769
-4929
-5695
-6310
-5217
-3228
-1789
176
2578
3719
4015
4671
4997
4142
2962
2180
1526
1128
1014
471
-661
-1589
-1864
-1731
-1345
-819
-155
1079
3128
5566
7509
8347
8369
8010
7187
5951
4432
2638
1070
306
260
620
1145
1908
3093
4255
5286
6545
7572
8448
9447
9667
8946
5519
-3912
-15576
-22570
-26483
-30280
-30059
-24763
-18177
-9469
2917
14196
19580
20621
20578
18521
12848
5590
-1024
-6249
-9038
-9516
-8967
-7653
-6229
-5567
-4896
-4729
-6950
-10476
-12417
-11440
-8068
-3776
688
5691
11134
16084
19215
19104
15405
9101
1732
-4656
-9333
-13439
-16564
-16778
-13786
-8910
-3606
1062
4343
6108
6966
7230
6648
5149
2789
-28
-2189
-3534
-4859
-5454
-4511
-3260
-2353
-921
731
1811
2712
3704
4183
3821
3174
2770
2636
2607
2267
1378
152
-1034
-1703
-1854
-1870
-1732
-1140
181
2230
4624
6749
8024
8384
8104
7328
6089
4454
2753
1410
497
27
289
1152
2139
3380
4850
5999
7034
8157
8821
9102
9067
8177
5741
-797
-11797
-20988
-25266
-28465
-29863
-25933
-19411
-12277
-1885
10085
17823
20069
20153
19105
14961
8260
1749
-3724
-7776
-9375
-9219
-8394
-7037
-6023
-5572
-5146
-6134
-9078
-11522
-11578
-9232
-5295
-968
3552
8699
13806
17584
18786
16669
11633
4814
-1961
-7050
-11022
-14646
-16379
-14820
-10812
-5943
-1211
2673
5010
5883
6254
6306
5501
4287
3301
2094
486
-1005
-2715
-4925
-6323
-6471
-6679
-6440
-4137
-953
1632
4715
7924
8975
8455
8104
6953
4202
1221
-1348
-3788
-5350
-5411
-4658
-3695
-2240
-173
2044
4186
6046
7286
7909
8067
7933
7413
6268
4840
3547
2333
1245
504
23
-141
472
1708
3073
4765
6738
8290
9635
11032
11212
9919
7321
244
-11661
-21492
-26350
-30130
-31606
-27246
-20273
-12724
-1819
10489
18317
20785
21066
19635
14943
8178
1754
-3625
-7319
-8678
-8601
-7828
-6460
-5411
-5028
-5079
-6651
-9939
-12542
-12509
-10003
-6103
-1680
3201
8722
14290
18442
19588
17283
12237
5402
-1464
-6767
-11141
-15021
-16604
-14791
-10702
-5921
-1342
2420
4664
5571
5963
5797
4814
3672
3445
3972
3374
1199
-869
-3051
-6113
-7951
-8392
-9528
-9033
-4957
-602
3048
7478
10749
11428
11429
10761
7467
2718
-1128
-4127
-6462
-7251
-6703
-5777
-4058
-1034
2147
4471
6011
6990
7705
8148
8028
7405
6259
4720
3586
3011
2245
1243
545
367
817
1609
2462
3683
5167
6571
7968
9211
9717
9421
8743
5803
-2573
-13973
-21997
-26180
-29464
-29462
-24570
-18403
-10857
539
12161
18776
20604
20485
18447
13417
6828
655
-4401
-7811
-9185
-8929
-7598
-5962
-5078
-4654
-4733
-6875
-10368
-12381
-11725
-9055
-5344
-1069
3964
9760
15229
18790
19234
16258
10704
3857
-2484
-7324
-11701
-15395
-16237
-13796
-9570
-4886
-622
2491
4232
5020
5410
5313
4414
3480
3490
4534
5821
5376
2604
-652
-4048
-8339
-11803
-13036
-13189
-11582
-6486
146
5815
10655
14639
16399
15386
12181
7070
936
-4235
-7475
-9319
-10084
-9364
-7074
-3562
581
4127
6117
6876
7285
7733
7959
7511
6344
4921
3823
3398
3214
2507
1346
358
-54
215
918
1678
2681
4215
6023
7811
9414
10589
10833
9943
7927
2390
-8386
-19228
-25025
-28350
-30550
-27962
-21554
-14517
-4813
7622
17134
20679
20895
19911
16389
10164
3540
-2176
-6553
-8712
-8728
-7673
-6208
-5164
-5000
-5203
-6522
-9653
-12658
-13341
-11493
-7879
-3221
2023
7814
13718
18387
20359
18809
14216
7854
1065
-4720
-9424
-13701
-16288
-15604
-12192
-7694
-3334
311
2897
4361
5133
5462
4928
3802
3407
4041
5246
6462
5690
2337
-1335
-5132
-10122
-13836
-14466
-13949
-11507
-5113
2049
7511
12756
16952
17590
15252
11286
5330
-1209
-5893
-8799
-10564
-10771
-9001
-5659
-1613
2439
5399
6666
6988
7245
7530
7339
6507
5501
4741
4385
4396
4195
3202
1824
649
-99
-279
-130
367
1529
3119
4963
7054
8993
10338
10675
9969
7545
424
-11078
-20245
-24547
-27992
-29536
-25521
-18931
-11781
-1183
10798
18086
19844
19594
18253
13974
7397
1091
-3966
-7401
-8565
-7999
-6795
-5433
-4622
-4491
-4824
-6778
-10238
-12771
-12723
-10287
-6492
-2026
3163
9147
14926
18830
19741
17318
12210
5643
-867
-6248
-11064
-15141
-16598
-14720
-10613
-5879
-1612
1859
4357
5722
6213
5888
4536
3069
2692
3451
4613
5532
6016
5084
1992
-2107
-6955
-12643
-16477
-16805
-15212
-11449
-4514
3070
9638
15820
19845
19439
15707
10444
3846
-2950
-8101
-11466
-13098
-12123
-8592
-4082
175
3840
6306
7412
7760
7460
6561
5578
4891
4687
4850
4959
4849
4370
3404
2150
590
-1059
-2020
-1999
-959
1182
3806
6160
8355
10449
11791
11843
10591
8018
2166
-8417
-18738
-23982
-27279
-29644
-26669
-19740
-12900
-4140
7211
15949
19242
19643
18961
15476
9093
2938
-1737
-5396
-7398
-7812
-7442
-6287
-5046
-4725
-5099
-6623
-9745
-12292
-12241
-9981
-6496
-2494
2158
7908
13751
17979
19309
17283
12758
6776
338
-5139
-9623
-13683
-15794
-14617
-11233
-7123
-3092
347
2842
4167
4598
4485
3842
2952
2563
3210
4485
5604
6513
7141
6087
2288
-2936
-8198
-13330
-16806
-17166
-15366
-11675
-5067
3227
10624
16190
19283
18660
15014
10144
4266
-2295
-7789
-11168
-12339
-10994
-7556
-3499
112
3158
5592
6924
7076
6651
5960
5159
4647
4603
4831
4818
4404
3858
2816
1116
-532
-1717
-2267
-1870
-572
1373
3914
6698
9023
10626
11415
11179
9820
7803
4920
-1989
-12980
-21242
-24506
-27057
-27639
-22902
-16464
-10301
-1031
9759
16418
18120
18148
17181
13146
7140
2026
-2004
-5192
-6982
-7572
-7305
-6441
-5873
-5802
-6084
-7924
-10858
-12150
-10831
-7808
-4153
-340
4150
9502
14657
18015
18386
15685
10843
4934
-817
-5506
-9802
-13613
-15044
-13520
-10169
-6360
-2818
350
2559
3646
4354
4664
4150
3629
3995
4957
6011
6706
6769
5964
3591
-93
-4103
-8333
-11978
-13664
-13779
-12604
-9160
-3982
1634
7337
11926
13839
13422
11819
9023
5010
695
-3392
-6891
-8622
-8031
-6268
-4321
-2188
-73
1751
3376
4663
5222
5129
4893
4802
4924
4972
4700
4319
3597
2392
1269
292
-525
-735
-435
289
1665
3305
5025
7022
8400
8655
8697
8711
8221
7262
6110
3337
-4036
-14019
-20365
-23061
-25895
-26429
-22113
-16594
-10168
149
10864
16780
18618
19382
18530
14251
8313
2857
-2131
-6120
-8295
-9081
-8945
-7903
-6784
-6185
-6258
-7742
-9843
-10478
-9126
-6639
-3712
-251
4225
9624
14612
17486
17361
14453
9840
4339
-1273
-6299
-11148
-15075
-15972
-13842
-10257
-6301
-2518
852
3453
5069
5823
5655
4695
3798
3667
4195
4947
5451
5792
5989
4940
2336
-1557
-6758
-11620
-14760
-16623
-16554
-13430
-8335
-2028
5694
12446
16169
17682
17225
14194
9026
3021
-3056
-8215
-10737
-10745
-9590
-7568
-4574
-1137
1939
4231
5380
5405
5033
5000
5466
5834
5683
5405
5238
4847
3915
2346
400
-1295
-2332
-2595
-1974
-635
1122
3446
6347
8726
9754
10044
9920
9046
7723
6145
4200
2151
-1845
-9798
-17626
-21208
-23414
-25166
-22635
-17107
-12159
-5352
4611
12755
16239
17677
18319
15892
10637
5701
1611
-2519
-5929
-8025
-9017
-8898
-8098
-7377
-7018
-7697
-9468
-10416
-9382
-7063
-4327
-1525
1896
6425
11322
15054
16326
15062
11950
7499
2448
-2226
-6627
-11012
-13781
-13684
-11654
-8849
-5598
-2215
565
2435
3789
4717
4930
4670
4662
4968
5299
5740
6221
6370
5792
4110
1478
-1319
-4755
-9623
-14036
-16348
-17026
-15106
-9537
-2921
2822
9032
14648
17302
17541
15791
11192
4665
-1382
-6157
-9484
-10500
-9682
-7959
-5332
-1990
1190
3427
4679
4951
4319
3694
3846
4465
4924
5135
5211
5001
4422
3582
2348
680
-1026
-2250
-2643
-1975
-184
2193
4481
6438
7982
8904
9144
8756
7473
5775
4311
3230
2289
-1576
-9621
-16459
-19240
-21516
-23077
-20385
-15994
-12011
-4735
5100
12167
15376
17307
17989
15137
9938
5198
918
-3254
-6322
-8112
-9060
-8757
-7650
-6639
-6095
-7144
-9274
-9961
-8644
-6460
-4092
-1518
1807
6336
11390
15166
16225
14577
11203
6859
2089
-2434
-6993
-11484
-13992
-13661
-11597
-8879
-5815
-2526
316
2402
4038
5084
5304
5212
5338
5462
5579
5795
5913
5861
5067
3080
365
-2313
-4908
-8366
-12347
-14984
-15561
-13964
-9592
-3519
1875
6615
11491
15105
16343
15311
11951
6713
1213
-3166
-6368
-8379
-8845
-8058
-6391
-3894
-1025
1365
2936
3849
4096
4031
4357
5092
5773
5987
5679
5061
4137
3147
2171
642
-1191
-2297
-2404
-1684
-178
1663
3220
4590
6062
7282
7850
7779
7061
5897
5056
4769
4520
4139
1781
-5203
-13493
-17818
-20347
-23385
-23128
-19387
-15499
-9311
818
10085
15052
17569
19007
17472
12715
7470
2646
-2316
-6453
-8931
-10051
-9622
-7952
-6405
-5489
-5735
-7419
-8689
-8227
-6924
-5479
-3618
-888
3338
8668
13105
15079
14445
12069
8672
4370
-219
-4893
-9711
-12951
-13238
-11596
-9157
-6102
-2843
42
2346
3983
4768
4690
4224
3894
3790
3921
4379
5052
5637
5641
4553
2595
433
-1933
-4725
-7933
-11292
-13564
-13434
-10982
-7147
-2607
2052
6270
10258
13572
14580
12995
9803
5591
1080
-2537
-5095
-7086
-7794
-6807
-5099
-3173
-929
1148
2316
2708
2944
3092
3254
3891
4854
5391
5322
5138
4956
4482
3528
2001
158
-1320
-1763
-1202
-365
553
1829
3264
4719
6276
7171
6782
6074
5673
5162
4657
4301
4054
2704
-2448
-10070
-15282
-18237
-21478
-22402
-19588
-16227
-11429
-2562
6893
12695
15634
17613
17251
13484
8725
4331
-498
-4962
-7654
-8948
-9144
-7989
-6458
-5437
-5307
-6438
-7743
-7976
-7300
-6120
-4548
-2315
1247
6092
10703
13491
14006
12607
9905
6125
1711
-2722
-7286
-11072
-12433
-11513
-9385
-6739
-3821
-833
1611
3233
4207
4483
4074
3532
3295
3347
3742
4336
4913
5202
4728
3496
1508
-1236
-4301
-7566
-10544
-11895
-11351
-9740
-6829
-2749
1156
4979
8878
11308
11592
10333
7762
4208
790
-1807
-4039
-5833
-6350
-5636
-4264
-2419
-445
962
1767
2444
2984
3413
3834
4179
4535
4790
4789
4523
3844
2748
1407
30
-1087
-1647
-1567
-797
581
2150
3754
5208
6291
7010
6918
5874
4646
3659
2797
2254
2198
2313
2431
3128
3702
518
-6758
-12699
-15989
-19626
-21520
-19256
-16042
-12124
-4318
4976
11343
14837
16945
16776
13145
7764
2732
-1903
-5958
-8541
-9763
-9805
-8307
-5960
-3765
-2740
-3868
-5845
-6698
-6479
-5811
-4816
-3477
-1019
3309
8260
11772
12987
12236
10110
6820
2878
-1163
-5509
-9453
-11232
-10677
-8906
-6418
-3440
-490
1854
3324
3981
3940
3416
2809
2423
2310
2610
3475
4727
5778
5730
4471
2701
830
-1218
-3745
-6717
-9791
-12023
-11941
-9672
-6643
-3127
1052
5158
8870
11870
12661
11006
8286
5048
1424
-1777
-4205
-5965
-6402
-5298
-3703
-2268
-789
603
1409
1732
1934
1992
2146
2929
4160
5090
5460
5473
5205
4497
3190
1440
-354
-1654
-2001
-1483
-430
922
2321
3661
4945
5747
5555
4617
3520
2607
2085
1907
1954
2321
3131
4451
5729
4342
-1736
-9070
-13886
-17972
-21704
-21876
-19343
-16117
-9749
-136
8040
12891
16201
17863
15878
11003
5809
776
-3894
-7060
-8871
-9652
-8705
-6360
-3821
-2114
-2517
-4657
-6306
-6695
-6570
-6183
-5296
-3404
302
5546
10284
12805
13147
12017
9498
5714
1454
-3140
-7750
-10712
-11298
-10255
-8082
-5067
-1741
1155
3029
3907
4038
3573
2883
2304
1827
1678
2304
3671
5089
5580
4926
3572
1563
-969
-3696
-6723
-9726
-11269
-10463
-8095
-5058
-1645
1689
4617
7304
9394
9671
8110
5854
3376
1017
-816
-2281
-3470
-3943
-3510
-2734
-1982
-1076
-136
434
786
1351
2008
2694
3573
4431
4902
4874
4616
4356
3708
2370
807
-461
-1188
-1093
-380
387
1136
2076
3063
3935
4504
4310
3477
2680
2203
2005
2194
2690
3065
3554
4501
5514
6333
5394
93
-7710
-13508
-17745
-21668
-22356
-19752
-16673
-11549
-2849
5755
11304
14815
16751
15424
11057
6383
2318
-1786
-5138
-7053
-8018
-7708
-5819
-3648
-2570
-3237
-5335
-7164
-7716
-7512
-6886
-5717
-3715
-149
4932
9748
12630
13434
12595
10276
6665
2522
-1778
-6230
-9568
-10673
-10083
-8425
-5786
-2674
-46
1662
2673
3091
2914
2400
1842
1445
1519
2386
3908
5458
6225
5853
4689
3115
1294
-914
-3422
-5807
-8444
-10715
-10788
-9357
-7736
-4658
-149
3502
6642
10133
11669
10635
8999
6714
3005
-652
-3150
-5177
-6227
-5560
-4208
-2822
-1069
795
1928
2371
2637
2637
2551
2853
3395
3738
3901
4157
4328
3888
2831
1552
162
-966
-1317
-1122
-725
162
1570
2957
4100
4857
4955
4564
3935
3052
2081
1404
943
714
1203
2226
3324
4739
5796
3507
-2745
-8830
-13254
-17786
-20610
-19803
-17707
-14576
-7768
957
7622
11996
14975
15322
12384
8146
4032
-212
-4007
-6519
-7909
-8012
-6458
-4080
-2200
-1764
-2975
-4668
-5708
-6112
-6082
-5695
-4853
-2694
1411
6211
9785
11528
11772
10590
8030
4686
882
-3475
-7432
-9554
-9812
-8833
-6753
-3936
-1149
1068
2612
3447
3518
3113
2478
1726
1297
1656
2695
3935
4897
5030
4362
3415
2201
505
-1850
-4762
-7387
-8955
-9481
-9072
-7691
-5580
-2647
1263
5229
8182
9776
10005
8957
6968
4446
1558
-1285
-3486
-4761
-5045
-4464
-3248
-1677
-251
702
1311
1681
1855
2068
2368
2592
2846
3285
3832
4300
4236
3379
2061
680
-493
-1374
-1865
-1728
-1020
119
1772
3586
4789
5358
5517
4936
3854
2756
1566
487
-88
-244
-37
719
1954
3233
4265
4865
3488
-1367
-7349
-11702
-15409
-18355
-18238
-15873
-12830
-7498
51
6457
10304
12704
13346
11025
7039
3273
-364
-3777
-5939
-6782
-6771
-5601
-3494
-1654
-970
-1760
-3356
-4607
-5244
-5472
-5260
-4480
-2781
368
4326
7516
9244
9640
8805
6733
3848
684
-2697
-5693
-7300
-7520
-6772
-5066
-2709
-371
1483
2609
3027
2929
2438
1701
927
377
431
1237
2425
3418
3794
3629
3084
1726
-656
-3497
-6163
-8085
-8454
-7155
-5174
-2757
436
3748
6454
8389
8993
7745
5412
2918
338
-1930
-3303
-3916
-3963
-3205
-1821
-493
544
1258
1397
1003
552
439
641
1044
1546
2105
2810
3555
3969
3732
2764
1360
134
-568
-848
-891
-665
47
1290
2741
3875
4468
4495
3898
3089
2333
1323
218
-376
-406
-195
345
1328
2299
2845
3189
3528
3540
3223
2486
128
-4079
-8267
-11189
-12992
-13405
-12345
-10610
-8117
-4202
363
4082
6417
7443
7000
5372
3426
1548
-288
-1853
-2984
-3653
-3685
-3108
-2380
-2135
-2697
-3815
-4795
-5114
-4875
-4262
-3361
-2213
-424
2166
4653
6048
6356
5873
4651
3023
1324
-518
-2327
-3509
-3840
-3499
-2582
-1395
-383
355
808
882
708
494
303
151
147
515
1358
2426
3241
3510
3058
1697
-219
-2132
-3849
-5052
-5283
-4608
-3259
-1149
1195
3037
4437
5266
5033
3854
2274
538
-1096
-2077
-2232
-1920
-1398
-587
351
1046
1437
1450
1055
585
295
176
270
745
1465
2085
2578
2952
2948
2487
1841
1101
291
-239
-282
7
588
1406
2146
2779
3373
3555
3167
2534
1751
849
237
85
103
208
589
1184
1668
1916
2042
2136
2061
1830
1711
1494
1116
800
-95
-1896
-3979
-6303
-8595
-9853
-10229
-10065
-8708
-6366
-3713
-764
2067
4030
4898
4893
4075
2476
706
-807
-2240
-3371
-3698
-3566
-3302
-2655
-2058
-2046
-2149
-2047
-2054
-2020
-1667
-1204
-570
392
1473
2430
2985
3037
2778
2169
1193
233
-552
-1218
-1617
-1617
-1296
-817
-145
592
1028
1123
1057
857
463
-54
-577
-953
-1073
-915
-443
48
295
656
1243
1558
1501
1383
1066
576
316
158
-101
-287
-299
-169
72
334
500
560
558
477
291
176
282
412
543
801
1075
1346
1618
1705
1542
1281
964
584
307
196
168
289
643
1105
1538
1904
2140
2181
1985
1608
1155
733
383
166
192
434
806
1199
1519
1741
1772
1600
1389
1218
963
647
441
348
348
438
535
546
493
480
394
194
120
111
-233
-1093
-2105
-3002
-4099
-5197
-5630
-5691
-5776
-5181
-3821
-2601
-1435
37
1120
1395
1363
1240
663
-216
-947
-1694
-2384
-2574
-2465
-2392
-2201
-1880
-1681
-1491
-1146
-904
-832
-657
-316
38
352
680
968
1105
1087
1020
859
560
301
9
-358
-552
-642
-584
-310
-127
-66
29
97
142
200
158
60
83
221
399
582
760
884
927
942
870
624
364
281
270
192
203
358
489
630
781
768
663
597
506
400
360
399
451
550
715
766
753
893
1014
994
1003
957
813
761
798
816
805
839
973
1117
1235
1414
1559
1571
1519
1410
1193
916
683
463
233
133
172
276
483
741
878
872
895
939
837
706
641
543
492
519
520
470
403
336
246
82
-124
-288
-420
-482
-474
-433
-381
-494
-855
-1533
-2468
-3196
-3600
-3917
-4056
-3930
-3609
-2938
-1999
-1229
-736
-411
-262
-208
-210
-422
-783
-1035
-1175
-1314
-1412
-1455
-1545
-1681
-1755
-1767
-1736
-1489
-1004
-560
-181
228
572
820
920
853
682
394
96
-88
-272
-406
-336
-222
-184
-124
-62
-47
18
146
228
282
375
486
591
716
840
943
1011
946
762
586
423
246
120
0
-94
63
433
764
1005
1179
1221
1193
1167
1003
731
541
411
333
411
549
637
754
852
820
757
775
811
799
803
887
984
1067
1123
1086
898
676
602
592
560
556
505
364
309
352
304
270
388
470
521
698
907
995
998
916
670
325
4
-215
-367
-505
-515
-359
-123
152
443
665
722
592
408
280
92
-147
-346
-615
-900
-1019
-1090
-1246
-1488
-1747
-1820
-1705
-1515
-1168
-831
-656
-448
-223
-206
-348
-574
-1012
-1536
-1923
-2161
-2295
-2254
-1998
-1724
-1413
-945
-564
-347
-135
-63
-228
-363
-436
-611
-712
-628
-572
-561
-420
-221
-142
-118
-90
-116
-236
-451
-636
-668
-603
-428
-127
123
303
511
680
750
729
611
386
128
-29
-76
-45
61
242
413
542
717
827
786
660
489
343
264
261
364
549
706
873
1097
1182
1081
920
696
422
203
115
145
248
455
728
962
1125
1196
1148
994
791
589
443
398
415
489
648
888
1099
1153
1114
995
707
383
143
-86
-294
-321
-166
68
345
612
842
1012
1018
857
615
323
29
-148
-176
-188
-239
-256
-187
-58
52
134
195
164
22
-144
-288
-389
-443
-513
-602
-698
-778
-757
-720
-741
-728
-737
-823
-787
-650
-629
-674
-679
-672
-652
-653
-756
-932
-1090
-1140
-1098
-1058
-1049
-1033
-956
-841
-743
-696
-720
-748
-749
-792
-850
-764
-592
-584
-663
-652
-625
-575
-447
-352
-330
-281
-157
22
149
88
-25
-44
-56
-55
-10
23
46
106
177
223
282
335
299
189
191
327
408
459
525
498
438
455
470
409
313
233
215
290
358
393
482
594
653
704
792
836
770
706
696
682
666
665
651
621
625
666
717
738
708
708
719
701
666
587
489
399
295
216
199
232
284
340
422
548
716
852
917
906
777
596
442
239
-45
-302
-448
-478
-415
-313
-247
-207
-136
-52
-25
-78
-213
-373
-479
-519
-516
-470
-389
-326
-301
-274
-234
-237
-303
-423
-581
-667
-625
-558
-536
-529
-520
-513
-486
-429
-411
-490
-561
-582
-661
-749
-749
-723
-745
-759
-683
-601
-552
-443
-362
-387
-351
-237
-212
-261
-257
-250
-368
-496
-568
-645
-647
-552
-478
-422
-308
-182
-84
36
190
335
416
427
388
314
234
131
-39
-238
-385
-450
-452
-384
-232
-46
153
318
428
531
618
624
543
458
412
360
292
204
57
-70
-71
-77
-122
-69
11
110
329
556
723
889
1017
1042
974
901
861
752
563
431
370
286
235
250
193
90
109
176
167
188
308
404
463
564
664
684
635
566
447
278
190
161
76
-10
-26
-18
-32
-69
-119
-162
-173
-153
-109
-49
13
72
66
3
-20
-40
-144
-292
-418
-510
-525
-503
-518
-526
-501
-419
-285
-210
-182
-127
-104
-97
-62
-94
-233
-388
-492
-538
-490
-390
-359
-368
-316
-223
-166
-186
-257
-337
-385
-354
-278
-227
-170
-73
3
57
119
121
8
-166
-313
-403
-445
-433
-386
-355
-318
-232
-133
-71
-80
-143
-190
-188
-119
16
133
176
201
242
286
285
146
-79
-271
-370
-343
-248
-147
-53
40
163
297
360
366
345
233
107
76
79
59
46
46
54
110
208
268
243
202
199
196
221
265
212
127
127
188
259
321
347
328
292
289
342
389
367
316
276
258
280
309
285
191
80
-4
-47
-63
-112
-158
-150
-113
-20
107
226
316
346
369
377
327
264
168
-4
-182
-281
-359
-453
-477
-449
-408
-323
-223
-185
-164
-75
17
77
174
246
219
173
156
84
-17
-58
-156
-317
-377
-346
-276
-143
-36
19
88
196
311
322
198
37
-79
-179
-273
-340
-390
-401
-351
-237
-112
-29
20
33
4
-53
-81
-60
-83
-189
-254
-202
-119
-51
11
30
-34
-125
-200
-291
-386
-465
-510
-455
-301
-123
58
224
319
343
339
301
189
40
-90
-198
-254
-234
-186
-116
-31
42
112
176
219
166
39
-22
-9
6
11
7
22
52
83
119
130
105
53
-18
-73
-88
-43
31
72
70
61
81
101
62
-2
-44
-73
-56
-8
8
14
60
106
118
154
213
208
150
138
172
165
148
134
84
26
20
47
55
63
65
47
24
39
66
18
-64
-88
-68
-38
28
97
104
117
208
298
304
270
228
169
124
101
77
55
34
-2
-27
-2
35
38
15
-28
-59
-27
46
98
80
21
-6
-1
24
21
-4
-12
-42
-68
-65
-81
-106
-145
-219
-233
-163
-115
-81
-52
-83
-89
-15
-3
-63
-110
-168
-227
-242
-239
-263
-301
-316
-316
-298
-240
-162
-117
-108
-78
-23
3
-2
-43
-117
-155
-170
-201
-216
-196
-134
-56
34
137
198
191
159
122
55
-12
-70
-156
-245
-259
-209
-152
-93
-17
56
103
154
217
236
203
163
133
101
76
59
31
-1
-12
19
37
12
25
71
74
69
92
106
110
95
77
89
119
155
150
104
67
35
14
7
-11
-29
-16
37
