-46
-35
-11
3
20
35
26
30
28
14
2
-15
-22
-29
-34
-29
-31
-24
-14
-10
-6
-5
-1
1
0
2
10
15
14
11
6
0
-4
-8
-9
-8
-12
-10
-7
-6
3
10
17
14
22
20
11
24
18
12
12
0
2
10
9
8
9
16
23
15
13
16
9
1
4
8
9
13
12
9
12
10
3
-3
-3
-3
-5
-12
-12
-3
-3
0
4
0
-5
-8
-9
-8
-4
-5
-12
-13
-10
-13
-14
-16
-9
-13
-18
-18
-23
-26
-16
-10
-7
2
4
6
3
-2
8
2
-23
-24
-14
-16
-29
-17
-7
-19
-13
-4
-3
2
7
5
-5
-16
-20
-21
-28
-31
-27
-31
-29
-22
-12
-8
-10
-8
-2
2
1
-5
-5
2
-6
-18
-18
-15
-19
-34
-32
-33
-40
-34
-24
-20
-10
-4
16
35
38
44
43
35
20
5
-5
-22
-27
-27
-21
4
27
55
73
77
89
79
52
30
-2
-31
-45
-54
-48
-26
2
37
72
89
94
104
94
71
50
27
11
-1
-7
-5
-7
-6
-5
3
0
-3
-2
-8
-7
-21
-22
-16
-18
-13
-18
-26
-31
-28
-42
-53
-53
-65
-64
-45
-37
-33
-19
-22
-13
-2
-5
-8
-13
-18
-28
-35
-34
-34
-31
-35
-37
-32
-41
-38
-33
-38
-33
-34
-30
-17
-14
-3
14
16
32
49
58
70
58
54
52
35
36
28
20
24
23
30
42
48
52
52
58
63
51
47
44
41
45
48
64
72
87
108
105
106
109
90
64
36
-1
-35
-64
-77
-71
-54
-25
13
51
77
98
100
79
46
7
-31
-74
-101
-108
-114
-104
-79
-58
-40
-36
-43
-57
-77
-91
-103
-119
-121
-103
-84
-63
-54
-60
-72
-100
-132
-177
-224
-235
-239
-227
-181
-126
-66
-12
35
61
65
55
23
-4
-30
-55
-65
-66
-51
-20
14
51
87
109
130
147
154
159
172
174
167
171
166
162
146
103
75
42
10
7
11
38
83
126
177
222
237
236
233
205
172
147
115
89
85
96
122
158
176
184
182
165
141
105
56
14
-3
3
25
53
80
88
75
46
-13
-112
-226
-338
-447
-548
-623
-657
-666
-633
-567
-500
-401
-305
-215
-127
-76
-43
-40
-58
-98
-158
-226
-292
-346
-384
-394
-378
-337
-274
-195
-110
-29
50
114
177
221
235
237
230
219
205
186
159
145
151
164
183
213
238
257
286
311
338
353
352
349
364
401
446
495
519
550
586
616
628
607
555
478
413
359
309
270
229
206
210
245
289
295
293
310
362
457
555
657
733
740
678
509
158
-420
-1156
-1920
-2609
-3123
-3382
-3314
-2897
-2137
-1066
141
1239
2064
2546
2621
2310
1677
781
-221
-1158
-1881
-2283
-2359
-2173
-1821
-1351
-823
-323
77
341
495
591
694
836
993
1120
1171
1131
987
715
293
-261
-852
-1358
-1675
-1740
-1550
-1138
-551
142
845
1444
1823
1934
1779
1426
970
462
-18
-418
-694
-802
-766
-629
-457
-301
-170
-55
51
160
273
396
560
757
940
1052
1039
879
561
113
-383
-876
-1297
-1537
-1545
-1337
-927
-381
183
665
1013
1171
1116
882
520
109
-271
-555
-711
-740
-661
-528
-395
-283
-222
-245
-313
-409
-520
-567
-538
-434
-265
-61
155
361
520
597
592
504
371
245
152
117
133
171
256
387
516
618
670
677
638
614
646
679
708
738
761
797
821
790
675
502
327
187
106
62
56
102
173
263
378
460
452
397
344
252
102
-73
-291
-582
-890
-1165
-1411
-1614
-1719
-1686
-1520
-1208
-800
-377
7
292
454
457
294
39
-292
-659
-943
-1116
-1215
-1212
-1096
-927
-757
-590
-450
-382
-356
-344
-334
-280
-192
-104
19
160
238
252
199
50
-175
-404
-586
-708
-753
-688
-525
-319
-100
77
161
147
71
-18
-131
-233
-262
-215
-107
96
353
551
650
664
583
422
270
174
84
46
144
377
696
1050
1358
1501
1479
1404
1295
1162
1026
894
868
1027
1349
1746
2082
2285
2342
2324
2290
2121
1736
1255
875
817
1237
2021
2847
3544
4098
4349
3951
2539
-236
-4253
-8564
-12008
-13919
-14099
-12505
-9324
-4838
656
6334
10873
13199
12973
10619
6969
2747
-1614
-5646
-8742
-10298
-9989
-8109
-5483
-3022
-1199
8
741
1052
918
454
77
265
1217
2702
4151
5024
5057
4276
2798
648
-2097
-5027
-7442
-8675
-8348
-6602
-3936
-849
2254
5052
7203
8257
7903
6242
3805
1232
-994
-2624
-3637
-4044
-3802
-2947
-1756
-653
54
240
65
-142
-197
-65
282
875
1696
2656
3552
4066
3905
3024
1656
67
-1587
-3108
-4220
-4795
-4815
-4102
-2649
-990
467
1753
2731
3158
3157
2834
2042
894
-157
-903
-1451
-1804
-1946
-1985
-1871
-1491
-948
-460
-91
244
556
836
1062
1086
836
460
178
4
-146
-292
-421
-434
-249
92
426
636
700
701
819
1029
1142
1096
983
922
948
1019
1062
1005
824
625
611
805
1020
1197
1432
1728
2022
2272
2377
2233
1884
1433
984
640
298
-103
-307
-148
177
516
951
1321
1366
1100
459
-737
-2394
-4132
-5578
-6441
-6645
-6262
-5187
-3461
-1519
289
1848
2875
3102
2746
2090
1090
-166
-1300
-2080
-2513
-2671
-2592
-2354
-2123
-1949
-1755
-1538
-1359
-1230
-1038
-696
-125
667
1443
2048
2460
2564
2274
1698
891
-177
-1358
-2319
-2769
-2715
-2346
-1794
-1033
-15
1142
2173
2825
3140
3216
2834
2182
1423
-646
-4449
-7695
-9041
-9658
-9093
-6045
-2413
444
4582
9606
12018
11498
9865
6714
2099
-1705
-4203
-6682
-8478
-8057
-5775
-2916
6
2741
4548
5227
5703
6291
5951
4575
3588
3256
2767
2465
2507
1927
880
550
815
833
687
921
1738
2807
3757
4641
5318
5502
5483
5301
3996
1688
396
766
1042
-444
-4319
-9649
-13695
-14904
-14427
-13346
-11821
-9720
-5485
1929
9669
13896
14273
12547
9893
6979
3704
-836
-6472
-11312
-13399
-12292
-9367
-6686
-5102
-3819
-1897
449
2137
2373
1526
769
1040
2444
4073
4737
4296
3642
3245
2616
877
-2377
-6161
-8705
-9221
-8223
-6483
-4495
-2256
737
4546
8053
9773
9162
6978
4574
2674
945
-1084
-3234
-4846
-5243
-4137
-2177
-717
-293
-175
345
1063
1653
1705
55
-3068
-5104
-5085
-4719
-4074
-2030
11
1354
4064
7424
7970
6005
4093
1968
-817
-2605
-3366
-4520
-5138
-3675
-1079
1023
2363
3138
3189
2792
2796
3076
2534
1493
1515
2464
3123
3665
4183
3714
2696
2510
2712
2230
1534
1437
1803
2449
3496
4431
4441
3636
2982
2944
2927
2542
2181
2171
2782
4119
5226
4274
-183
-7632
-14892
-19106
-20996
-21792
-20214
-15739
-9271
-322
10309
18186
20507
19044
15796
10979
4938
-1874
-8983
-14710
-17123
-15950
-12383
-8108
-4698
-2521
-657
1199
2030
1182
-536
-1683
-1322
608
3307
5685
7196
7893
7884
6945
4337
-365
-6017
-10535
-12761
-12851
-11409
-8774
-4980
-224
4980
9705
12514
12422
10075
7023
4115
1417
-1155
-3527
-5017
-4797
-3231
-1271
329
-94
-3228
-6195
-7038
-7687
-8249
-6421
-3257
-195
4758
10953
13967
13171
11251
8063
2857
-2251
-6168
-9852
-12085
-10659
-6554
-2172
1910
5597
7904
8640
8687
7907
5276
1713
-432
-991
-1174
-619
787
1675
2186
3573
5012
5046
4274
3670
3201
3091
3546
3813
3486
3246
3344
3314
3051
2767
2583
2595
3042
4274
6112
7460
7609
6046
423
-10004
-20106
-25351
-27854
-28973
-25650
-18301
-9821
1325
14964
24527
26579
24204
19640
12937
4902
-3712
-12162
-18407
-20617
-18767
-14108
-8613
-4405
-2088
-450
1069
1361
-133
-2249
-3377
-2490
458
4364
7911
10424
11566
11243
9505
5796
-391
-7754
-13554
-16306
-16528
-14811
-11225
-6159
-93
6473
12174
15244
14986
12165
8426
5022
1813
-1676
-4631
-5837
-5309
-3480
-1160
-1152
-4774
-8335
-9259
-9543
-9193
-6449
-3318
-455
5523
13217
16962
16328
14011
9634
3372
-2137
-6727
-11709
-15118
-14204
-9678
-4061
1264
5754
8672
10081
10967
10879
8210
3928
903
-412
-972
-520
390
419
541
2206
4173
4797
4495
4170
3997
4347
5279
5597
4670
3623
3298
3235
3086
2871
2588
2763
3888
5486
7025
8132
7969
6237
1864
-7642
-19805
-27676
-30768
-32357
-29686
-21517
-12398
-1901
12394
24654
29138
27963
23674
16399
7576
-1574
-10892
-18560
-22242
-21568
-17513
-11650
-6285
-3143
-1490
118
988
-43
-2136
-3527
-3102
-530
3593
7915
11202
12825
12733
11128
7708
1821
-5894
-13069
-17509
-18799
-17609
-14328
-9125
-2570
4451
10953
15552
16908
15055
11521
7751
4054
373
-2988
-5294
-5696
-5097
-5867
-7688
-8519
-9240
-10172
-8570
-5068
-2687
350
6197
11662
14160
14902
13909
10104
5059
580
-4008
-8771
-11719
-11914
-10130
-6767
-2294
1816
4758
7245
9523
10452
9474
7698
5896
3819
2021
1143
257
-1084
-1588
-803
216
1104
2240
3485
4663
6077
7336
7527
6894
6070
4936
3725
2832
1814
650
349
1280
2784
4255
5491
6972
8731
9215
7448
2578
-7731
-20884
-28894
-30995
-32346
-31037
-23830
-14292
-3200
11476
24175
28686
27141
23139
17112
9310
75
-9882
-18035
-21783
-20765
-16659
-11547
-7157
-4510
-2728
-525
773
-566
-3248
-4808
-4008
-815
3511
7456
10556
12663
13512
12786
9733
3690
-4449
-11880
-16239
-17816
-17772
-15902
-11617
-5198
2358
9490
14447
16154
15081
12817
10127
6760
2698
-1567
-4483
-5395
-6955
-9991
-11185
-10902
-11695
-10520
-6071
-3099
-1213
3963
9760
12318
13847
15088
13198
9071
5584
1718
-3621
-8073
-10193
-11000
-10576
-8116
-4420
-909
2563
6596
10050
11329
11193
10886
9423
6642
4405
2540
-349
-2792
-3017
-2341
-1853
-506
1678
3595
5538
7572
8395
7926
7075
5777
4327
3549
2925
1778
1091
1754
2964
4180
5582
6725
7388
7711
6962
3575
-5048
-18015
-27770
-30914
-32194
-31967
-26096
-17191
-7544
5955
20030
27277
27830
25200
20168
13111
4388
-5554
-14566
-19987
-20855
-18346
-14235
-9909
-6774
-4670
-1998
283
-176
-2592
-4331
-3857
-1021
3012
6874
10070
12433
13863
14082
12149
7076
-775
-8884
-14461
-17238
-18380
-17853
-14865
-9286
-1918
5729
11883
15270
15814
14445
12236
9456
5471
775
-2844
-6137
-10395
-12809
-12864
-14085
-14166
-9954
-6202
-4010
1631
7963
10370
12962
16846
16385
12352
9396
5661
-587
-5574
-8274
-11141
-13100
-11816
-8442
-4709
-500
4237
8459
11150
12767
13923
13332
10580
7776
5253
1772
-1279
-2525
-3278
-3741
-2453
6
1932
3768
6345
8182
8263
8121
8100
6667
4659
3724
2666
966
685
2262
3919
5149
6687
8262
8833
8132
4282
-5980
-19214
-27594
-30593
-32385
-31053
-24704
-16684
-6251
8482
21414
26975
27113
24227
18799
11667
2860
-7196
-15656
-19958
-20026
-17144
-12923
-9052
-6369
-3942
-1145
149
-1438
-4152
-5564
-4498
-1149
2879
6431
9645
12482
14504
14984
12567
6535
-1700
-9234
-14098
-16811
-18335
-17991
-14838
-8978
-1344
6168
11670
14490
14866
13837
12162
9350
5194
-275
-6553
-10861
-12217
-13399
-14006
-11809
-9173
-6782
-1371
5108
8384
10342
13148
14407
13287
11398
8195
3175
-1268
-3953
-6481
-9019
-10044
-9414
-7521
-4041
246
3666
6020
8425
11135
12757
12424
10936
8572
5218
2337
732
-993
-3194
-4152
-3188
-1436
657
3348
5520
6422
7446
8637
8205
6629
5307
3708
2028
1620
1830
1720
2441
4653
6874
7993
8507
7648
1212
-11047
-21616
-26914
-30500
-32549
-29192
-21959
-13382
-1151
13172
23020
26539
26248
23217
17468
9205
-802
-10236
-16517
-18911
-18268
-15515
-11556
-7886
-5011
-2091
-54
-794
-3461
-5607
-5675
-3438
-164
3083
6699
10676
14054
15941
15303
11259
4189
-3791
-10116
-14337
-17485
-19141
-17860
-13345
-6633
796
7400
11849
13835
14083
13076
10903
7069
459
-6907
-10845
-12336
-13796
-12622
-8935
-6549
-3302
3107
7737
8603
9490
10311
8969
7279
6062
3266
-183
-1550
-1726
-2822
-4185
-4743
-4800
-4120
-2135
378
2161
3419
5684
8941
10997
11188
10515
8536
5496
3449
2039
-442
-2822
-3512
-2866
-938
2003
4265
5351
6290
7182
7552
7210
5957
4201
2699
1806
1909
2658
3000
3493
5050
6681
7753
7089
210
-12732
-22900
-26877
-30104
-32101
-28475
-21717
-13138
520
15441
24026
26476
26168
23244
17365
8797
-1696
-11443
-17411
-19077
-18040
-15515
-12083
-8740
-5557
-1937
229
-1279
-4582
-6263
-5263
-2462
715
3652
7034
11167
15033
17117
15942
10860
3090
-4656
-10248
-14207
-17832
-19964
-18520
-13435
-6135
1519
7694
11676
13726
14353
13625
9763
2069
-5357
-9451
-11828
-12221
-9539
-6988
-5050
115
6288
8396
8333
8491
6641
3815
3247
2512
-536
-2050
-504
673
591
553
-227
-1695
-1878
-777
-114
-185
543
3173
6441
8776
10251
10413
8791
7059
6038
4149
1183
-1081
-1911
-1582
-8
2172
3556
4168
5154
6268
6396
5657
4783
3655
2561
2710
3771
4403
5191
6774
8113
7745
2450
-9364
-21052
-26499
-29731
-32551
-30509
-24534
-16984
-4857
10434
21305
25462
26165
24738
20157
12385
2802
-6831
-14196
-17483
-17615
-16200
-13426
-10079
-6954
-3629
-1405
-2360
-5170
-6785
-5962
-3436
-547
2428
6283
11108
15787
18662
18142
13742
6582
-1054
-7317
-12442
-17242
-20676
-20646
-16457
-9631
-2317
4162
9087
12333
14129
14202
12322
8163
1389
-5189
-8373
-10371
-12438
-11185
-7852
-5901
-2430
3271
6035
6427
8330
9248
7260
5706
4841
2438
559
875
479
-1626
-2949
-3243
-3662
-3397
-2201
-1319
-506
1631
5161
8619
10539
11102
11101
10136
8345
6614
4217
744
-1929
-2849
-2926
-2156
-307
1519
3059
5240
7280
7928
8125
8262
7174
5763
5530
5398
4758
4608
4900
3610
-2934
-14341
-23245
-26944
-30083
-31510
-27558
-21402
-13699
-958
13158
22126
25689
26176
24223
19306
11319
1893
-6872
-13400
-16783
-17624
-16554
-13820
-10823
-8091
-5188
-3790
-4971
-6641
-6710
-4751
-1785
953
4230
8973
14001
17833
19309
17328
12045
4803
-2444
-8452
-13944
-19056
-21710
-20325
-15456
-8877
-2143
3979
8800
11977
13813
14012
12047
7789
1493
-4370
-7521
-9705
-11334
-9825
-6922
-5449
-2786
1773
4365
5231
6993
7849
6422
5314
5120
4018
2795
2443
1242
-1117
-2596
-3027
-3549
-3723
-3062
-2122
-759
1873
5532
8616
10113
10763
11000
10061
8248
6459
4090
992
-1169
-1757
-1661
-933
662
2222
3287
4431
5360
5534
5578
5739
5635
5769
6467
7355
8006
8095
7716
5060
-4287
-16917
-24357
-27862
-31603
-31948
-26890
-20430
-11430
2236
15044
22197
25152
25656
23233
17416
9106
79
-7781
-12858
-15190
-15795
-14524
-11791
-9092
-6348
-3963
-4010
-6070
-7577
-7266
-5289
-2666
74
3882
9058
14418
18334
19231
16701
11441
4574
-2130
-8011
-13866
-18836
-20644
-18555
-13675
-7719
-1821
3591
7953
10892
12271
11882
9835
5756
253
-3411
-4933
-7437
-9219
-7660
-6266
-6060
-3269
456
1582
2862
5878
7057
6175
6366
6792
5562
4352
3639
1300
-1821
-3160
-3459
-4194
-4451
-3623
-2363
-382
3018
6729
8856
9636
10480
10922
9979
8399
6557
3805
1043
-338
-903
-1343
-1117
-324
585
1941
3313
4024
4825
5943
6645
7293
8085
8324
8296
8493
7466
1796
-9415
-20260
-25785
-29130
-31750
-29879
-24470
-17676
-6686
7164
17411
22302
24114
23619
20253
13937
5894
-2008
-8189
-11703
-13164
-13348
-11865
-9572
-7636
-5763
-5127
-6999
-9219
-9483
-7801
-5004
-2117
1218
6266
12251
17266
19909
19037
14811
8666
2001
-4199
-10221
-16230
-20078
-19954
-16531
-11279
-5596
-362
4331
8169
10608
11356
10384
7815
3669
-631
-2912
-4307
-6263
-6482
-5134
-5345
-5443
-3161
-1305
-683
1286
3659
4350
4975
6719
7761
7411
6673
4992
1823
-1004
-2538
-4001
-5292
-5384
-4552
-2861
171
3914
7021
8818
9834
10569
10399
9157
7590
5592
3063
1163
416
126
-4
331
1056
1666
2223
2974
3478
3718
4284
5026
5616
6284
7005
7376
7298
7171
5438
-2119
-14094
-22406
-26192
-30178
-31432
-27088
-21209
-13344
-613
11998
19294
22680
24007
22536
17443
9647
1346
-5701
-10418
-12751
-13703
-13214
-11104
-8587
-5994
-3981
-4667
-7290
-8838
-8227
-5977
-3323
-874
2698
8086
13805
17960
19100
16860
12104
5888
-424
-6198
-12155
-17366
-19399
-17760
-13704
-8588
-3359
1646
6028
9146
10630
10462
8951
5853
1427
-1823
-3500
-6139
-8018
-6504
-5068
-5157
-3076
52
1009
2348
5154
5861
4779
5078
5776
5161
4560
3908
1585
-951
-1747
-2265
-3563
-4129
-3578
-2602
-602
2577
5631
7650
8973
10226
10955
10295
8666
6769
4384
1911
447
-223
-947
-1269
-599
398
1430
2907
4177
4763
5455
6137
6128
6042
6524
7021
6704
6060
5133
-65
-11067
-20497
-24455
-28256
-31359
-28566
-22799
-16345
-5414
7770
16785
21281
23605
23456
19771
13096
5100
-2610
-8346
-11564
-13495
-13995
-12258
-9866
-7708
-5534
-5187
-7137
-8702
-8376
-6549
-4105
-1675
1694
6885
12788
17489
19368
18039
14263
8648
2295
-3766
-10071
-16044
-19270
-18827
-15642
-11102
-6178
-969
4081
7944
10157
10766
9858
7064
2625
-1090
-3435
-6411
-8336
-6968
-5482
-4908
-2202
1065
2275
3774
5805
5412
3887
3825
3810
2978
2824
2627
1002
-334
-276
-528
-1578
-2187
-2261
-1942
-508
1993
4548
6451
7920
9440
10379
10003
8847
7157
4704
2376
893
-221
-957
-783
18
882
2142
4010
5289
5534
5917
6113
5302
4806
5041
4910
4728
4866
4599
1696
-6636
-16690
-22010
-25155
-29041
-28790
-24044
-18471
-9627
2932
13282
19029
22088
23047
20854
15080
7447
-102
-6592
-10812
-13054
-14226
-13347
-10773
-8227
-5814
-4581
-5726
-7275
-7435
-6317
-4363
-2478
-157
4202
9827
14765
17663
17534
14800
10354
4741
-1048
-6900
-12890
-17147
-18040
-15904
-12031
-7649
-2831
2251
6370
9108
10460
10143
8292
4673
342
-2297
-4414
-7547
-8596
-7120
-6533
-5363
-1358
2013
3207
5143
7198
6664
5357
5375
4723
2686
1328
362
-1411
-2342
-1744
-1673
-2409
-2341
-1443
-375
1277
3568
5462
6548
7795
9497
10309
9660
8407
6617
4087
1939
735
-419
-1457
-1299
-246
827
2317
4039
4830
5231
5940
5950
5435
5561
5874
5861
5763
5766
4918
-668
-11418
-19837
-23554
-27841
-30605
-27441
-22286
-16023
-4815
7817
16153
20725
23259
22936
18833
12012
4528
-2450
-7859
-11233
-13457
-13938
-11936
-9312
-6997
-5121
-5417
-7410
-8420
-7682
-5884
-4053
-2268
1225
6725
12402
16760
18408
16928
13395
8429
2679
-3219
-9551
-15260
-18142
-17642
-14586
-10280
-5622
-567
4273
7769
9747
10278
9087
5951
1773
-1569
-4255
-7118
-7942
-6152
-4907
-3970
-1155
1481
2584
4114
5269
4098
2693
2843
2877
2320
2288
1990
856
363
673
217
-1019
-1837
-2062
-1782
-503
1569
3476
5032
6763
8543
9501
9323
8471
7032
4870
2846
1638
619
-152
50
580
990
2000
3379
4322
5014
5518
5330
4761
4745
5472
6177
6183
5946
6055
3610
-5075
-15674
-21641
-25754
-30323
-30042
-25130
-19992
-11526
1607
12728
18819
22315
23610
21319
15561
8074
554
-5955
-10437
-12932
-13983
-12893
-10194
-7637
-5409
-4346
-5725
-7720
-8155
-7193
-5605
-3958
-1501
3199
9269
14601
17860
18192
15751
11410
5919
84
-6140
-12686
-17347
-18340
-16335
-12583
-7980
-3004
2035
6308
9195
10522
10134
8472
5729
1857
-1521
-3653
-5792
-6852
-5810
-5464
-6059
-4241
-1068
444
1774
3912
4576
4363
5729
7021
6107
4675
3678
1752
-472
-1600
-2754
-4359
-4734
-3778
-2416
-377
2301
4862
6960
8560
9685
10048
9330
8072
6593
4518
2480
1302
469
-246
-286
145
582
1432
2952
4256
4747
5148
5864
6578
7416
8307
8475
7610
6614
4992
-1315
-12746
-21993
-26331
-30309
-32259
-28316
-22176
-15021
-3422
9322
17519
21605
23554
22744
18223
11063
3539
-3138
-8164
-11022
-12587
-12741
-10901
-8607
-6663
-5258
-6127
-8580
-9725
-9071
-7356
-5165
-2730
1386
7500
13557
17995
19616
17889
13948
8631
2543
-3637
-10153
-15893
-18462
-17596
-14490
-10178
-5483
-524
4109
7385
9332
9755
8587
6950
4437
483
-2732
-4579
-6339
-6781
-5617
-5288
-5058
-2475
690
2246
3457
4749
4839
4661
5494
5532
3815
2347
1570
258
-1007
-1551
-2396
-3415
-3190
-1904
-541
996
3032
5146
6829
8125
9013
9039
8194
7077
5774
3965
2189
1269
849
376
341
759
924
1508
2969
3871
3974
4666
5906
6911
8020
9096
8831
7601
6836
3333
-6704
-17775
-23709
-27958
-31633
-29903
-24634
-19055
-9477
3613
13724
19253
22336
22895
19936
14025
6908
-39
-5707
-9260
-11367
-12197
-10863
-8581
-6732
-5100
-5103
-7426
-9410
-9540
-8463
-6757
-4740
-1455
4015
10292
15553
18523
18330
15622
11295
5745
-259
-6649
-12946
-16885
-17353
-15275
-11656
-7277
-2640
1896
5556
7681
7996
6650
4644
2765
1043
-217
-935
-1522
-1845
-1800
-1947
-2447
-2595
-2069
-1744
-1870
-1255
247
1845
3827
5831
6283
5392
4547
3647
2180
445
-1471
-3426
-4374
-3650
-1954
-270
1300
3141
5161
6916
8207
8650
7917
6624
5509
4585
3613
2536
1709
1463
1559
1790
1994
1922
2092
2691
2954
3227
4152
5118
6042
7132
7574
7011
6344
6167
3684
-5009
-16165
-22711
-26209
-29376
-28434
-23673
-18646
-10611
1621
12359
18307
21035
21591
19164
13651
6960
625
-4943
-8865
-11085
-11991
-10897
-8577
-6494
-4789
-4784
-7057
-8912
-8901
-7866
-6339
-4724
-2198
2697
9009
14555
17687
17534
15000
11231
6423
991
-5125
-11553
-15909
-16750
-14932
-11575
-7570
-3327
1098
4969
7510
8545
8145
6863
5538
4230
1874
-1310
-2897
-3183
-5015
-7116
-7284
-7351
-6789
-3225
144
896
2808
6805
9138
9532
9614
7887
4342
2066
757
-2181
-5288
-6264
-6195
-5456
-3155
-658
843
2672
5497
7784
8512
8655
8864
8307
7084
6141
4897
2981
1787
1655
1237
370
50
238
527
1411
2672
3331
3946
5434
6946
7621
7895
7916
7213
6471
6180
2514
-7687
-18325
-23289
-26448
-29619
-28206
-23449
-18315
-9223
3599
13397
18266
21089
22063
19389
13593
6917
437
-5100
-8705
-10956
-12112
-11099
-8730
-6597
-5169
-5611
-7783
-9112
-8642
-7267
-5776
-4423
-1594
4002
10483
15410
17626
16948
14485
10933
6050
187
-6284
-12399
-15894
-16019
-14033
-11024
-7391
-3002
1731
5373
7173
7254
6023
4390
2753
1046
-277
-1182
-1645
-1145
-624
-1150
-1678
-1540
-1461
-1561
-1693
-1916
-1430
489
2896
4359
4745
4753
4683
4382
3504
1626
-1001
-3205
-3880
-3101
-1966
-1038
135
1960
4317
6521
7642
7628
7083
6285
5454
4588
3501
2549
2040
1927
2211
2385
2115
2108
2452
2387
2106
2246
2654
3244
4369
5487
5791
6121
6967
7333
6932
3375
-6339
-16760
-21657
-24974
-28536
-27493
-23140
-18123
-8829
3682
12807
17417
20207
20962
18053
12316
5880
-453
-5695
-8793
-10751
-11493
-9736
-7035
-4920
-3449
-4146
-6672
-8071
-7971
-7480
-6826
-5818
-2839
2911
9341
14291
16622
16275
14492
11510
6847
962
-5636
-11618
-14823
-14977
-13261
-10468
-6891
-2444
2164
5510
7289
7440
5895
3909
2166
193
-1265
-1271
-491
75
-141
-1108
-1963
-2291
-2498
-2851
-3489
-3862
-2518
640
3764
5700
6716
7006
6646
5824
4078
1030
-2243
-4437
-5478
-5398
-4100
-2286
-329
2214
4964
6912
7934
8350
8042
6916
5322
3864
2812
2115
1790
1686
1641
1778
2151
2627
2762
2332
1969
1987
2201
2995
4217
5110
5914
7043
8247
8745
8133
6836
2341
-8005
-18283
-23012
-26878
-30712
-28827
-23317
-17421
-7645
4779
13885
18911
21667
21745
18245
12040
5392
-597
-5658
-9054
-10979
-11294
-9246
-6450
-4640
-3918
-5144
-7608
-8862
-8939
-8663
-7880
-6342
-2557
3880
10392
14955
17135
16960
15088
11615
6367
132
-6388
-11975
-14818
-14905
-13243
-10320
-6622
-2383
1796
4596
5910
6360
5886
4908
3935
2985
2741
2707
1099
-1156
-2738
-5060
-7235
-6902
-6303
-6915
-5377
-1573
1502
4866
9012
10423
9104
8440
7530
4466
1333
-1056
-4285
-6948
-6856
-5446
-4193
-2250
287
2434
4558
6945
8664
9054
8445
7605
6775
5651
4543
3696
2470
1223
951
917
423
404
814
751
1038
2284
3457
4549
6114
7169
7450
8106
8688
8254
7549
4637
-4207
-14922
-20811
-24544
-28791
-28848
-24721
-20001
-11970
-42
9870
15691
19510
21093
19154
14335
8373
2443
-2698
-6471
-9163
-10531
-9494
-7174
-5469
-4552
-5225
-7549
-9099
-9223
-9046
-8521
-7296
-4369
1258
7929
13206
16177
16838
15769
13174
8771
3014
-3432
-9435
-13208
-14348
-13593
-11413
-8259
-4367
-232
2948
4707
5435
5298
4440
3088
1690
944
1033
1844
2886
3021
2110
607
-1834
-4689
-6935
-8732
-9499
-7963
-4678
-745
3603
7627
10371
11803
11726
9442
5400
1043
-2903
-5984
-7358
-7225
-6251
-4005
-555
2777
5259
6916
7625
7469
6791
5925
5038
4047
3277
3188
3373
3417
3468
3402
2974
2338
1649
999
691
899
1533
2588
4075
5602
6830
8116
9153
9032
8321
5920
-1977
-12899
-19846
-23903
-28211
-28673
-24422
-19489
-12187
-894
9426
15750
19575
21065
18850
13543
7543
2062
-2889
-6749
-9401
-10716
-9534
-6679
-4392
-3253
-4029
-6726
-8630
-8826
-8873
-8877
-8118
-5578
-253
6426
12065
15554
16603
15810
13566
9418
3824
-2374
-8378
-12486
-13962
-13555
-11593
-8325
-4369
-482
2480
4336
5289
5278
4666
3628
2012
862
1093
1935
2594
2809
2312
1257
-143
-2213
-5171
-8256
-9995
-9547
-7272
-3866
13
3886
7704
10958
12435
11512
8665
4692
493
-2997
-5437
-6903
-7150
-5774
-3058
-34
2597
4813
6451
7093
6853
6182
5184
4104
3540
3543
3652
3689
3786
4089
4251
3616
2379
1245
455
106
229
793
1837
3257
5066
6977
8169
8428
8236
7957
5937
-1239
-11600
-18652
-22655
-26628
-27087
-23123
-18830
-12515
-1894
8154
14151
17677
19207
17468
12782
7225
2112
-2492
-5979
-8045
-9059
-8298
-5978
-3998
-3047
-3779
-6482
-8671
-9084
-9058
-8781
-7826
-5528
-671
5693
11134
14597
15805
15115
13018
9310
4286
-1473
-7232
-11325
-12957
-12720
-10989
-8186
-4785
-1147
1772
3480
4414
4558
3964
3198
2396
1741
1821
2678
3438
3327
2678
1867
288
-2146
-4948
-8191
-10709
-10605
-8293
-5105
-1414
2425
6194
9844
12358
12483
10229
6584
2466
-1392
-4259
-6078
-7134
-6867
-4925
-2161
727
3429
5307
6117
6133
5635
5010
4475
3990
3657
3411
3225
3469
3951
4064
3682
2798
1669
879
528
506
674
862
1633
3343
5179
6575
7441
7542
7116
6601
6318
5223
-240
-9825
-17119
-20551
-23788
-25041
-22130
-18371
-13567
-4811
4857
11356
15225
17424
16838
13118
8309
4139
345
-3134
-5993
-8188
-8518
-6678
-4716
-3843
-4486
-6823
-8710
-8658
-8031
-7663
-7206
-5724
-1740
4099
9383
12828
14134
13724
12332
9631
5387
225
-5060
-9110
-11098
-11452
-10391
-8180
-5394
-2378
76
1536
2632
3369
3315
2816
2281
1954
2322
3374
4175
3865
2811
1912
996
-466
-2450
-5228
-8538
-10436
-9685
-7421
-4698
-1247
2661
6265
9556
11869
11753
9418
6235
2631
-1092
-4053
-5914
-6649
-5998
-4103
-1664
818
3259
5211
5973
5740
5157
4483
3981
3735
3417
2949
2835
3544
4475
4492
3751
2866
1680
651
371
218
-65
306
1668
3535
5327
6694
7408
7569
7489
6957
6189
5308
1224
-7576
-15409
-19046
-22211
-24388
-22300
-18763
-15151
-7930
1593
8757
13172
15959
16205
13531
9615
5905
2225
-1507
-4778
-7235
-7930
-6611
-4962
-4218
-4761
-6728
-8525
-8704
-8199
-7974
-7750
-6604
-3249
2091
7366
11094
12953
13253
12518
10590
7156
2578
-2421
-6758
-9520
-10660
-10348
-8853
-6704
-4247
-1878
20
1567
2751
3190
3003
2743
2789
3318
4132
4601
4279
3383
2378
1167
-696
-3195
-5822
-7941
-8709
-7516
-5082
-2559
180
3334
6133
8192
9303
8691
6472
3768
1185
-1097
-2872
-4035
-4405
-3926
-2797
-1164
726
2385
3487
3969
4012
3993
4052
4099
4025
3607
2931
2658
3019
3390
3207
2513
1699
1242
1397
1721
1527
1260
1655
2264
2962
4084
4785
4890
5427
5887
5631
5579
5969
5955
3455
-3540
-11775
-16822
-20435
-23614
-23441
-20971
-17835
-11165
-1313
7049
12407
15941
17399
15801
12040
7880
3424
-1193
-4794
-7299
-8484
-7570
-5794
-4494
-3959
-5127
-7166
-7910
-7879
-8185
-8307
-7575
-4909
117
5822
10378
13034
14004
13819
12104
8591
3896
-1550
-6716
-10118
-11658
-11628
-10133
-7742
-4750
-1626
809
2535
3670
3982
3594
2883
2443
2755
3472
4081
4288
3775
2805
1640
-107
-2587
-5491
-8082
-9295
-8757
-6914
-4313
-1375
1953
5585
8546
10033
9849
8078
5381
2530
-179
-2593
-4484
-5436
-5150
-3894
-2089
-155
1502
2806
3698
4024
4008
3941
3844
3754
3617
3364
3235
3404
3706
3697
3175
2564
2029
1434
1042
931
820
828
1366
2357
3193
3738
4388
4861
4908
5008
4949
4409
4013
4198
4418
2114
-4454
-11453
-15490
-18891
-21757
-21298
-19181
-16455
-10185
-1408
5838
11060
14995
16488
14729
11106
7223
3076
-1165
-4796
-7859
-9500
-8655
-6621
-4990
-4345
-5199
-6413
-6368
-5916
-6100
-6471
-6200
-4106
19
4629
8290
10515
11554
11708
10450
7605
3737
-777
-5006
-7908
-9536
-9865
-8672
-6474
-3845
-1258
841
2511
3749
4230
3875
2997
2345
2599
3323
3654
3427
2653
1546
685
-178
-1942
-4404
-6342
-7142
-6786
-5211
-2975
-797
1713
4657
6880
7893
8004
6954
4815
2396
2
-2285
-3884
-4474
-4414
-3992
-2997
-1343
476
1960
2929
3310
3434
3771
4204
4333
4051
3635
3504
3553
3316
2795
2121
1323
886
905
814
783
1052
1335
1863
2632
2979
3013
3194
3247
3147
3273
3455
3465
3560
3890
4278
4781
5537
4736
-233
-7475
-12960
-17158
-20885
-21707
-20060
-17980
-13357
-5210
2911
8947
13357
15461
14344
11130
7609
3980
-85
-3933
-6830
-8220
-7580
-5649
-3874
-3081
-3779
-5277
-6044
-6344
-7030
-7621
-7584
-6202
-2617
2243
6547
9617
11484
12093
11319
9200
5906
1621
-2813
-6233
-8295
-8887
-7980
-6269
-4210
-1945
-17
1459
2594
2882
2251
1426
1022
1388
2434
3460
3892
3884
3843
3502
2263
222
-2392
-5205
-7032
-7371
-6831
-5442
-3087
-325
2589
5354
7104
7534
6852
5148
2766
397
-1499
-2908
-3713
-3610
-2802
-1612
42
1769
2821
3141
3034
2741
2549
2456
2263
2059
2076
2396
2892
3268
3231
2763
2166
1693
1409
1402
1543
1593
1821
2419
3074
3649
4057
4063
3658
2983
2378
2046
1695
1346
1271
1461
2084
3202
4481
4720
1596
-4475
-9685
-13394
-17179
-19197
-18518
-17143
-14030
-7433
77
5879
10144
12706
12587
10199
7101
3951
481
-2991
-5795
-7332
-6956
-5186
-3424
-2423
-2694
-3992
-4854
-5097
-5788
-6777
-7219
-6382
-3598
537
4510
7544
9542
10558
10494
9023
6248
2636
-1288
-4693
-6938
-7870
-7436
-5906
-3929
-1970
-228
1245
2375
2798
2268
1251
553
626
1429
2549
3312
3453
3477
3571
2959
1151
-1362
-4063
-6391
-7428
-7120
-6304
-4895
-2284
839
3599
6032
7673
7800
6829
5290
3136
914
-743
-2085
-3172
-3558
-3177
-2224
-919
243
854
1101
1428
2009
2633
2943
2924
2985
3440
4171
4660
4462
3763
2993
2229
1463
784
187
-218
-93
594
1403
2119
2908
3579
3700
3457
3134
2647
2156
1774
1286
992
1342
1936
2441
3035
3435
3546
3597
2050
-2731
-8584
-12924
-16456
-18881
-18467
-16460
-13953
-9103
-2202
3899
8396
11536
12297
10477
7650
4769
1634
-1475
-4040
-5893
-6437
-5438
-3883
-2652
-2287
-3164
-4379
-4955
-5306
-5733
-5880
-5439
-3810
-676
3093
6273
8384
9481
9467
8313
6342
3617
225
-2941
-5180
-6459
-6551
-5546
-4122
-2664
-1258
-20
956
1477
1376
813
261
273
1053
2222
3137
3525
3747
3813
3129
1748
-53
-2401
-4570
-5580
-5790
-5548
-4410
-2505
-371
1818
3853
5283
5768
5400
4394
2850
1255
95
-848
-1623
-1896
-1688
-948
290
1313
1741
1841
1864
1938
1993
1874
1670
1558
1762
2390
2982
3127
3060
2898
2476
1957
1505
1021
580
378
450
743
1262
2000
2700
3057
3108
2942
2591
2205
1712
890
172
118
418
815
1582
2434
2936
3440
3694
2047
-2078
-6931
-11091
-14545
-16663
-16606
-15031
-12387
-7994
-2305
3085
7270
9829
10353
8963
6410
3575
915
-1611
-3800
-5079
-5196
-4290
-2829
-1694
-1588
-2418
-3433
-4123
-4697
-5231
-5390
-4927
-3410
-640
2594
5363
7341
8306
8161
7067
5130
2560
-284
-3007
-5041
-5940
-5645
-4487
-3013
-1534
-170
966
1830
2239
1944
1153
462
259
679
1560
2356
2810
3070
3068
2530
1341
-387
-2367
-4098
-5044
-5109
-4518
-3287
-1429
653
2623
4370
5590
5919
5335
4026
2280
608
-607
-1426
-2039
-2293
-1921
-991
170
1126
1603
1660
1521
1388
1294
1165
1023
984
1181
1664
2239
2595
2685
2541
2075
1482
1056
738
430
272
337
671
1326
2078
2657
2988
3057
2973
2859
2540
1913
1202
480
-67
-95
178
465
1008
1737
2184
2469
2616
1655
-966
-4437
-7806
-10686
-12628
-13165
-12456
-10785
-7982
-4144
-44
3490
5958
7050
6672
5237
3444
1660
-187
-1994
-3314
-3870
-3649
-2948
-2296
-2108
-2447
-3039
-3552
-3931
-4272
-4397
-4026
-3043
-1349
890
3025
4623
5671
6032
5558
4433
2843
877
-1139
-2718
-3579
-3675
-3098
-2109
-1030
-19
884
1564
1863
1678
1146
605
313
447
982
1558
1920
2155
2291
1984
1102
-47
-1284
-2457
-3141
-3155
-2776
-2063
-853
608
1965
3150
3983
4136
3666
2847
1798
729
-64
-638
-1158
-1411
-1218
-809
-350
130
427
539
688
870
1042
1239
1433
1620
1916
2260
2374
2246
2072
1828
1472
1182
1037
921
828
845
977
1177
1444
1702
1790
1717
1607
1542
1501
1352
1089
824
632
579
612
555
442
429
459
528
685
817
897
1011
1193
1188
321
-1435
-3480
-5805
-8076
-9384
-9900
-9983
-8980
-6889
-4474
-1807
1037
3264
4283
4323
3806
2725
1243
-147
-1429
-2617
-3269
-3287
-2888
-2373
-2153
-2089
-1959
-2045
-2193
-2079
-2028
-1950
-1281
-198
882
1960
2955
3547
3603
3342
2828
1885
745
-299
-1271
-1904
-1953
-1682
-1259
-674
-62
504
993
1290
1333
1139
891
867
1079
1305
1471
1563
1352
770
239
-203
-917
-1485
-1571
-1633
-1499
-763
23
602
1289
1800
1934
2052
2081
1685
1106
662
256
-142
-313
-362
-550
-602
-351
-81
228
678
1033
1217
1382
1519
1495
1333
1191
1049
825
718
833
921
940
1034
1189
1374
1543
1637
1589
1340
1125
1108
1076
984
945
916
952
1145
1381
1541
1543
1386
1179
920
629
358
44
-217
-244
-128
79
463
783
859
858
826
553
-228
-1458
-2831
-4331
-5819
-6769
-7131
-7208
-6716
-5436
-3812
-2182
-512
1003
1872
2071
1991
1623
859
86
-499
-1090
-1536
-1579
-1417
-1319
-1307
-1382
-1578
-1820
-1976
-2065
-2168
-2063
-1560
-867
-122
768
1607
2143
2476
2635
2429
1911
1332
721
61
-469
-753
-835
-757
-605
-444
-240
-38
80
84
-31
-80
75
273
399
485
502
486
492
453
369
306
259
251
322
426
527
572
542
507
487
475
477
427
329
334
405
449
529
600
602
588
629
701
711
658
617
595
610
729
799
707
630
634
697
849
1019
1111
1177
1287
1399
1498
1537
1431
1190
901
645
420
262
202
142
87
182
412
663
932
1144
1202
1208
1250
1281
1275
1195
999
773
575
312
44
-94
-238
-469
-589
-578
-600
-638
-622
-706
-1105
-1746
-2358
-2892
-3427
-3795
-3885
-3869
-3700
-3181
-2451
-1732
-1057
-454
-79
24
37
-18
-271
-600
-817
-943
-1032
-976
-787
-644
-627
-653
-721
-904
-1092
-1142
-1151
-1203
-1032
-585
-146
310
850
1210
1363
1498
1461
1145
781
436
10
-347
-464
-456
-439
-310
-60
134
250
366
383
281
164
-86
-474
-690
-660
-489
-132
399
886
1270
1638
1830
1661
1251
747
183
-267
-458
-426
-208
136
523
952
1287
1346
1152
775
307
-76
-286
-329
-193
95
434
784
1166
1424
1394
1203
978
701
454
371
381
429
650
1016
1323
1526
1648
1522
1116
644
190
-253
-566
-649
-533
-231
247
753
1161
1429
1565
1625
1586
1380
1041
725
473
245
134
152
129
-5
-188
-363
-539
-700
-820
-911
-966
-979
-884
-643
-424
-332
-286
-309
-563
-969
-1363
-1796
-2227
-2507
-2625
-2566
-2332
-1974
-1551
-1168
-863
-592
-436
-488
-630
-774
-925
-989
-918
-844
-832
-776
-623
-526
-553
-554
-564
-638
-626
-532
-485
-418
-253
-81
71
245
387
425
372
273
116
-72
-197
-265
-327
-325
-220
-41
177
375
490
515
486
436
329
154
17
-47
-84
-80
-34
35
114
224
380
517
651
860
1048
1164
1267
1287
1221
1121
927
708
551
383
232
178
139
133
224
338
479
656
784
898
1056
1222
1331
1347
1336
1323
1215
1084
988
813
617
480
356
259
208
191
214
249
275
352
463
511
535
563
562
527
472
444
417
351
318
322
270
165
46
-108
-282
-438
-539
-576
-572
-512
-389
-281
-189
-87
-93
-267
-515
-758
-977
-1178
-1368
-1552
-1705
-1763
-1705
-1571
-1384
-1189
-1040
-912
-793
-719
-708
-800
-978
-1142
-1281
-1394
-1416
-1370
-1320
-1214
-1007
-750
-495
-288
-169
-159
-194
-191
-188
-251
-326
-373
-428
-443
-367
-298
-298
-265
-176
-119
-83
-8
89
168
274
458
676
858
1013
1110
1058
908
741
503
177
-144
-367
-487
-476
-306
-85
143
440
774
1038
1202
1319
1345
1253
1123
967
783
661
588
521
538
627
692
728
726
684
659
658
647
642
676
732
801
902
979
994
982
919
753
555
393
250
130
42
28
111
236
364
521
630
619
603
622
569
449
346
261
185
139
107
63
-27
-186
-408
-643
-859
-1045
-1130
-1134
-1116
-1001
-785
-545
-262
16
169
192
116
-53
-270
-515
-806
-1088
-1302
-1432
-1440
-1370
-1273
-1169
-1102
-1011
-893
-804
-687
-611
-638
-633
-581
-602
-640
-637
-672
-706
-684
-650
-633
-595
-534
-494
-442
-346
-288
-270
-198
-120
-76
19
109
92
51
12
-67
-143
-212
-293
-334
-274
-118
64
261
486
674
799
883
874
752
578
405
262
114
-31
-85
-47
22
161
359
513
589
648
693
682
637
621
610
568
572
640
704
751
755
687
593
506
422
374
364
378
462
613
771
882
913
905
863
752
619
487
314
143
46
33
82
177
300
391
431
446
437
395
331
264
157
32
-37
-70
-107
-125
-115
-142
-206
-266
-349
-458
-534
-543
-538
-537
-479
-374
-263
-173
-144
-219
-339
-460
-637
-823
-963
-1086
-1141
-1083
-945
-777
-570
-329
-128
-5
67
70
-64
-261
-444
-633
-767
-801
-757
-652
-532
-404
-263
-147
-102
-142
-231
-330
-400
-400
-347
-270
-161
-23
119
227
261
232
147
11
-135
-252
-315
-346
-348
-301
-201
-86
-5
58
107
124
125
145
205
247
254
264
263
211
170
164
100
36
36
51
89
155
215
262
317
353
345
330
320
303
291
326
418
505
565
593
565
486
409
356
293
246
253
276
287
316
375
417
412
382
347
310
271
240
204
177
157
134
117
121
118
101
92
57
3
-3
17
7
-12
-2
20
41
86
111
91
74
66
14
-63
-93
-130
-185
-206
-227
-256
-282
-313
-333
-333
-335
-354
-350
-310
-292
-301
-288
-266
-262
-232
-212
-229
-226
-218
-224
-218
-251
-332
-380
-398
-415
-403
-327
-256
-224
-136
-9
69
111
146
122
38
-24
-90
-178
-259
-339
-394
-403
-393
-366
-340
-331
-280
-188
-102
-19
59
132
213
281
311
335
315
246
177
80
-37
-140
-267
-403
-493
-515
-463
-371
-276
-166
-3
202
395
563
660
665
657
648
564
419
258
69
-123
-240
-277
-278
-235
-139
-12
128
258
369
444
448
433
428
401
391
379
336
286
229
183
124
45
-2
-40
-101
-121
-96
-61
23
137
223
287
311
304
279
192
72
-10
-96
-208
-268
-251
-220
-177
-87
-1
41
67
116
120
53
11
-17
-72
-91
-57
-58
-72
-61
-72
-129
-182
-210
-246
-278
-267
-212
-164
-95
15
95
136
166
185
161
120
87
20
-63
-125
-180
-213
-221
-224
-207
-159
-114
-80
-41
6
37
49
51
66
94
111
109
87
51
20
-5
-41
-100
-167
-247
-329
-371
-349
-295
-251
-168
-62
18
93
152
168
143
112
82
42
11
-6
-43
-80
-103
-113
-96
-77
-87
-104
-96
-81
-65
-39
-25
-28
-17
10
47
94
129
148
138
112
114
110
90
82
73
38
7
11
26
14
-15
-25
-35
-50
-26
19
29
31
40
40
50
57
52
58
43
21
23
21
31
50
43
21
8
-14
-31
-26
-16
-7
12
37
52
46
28
27
15
-12
-38
-69
-86
-78
-42
-11
12
51
80
82
84
73
46
33
28
28
38
53
76
107
121
87
48
11
-49
-88
-106
-123
-112
-61
16
101
178
216
211
203
182
114
38
-8
-59
-107
-119
-122
-129
-123
-111
-95
-72
-43
-18
-13
-14
-33
-52
-58
-77
-106
-133
-145
-150
-155
-148
-123
-99
-82
-53
-28
-31
-38
-27
-4
-10
1
48
79
93
107
122
117
109
106
62
6
-32
-65
-86
-100
-86
-49
-4
53
82
100
134
153
153
142
114
83
54
-4
-79
-122
-157
-187
-181
-166
-150
-94
-7
50
88
130
136
114
103
80
23
-41
-86
-125
-163
-169
-159
-153
-133
-112
-79
-49
-26
-6
-7
-6
8
28
49
57
56
57
85
102
77
31
-19
-59
-102
-124
-119
-112
-81
-12
52
102
132
134
120
88
53
33
26
10
11
59
118
170
217
229
189
138
105
48
-17
-53
-76
-90
-74
-31
13
47
77
108
132
134
114
83
42
-8
-35
-56
-75
-67
-57
-42
-6
28
54
74
86
74
58
44
14
-14
-18
-19
-14
4
13
15
14
-3
-36
-86
-117
-142
-160
-150
-134
-85
-20
30
78
111
116
85
45
11
-39
-84
-108
-121
-130
-121
-91
-74
-61
-40
-27
-28
-29
-25
-30
-23
-20
-22
-9
1
2
-11
-23
-30
-29
-33
-40
-34
-36
-45
-38
-34
-45
-52
-32
-35
-60
-58
-45
-52
-59
-33
-5
6
27
40
21
7
22
25
21
26
13
1
16
42
71
86
89
81
70
54
38
20
1
3
13
28
67
97
124
161
171
162
156
126
78
36
12
5
-3
-8
-1
4
11
33
49
36
-5
-42
-60
-86
-88
-69
-73
-68
-39
-11
2
16
22
3
-22
-35
-48
-63
-68
-76
-109
-119
-96
-82
-74
-64
-55
-42
-16
7
50
88
104
124
128
99
64
19
-45
-110
-157
-180
-178
-137
-66
-11
21
50
82
95
103
107
83
58
49
51
58
58
45
32
4
-16
-14
-31
-62
