5
6
-4
2
2
0
-3
-13
-8
-11
-13
-9
-12
-10
-4
-2
-2
-3
-5
-3
1
-5
-2
-6
-8
-4
-19
-15
-12
-18
-15
-14
-12
-7
-8
-9
-5
-8
-10
-5
-3
-7
-6
-6
-7
-4
-8
-5
-3
-12
-10
-7
-2
0
0
8
2
2
4
0
7
-1
4
8
-6
-2
0
-9
-8
-8
-4
4
-3
-2
3
5
8
1
2
6
-4
-2
0
7
12
7
13
18
17
17
20
18
16
25
23
18
10
18
28
24
26
21
22
20
11
11
6
1
2
-3
-7
-6
0
-3
-8
-2
2
1
1
6
2
-3
0
-5
-10
-6
-2
-4
-2
-1
-10
-7
3
-3
-7
-1
-2
-8
-7
-7
-10
-12
-19
-23
-19
-24
-24
-18
-18
-20
-17
-3
-4
-11
2
10
8
10
18
21
20
13
7
1
-3
-5
-7
-7
-4
-2
9
13
12
10
3
6
4
-5
-1
3
3
0
1
-4
-6
3
-4
-6
0
-1
3
7
10
12
20
18
9
1
-9
-8
-6
3
6
10
21
24
37
41
23
11
-1
-19
-25
-31
-30
-27
-28
-19
-17
-5
3
-5
-1
-5
-21
-34
-38
-41
-45
-46
-37
-26
-15
0
11
8
-7
-18
-28
-43
-49
-55
-62
-55
-39
-26
-11
8
24
22
8
4
-9
-14
-9
-30
-40
-31
-22
-19
-29
-29
-30
-37
-23
-15
-6
24
36
42
37
28
22
-6
-30
-38
-40
-33
-14
8
33
59
76
74
60
51
34
15
8
10
13
22
38
50
54
37
23
15
-3
-11
-6
15
40
55
69
82
69
49
21
-17
-40
-60
-56
-30
-5
23
47
65
73
63
39
12
-15
-26
-14
-1
12
18
30
43
28
1
-20
-54
-80
-83
-78
-62
-48
-25
-14
-25
-36
-48
-78
-102
-112
-116
-102
-86
-53
-22
-12
-4
-7
-17
-38
-50
-54
-74
-76
-72
-85
-86
-73
-76
-87
-73
-52
-48
-27
-3
11
47
73
65
56
48
24
-9
-22
-19
-23
-15
1
14
40
48
34
22
2
-21
-32
-24
-8
23
69
102
130
167
187
165
130
112
79
40
42
55
60
84
134
174
198
212
204
158
125
116
89
74
57
20
5
20
64
96
114
115
94
83
96
126
135
134
144
148
148
163
181
173
125
76
69
79
71
87
146
163
141
150
163
97
-60
-219
-384
-566
-692
-765
-790
-780
-747
-692
-647
-610
-580
-603
-671
-733
-803
-863
-872
-841
-803
-796
-789
-753
-708
-644
-550
-430
-291
-152
-27
93
225
329
362
351
328
285
228
194
179
171
196
239
280
313
344
397
455
500
543
596
663
738
802
851
901
954
992
1017
1053
1150
1286
1394
1481
1584
1711
1809
1780
1659
1480
1232
937
671
462
217
17
26
184
445
959
1740
2470
3039
3562
3842
3567
2708
1028
-2173
-6549
-10243
-12154
-12687
-11943
-9468
-5683
-1435
3091
7449
10314
10805
9288
6601
3390
19
-3241
-5816
-7016
-6800
-5750
-4277
-2723
-1700
-1411
-1436
-1507
-1656
-1737
-1399
-347
1527
3868
5877
6900
6776
5633
3614
914
-2149
-5152
-7534
-8724
-8378
-6638
-4090
-1360
1166
3289
4841
5564
5250
4154
2822
1556
465
-253
-556
-689
-836
-1333
-2457
-3655
-4343
-4622
-4136
-2268
237
2299
4325
6584
7798
7262
5776
3580
352
-2916
-4948
-5876
-6064
-5130
-2980
-320
2171
4220
5636
6093
5565
4549
3391
2099
954
372
282
462
988
1634
1852
1742
1721
1636
1255
851
749
984
1650
2780
4086
5173
5723
5622
4929
3268
-568
-6732
-12882
-16630
-17867
-17228
-14382
-9438
-3535
2840
9457
14575
16187
14425
10764
6246
1502
-3033
-7039
-9744
-10309
-8985
-6792
-4528
-2913
-2497
-2842
-3058
-2962
-2811
-2458
-1382
809
4055
7542
9992
10505
9107
6469
3040
-1106
-5592
-9656
-12474
-13217
-11534
-8092
-3983
11
3358
5879
7667
8280
7191
5047
2939
1203
-74
-793
-1061
-1141
-1772
-3308
-4422
-4489
-5420
-7287
-6898
-4160
-1878
972
5991
9642
9775
9686
9937
7065
1799
-2339
-5523
-8666
-9721
-7856
-5139
-2469
961
4792
7550
8686
8631
7500
5251
2925
1676
848
-244
-488
487
1361
1998
3044
3559
2996
2617
2813
2660
2304
2515
3062
3658
4594
5835
6864
7388
7276
5357
-507
-10039
-18742
-23123
-24383
-23819
-20191
-13526
-5408
4083
14187
21351
23078
20295
15098
8977
2624
-3935
-10016
-13799
-14387
-12477
-9088
-5583
-3584
-3336
-3585
-3575
-3594
-3763
-3598
-2340
635
5269
10328
13757
14339
12638
9563
5143
-501
-6721
-12735
-16992
-17876
-15469
-10972
-5411
-34
4243
7851
10798
11774
10316
7471
4458
2188
789
-218
-583
-820
-3671
-8834
-11771
-12218
-13326
-12813
-7614
-1539
2894
9323
16860
19517
17425
14533
9861
2015
-5518
-10456
-14042
-15816
-13896
-8977
-3529
1384
5924
9461
11033
11116
10611
8809
5543
3004
2046
1072
113
189
114
-748
-643
532
1041
1267
2427
3854
4951
6275
7548
7933
7555
6807
6073
5842
5865
5805
5055
587
-9529
-20335
-25718
-26871
-27182
-25173
-19044
-10560
-395
11958
22925
27537
25926
21431
15559
8455
526
-7742
-14870
-18463
-17855
-14698
-10829
-7645
-6106
-5547
-4446
-2926
-2291
-2380
-1739
652
5118
10730
15109
16481
15122
12187
8111
2590
-4415
-12018
-18396
-21534
-20565
-16345
-10447
-4208
1503
6688
11583
15062
15309
12531
8904
5750
3011
842
-1198
-5071
-10687
-14928
-16349
-15639
-13012
-9257
-5300
487
8766
15876
19242
19809
17626
12282
6026
618
-5266
-11622
-15424
-15103
-12031
-7733
-2917
1556
5037
7975
10903
12807
12294
10006
7703
5810
4111
2750
1001
-1563
-3380
-3396
-2504
-1403
-44
1369
3008
5509
8328
10098
10300
9554
8644
7733
6716
5910
5540
5446
5440
3213
-5546
-18853
-28022
-31102
-32398
-31188
-24560
-15308
-5502
7679
22542
31605
31808
26933
20444
12746
3724
-5813
-14191
-19545
-21046
-18956
-14146
-8806
-6130
-7067
-8443
-6858
-3856
-2942
-2648
788
6292
11331
16789
21625
21532
16359
10135
4246
-2776
-11175
-19323
-24695
-25285
-21398
-14936
-7461
-191
5718
10423
14734
17459
16523
12681
8437
4188
-423
-3950
-6200
-9411
-12981
-13468
-11797
-11143
-9512
-4971
-862
2048
7350
13399
15237
14239
13628
11500
6413
1109
-3270
-8197
-12382
-13099
-10962
-8072
-4519
48
4619
8404
11600
13557
12921
10472
8142
5706
2494
-214
-1888
-3517
-4375
-3177
-1131
386
2019
4020
5616
6964
8294
8695
7783
6488
5465
4722
4285
4087
3880
2583
-231
-1659
-123
-465
-5968
-12312
-16695
-20928
-23233
-20632
-16061
-12535
-7097
2733
13520
20495
22498
20868
16757
10765
3682
-3489
-10051
-15728
-19248
-18507
-14015
-9316
-6466
-4427
-2329
-662
225
527
335
-13
815
3725
7607
10478
11319
10179
7779
4914
1150
-4227
-10140
-14656
-16761
-16053
-12498
-7448
-2616
1946
6739
10880
13039
12924
10854
7572
4512
2296
-434
-4508
-8585
-12047
-14772
-14955
-12496
-9993
-7147
-1337
5921
11721
16251
18836
17620
13771
9564
4653
-1551
-7485
-11569
-13357
-12665
-9525
-5238
-1521
1725
5273
8530
10443
10883
10291
8915
7270
6155
5133
3053
469
-1383
-2501
-2907
-2363
-1421
-367
1402
3934
6652
8861
9597
8893
7739
6423
4912
3913
3334
2933
3733
6241
9444
12540
10946
-279
-14506
-23596
-28391
-31977
-31403
-25457
-18438
-9383
5543
21431
29596
29561
25903
20121
11911
2662
-6211
-14115
-19488
-20347
-16509
-10084
-4766
-2892
-2838
-2252
-1946
-3327
-5489
-6708
-5927
-2468
3709
10771
15606
16970
16221
14181
10148
3724
-4794
-13760
-19983
-21670
-19569
-14926
-8959
-2987
2832
8789
13601
15194
13246
9443
5499
2597
1071
-680
-3627
-5991
-7174
-8400
-8695
-7760
-8125
-8795
-5831
-408
3958
7874
11644
13125
12768
12213
10016
4746
-1558
-6520
-9741
-11067
-10281
-8236
-5959
-2843
1832
6529
9330
10260
10064
8873
7236
5998
4563
2004
-646
-1957
-2231
-2054
-1452
-920
-480
776
2814
4683
6056
6795
6809
6660
6426
5521
3890
2140
1120
1266
2479
4481
6763
9328
12105
10944
641
-13371
-22634
-28122
-32096
-31140
-24958
-18224
-9430
5104
20326
28122
28053
24610
19250
11504
2696
-5614
-12732
-17425
-18201
-14832
-8911
-4162
-3078
-3365
-2712
-2594
-4182
-6251
-7331
-6329
-2533
3735
10730
15546
16865
16033
13965
10091
3860
-4564
-13348
-19175
-20572
-18507
-13977
-8160
-2407
3120
8694
13085
14363
12338
8601
4987
2490
575
-1988
-4557
-6114
-7794
-9013
-7870
-6526
-7160
-6429
-2341
1576
4535
8477
11466
11624
11003
10568
7976
2945
-2008
-5879
-8733
-9954
-9247
-7679
-5808
-2632
1810
5851
8529
10018
10214
9195
7994
6964
5033
2067
-387
-1834
-2722
-2754
-2005
-1366
-761
879
3042
4541
5451
5940
5976
5777
5560
5185
4560
4058
4111
4839
5923
6764
7482
8543
6849
-2575
-15893
-24626
-29044
-32238
-30897
-23855
-16194
-7470
6189
20703
28265
27966
24384
19297
11821
2832
-5609
-12497
-17072
-18005
-15059
-9790
-5485
-4505
-4733
-3699
-3044
-4277
-5906
-6330
-4743
-723
5258
11549
15595
16398
15302
13188
9395
3228
-5023
-13345
-18593
-19789
-17993
-13878
-8473
-2958
2564
8080
12345
13684
11834
8400
5307
3131
971
-1980
-4742
-6697
-8419
-8811
-7404
-6473
-6392
-4414
-420
3218
6471
9265
10374
10230
9798
8626
5566
1101
-3171
-6332
-8001
-8220
-7495
-6490
-4803
-1628
2407
5915
8192
9355
9506
8887
8080
6901
4519
1377
-1125
-2673
-3358
-3185
-2629
-1846
-404
1816
4011
5565
6423
6582
6369
6068
5443
4101
2697
2222
2689
3971
5894
7536
8623
9872
8072
-1781
-14960
-23634
-28700
-32270
-30712
-23665
-16168
-7143
6637
20603
27789
27801
24525
19144
11227
2128
-6197
-12671
-16543
-16928
-13889
-8808
-4730
-3769
-3765
-2899
-3046
-5089
-7169
-7755
-6055
-1739
4434
10793
15104
16505
16083
14411
10702
4289
-4319
-12762
-17921
-19220
-17723
-13897
-8803
-3538
1880
7351
11429
12484
10607
7522
4926
3069
1637
-14
-2272
-4387
-6215
-7639
-8052
-7945
-7972
-6865
-3357
1036
5084
8809
11419
12494
12275
10666
7155
2052
-3153
-7139
-9300
-9828
-9189
-7602
-5020
-1277
3132
6919
9078
9627
9261
8497
7496
6291
4394
1776
-425
-1609
-2089
-2123
-1866
-1528
-909
405
2099
3619
4829
5789
6511
6864
6732
6072
5201
4675
4845
5685
6557
7376
7926
4463
-5716
-17084
-24050
-28930
-32482
-30412
-23771
-16326
-5765
8945
21669
27303
27443
25188
20378
12307
2622
-6254
-12962
-16629
-16796
-13988
-9675
-6629
-5639
-4217
-2484
-3047
-5599
-7618
-7536
-5034
-406
5370
10813
14437
16203
16886
15557
11160
3961
-5018
-12939
-17275
-18648
-18077
-15196
-10419
-4772
1427
7340
11153
11806
10186
8048
6106
4187
1917
-819
-2942
-3964
-5192
-6499
-6718
-7015
-7695
-6116
-2448
343
2564
5759
8735
10360
11007
10188
7034
2704
-931
-3658
-5939
-7613
-8263
-7693
-5607
-1990
1859
4667
6509
7917
8892
9051
8460
7054
4614
2052
423
-523
-1494
-2189
-2086
-1441
-338
1239
2652
3531
4377
5281
5796
5923
5804
5464
5219
5529
6263
6800
6944
7479
7110
911
-10653
-20093
-25560
-30199
-31514
-26644
-19730
-12305
-607
13444
23110
26166
25466
22655
16807
8406
-369
-7762
-12780
-14978
-14439
-11451
-7826
-6193
-5530
-3845
-3181
-5283
-8071
-9102
-7671
-3940
1319
7111
12079
15148
16959
17506
15286
9782
1609
-7254
-13749
-16961
-18091
-17197
-13975
-9292
-3710
2346
7556
10338
10224
8718
7305
5670
3653
1919
3
-2499
-4451
-5610
-6767
-7464
-6954
-5856
-4435
-1747
1594
4128
6377
8838
10106
9179
7005
4282
945
-2029
-3915
-5279
-6494
-6816
-5598
-3297
-362
2580
4684
5934
6883
7867
8390
7844
6438
4655
2697
1085
282
-433
-1255
-1426
-845
209
1538
2983
4222
5188
5841
5982
5956
5880
5802
6029
6702
7269
7397
7499
4153
-5515
-15995
-22396
-27254
-30966
-29180
-23131
-16452
-6818
6474
18076
23663
24730
23965
20430
13319
4545
-3545
-9645
-13133
-14039
-12722
-10018
-8073
-7068
-5117
-3291
-4065
-6689
-8523
-8043
-5217
-966
4024
8911
12616
15395
17313
16917
13082
6150
-2301
-9609
-14197
-16826
-17718
-16278
-12606
-7333
-1336
4392
8372
9731
9239
8272
7052
5134
3135
1899
1235
8
-1867
-3686
-6131
-8906
-10211
-10094
-9601
-7612
-3382
1589
6890
12013
14866
14734
12756
9531
4949
-70
-4634
-8503
-10881
-10808
-8399
-5013
-1483
1971
4945
7118
8380
8952
8628
7267
5722
4664
3707
2615
1834
1210
533
57
-260
-512
-414
320
1325
2495
3864
5085
6298
7669
8892
9476
9386
8678
7818
6130
-547
-11882
-21008
-25990
-29719
-30398
-25455
-18721
-11744
-1101
11458
20050
22795
22535
20637
15875
8903
1683
-4427
-8653
-10766
-11062
-9807
-8009
-7487
-7313
-6065
-5773
-7676
-9732
-9763
-7220
-2904
1961
6911
11325
14372
16466
17326
15240
9789
2233
-5330
-10726
-13800
-15573
-15719
-13752
-10037
-5107
208
4583
6967
7433
7023
6603
5825
4565
3528
3220
3381
2486
311
-2087
-5238
-9017
-11486
-12105
-11996
-10151
-5124
1339
7456
12574
15694
16026
13995
10609
5752
-234
-5822
-9817
-11529
-10797
-8122
-4642
-1228
2038
5064
7263
8169
8085
7352
6117
5070
4637
4201
3576
3072
2548
1840
906
-46
-873
-1153
-523
482
1738
3464
5370
7053
8682
9997
10157
9701
9105
8295
5411
-3074
-14712
-23064
-27557
-30564
-29759
-24131
-17718
-10127
1421
13670
21003
22683
22148
19863
14352
7096
429
-4849
-8600
-10391
-10306
-8877
-7521
-7404
-6900
-5875
-6871
-9596
-11283
-10321
-6767
-1941
2950
7754
12012
15339
17804
18242
15162
8880
1106
-5916
-10554
-13536
-15657
-15930
-13853
-9800
-4693
312
4228
6139
6388
6250
6165
5543
4501
3901
4086
4568
3629
1118
-1528
-4797
-9036
-12367
-13558
-13591
-11784
-6356
964
7388
12198
15595
16767
15231
11852
6682
162
-5941
-9931
-11299
-10596
-8286
-5193
-1856
1735
5089
7317
8047
7853
7136
6133
5376
4977
4493
3722
3076
2721
2089
954
122
-407
-826
-490
490
1741
3156
5028
7206
8809
9681
10078
10015
9291
8296
4343
-5931
-17238
-23817
-27771
-30183
-27893
-21949
-15970
-7593
4646
15591
20820
21689
21113
18072
12052
5377
-662
-5419
-8237
-9368
-9204
-7835
-6871
-6930
-6234
-5860
-7965
-10906
-11793
-9785
-5804
-1176
3615
8439
12617
16076
18370
17690
13296
6396
-972
-6815
-10660
-13520
-15211
-14790
-12202
-7842
-2907
1406
4297
5345
5420
5450
5259
4512
3823
3727
4225
4750
3755
1364
-1408
-5044
-9287
-12461
-13670
-13365
-10704
-4814
2137
7909
12356
15559
16374
14500
10742
5098
-1514
-6969
-9918
-10615
-9782
-7623
-4645
-1268
2384
5730
7650
7885
7401
6752
6062
5499
5105
4456
3525
3043
2851
2105
970
215
-425
-969
-636
361
1612
3413
5866
8126
9644
10665
10916
10299
9510
7017
-1308
-13359
-21935
-26703
-30254
-29921
-24561
-18394
-11353
-36
12087
19281
21368
21290
19250
14082
7475
1374
-3574
-6912
-8541
-8773
-7830
-6608
-6418
-6243
-5819
-7442
-10743
-12576
-11393
-7985
-3533
1248
6203
11032
15189
18321
18933
15722
9531
2291
-4048
-8596
-11994
-14566
-15160
-13274
-9533
-4753
-315
2853
4462
4772
4754
4663
4079
3317
3316
4136
5243
5632
4252
1932
-915
-5077
-9952
-13569
-15014
-14689
-11329
-4854
1777
7092
11891
15998
17227
15273
11153
5121
-1306
-6263
-8882
-9858
-9777
-8129
-5144
-1419
2322
5163
6400
6601
6764
6698
6268
5819
5472
4940
4345
3964
3298
1978
703
97
-547
-1037
-692
239
1849
4077
6483
8262
9332
10224
10646
10322
9580
7287
-587
-12467
-20890
-25413
-29285
-30046
-25477
-19261
-12352
-1593
10434
18088
20556
20970
19826
15206
8500
2175
-2757
-6015
-7897
-8654
-8125
-6968
-6632
-6348
-5855
-7494
-10904
-12827
-11589
-8105
-4023
136
4878
10010
14640
17975
18715
15834
10050
3315
-2669
-7356
-11309
-14434
-15358
-13619
-9908
-5480
-1499
1790
3875
4617
4811
4723
4137
3482
3663
4614
5583
5462
3926
2125
-596
-5395
-10537
-13803
-15161
-14364
-9884
-3339
2407
7772
13266
16937
17297
14938
10086
3433
-2712
-6955
-9370
-10381
-9780
-7496
-4161
-348
3254
5655
6565
6885
6945
6549
6032
5782
5649
5198
4698
4194
3180
1788
851
152
-959
-1471
-991
136
2101
4656
6952
8371
9535
10734
11273
10896
9815
5345
-5224
-16311
-22615
-27011
-30458
-29063
-23467
-17426
-8873
3360
13954
19149
20665
20829
18172
12246
5659
71
-4004
-6629
-8059
-8295
-7242
-6118
-5816
-5403
-6069
-9214
-12454
-12935
-10660
-7212
-3439
956
6366
12034
16721
19316
18551
14279
8073
1769
-3717
-8488
-12719
-15312
-15028
-12286
-8244
-4051
-464
2275
3848
4468
4596
4284
3674
3420
3997
4928
5477
4752
2855
613
-2908
-7751
-11637
-13311
-13257
-11036
-6059
-472
4384
9277
13563
15504
14392
10917
5833
388
-3865
-6623
-8235
-8742
-7665
-5132
-1869
1521
4094
5288
5711
6081
6280
6117
5853
5757
5604
5215
4849
4212
2945
1640
745
-241
-1183
-1270
-458
1143
3420
5803
7721
9306
10824
11613
11335
10531
6844
-3077
-14774
-22004
-26796
-30862
-30112
-24498
-18370
-10321
1788
13025
18809
20537
20859
18575
12679
5830
260
-3686
-6256
-7610
-7695
-6496
-5205
-4836
-4518
-5248
-8703
-12545
-13564
-11726
-8612
-4983
-548
5052
11066
16246
19401
19151
15379
9614
3385
-2422
-7501
-12012
-15039
-15124
-12553
-8664
-4587
-848
2235
4076
4664
4572
3952
2681
1524
1265
1511
1708
1817
2090
2082
861
-1443
-3811
-5494
-6242
-5843
-4463
-2655
-451
2421
5627
8014
8633
7406
4945
2226
-209
-2290
-3979
-5064
-5068
-3760
-1507
1024
3196
4650
5486
5906
5852
5375
4687
3892
3266
2889
2508
2355
2558
2739
2669
2366
1987
1674
1688
2057
2531
3138
3936
5158
6961
8806
9730
9875
9186
3957
-6518
-15952
-21901
-27367
-30659
-27980
-22255
-16026
-6293
6048
15470
19829
21505
21218
17080
10133
3325
-2039
-5970
-8406
-9311
-8688
-6705
-4977
-4027
-3504
-5046
-8803
-11751
-11917
-10186
-7702
-4324
542
6601
12566
17271
19458
18098
13772
8032
1811
-4126
-9328
-13616
-15671
-14678
-11462
-7387
-3220
821
3812
5163
5310
4840
3782
2369
1467
833
265
222
601
1131
1167
30
-2143
-4033
-4757
-4715
-4037
-2855
-1348
699
3455
6255
7799
7578
5944
3628
1190
-1089
-2997
-4407
-4978
-4407
-2720
-414
1957
4085
5610
6377
6478
6133
5452
4718
4089
3268
2483
2223
2312
2436
2687
2634
2002
1555
1809
2466
3031
3664
4469
5528
7217
8896
9603
9703
8519
2205
-8419
-16901
-22606
-28024
-30114
-26491
-21001
-14680
-4249
7895
16271
19945
21295
20211
15087
8129
2152
-2471
-6081
-8468
-9080
-7842
-5641
-4169
-3422
-3571
-6230
-10038
-12037
-11645
-9972
-7597
-4070
1143
7419
13251
17496
18906
16834
12351
6840
1001
-4677
-9794
-13615
-15026
-13835
-10628
-6495
-2497
1092
3534
4412
4485
4237
3438
2358
1661
1012
502
785
1611
2048
1277
-331
-2318
-4140
-4919
-4977
-4818
-4015
-2016
739
3680
6394
7780
7477
6128
4283
1925
-833
-3137
-4595
-5117
-4426
-2712
-537
1748
3856
5341
6019
5990
5604
5125
4395
3566
2977
2530
2321
2721
3114
2902
2411
1860
1506
1562
1965
2316
2636
3510
4852
6424
8066
9274
9413
9213
8099
1721
-9032
-17706
-23525
-28700
-30195
-26076
-20520
-13983
-3391
8479
16398
19889
21365
20121
14867
7951
1968
-2671
-6106
-8064
-8720
-7903
-5970
-4449
-3575
-3838
-6558
-10438
-12441
-11776
-9729
-7155
-3676
1546
7865
13719
17898
19049
16707
12088
6576
816
-4721
-9772
-13556
-14785
-13376
-10310
-6591
-2713
846
3129
3915
4061
3966
3437
2775
2090
1307
857
962
1489
1838
874
-1403
-3358
-4138
-4238
-3998
-3506
-2628
-947
1688
4547
6560
7112
6291
4778
2969
1002
-1050
-2991
-4205
-4384
-3596
-2085
-72
2064
3760
4881
5521
5753
5598
5292
4802
3872
3001
2642
2529
2496
2617
2345
1595
1158
1248
1584
1728
1762
2102
2981
4467
6098
7629
8770
9159
8956
8832
6893
-984
-11976
-19782
-24985
-29273
-29327
-24427
-18786
-11932
-1266
9789
16698
19642
20755
18941
13172
6334
1070
-2552
-5355
-7465
-8389
-7562
-5720
-4366
-3601
-4430
-7911
-11565
-12515
-11009
-8712
-6245
-2788
2550
8966
14633
18130
18459
15690
11097
5675
-4
-5401
-10295
-13631
-14243
-12630
-9703
-5968
-1939
1484
3386
3802
3615
3468
3279
3021
2348
1208
509
434
838
1206
189
-2074
-3554
-3553
-3267
-2953
-2293
-1404
115
2419
4671
5836
5669
4789
3682
2300
554
-1320
-2846
-3643
-3561
-2728
-1449
107
1896
3659
4936
5565
5727
5752
5711
5176
4153
3240
2572
2139
2219
2311
1802
1183
1009
1305
1688
2005
2340
2815
3824
5125
6266
7327
8286
8531
8597
8371
3296
-7013
-15829
-21397
-26518
-29053
-26195
-21330
-15759
-6359
5131
13666
18001
20211
20039
15863
9459
3562
-929
-4273
-6820
-8434
-8346
-6652
-4917
-3702
-3662
-6181
-9878
-11769
-11225
-9586
-7705
-5048
-474
5816
12051
16535
18237
16893
13262
8462
3076
-2592
-7979
-12065
-13818
-13210
-10925
-7697
-3994
-289
2314
3191
3230
3357
3415
3116
2763
2487
2098
2024
2669
2868
1227
-1477
-3634
-4959
-5555
-5405
-5003
-4220
-2085
1253
4416
6491
7348
6944
5681
4273
2489
75
-2249
-3802
-4467
-4243
-3083
-1446
267
1984
3432
4421
4902
5261
5569
5274
4412
3601
3301
3229
3016
2703
2158
1323
691
755
1008
912
941
1550
2678
4229
5910
7218
8244
9205
9572
9234
8548
4934
-4137
-14114
-20479
-25412
-29191
-27904
-22676
-17425
-9995
1099
11118
16765
19531
20408
17573
11655
5939
1594
-1986
-5111
-7351
-8050
-6857
-5095
-4253
-4278
-6022
-9431
-11848
-11769
-10341
-8699
-6289
-2089
3927
10279
15294
17931
17607
14795
10404
5099
-530
-5966
-10551
-13224
-13515
-11934
-8956
-5288
-1728
1053
2403
2658
2803
3066
2959
2617
2725
3250
3680
3839
3589
2160
-465
-2945
-4773
-6314
-7274
-7313
-6441
-4153
-429
3318
6031
7626
8049
7392
6079
4272
1730
-1162
-3494
-4748
-4871
-4002
-2497
-970
516
2079
3392
4415
5305
5722
5318
4651
4300
4288
4436
4165
3351
2435
1664
1119
820
649
372
110
534
1921
3561
5074
6599
7762
8672
9750
10167
9695
8096
1922
-8532
-16930
-22143
-27052
-29116
-25861
-21019
-15493
-5899
5631
13869
17915
19870
19341
15098
9438
4560
325
-3556
-6611
-8185
-7748
-5864
-4561
-4246
-4950
-7533
-10531
-11731
-11177
-10069
-8524
-5511
-259
6370
12345
16386
17816
16523
13260
8745
3492
-2048
-7453
-11599
-13305
-12725
-10527
-7374
-4023
-1056
1017
2035
2456
2755
2734
2328
2087
2641
3985
5363
6401
6279
4016
490
-2766
-5667
-8508
-10371
-10766
-9717
-6650
-1767
3273
6995
9464
10697
10240
8341
5510
2116
-1315
-4046
-5619
-5809
-4810
-3152
-1081
896
2265
3102
3703
4237
4550
4325
3856
3911
4449
4937
5134
4740
3678
2509
1667
999
140
-705
-814
-184
1014
2777
4630
6158
7355
8425
9268
9440
8781
7882
4958
-3014
-12495
-18583
-22979
-26661
-26122
-21802
-17368
-11107
-1213
8352
14111
16956
18224
16568
11969
7010
2973
-529
-3744
-6274
-7410
-6644
-5250
-4641
-4602
-5917
-8888
-11142
-11153
-10042
-8775
-6847
-3316
2081
8071
12989
15867
16189
14242
10877
6564
1599
-3467
-8028
-11135
-12070
-11111
-8916
-6146
-3239
-689
802
1368
1817
2278
2351
2174
2373
3351
4891
6384
7171
6293
3425
-27
-3094
-6256
-9173
-10933
-11383
-10002
-6238
-1355
3017
6698
9426
10513
10063
8439
5674
2200
-970
-3327
-4840
-5188
-4329
-2835
-1270
145
1295
2241
3173
4000
4420
4296
4075
4434
5219
5589
5220
4302
3130
2083
1435
874
-44
-714
-638
76
1565
3462
5123
6417
7709
8901
9428
9192
8742
7440
1756
-7792
-15404
-20270
-24736
-26446
-23475
-19376
-14753
-6213
4278
11905
15735
17681
17500
13902
8949
4693
873
-2808
-5744
-7283
-6998
-5334
-4135
-3762
-4318
-6740
-9504
-10553
-10168
-9392
-8162
-5735
-1363
4522
10046
13940
15648
15039
12651
9051
4583
-361
-5240
-9251
-11428
-11530
-9929
-7420
-4681
-1999
-36
964
1547
2114
2218
1788
1613
2126
3536
5470
7120
7530
6224
3648
116
-3622
-7224
-10732
-13043
-12942
-10577
-6812
-1783
3390
7375
10270
11799
11362
9034
5784
2342
-1005
-3651
-5063
-5256
-4651
-3277
-1626
-390
659
1712
2648
3306
3554
3603
4010
4837
5684
6220
5966
5014
3997
3007
1884
682
-523
-1276
-1168
-246
1288
3004
4819
6586
7917
8839
9242
8689
7832
6447
708
-8582
-15318
-19435
-23487
-24706
-21418
-17444
-12898
-4575
4902
11243
14435
16273
15832
12071
7409
3555
306
-2553
-4849
-6139
-5824
-4338
-3413
-3206
-3967
-6615
-9392
-10278
-9843
-9122
-7874
-5393
-1118
4423
9475
12835
14217
13664
11519
8194
3989
-537
-4852
-8299
-10069
-10114
-8768
-6611
-4123
-1704
-153
434
816
1302
1391
1021
845
1430
3012
5091
6891
7713
6867
4605
1875
-1475
-5739
-9794
-12542
-13510
-12163
-8580
-4068
602
5469
9507
11723
12124
10813
7905
4202
668
-2516
-4906
-5864
-5444
-4152
-2645
-1179
238
1465
2392
2944
3070
3057
3511
4483
5379
5832
5892
5573
4947
4058
2864
1387
-313
-1377
-1391
-934
96
1849
3945
5891
7661
9171
9882
9682
8968
7875
3361
-5633
-13536
-18229
-22533
-25086
-22921
-18682
-14367
-7017
2359
9389
13188
15309
15662
12764
8095
4154
1229
-1244
-3448
-4918
-5059
-3850
-2716
-2530
-3293
-5814
-8947
-10421
-10396
-9969
-9094
-7036
-3128
2367
7811
11749
13759
13909
12472
9633
5639
1195
-3110
-6809
-9039
-9605
-8795
-6936
-4690
-2451
-878
-306
-42
413
599
121
-170
444
2105
4507
6667
7919
7940
6915
5052
2140
-2098
-7281
-11508
-13638
-13893
-12091
-8403
-3931
856
6095
10204
11970
12122
10645
7487
3761
282
-2688
-4542
-5033
-4698
-3766
-2386
-731
840
1788
2184
2184
2119
2599
3551
4385
4970
5607
6085
6143
5733
4714
3158
1194
-427
-1223
-1571
-1048
517
2428
4416
6468
8251
9395
9819
9325
8191
4636
-3396
-11755
-16859
-20901
-23957
-22790
-18512
-14301
-8244
419
7785
11897
14044
14703
12360
7936
4189
1512
-790
-2889
-4333
-4512
-3299
-1902
-1635
-2410
-4615
-7750
-9675
-10110
-10105
-9562
-7738
-4327
501
5676
9749
12169
12885
11999
9693
6170
2232
-1409
-4722
-7198
-8188
-7828
-6401
-4422
-2613
-1420
-1014
-959
-622
-311
-621
-967
-403
1197
3454
5711
7306
7916
7654
6865
5107
1623
-2661
-6480
-9786
-12055
-12442
-11306
-9030
-5148
-384
3784
7178
9664
10563
9790
7958
5381
2326
-215
-1856
-2999
-3579
-3292
-2435
-1537
-725
-176
21
261
973
2000
2943
3894
5031
6061
6611
6661
6139
5039
3606
2012
593
-466
-869
-273
964
2494
4192
5924
7550
8813
9146
8592
7062
1897
-6522
-13189
-17555
-21707
-23204
-20239
-16192
-11811
-4438
3941
9798
13078
14673
13811
10126
5897
2778
345
-1953
-3915
-4779
-4033
-2288
-1260
-1415
-2589
-5295
-8161
-9499
-9939
-10157
-9459
-7159
-3222
1828
6787
10587
12746
13044
11633
8896
5295
1459
-2336
-5765
-7968
-8598
-7741
-5847
-3896
-2387
-1499
-1044
-612
-318
-582
-1268
-1374
-408
1587
4079
6087
7445
8054
7895
7008
5089
2080
-1861
-5989
-9478
-11666
-12428
-11856
-9624
-6360
-2666
1452
5464
8370
9759
9970
8771
6489
4214
2166
40
-1782
-2663
-2938
-2746
-1999
-1357
-1179
-1029
-523
182
1117
2303
3536
4781
5829
6467
6682
6409
5567
4125
2432
906
-182
-404
156
1235
2730
4347
6045
7758
8898
8904
8312
5723
-1313
-9508
-15121
-19650
-23156
-22603
-18856
-14962
-9173
-638
7094
12067
14838
15510
13088
8692
4774
1651
-1186
-3651
-5179
-5199
-3564
-1536
-707
-1029
-2692
-5506
-7756
-8946
-9723
-9929
-8932
-6256
-1871
3350
8092
11492
13111
12844
11033
8007
4271
337
-3619
-6864
-8632
-8643
-7118
-5111
-3357
-2017
-1189
-683
-285
-262
-963
-1674
-1422
-36
2089
4327
6308
7587
8016
7891
6868
4638
1607
-1888
-5743
-8979
-10606
-11223
-10888
-8930
-6193
-3474
-58
3802
6322
7521
8206
7726
6338
5010
3462
1379
-372
-1289
-1840
-2172
-2242
-2187
-2233
-2151
-1665
-1073
-302
921
2483
4082
5425
6296
6784
6976
6419
5111
3540
1992
786
301
513
1177
2452
4017
5466
6900
7830
7788
7224
5164
-685
-8112
-13342
-17423
-20736
-20557
-17483
-14226
-9321
-1508
5936
10763
13740
14936
13051
8995
5317
2212
-993
-3639
-5126
-5386
-4178
-2200
-888
-753
-2076
-4561
-6778
-8139
-9161
-9776
-9245
-7030
-3167
1634
6368
10046
12063
12357
11072
8469
5056
1203
-2779
-6123
-8200
-8647
-7422
-5398
-3514
-2128
-1172
-464
-3
17
-546
-1292
-1465
-470
1434
3454
5328
6794
7616
7753
6976
5167
2396
-846
-3939
-6265
-7542
-8131
-8060
-7420
-6411
-4906
-2865
-598
1268
2697
3683
4363
5247
5994
6055
5277
3935
2411
1071
63
-1096
-2484
-3663
-4211
-3931
-3003
-1734
-492
720
2211
3899
5372
6329
6569
6102
5284
4506
3867
3233
2552
1783
1312
1555
2376
3607
4663
5064
5105
5121
4834
4142
2668
-1653
-7982
-12478
-15080
-17167
-17130
-14501
-11791
-8543
-2592
3953
8500
11287
12549
11347
8182
5334
3165
694
-1916
-3873
-4724
-4184
-2516
-1163
-1010
-2055
-3957
-5607
-6530
-7304
-8019
-8021
-6840
-4220
-261
4066
7587
9654
10302
9718
8034
5659
2803
-609
-4059
-6475
-7263
-6563
-5129
-3835
-2902
-2129
-1313
-519
-165
-521
-1152
-1295
-545
917
2641
4311
5606
6358
6557
6178
5069
3120
648
-1989
-4310
-5576
-5691
-5875
-6598
-6568
-5802
-4761
-2674
-141
1208
1936
3462
4969
5828
6448
6217
4723
2870
1446
188
-975
-1948
-2981
-3898
-3957
-3001
-1812
-677
357
1158
2119
3599
5217
6119
6065
5476
5058
4853
4336
3668
2631
1083
144
474
1239
1927
2845
3573
4012
4748
5462
5613
4292
111
-5697
-10160
-13075
-15336
-15688
-14064
-12292
-9335
-3617
2627
6890
9455
10638
9507
6965
4936
3227
942
-1537
-3222
-3673
-2805
-1233
-229
-404
-1803
-3850
-5487
-6557
-7632
-8610
-8742
-7540
-4802
-759
3488
6788
8825
9662
9403
8211
6265
3573
197
-3017
-5156
-5870
-5377
-4376
-3394
-2661
-1998
-1215
-577
-439
-941
-1562
-1620
-885
561
2302
3934
5175
5983
6426
6316
5450
3736
1409
-1180
-3670
-5404
-6375
-7016
-7119
-6592
-5689
-4103
-1737
305
1653
3016
4118
4688
5116
5066
4160
2904
1705
504
-597
-1447
-2118
-2644
-2892
-2720
-2116
-1189
-118
868
1801
2922
4200
5387
6243
6436
5951
5207
4377
3364
2106
755
-407
-1088
-921
-31
1279
2734
3987
5042
5907
6387
6256
5599
3360
-1489
-6690
-10433
-13402
-15236
-14827
-13222
-11489
-8047
-2829
1907
5309
7699
8688
7731
6085
4938
3633
1806
103
-1091
-1717
-1511
-937
-1023
-2016
-3657
-5433
-6701
-7421
-7837
-7873
-7222
-5497
-2654
847
4207
6656
8044
8435
7879
6582
4739
2347
-401
-2732
-4143
-4559
-4160
-3499
-2866
-2249
-1587
-955
-620
-642
-920
-1192
-1057
-358
735
1972
3247
4311
5044
5498
5324
4465
3110
1175
-946
-2526
-3922
-5943
-7600
-8002
-7800
-6607
-3916
-1210
639
2782
4985
6099
6669
6704
5270
3006
1210
-236
-1436
-1923
-2108
-2413
-2398
-1693
-810
-119
480
818
1082
1792
2958
4104
4869
5146
5061
4882
4611
4123
3212
1862
529
-195
-100
640
1830
2912
3656
4504
5486
6058
6046
5409
2861
-1761
-6255
-9725
-12696
-14427
-14137
-12911
-11021
-7316
-2380
2109
5424
7574
8207
7238
5681
4226
2635
724
-1021
-2016
-2101
-1497
-823
-620
-1222
-2543
-3934
-5118
-6221
-7023
-7306
-6995
-5647
-3114
-66
2861
5296
6796
7195
6830
5894
4290
2090
-280
-2257
-3481
-3786
-3421
-2876
-2317
-1784
-1250
-789
-625
-865
-1352
-1683
-1608
-958
148
1381
2626
3688
4481
4976
5032
4413
2901
610
-1988
-4136
-5571
-6459
-6749
-6365
-5288
-3481
-1061
1325
3076
4091
4418
4171
3578
2872
1997
1009
95
-669
-1047
-1010
-776
-640
-690
-750
-600
-118
512
1242
2107
3009
3952
4848
5493
5633
5163
4276
3171
1951
868
86
-473
-704
-314
579
1778
3252
4468
5104
5421
5525
5318
4766
3857
1953
-1113
-4470
-7542
-10135
-11932
-12555
-12306
-11331
-9119
-5832
-2197
1211
4107
5967
6561
6426
5834
4690
3067
1283
-355
-1550
-2185
-2426
-2484
-2694
-3171
-3702
-4153
-4599
-4965
-5094
-4955
-4359
-3070
-1177
858
2711
4245
5147
5444
5317
4566
3220
1616
-53
-1511
-2361
-2658
-2670
-2400
-2005
-1608
-1152
-799
-660
-708
-805
-772
-536
23
848
1720
2493
3053
3085
2456
1560
386
-1061
-2188
-2847
-3316
-3458
-2942
-2038
-954
414
1601
2150
2338
2413
2127
1564
1053
482
-194
-624
-663
-519
-261
68
321
518
839
1302
1714
2050
2337
2642
3019
3365
3580
3471
2985
2380
1876
1409
1006
881
788
691
979
1513
2012
2463
2900
3175
3277
3413
3561
3513
3315
3028
2097
400
-1447
-3782
-7088
-10152
-11899
-12769
-12503
-10367
-7253
-4203
-788
2973
5690
6879
7176
6441
4372
2011
298
-1172
-2415
-2904
-2899
-2741
-2190
-1451
-1277
-1785
-2561
-3415
-4208
-4598
-4401
-3796
-2812
-1221
770
2612
4084
5124
5341
4610
3473
2213
653
-903
-1908
-2489
-2757
-2314
-1392
-736
-330
79
249
116
-42
-220
-574
-909
-835
-373
207
895
1566
1794
1594
1362
1017
322
-466
-1151
-1787
-2073
-1658
-860
-65
770
1546
1992
2173
2207
1848
1080
246
-460
-975
-1149
-894
-454
-7
539
1156
1686
2075
2316
2382
2341
2401
2520
2443
2222
1966
1659
1366
1206
1097
890
807
941
1143
1376
1634
1852
1893
1858
1868
1922
1975
2001
2094
2092
2041
2106
2053
1521
462
-791
-2370
-4190
-5569
-6496
-7308
-7563
-6806
-5790
-4739
-3136
-1541
-515
419
1421
1832
1690
1485
1018
148
-598
-928
-1296
-1823
-2099
-2186
-2351
-2346
-2020
-1825
-1852
-1658
-1251
-922
-516
36
367
506
799
1065
1033
952
849
467
90
33
81
32
108
310
194
-194
-473
-746
-1217
-1578
-1554
-1359
-1059
-371
568
1297
1828
2254
2229
1737
1187
501
-420
-1111
-1395
-1451
-1162
-456
285
811
1289
1701
1829
1705
1491
1124
662
393
333
343
438
571
590
528
527
556
542
636
931
1303
1725
2223
2602
2607
2316
1942
1499
993
477
19
-299
-346
-84
394
975
1449
1766
2017
2220
2289
2191
2036
1727
1325
1035
850
704
606
525
337
177
38
-321
-892
-1573
-2235
-2806
-3147
-3269
-3322
-3299
-3153
-2753
-2153
-1573
-1155
-869
-681
-641
-591
-519
-632
-927
-1167
-1327
-1480
-1521
-1499
-1572
-1705
-1717
-1609
-1430
-1198
-1039
-953
-855
-693
-474
-245
-93
-56
12
93
129
183
209
70
-180
-304
-359
-410
-359
-265
-202
-82
180
418
523
540
436
258
82
-84
-290
-515
-663
-645
-429
-87
327
733
1016
1226
1414
1484
1429
1244
907
563
337
237
252
297
302
384
580
804
1059
1248
1318
1426
1596
1740
1882
1967
1854
1598
1303
954
624
412
271
194
255
457
752
1084
1403
1616
1736
1816
1809
1726
1616
1468
1253
1030
858
662
417
171
-31
-198
-296
-288
-263
-274
-395
-634
-899
-1073
-1145
-1172
-1144
-1146
-1225
-1314
-1290
-1230
-1371
-1634
-1838
-2020
-2185
-2106
-1828
-1690
-1639
-1427
-1144
-1011
-932
-843
-965
-1225
-1365
-1435
-1515
-1477
-1306
-1154
-997
-723
-414
-191
-64
-39
-142
-260
-304
-414
-602
-662
-585
-465
-297
-105
45
125
151
129
109
118
107
46
16
108
232
374
543
592
565
606
654
619
508
382
291
253
271
350
478
604
745
942
1127
1272
1357
1346
1303
1238
1189
1203
1212
1227
1264
1295
1309
1252
1061
783
528
284
109
80
118
238
477
827
1207
1499
1704
1773
1653
1477
1370
1257
1050
885
794
624
419
281
148
-65
-274
-324
-254
-150
-15
126
123
-57
-181
-205
-264
-396
-539
-688
-912
-1041
-995
-964
-1097
-1348
-1529
-1665
-1774
-1795
-1785
-1811
-1829
-1693
-1397
-1042
-766
-668
-745
-890
-966
-981
-983
-1006
-1079
-1124
-1005
-789
-673
-658
-694
-802
-904
-909
-878
-861
-809
-722
-550
-243
83
257
274
250
197
104
8
-82
-207
-314
-231
0
236
441
577
580
471
361
263
157
43
-91
-139
-45
183
499
792
1007
1184
1336
1424
1441
1378
1234
1077
972
954
986
1039
1104
1153
1181
1156
1052
845
590
328
127
132
269
439
686
993
1238
1428
1563
1504
1309
1086
839
592
428
377
352
377
507
646
662
575
507
370
127
-46
-172
-369
-526
-564
-640
-746
-728
-675
-655
-546
-363
-257
-214
-168
-221
-395
-530
-674
-940
-1183
-1352
-1527
-1655
-1694
-1663
-1561
-1394
-1185
-969
-761
-582
-443
-381
-457
-594
-730
-890
-1066
-1171
-1194
-1211
-1129
-923
-723
-542
-325
-148
-70
-2
23
-42
-104
-179
-289
-377
-395
-333
-221
-90
55
174
231
262
293
294
267
260
244
218
219
268
382
494
590
663
693
707
705
711
704
688
682
694
737
807
897
977
1052
1107
1116
1078
959
782
622
486
351
267
240
251
362
567
756
894
1043
1132
1128
1100
1013
846
645
496
401
337
348
393
408
389
394
363
226
78
-62
-226
-347
-341
-258
-191
-153
-186
-287
-374
-467
-599
-727
-858
-961
-938
-831
-724
-630
-516
-413
-390
-433
-459
-482
-599
-759
-853
-911
-968
-963
-941
-965
-960
-864
-742
-682
-640
-640
-728
-789
-809
-822
-787
-674
-572
-497
-355
-184
-55
2
22
6
-48
-68
-41
-27
-101
-217
-314
-390
-393
-336
-253
-156
-15
188
384
546
643
651
603
550
496
422
354
301
239
220
303
419
497
566
620
645
703
789
846
879
920
960
976
967
919
811
645
471
327
204
136
138
163
214
345
540
721
850
910
930
942
916
850
772
659
528
432
381
343
299
257
174
13
-147
-265
-368
-455
-514
-507
-415
-280
-198
-166
-168
-247
-364
-462
-555
-682
-750
-695
-622
-534
-381
-283
-350
-447
-493
-581
-692
-800
-904
-941
-878
-723
-565
-477
-419
-377
-361
-362
-376
-417
-506
-602
-610
-532
-445
-363
-287
-269
-269
-207
-180
-237
-283
-299
-298
-263
-202
-145
-90
-37
1
50
81
61
4
-56
-45
36
121
204
264
245
212
243
256
214
170
141
102
93
145
207
255
321
412
516
645
769
818
808
788
749
667
572
463
332
219
150
159
216
281
353
415
478
522
534
482
394
341
335
360
400
458
479
466
469
458
411
337
255
157
62
10
0
17
27
40
80
96
32
-65
-151
-264
-366
-419
-468
-504
-483
-403
-333
-287
-240
-243
-301
-372
-423
-477
-513
-462
-376
-313
-258
-195
-185
-245
-307
-362
-451
-563
-638
-653
-612
-489
-299
-147
-64
28
84
58
0
-89
-250
-406
-464
-464
-398
-261
-121
-15
108
242
295
267
215
118
-13
-101
-133
-167
-187
-164
-131
-96
-43
29
63
40
41
64
67
66
81
127
200
271
333
359
365
374
359
321
266
205
127
61
39
51
112
187
246
283
338
409
435
421
385
338
274
223
181
101
39
13
-9
9
102
204
254
306
384
436
457
476
458
366
264
185
71
-58
-155
-239
-303
-343
-330
-239
-177
-219
-257
-228
-204
-212
-204
-173
-161
-144
-80
-14
23
21
-36
-153
-282
-323
-317
-346
-376
-365
-321
-259
-205
-213
-242
-246
-249
-255
-206
-98
2
64
98
134
166
149
54
-70
-175
-259
-305
-332
-338
-299
-228
-151
-81
17
113
150
123
95
87
64
39
6
-46
-74
-63
-18
27
63
115
138
111
104
134
120
77
78
115
166
230
278
267
212
166
133
96
63
69
95
133
215
324
383
379
357
323
282
224
138
44
-32
-70
-88
-87
-43
26
70
117
209
292
313
287
224
133
80
72
43
6
-22
-52
-65
-61
-67
-101
-164
-239
-299
-328
-326
-308
-281
-225
-149
-79
-32
6
49
42
-10
-48
-78
-119
-150
-187
-249
-271
-233
-211
-203
-150
-70
-13
13
10
-12
-42
-71
-107
-121
-85
-57
-65
-66
-40
-16
-15
-6
11
26
69
87
62
27
9
17
3
-18
-12
-6
-27
-50
-35
-29
-31
-45
-72
-76
-43
16
34
19
40
69
77
97
129
145
144
137
131
128
116
74
11
-39
-76
-102
-117
-126
-103
-44
19
83
164
243
271
255
212
161
114
68
25
-8
-20
-17
-5
12
25
30
38
32
-3
-9
29
46
42
59
99
117
111
125
125
76
6
-52
-112
-180
-230
-266
-276
-220
-110
-12
63
121
151
160
124
47
-22
-82
-132
-132
-81
-5
87
158
191
203
194
156
66
-58
-153
-199
-216
-206
-165
-125
-105
-94
-79
-56
-29
-7
10
33
63
104
135
141
134
101
46
-18
-95
-173
-221
-223
-210
-173
-95
-21
37
92
129
127
97
57
21
9
4
1
13
45
76
100
113
91
37
-12
-45
-72
-85
-65
-35
-24
-16
2
14
-1
-32
-60
-82
-81
-55
-27
-15
3
34
48
48
39
11
-18
-52
-71
-56
-33
-33
-34
-25
-18
5
38
46
43
71
102
116
130
141
128
94
61
41
34
25
-1
-22
-18
9
36
52
45
22
14
21
30
41
68
85
102
131
161
184
178
144
93
58
51
36
4
-19
-45
-85
-101
-98
-96
-101
-110
-110
-107
-104
-86
-89
-113
-112
-93
-87
-72
-33
1
21
38
55
69
63
33
-11
-65
-105
-126
-154
-167
-164
-141
-106
-80
-47
-12
10
16
16
20
26
39
50
56
82
131
171
184
172
143
98
33
-24
-83
-140
-190
-224
-219
-187
-148
-100
-42
1
46
102
132
130
114
92
61
36
43
48
21
12
29
31
30
23
-15
-68
-94
-79
-51
-9
53
104
138
179
207
197
162
118
75
36
16
6
-16
-28
-13
8
12
12
16
-5
-17
5
23
22
36
37
24
44
69
59
25
-18
-79
-142
-163
-166
-169
-147
-100
-46
12
59
81
49
-16
-74
-138
-214
-266
-282
-280
-242
-172
-92
-24
12
44
61
48
47
43
15
-28
-59
-62
-67
-81
-92
-114
-123
-107
-82
-67
-56
-27
8
27
60
94
114
123
122
113
106
112
103
80
58
39
39
36
20
16
24
25
11
-8
-14
-5
