11
5
1
2
-3
-5
11
17
31
30
23
34
37
39
30
20
3
0
3
-4
5
8
0
-3
2
5
-5
-11
5
22
36
36
40
29
17
19
24
26
14
0
-6
0
11
16
9
-5
-7
-1
-4
-5
-9
-29
-36
-28
-12
-10
-12
-8
-6
-4
-9
-13
-15
-29
-31
-23
-9
-4
-5
-2
-9
-16
-21
-17
-8
-2
-14
-24
-25
-18
-5
-12
-15
-9
-10
4
21
27
13
15
16
6
-11
-17
-8
-8
-3
7
14
19
18
26
37
38
32
21
14
-1
-6
0
17
16
8
1
0
2
5
10
16
10
-2
4
11
6
-18
-31
-14
-7
-21
-24
-14
-10
-25
-36
-26
-15
-21
-32
-37
-20
-12
-15
-8
0
-5
-26
-27
-5
2
-2
-9
-3
1
-2
-6
-4
-6
-13
-23
-17
-4
-5
-14
-12
4
5
5
14
24
30
28
35
51
57
44
32
30
28
31
27
27
28
16
8
-3
4
16
17
13
16
25
17
9
9
7
-2
-7
-4
-6
-13
-7
-12
-17
-15
-13
-6
-2
2
2
1
-5
-8
-1
8
6
-13
-21
-21
-23
-25
-28
-28
-20
-14
-10
-3
-6
-4
1
0
5
16
15
13
1
0
-3
-2
-1
-5
-5
-13
-23
-24
-16
-20
-29
-16
4
9
4
13
24
25
14
7
11
0
-9
-4
-2
1
-8
-7
2
3
14
25
28
25
22
14
12
13
7
1
0
7
9
-6
-14
0
12
13
9
16
21
10
-5
2
-3
-22
-30
-18
-7
-17
-23
-22
-15
-7
-9
-7
-7
-11
-11
-19
-18
-5
4
6
14
14
1
-9
-14
-17
-9
-1
6
11
6
10
16
16
10
0
-2
-6
-4
-5
-18
-15
-12
0
9
7
7
9
6
5
10
6
12
19
22
18
6
3
17
22
21
9
-9
-23
-28
-26
-26
-24
-22
-22
-20
-9
7
12
18
20
20
9
-1
-3
5
7
5
4
-4
-13
-6
4
6
-5
-1
2
-14
-23
-25
-20
-28
-25
-11
-4
-3
-3
2
3
7
13
15
23
19
17
16
9
7
4
-3
-5
-10
-12
-10
-9
4
14
8
3
12
11
6
10
9
7
6
5
0
-1
2
1
-1
2
6
7
11
12
17
19
10
-7
3
11
2
-3
0
-3
-17
-16
-5
17
12
16
27
44
44
38
23
17
-1
-20
-21
-22
-23
-33
-32
-34
-27
-23
-22
-25
-20
-7
5
16
25
36
32
18
19
19
-2
-18
-17
-18
-25
-44
-42
-36
-34
-20
-2
8
7
9
24
20
6
0
-9
-21
-20
-16
-15
-7
-3
-13
-16
-14
-15
-14
-10
-1
3
7
4
10
23
26
10
-15
-15
-13
-19
-16
-1
6
8
2
2
-3
-6
-5
-4
2
-2
-7
-4
-16
-26
-12
-2
-5
-8
6
11
5
5
21
33
18
16
25
26
13
12
13
-4
-10
-19
-10
-1
-12
-15
-9
-12
-8
-1
21
37
36
42
52
52
55
56
46
37
26
4
-6
0
-7
-28
-29
-9
6
1
6
26
31
21
17
14
7
5
0
-8
-11
-11
-10
-12
-15
-27
-27
-14
-14
-19
-18
-18
-17
-12
0
13
13
3
-13
-17
-12
-21
-29
-37
-33
-27
-19
0
15
8
-1
-3
-2
-3
-7
-16
-13
-14
-13
-12
-14
-2
4
4
-5
-2
16
8
-10
-6
1
6
-1
2
11
-7
-18
-24
-17
-11
-13
-13
-13
-15
-20
-5
7
8
17
26
24
19
18
25
19
-7
-7
6
1
-10
5
8
2
-7
-1
16
16
16
9
10
6
1
0
2
7
6
4
0
2
5
9
8
-1
5
8
0
2
10
14
1
5
15
24
18
10
13
4
-10
-7
8
14
2
3
5
-4
-9
-4
-1
-4
-12
-15
-11
-11
-10
-11
-12
-11
-10
-5
1
1
-7
-10
-2
12
11
-2
-12
-18
-22
-27
-25
-21
-22
-18
-11
4
9
1
6
12
6
2
9
16
10
12
16
22
25
25
25
22
15
1
2
3
-1
10
16
15
11
6
16
15
9
2
6
10
-4
-10
-14
-17
-15
-13
-6
-1
2
0
-12
-12
-23
-24
-29
-24
-14
-5
5
4
0
-1
-4
-11
-23
-32
-27
-17
-16
-21
-21
-24
-26
-20
-2
3
-11
-6
7
1
-6
-3
9
9
5
11
13
-4
-8
-1
4
13
17
19
28
26
17
6
7
15
21
16
15
18
12
5
0
9
12
1
2
22
24
22
26
31
31
24
21
24
24
6
-10
-17
-17
-17
-26
-22
-17
-27
-30
-27
-25
-27
-25
-25
-24
-21
-18
-9
-12
-12
-8
-6
-2
-11
-14
-10
-8
-13
-7
10
12
-5
-6
1
2
10
1
5
11
11
8
10
16
14
7
10
18
17
17
18
14
4
7
22
25
22
24
28
21
10
5
5
-2
-16
2
12
6
1
-7
-8
-5
-5
-12
-9
-10
-10
-7
-7
-1
-4
-14
-5
0
-7
-27
-29
-18
-7
-4
-1
12
3
-2
4
9
1
-1
8
10
1
-3
0
7
1
2
22
17
1
8
17
2
-15
-17
-5
-3
-7
-3
3
-4
-14
-9
3
-5
-14
-7
7
29
42
40
27
20
16
8
-6
-14
-28
-41
-47
-42
-29
-24
-23
-14
-8
-19
-20
-17
-15
-9
-3
7
13
6
1
-1
-10
-19
-23
-21
-12
-7
8
6
0
2
9
15
14
6
-1
-14
-30
-26
-17
-23
-23
-14
-10
-6
-2
6
8
4
-1
11
23
22
28
38
28
16
17
25
18
-2
2
7
-2
-1
10
17
12
5
5
15
27
35
30
22
22
20
21
17
15
12
-2
-7
0
2
0
-7
-2
16
27
36
28
17
8
2
0
-2
0
-1
-5
-5
1
2
-3
1
5
4
-8
-19
-17
-16
-13
-11
-2
-4
-4
5
1
-11
-18
-24
-25
-30
-31
-17
-17
-15
-15
-5
7
-3
-18
-24
-18
-26
-31
-26
-21
-26
-39
-27
-12
-3
-6
-11
-2
-7
-12
-2
10
20
7
-9
1
12
4
-7
2
9
-5
-15
5
30
23
1
12
26
12
-10
5
25
18
8
13
27
21
3
-3
-1
-10
-27
-29
-22
-2
-3
-9
11
24
17
10
20
23
20
9
6
11
9
-2
-2
0
-1
-2
-7
-5
-3
-1
7
12
21
28
22
20
24
24
20
7
5
0
-11
-11
-8
-3
0
10
19
23
20
10
3
1
-1
-6
0
6
-1
3
0
-2
-9
-21
-27
-31
-28
-19
-8
-10
-2
6
9
1
-1
-6
-19
-21
-18
-22
-18
-15
-11
-2
1
-1
-2
-1
-8
0
17
23
17
25
30
16
-9
-18
-22
-33
-43
-51
-44
-41
-46
-36
-21
-12
-9
-5
8
14
8
-3
-6
0
5
9
12
15
13
10
5
2
5
-3
-3
1
13
17
29
45
42
34
37
28
12
-2
-4
1
-10
-10
-9
2
4
1
5
13
9
5
19
30
25
25
33
33
31
20
20
15
-6
-14
-7
-6
-14
-9
-2
3
-6
-10
-2
1
-6
-7
-7
-7
-17
-32
-33
-29
-37
-38
-38
-33
-29
-17
1
11
25
27
28
34
38
20
11
7
-2
-19
-29
-25
-14
-12
-9
-4
10
14
3
1
9
18
11
11
11
16
11
2
-6
-10
-11
-28
-33
-32
-30
-36
-38
-18
0
8
23
42
32
23
11
3
-9
-17
-11
-7
0
3
-1
-2
-6
-13
-21
-28
-30
-28
-25
-15
-7
-7
-3
-2
7
5
2
2
4
10
16
13
17
20
16
14
11
13
20
19
16
21
23
25
18
12
12
7
1
4
13
14
11
14
16
18
19
21
22
6
-13
-17
-22
-33
-34
-26
-25
-21
-11
6
13
9
6
5
5
5
8
12
14
9
4
0
-1
-12
-12
-15
-21
-30
-35
-24
-22
-18
-7
5
9
6
8
11
-4
-17
-17
-11
-13
-16
-9
4
5
-9
-5
2
-4
-11
-8
9
6
-3
5
21
15
12
12
16
9
-4
-3
1
5
4
16
17
16
7
0
1
3
-1
-5
0
-1
-4
-13
-15
-8
-6
-5
-3
8
20
24
23
35
47
41
36
34
26
8
-16
-30
-30
-30
-31
-31
-21
-10
-2
11
18
21
22
13
6
2
-4
-1
-2
-7
-1
-1
-12
-18
-18
-20
-19
-19
-10
-3
6
16
26
21
21
21
10
-8
-23
-33
-50
-55
-42
-30
-28
-29
-20
-6
-5
-7
-1
4
-2
-7
-10
-7
-2
3
4
10
10
-4
-14
-11
-7
-7
-5
-3
-1
-1
8
9
10
14
14
24
25
17
11
5
-16
-24
-22
-20
-22
-17
-3
2
7
7
20
23
13
11
9
-4
-14
-15
-10
-2
-1
0
13
20
21
15
17
15
8
-1
-13
-13
-12
-4
2
12
18
20
19
13
16
18
12
8
20
30
34
33
35
41
43
40
35
23
13
2
-10
-10
-4
-3
0
7
11
12
12
13
12
6
-2
0
-4
-11
-17
-18
-13
-10
-19
-21
-16
-13
-19
-22
-26
-19
-15
-16
-11
-15
-21
-27
-24
-15
-8
-2
0
6
0
-15
-29
-34
-42
-53
-53
-42
-29
-25
-12
3
6
-4
-13
-18
-20
-17
-16
-15
-9
-4
-4
4
12
17
16
5
-4
0
6
4
10
14
21
23
27
31
29
23
14
4
1
6
-2
-10
-9
0
6
12
17
27
30
15
10
15
17
8
5
11
13
8
12
22
28
27
26
20
16
15
10
15
18
12
17
18
11
-2
-11
-22
-25
-24
-24
-24
-26
-25
-20
-17
-10
-4
1
0
-8
-4
10
14
11
8
-2
-12
-29
-39
-32
-32
-34
-24
-10
1
7
15
16
12
5
1
-2
-4
-6
-10
-17
-13
-5
-3
6
11
11
9
8
11
16
22
20
26
31
34
32
27
18
8
4
4
-7
-9
-6
-8
-9
-8
-5
-6
-16
-19
-14
-12
-14
-21
-24
-17
-16
-21
-24
-28
-24
-26
-18
-1
9
14
15
17
19
13
3
4
7
6
4
5
6
4
-5
-16
-18
-15
-19
-23
-9
-2
-4
0
8
16
21
28
35
32
19
7
6
-6
-22
-27
-24
-21
-11
0
4
5
3
3
14
12
14
19
18
20
25
27
24
18
6
-1
-6
-17
-22
-19
-16
-11
-10
4
18
17
15
16
16
5
-5
-8
-13
-26
-31
-33
-23
-15
-11
-2
0
0
4
6
3
-2
-4
-2
-2
-5
-11
-15
-24
-24
-20
-23
-25
-25
-16
-10
-8
-2
11
16
11
15
20
26
24
20
17
18
6
-9
-13
-14
-13
-8
-2
5
10
16
28
39
44
45
45
35
23
18
10
1
-4
-2
10
24
32
32
24
18
14
11
12
10
14
14
10
11
16
12
-1
-5
-11
-22
-28
-36
-26
-17
-7
-2
2
5
-8
-9
-7
-11
-19
-30
-30
-30
-38
-47
-44
-43
-49
-49
-45
-42
-39
-32
-15
-9
-4
-6
-8
-16
-24
-30
-34
-36
-32
-21
-18
-14
-8
2
7
12
27
31
31
39
42
39
37
35
30
25
13
7
4
3
1
6
18
23
33
44
39
40
44
44
38
29
21
15
0
-14
-19
-15
-16
-20
-10
1
3
2
0
1
4
-1
0
4
8
5
7
2
-10
-17
-22
-27
-23
-17
-8
1
9
22
24
23
44
40
30
32
3
-28
-26
-50
-58
-16
5
15
40
28
-27
-56
-65
-80
-57
-5
27
66
83
73
67
48
-4
-39
-57
-77
-72
-44
-17
9
25
10
2
-4
-40
-50
-26
-14
2
37
61
77
81
70
52
25
-19
-54
-67
-83
-87
-75
-58
-48
-39
-23
-5
9
20
29
35
33
40
44
43
35
14
-6
-33
-58
-75
-94
-99
-96
-84
-55
-26
5
34
66
79
82
71
129
162
121
164
89
-53
-68
-130
-207
-114
-81
-114
0
32
-2
78
90
17
48
44
5
74
102
80
111
83
-15
-52
-82
-163
-166
-165
-194
-131
-59
-20
66
152
158
168
185
163
154
152
123
142
201
185
166
164
26
-98
-116
-173
-188
-111
-89
-103
-28
13
-12
7
2
-61
-89
-89
-84
-25
37
72
114
104
71
27
-65
-132
-172
-253
-287
-247
-204
-147
-75
-35
-10
13
11
8
28
65
83
82
89
101
78
37
-22
-93
-163
-220
-242
-212
-137
-59
37
124
209
275
245
208
168
57
-21
-36
-75
-69
-30
-59
-61
-54
-109
-127
-110
-115
-72
-1
61
155
230
259
286
245
135
23
-64
-120
-155
-142
-108
-111
-59
166
403
634
860
820
575
319
21
-182
-232
-284
-288
-251
-285
-285
-229
-272
-367
-404
-476
-469
-244
77
396
736
958
954
847
617
257
-145
-540
-916
-1166
-1215
-1080
-843
-561
-296
-84
96
213
331
443
489
520
551
534
493
430
251
-9
-290
-600
-865
-840
-737
-577
-197
-60
60
295
304
377
581
460
306
267
-52
-247
-230
-441
-553
-443
-568
-529
-242
-134
34
290
336
280
336
260
101
113
-23
-185
-203
-275
-334
-265
-214
-188
-71
9
101
182
232
308
647
1531
2149
2164
2235
1664
147
-601
-705
-1276
-1321
-741
-710
-731
-200
121
22
-115
-368
-702
-927
-740
93
917
1410
1990
2237
1718
1118
623
-265
-1346
-2107
-2603
-2887
-2530
-1654
-961
-378
271
559
606
846
1038
960
937
964
870
722
640
353
113
-314
-1016
-1192
-1777
-2300
-1776
-1647
-1422
-87
551
797
1822
1868
1266
1324
741
-209
-173
-401
-833
-372
-237
-393
-136
-303
-721
-764
-1051
-1289
-866
-493
-115
704
1306
1379
1398
1186
575
150
-136
-558
-699
-664
-704
-449
58
686
1839
3580
4740
4671
4185
2951
483
-1218
-1564
-2154
-2442
-1812
-1458
-1437
-1103
-828
-1057
-1600
-1965
-1875
-1454
-564
1062
2792
3832
4302
4243
3327
1676
-185
-1873
-3607
-5109
-5571
-5239
-4610
-3323
-1672
-445
501
1397
1963
2195
2306
2301
2107
1715
1315
923
526
-67
-1062
-1798
-2484
-3437
-3297
-2781
-2599
-1339
42
777
2194
3275
3074
2979
2344
813
108
-339
-1125
-904
-628
-944
-627
-272
-461
-470
-442
-730
-802
-638
-383
252
918
1221
1473
1428
1050
682
225
-290
-736
-925
-949
-673
-55
538
971
1671
2535
3874
5299
5161
4249
3036
380
-1825
-2039
-2235
-2385
-1698
-1330
-1316
-1101
-1036
-1186
-1481
-2141
-2341
-1552
-558
827
2908
4301
4500
4363
3606
1907
48
-1796
-3550
-5133
-6040
-5746
-4845
-3667
-2040
-492
494
1240
1910
2367
2420
2328
2422
2127
1515
1246
817
-183
-1064
-1902
-3013
-3795
-3906
-3522
-2796
-1519
7
1184
2140
3003
3086
2641
2015
960
-28
-565
-982
-1160
-857
-705
-751
-661
-676
-921
-1141
-1193
-1107
-937
-534
116
697
1120
1459
1502
1125
588
178
-157
-521
-763
-547
-241
-195
152
614
651
1053
1939
2839
4734
5844
4803
4012
2720
-254
-1634
-1478
-2197
-2350
-1740
-1696
-1593
-1199
-1228
-1277
-1519
-2158
-1922
-929
32
1730
3695
4514
4666
4466
3295
1503
-370
-2297
-4229
-5740
-6303
-5895
-4699
-3134
-1531
145
1317
1820
2386
2802
2529
2089
1894
1470
758
258
-208
-1178
-2078
-2429
-3064
-3393
-2643
-2192
-1983
-649
440
629
1647
2475
2010
2021
2127
1206
736
541
-466
-1006
-1048
-1604
-1756
-1375
-1483
-1348
-858
-746
-310
284
367
597
944
850
879
989
739
452
342
91
-176
-64
-35
-100
37
96
47
374
698
844
1174
1571
2014
2938
4814
5512
4593
3996
2328
-643
-1659
-1490
-2129
-2061
-1537
-1512
-1410
-1451
-1901
-2083
-2517
-3281
-2659
-1030
365
2322
4401
5244
5213
4474
2860
959
-1366
-3682
-4954
-5795
-6105
-4940
-3290
-2206
-1082
46
419
436
727
949
867
845
1123
1458
1685
2012
2122
1375
394
-636
-2250
-3547
-4077
-4592
-4618
-3487
-2177
-837
1081
2698
3457
3993
3909
3009
2136
1216
206
-405
-843
-1293
-1420
-1569
-1928
-2069
-2183
-2306
-1885
-1043
-73
1097
2231
2986
3310
3189
2674
1942
1170
122
-966
-1493
-1857
-2046
-1519
-903
-496
262
726
1119
1827
2412
3023
4274
6053
6324
5218
4285
2108
-1050
-2317
-2761
-3559
-3476
-3102
-2857
-2200
-1752
-1687
-1384
-1581
-2164
-1688
-580
406
1980
3727
4575
4689
4167
3069
1551
-593
-2603
-4001
-5359
-6091
-5487
-4317
-3292
-2177
-931
-196
103
674
1412
1778
2018
2467
2803
2784
2680
2407
1309
-284
-1648
-3256
-4743
-4959
-4847
-4822
-3532
-1958
-839
1383
3584
4247
4850
4980
3622
2371
1470
134
-762
-1410
-2481
-2883
-2903
-3283
-3062
-2293
-1815
-1009
336
1483
2678
3752
3976
3679
3011
1779
542
-455
-1510
-2386
-2848
-2914
-2525
-1705
-603
397
1192
1867
2460
2890
3506
4197
5053
6509
6549
4918
3473
1031
-2452
-3924
-4149
-4631
-4031
-2839
-2009
-984
-236
-307
-388
-969
-1978
-1857
-958
-34
1553
3428
4614
4915
4319
3157
1397
-1101
-3237
-4561
-5712
-6269
-5438
-3897
-2822
-1785
-426
290
193
360
1005
1338
1418
1928
2572
2561
2314
2176
1362
-23
-1434
-2976
-4528
-5319
-5120
-4803
-3686
-1549
201
1860
3765
4642
4502
4143
2843
1100
56
-879
-1725
-1771
-1688
-1696
-1426
-1343
-1303
-1032
-762
-478
228
1079
1675
2310
2731
2451
1770
1060
106
-627
-1066
-1647
-1957
-1799
-1396
-715
431
1498
2145
2705
2709
2288
2100
2094
2359
3750
5487
5383
4274
3041
279
-2535
-3231
-3440
-3389
-2445
-1694
-892
-42
-147
-640
-1076
-2368
-3553
-3251
-2153
-591
1542
3677
5121
5425
4686
3509
1755
-827
-3187
-4839
-6136
-6556
-5659
-4255
-3056
-1968
-1020
-519
-288
195
978
1578
2018
2779
3539
3739
3573
3225
1890
-233
-2200
-4268
-5797
-6303
-6304
-5458
-3894
-2076
49
2414
4117
4960
5160
4240
2866
1771
718
-154
-580
-1106
-1624
-1843
-2148
-2387
-2221
-2098
-1965
-1072
52
1010
2231
3218
3417
3087
2394
1351
412
-354
-1071
-1479
-1481
-1185
-760
-22
767
1315
1740
2016
1749
1430
1351
1247
1726
3353
5657
6252
5158
3948
1375
-1911
-2996
-2821
-2806
-2099
-1251
-670
-22
-40
-887
-1589
-2850
-4502
-4511
-3154
-1422
1079
3716
5609
6432
5895
4653
2986
270
-2688
-4715
-6202
-7177
-6761
-5313
-4133
-3261
-2068
-983
-380
322
1412
2151
2381
3036
4012
4233
3886
3193
1713
-659
-3106
-4557
-6111
-7489
-7108
-6580
-5373
-2077
720
3076
5734
6431
5738
5184
3599
1636
704
-619
-1956
-2059
-2399
-2938
-2556
-2609
-2868
-2347
-1918
-1109
611
2032
3302
4601
4799
4283
3601
2410
784
-540
-1393
-2227
-2557
-1886
-1158
-551
487
1174
1525
1910
2013
2017
1783
1688
2322
3653
5821
6603
5330
4072
1612
-1799
-2862
-2460
-2579
-2065
-1167
-758
-511
-641
-1555
-2530
-3852
-5503
-5513
-3737
-1693
875
4055
6204
6858
6533
5390
3515
711
-2393
-4623
-6309
-7496
-7221
-5849
-4720
-3842
-2614
-1485
-893
-100
1343
2342
2652
3502
4504
4726
4686
4247
2399
-521
-3248
-5755
-7744
-8021
-7291
-6349
-4050
-1092
1241
3850
5816
5957
5512
4617
2845
1656
1055
-36
-806
-1307
-2389
-3132
-3332
-3866
-3735
-2796
-2134
-762
1422
3117
4668
5886
5713
4682
3375
1422
-330
-1304
-2124
-2828
-2811
-2341
-1824
-950
49
893
1513
1902
2338
2525
2644
3365
4360
6182
7357
5869
4095
1980
-1764
-3794
-3418
-3163
-2707
-1698
-914
-393
-381
-1293
-2324
-3420
-5175
-5635
-3973
-1863
645
3745
6145
7148
6856
5788
4127
1336
-1779
-4255
-6055
-7110
-7196
-6053
-4653
-4137
-3547
-2526
-2062
-1433
39
1545
2576
3507
4752
5469
5389
4984
3360
548
-2378
-5355
-7601
-8203
-8021
-7017
-4504
-1940
318
3096
4810
5185
5212
4289
2796
1943
1100
348
389
-18
-935
-1380
-2132
-3204
-3468
-3321
-2970
-1726
112
2038
4040
5564
6034
5530
4100
2148
258
-1373
-2382
-2700
-2836
-2452
-1428
-686
278
1599
2200
2548
2962
2584
1899
2194
2823
4178
6879
7194
5289
3915
767
-2971
-3640
-3495
-3691
-2821
-2019
-1461
-599
-749
-1775
-2411
-3949
-5605
-4892
-3007
-865
2269
5124
6780
7379
6474
4772
2560
-692
-3833
-6015
-7489
-8064
-7326
-5717
-4384
-3482
-2291
-1235
-688
157
1504
2422
2816
3583
4312
4314
4298
3837
1979
-424
-3017
-5817
-7520
-7747
-7366
-6125
-3710
-1316
823
3325
5120
5622
5506
4663
3201
1963
957
195
-293
-950
-1728
-2309
-2770
-3157
-2982
-2264
-1457
-265
1389
2898
4216
5056
4825
3804
2340
732
-475
-1115
-1254
-1188
-1041
-750
-512
-213
228
422
739
1260
1458
1682
1630
1797
2785
4393
6885
7517
5801
4129
926
-2812
-3599
-3155
-3222
-2662
-1812
-1356
-1099
-1306
-2190
-3085
-4548
-5994
-5213
-2999
-548
2700
5938
7911
8288
7249
5555
2998
-632
-3913
-6077
-7643
-8416
-7568
-5740
-4450
-3672
-2409
-1236
-817
26
1583
2487
2908
3845
4663
5089
5242
4299
2390
-466
-3819
-6437
-8202
-8624
-7934
-6764
-4264
-1261
1185
3917
5988
6273
5657
4685
3085
1693
963
104
-657
-1220
-2194
-2892
-2996
-3332
-3083
-2123
-1491
-188
1713
3061
4404
5244
4784
3783
2489
1094
106
-596
-1076
-1521
-1853
-1668
-1388
-879
-46
533
1341
2032
2282
2748
2592
2562
3655
4777
6512
6880
4768
2659
-148
-3477
-4421
-3706
-3463
-2769
-1438
-750
-355
-242
-1398
-2524
-3682
-5316
-4851
-2575
-517
2178
5144
6881
7409
6684
5025
2781
-438
-3802
-5920
-7201
-7945
-7389
-5901
-4681
-3820
-2635
-1340
-453
433
1747
2730
3117
3781
4538
4677
4250
3285
1779
-713
-3341
-5000
-6749
-7905
-7304
-6422
-4980
-1946
1016
3303
5611
6603
5594
4492
3125
938
-92
-523
-1521
-1666
-1557
-1999
-1910
-1919
-2220
-1857
-1441
-764
770
2238
3462
4456
4654
3842
2516
1422
203
-1054
-1481
-1869
-2343
-1873
-1188
-550
603
1564
2190
2929
3459
3363
2799
1558
-203
-766
-296
1766
5382
6344
5883
5484
2370
-498
-936
-1837
-2679
-2825
-3298
-3049
-2264
-2394
-2579
-2603
-4069
-4969
-3714
-2141
-48
2775
5063
6795
7291
6468
5589
3615
54
-3286
-5847
-8078
-9485
-9044
-7381
-5909
-4290
-2020
49
1503
2830
3944
4403
4346
4335
4378
3845
2689
1376
-277
-2412
-4286
-5672
-6972
-7924
-7762
-6513
-4254
-891
2794
5465
7368
8129
6679
4935
3378
959
-1057
-1931
-2869
-3244
-2550
-2083
-1582
-1023
-1355
-1527
-883
-496
481
2185
3102
3732
4318
4020
3174
2172
711
-640
-1539
-2355
-2473
-1717
-999
-401
523
1289
1805
2375
2503
2291
1523
80
-1288
-2070
-1795
106
4293
7624
7919
8019
6412
1905
-929
-2019
-3819
-5087
-5210
-4867
-3713
-2361
-2007
-1670
-1960
-3766
-4257
-2798
-1216
1210
4224
6635
8302
8318
7139
5509
2081
-2592
-6284
-8961
-11031
-11183
-9036
-6324
-3846
-1099
1599
3367
4197
4661
4766
4290
3568
3171
2814
2067
912
-295
-1897
-4157
-5618
-6949
-8585
-8198
-6592
-4780
-1225
2909
5631
7545
8862
8008
5603
3525
987
-1555
-2634
-3113
-3180
-2403
-1872
-1767
-1618
-1823
-2187
-2057
-1268
-43
1521
3486
5266
6257
6381
5362
3399
852
-1758
-3245
-3960
-4226
-3214
-1707
-521
934
2524
3390
3368
2821
2075
666
-733
-1327
-1809
-1399
228
2263
6070
9261
8538
7180
4821
-265
-3889
-4665
-5241
-5217
-3895
-2613
-1233
-63
-493
-1125
-2005
-4492
-5596
-3931
-1583
1403
5105
8077
9392
8695
6638
4083
169
-4630
-8173
-10200
-11365
-10817
-8228
-4956
-2363
-235
2063
3509
3775
4036
4395
4241
3604
3220
3150
2201
571
-879
-2762
-5440
-7414
-8369
-9211
-8392
-6079
-3567
-58
3854
6414
8320
9428
8017
5776
3890
1163
-1144
-2003
-2916
-3543
-3478
-3686
-3529
-3214
-3392
-2764
-1505
-177
2052
4616
6497
7558
7683
6465
4027
1246
-1498
-3832
-4898
-5050
-4639
-3005
-1172
101
1637
2834
3032
3062
2991
2635
2446
2114
1254
263
-236
121
966
3599
6642
5870
4129
2817
-707
-3370
-3098
-2638
-2275
-1151
-408
267
1100
2
-2008
-3403
-5742
-7103
-5462
-2730
513
4080
6894
8794
8907
7249
4975
1431
-3312
-7247
-9658
-10944
-10851
-9115
-6255
-3382
-988
1647
3952
4811
4876
4804
4273
3146
2215
1742
755
-586
-1714
-2283
-3484
-5328
-5561
-6987
-8380
-6599
-5004
-2320
2413
5531
7725
9960
9572
7342
5653
2670
-1347
-3292
-4856
-6211
-5370
-4554
-3683
-1925
-992
214
2030
3035
4046
5210
5554
5271
4853
3900
1770
-484
-2315
-4019
-4482
-3917
-3274
-2015
-614
224
1645
3164
3966
4871
4769
3766
2859
1187
-816
-2720
-3809
-3185
-1208
2946
6328
6716
6492
4467
956
-906
-1298
-1694
-1816
-1144
-692
-298
-115
-1428
-3042
-5027
-7372
-7634
-5786
-2842
960
4924
8304
9985
9769
8297
5270
775
-4124
-8061
-10497
-11904
-11290
-8597
-5663
-2704
619
3319
4833
5257
4827
4073
2995
1722
1170
1202
775
195
-348
-1620
-3533
-5500
-7328
-8670
-8526
-7024
-4243
69
4126
7296
9914
10495
9012
6807
3794
198
-2657
-4571
-5787
-5651
-4660
-3628
-2102
-793
-168
891
1906
2417
3314
4185
4530
4634
4148
3028
1357
-649
-2317
-3361
-3582
-3472
-2837
-1502
-315
1037
2834
3884
4192
4254
3414
2081
1090
-182
-1737
-2898
-3941
-4031
-2338
44
3856
8170
8865
8114
7254
3804
632
-460
-1458
-2438
-2746
-2893
-2855
-2634
-3602
-4925
-5367
-6308
-6289
-3504
27
3402
6653
8955
10107
9219
6418
3226
-665
-5460
-9228
-10953
-11229
-10396
-7934
-4103
-1010
978
2947
3843
3398
2829
2330
1934
1618
1410
1603
1479
429
-898
-2458
-4753
-6384
-6991
-7664
-6967
-4982
-3089
156
4330
6820
8581
9615
7752
5097
2657
-672
-3079
-4218
-5179
-4936
-3294
-1908
-448
1183
1687
1900
2068
1481
1367
1890
1834
1996
2565
2061
935
258
-559
-1482
-1387
-1001
-732
229
1182
1899
2611
2752
2299
1733
891
-210
-790
-1190
-1773
-1823
-1517
-1402
-881
1005
2955
5175
8821
9737
8055
6835
3722
-297
-2309
-3485
-4754
-5274
-5150
-4997
-4321
-3897
-4224
-3787
-3412
-3075
-992
1812
4344
6534
7701
7860
6801
4236
1134
-1955
-5608
-9086
-10612
-10382
-9236
-6905
-3549
-570
996
2164
3162
3154
2673
2286
1826
1350
1065
1152
1376
842
-378
-1374
-3567
-6316
-6973
-7911
-8149
-5098
-2111
996
5402
8032
8898
9277
7778
4826
2276
-396
-3008
-3808
-3971
-3861
-2212
-1004
-441
556
508
42
209
107
223
1081
1794
2381
3138
3532
3230
2516
1593
223
-990
-1395
-1608
-1309
-383
225
707
1105
1205
1017
735
362
-41
142
272
255
471
90
-704
-356
1254
2850
5974
8764
7704
6279
4440
606
-1904
-3002
-4351
-5425
-5890
-5837
-4791
-3543
-3216
-2562
-1982
-2296
-1401
747
2773
4500
5634
6260
5983
4186
1799
-842
-4099
-7367
-9219
-9136
-8108
-6429
-3910
-1398
29
721
1599
2054
1800
1790
2009
2119
2185
2191
1958
1082
-622
-2762
-4914
-6772
-7179
-7024
-5758
-2764
-718
2162
5752
7498
8461
8706
6848
3701
1252
-1495
-3928
-4489
-4739
-4534
-2833
-1316
-370
899
1196
868
865
732
939
1949
2926
3738
4809
4789
3602
2118
3
-2229
-3793
-4234
-3731
-2526
-648
1219
2690
3627
3912
3610
3127
2402
1433
580
-72
-586
-629
-343
-624
-897
-1346
-1424
265
2735
6511
9155
8803
7838
4870
653
-2157
-4216
-5960
-6943
-7110
-6514
-4730
-3073
-2167
-868
-828
-1822
-1175
39
1237
3074
4249
4735
4537
3098
1480
-192
-2853
-5727
-7618
-8591
-8675
-7396
-5075
-2925
-1523
-264
1075
1877
2409
2843
2623
1940
986
224
-131
-693
-1420
-2045
-2976
-3973
-3857
-3370
-2422
-145
1432
2568
4437
4925
4262
4362
3001
636
-251
-1553
-2506
-1800
-1155
-647
721
1520
1494
2049
1835
1001
699
434
426
1131
1995
2513
2898
2553
1231
-13
-1158
-2456
-2473
-1242
-181
1555
3720
4531
4614
4145
2719
1331
58
-1170
-1740
-1829
-2012
-1749
-990
-428
43
113
31
114
443
2361
4806
7250
9089
7753
5115
1840
-2565
-5788
-7157
-7790
-7910
-6383
-4157
-2115
154
1077
846
186
-1427
-2359
-1870
-1055
119
1524
2800
3624
3426
2649
1311
-1237
-4449
-6828
-8095
-8614
-7674
-5660
-3502
-1567
26
1509
2306
2173
1889
1438
825
670
1034
1486
1647
1210
356
-602
-1953
-3266
-2922
-2702
-3288
-1168
-282
-391
2615
3553
3633
5118
4729
3159
2850
2502
658
519
235
-1664
-1486
-1280
-1868
-879
-336
-259
801
1416
2074
2987
3144
2791
2399
1987
1176
1079
1429
1217
1486
1678
1040
531
-64
-1223
-1818
-1836
-1632
-743
280
1054
1793
2062
1950
1708
1148
479
-204
-629
-1148
-1254
-1097
-264
2028
3952
6158
6258
3469
1062
-2683
-5776
-5846
-5148
-4611
-3284
-1204
-325
442
1160
-50
-1997
-4278
-5912
-5653
-4395
-1946
1112
3389
5071
5431
4545
3093
422
-2938
-5442
-7081
-8017
-7082
-5233
-3416
-1347
-167
704
1459
1268
1167
1112
976
1238
1782
2272
2223
1677
492
-1153
-2505
-3517
-3804
-2489
-1123
245
3012
4205
4832
6234
5400
4138
2850
220
-1978
-2676
-2902
-2838
-1181
139
449
1562
2077
1703
1774
1402
913
1270
1620
2209
3043
3181
2728
1873
614
-772
-1820
-2567
-2788
-2266
-1653
-821
611
1794
2377
3161
3539
2946
2370
1343
142
-712
-1790
-2170
-2202
-2110
-1379
-715
-96
415
647
461
-4
-247
-880
-1319
-673
826
2828
3655
3288
2386
-246
-2574
-2914
-2495
-1970
-1334
-462
-311
-850
-1426
-2564
-4486
-6643
-7688
-7286
-5754
-2799
658
3788
6273
7462
7568
6635
4363
1057
-2288
-5252
-7485
-8141
-7611
-6316
-4605
-2941
-1342
-111
877
1639
1871
2178
2805
3524
4641
5761
6074
5635
4352
2134
-444
-2973
-5262
-6490
-6391
-5721
-3717
-962
996
3506
5511
6238
6993
6761
5696
4767
3839
2349
1137
440
-1072
-2137
-2635
-3821
-4437
-4063
-3708
-2281
162
2153
4226
5839
6024
5610
4637
2722
756
-673
-1846
-2688
-2686
-2328
-2146
-1695
-1268
-1099
-493
-54
96
646
1047
1228
1671
1860
1566
819
-309
-1631
-3266
-4542
-5208
-5585
-5138
-3694
-2113
-326
1448
2221
3105
4765
5732
5595
4953
2903
-1015
-3974
-5220
-6194
-6193
-5306
-4486
-3339
-1882
-479
776
904
200
-184
-256
39
1054
2120
2368
2137
1452
245
-869
-1963
-3149
-3895
-3923
-3478
-2148
157
2120
3589
4642
4590
3689
2564
1102
-697
-2069
-2882
-3157
-2471
-1081
460
1809
2673
2986
3072
3051
2993
2921
2506
2027
1265
860
869
447
544
63
-993
-1255
-1226
-815
-71
849
1336
1528
1942
1878
1708
1393
272
-700
-1264
-1724
-1347
-623
47
838
1178
1096
940
468
-354
-946
-1486
-1884
-1811
-1550
-1089
-479
-260
-505
-814
-1301
-1770
-1853
-1558
-963
-189
650
1428
1842
1874
1164
-307
-1841
-3504
-4663
-4458
-3456
-2163
-429
1071
1667
2242
2488
2390
3471
3649
2482
2149
482
-2498
-3250
-3033
-3616
-3009
-1653
-1529
-1074
228
469
282
236
-422
-853
-476
347
1222
2126
2941
3161
3120
2742
1881
940
-396
-1782
-2568
-3201
-3414
-2809
-2270
-1899
-930
-104
504
1711
2637
3025
3655
3957
3657
3419
2937
1831
864
-8
-894
-1292
-1436
-1740
-1244
-746
-940
-151
-373
-895
-320
-64
628
1809
2819
3026
3207
2833
1399
322
-1264
-3105
-3699
-3942
-3668
-2095
-534
899
2438
3244
3177
2664
1580
-243
-1892
-3215
-4221
-4097
-3225
-2254
-760
559
963
1320
1348
492
-394
-988
-1521
-1657
-1231
-805
-390
-32
-133
-359
-528
-749
-1171
-1335
-1202
-1125
-372
495
1079
1621
1441
540
-491
-1549
-2708
-3326
-3278
-2226
-65
1596
3390
5161
4706
3772
3573
2271
953
718
288
-376
-462
-500
-1122
-1680
-2250
-2854
-2922
-2311
-925
871
2874
4911
6101
6389
6081
4855
2891
847
-1222
-3116
-4164
-4403
-3958
-2862
-1467
-172
867
1837
2551
2736
2746
2700
2247
1679
1319
850
58
-674
-1342
-2301
-3139
-3337
-3267
-3319
-2322
-1448
-999
445
1469
2014
2641
2507
1286
264
-747
-2361
-3142
-3368
-4029
-3827
-2711
-1926
-712
710
1222
1459
1600
1148
618
286
-391
-961
-1250
-1763
-1840
-1564
-1423
-848
-451
-344
213
470
277
432
636
545
832
1441
1585
1346
818
1
-866
-1566
-1785
-1792
-1699
-1363
-799
163
1223
2154
2826
2971
2623
1829
886
255
-515
-1090
-1128
-1135
-760
-66
1535
3183
3650
4364
4031
1984
901
374
-792
-1010
-510
-699
-617
213
588
710
849
420
-100
-326
-226
222
779
1434
1945
2060
2112
1859
1000
-169
-1263
-2283
-3116
-3017
-2302
-1770
-812
154
382
804
1264
1185
946
758
130
-678
-1239
-1926
-2298
-2389
-2703
-2663
-2462
-2344
-1777
-957
-120
397
893
978
526
346
-97
-744
-1226
-1586
-1980
-2068
-1705
-1421
-939
-272
-1
522
1127
1125
1407
1504
1023
684
241
-364
-774
-1095
-1314
-1456
-1416
-1283
-1192
-694
-190
258
1034
1688
2175
2545
2562
2242
1657
878
11
-820
-1373
-1749
-1738
-1233
-525
225
1138
2002
2402
2852
3119
2679
2113
1373
232
-675
-1101
-1473
-1542
-957
-591
-128
1049
1644
2023
2642
2383
1911
1702
1648
1884
1804
1820
1476
74
-598
-560
-1095
-851
-10
-238
-305
341
419
338
693
275
-560
-611
-704
-1052
-964
-890
-1275
-1575
-1333
-1042
-884
-543
-499
-900
-1156
-1379
-1658
-1696
-1836
-2223
-2428
-2563
-2496
-2078
-1478
-754
-142
402
594
507
423
-122
-787
-1085
-1479
-1456
-1054
-742
-359
-221
-247
-366
-392
-304
-257
4
246
404
860
1260
1531
1745
1498
1085
665
176
-326
-533
-459
-547
-314
290
666
1138
1522
1402
1308
1317
1236
1224
1369
1485
1387
1051
822
529
-111
-692
-1012
-1154
-836
-200
450
1205
1693
1850
1989
2046
1945
1790
1523
1194
1043
728
472
366
-98
-704
-1038
-1210
-1293
-1037
-558
-89
310
797
1248
1384
1390
1105
436
-158
-541
-938
-1169
-1249
-1157
-718
-607
-449
35
-273
-579
-344
-483
-537
-342
-615
-1032
-1017
-1243
-1704
-1658
-1884
-2436
-2336
-2024
-1642
-784
-65
212
321
239
93
55
-7
-265
-600
-743
-796
-462
29
107
-20
-450
-1127
-1432
-1281
-1195
-800
-217
17
667
1504
1800
2043
1999
1331
854
439
-74
-133
-276
-615
-389
68
372
1078
1470
1186
952
618
164
72
200
325
391
277
235
256
97
-73
32
119
108
375
630
668
786
912
884
954
1188
1112
908
874
543
-48
-404
-820
-1366
-1420
-1173
-677
307
1218
1811
2272
2295
1861
1468
858
42
-554
-1001
-1417
-1449
-1110
-800
-517
-429
-506
-531
-649
-734
-577
-534
-647
-633
-665
-725
-585
-582
-758
-836
-1012
-1102
-1020
-926
-752
-483
-228
65
461
663
723
767
669
430
279
111
-285
-416
-330
-418
-3
619
631
848
1176
849
519
370
-32
-465
-652
-837
-987
-904
-752
-627
-330
126
404
652
1034
1224
1145
1075
825
484
207
-339
-696
-858
-1207
-1229
-1111
-1176
-871
-693
-634
-96
310
404
600
572
259
193
46
-228
-75
72
148
708
1180
1426
1650
1372
810
196
-522
-996
-1180
-1171
-939
-453
68
506
888
1015
948
770
482
325
362
353
428
698
736
491
327
7
-628
-1162
-1498
-1783
-1860
-1583
-1160
-675
-47
370
543
744
739
399
118
-269
-883
-1237
-1503
-1617
-1204
-751
-392
178
548
760
1030
1169
1180
1087
756
195
-238
-586
-907
-1010
-859
-511
-63
526
1250
1822
2147
2194
1972
1517
996
435
-37
-260
-287
-68
197
664
1092
1108
969
855
425
-42
-102
-191
-199
109
259
388
588
440
107
-199
-591
-1013
-1120
-1013
-945
-745
-610
-673
-558
-558
-637
-414
-255
-235
-102
-82
-396
-619
-758
-1071
-1234
-1228
-1304
-1168
-903
-754
-395
-72
66
223
257
109
-136
-551
-1080
-1383
-1522
-1477
-1121
-577
-102
244
524
628
529
293
51
-186
-399
-322
-33
274
632
947
1085
1072
814
374
-133
-768
-1286
-1561
-1512
-990
-221
574
1362
1925
2140
2161
1933
1461
870
276
-221
-507
-416
-47
470
1010
1410
1568
1546
1370
1090
731
372
167
151
277
535
883
1016
1069
966
678
493
333
98
-88
-95
-32
-6
55
94
94
-17
-168
-209
-221
-283
-306
-315
-381
-373
-451
-531
-442
-408
-649
-820
-812
-856
-748
-331
33
101
177
-28
-426
-699
-1141
-1500
-1526
-1443
-1108
-454
144
570
708
536
174
-303
-832
-1211
-1296
-1249
-982
-446
229
691
927
986
681
183
-359
-898
-1212
-1318
-1331
-1015
-502
-139
180
484
537
440
289
50
-137
-337
-463
-495
-508
-355
-208
-89
134
166
75
-75
-189
-159
-91
141
445
805
1175
1363
1377
1281
828
189
-356
-825
-991
-895
-611
-48
610
1119
1553
1789
1764
1532
1146
746
452
217
175
235
175
218
150
-45
-23
16
-13
14
54
154
394
737
994
1112
1065
695
240
-129
-526
-739
-752
-794
-720
-522
-322
-118
14
55
41
-110
-271
-351
-361
-296
-103
48
64
88
-22
-182
-251
-431
-587
-646
-714
-650
-388
-55
119
141
-25
-350
-652
-1010
-1192
-988
-765
-448
85
571
909
1049
973
722
333
-264
-730
-1009
-1252
-1309
-1138
-963
-749
-478
-253
135
328
476
765
931
936
906
842
623
444
194
-42
-148
-301
-420
-358
-265
-107
129
379
684
963
1164
1237
1221
1137
1017
887
705
439
124
-235
-661
-883
-873
-765
-562
-231
141
371
628
828
850
698
398
16
-438
-802
-1116
-1377
-1418
-1451
-1318
-913
-588
-285
76
181
149
108
-124
-430
-658
-906
-1023
-887
-703
-547
-376
-227
-215
-209
-236
-279
-323
-315
-264
-89
242
452
557
672
597
399
190
-59
-245
-438
-621
-576
-259
53
476
1013
1330
1546
1671
1564
1399
1187
745
217
-79
-230
-456
-458
-328
-291
-213
-68
128
390
622
752
1007
1199
1203
1259
1182
898
503
73
-329
-564
-647
-608
-424
-59
271
554
781
842
792
578
368
205
105
24
-42
-56
-4
114
204
227
194
88
-89
-156
-159
-55
104
44
-45
-229
-611
-826
-951
-1129
-1172
-1097
-1009
-844
-534
-245
-20
130
121
-22
-148
-302
-665
-872
-1032
-1251
-1359
-1401
-1317
-1289
-1284
-1194
-1067
-961
-849
-621
-296
-56
91
232
295
110
-77
-182
-380
-509
-595
-544
-421
-368
-231
17
109
177
400
443
426
532
526
526
585
602
613
615
462
290
200
38
-114
-131
-20
132
335
555
773
995
1130
1143
1149
1103
974
801
718
709
614
456
379
278
197
193
232
251
235
276
277
313
546
770
890
979
951
867
745
591
456
314
180
31
-50
-12
64
140
196
228
219
122
19
-56
-176
-282
-362
-278
-43
127
214
185
78
-216
-554
-632
-651
-656
-595
-517
-396
-235
-147
-126
-127
-251
-508
-618
-590
-487
-435
-395
-375
-421
-496
-656
-776
-981
-1242
-1374
-1376
-1268
-1033
-749
-435
-228
-38
97
43
-65
-234
-434
-612
-651
-606
-554
-381
-215
-212
-115
-30
-107
-168
-172
-161
-85
63
236
466
527
422
395
272
67
-94
-263
-360
-356
-252
-40
355
658
870
1078
1099
1022
787
540
244
-64
-253
-386
-339
-131
95
344
638
840
926
937
853
698
571
399
228
141
57
-17
-70
-10
92
215
262
283
323
219
166
322
474
587
700
709
626
387
107
-185
-443
-672
-808
-637
-372
-106
294
688
850
805
688
471
118
-174
-453
-501
-526
-560
-413
-290
-202
-177
-209
-157
-99
-133
-49
185
315
376
431
450
385
200
-72
-280
-422
-669
-798
-706
-560
-454
-202
-17
81
145
50
-70
-168
-242
-284
-231
-57
50
93
96
9
-124
-256
-378
-470
-478
-569
-515
-279
-117
76
323
455
411
261
84
-111
-338
-521
-533
-509
-545
-407
-267
-186
-19
164
263
372
415
328
255
57
-217
-354
-452
-573
-652
-604
-550
-552
-462
-282
-251
-210
-80
-32
-21
97
224
224
172
101
-2
-144
-273
-319
-225
-231
-229
-130
-47
-23
-27
49
161
193
210
350
457
455
479
470
337
266
134
33
-28
29
176
323
587
783
894
951
903
736
612
435
187
157
240
273
367
461
531
540
488
424
378
285
186
210
237
347
444
445
489
491
401
296
241
121
-13
-101
-125
-138
-151
-77
-38
-28
-54
-55
-66
-135
-161
-247
-307
-297
-333
-287
-137
-56
-86
-46
18
-87
-225
-240
-213
-319
-306
-205
-181
-206
-314
-384
-435
-465
-604
-707
-680
-735
-802
-724
-522
-426
-373
-282
-226
-200
-254
-296
-288
-293
-447
-564
-545
-610
-683
-666
-590
-620
-663
-680
-700
-707
-642
-452
-337
-244
-37
103
84
136
144
2
-206
-212
-212
-237
-131
57
226
360
487
465
447
374
251
159
143
233
251
352
509
642
759
791
780
763
669
478
452
484
454
472
627
752
683
615
656
612
523
499
573
566
532
579
551
620
594
523
553
588
451
366
396
345
245
219
236
181
132
58
62
74
93
203
300
359
404
411
324
227
110
-26
-178
-320
-370
-376
-393
-458
-404
-387
-480
-498
-468
-449
-425
-374
-361
-399
-434
-578
-648
-680
-802
-882
-905
-894
-867
-752
-669
-597
-503
-485
-570
-584
-591
-724
-756
-746
-765
-764
-691
-573
-459
-378
-266
-186
-112
-25
108
232
246
293
308
275
219
163
95
59
13
-36
7
81
141
186
317
435
508
550
585
597
576
539
448
362
265
137
65
-2
-58
-87
-11
42
98
274
346
333
271
189
28
-151
-300
-409
-335
-269
-173
15
141
229
266
215
172
182
139
106
161
195
266
327
373
396
442
369
266
279
308
325
321
368
331
297
313
309
254
242
220
174
160
206
314
318
321
314
219
159
117
83
70
47
23
-1
37
51
15
-4
-52
-148
-199
-226
-186
-179
-203
-134
-108
-118
-162
-205
-163
-193
-310
-334
-315
-384
-382
-358
-385
-363
-361
-307
-228
-148
-40
-2
-3
-1
-20
-122
-258
-325
-407
-377
-338
-270
-76
19
82
87
86
45
-60
-150
-191
-220
-281
-298
-274
-255
-290
-350
-375
-346
-354
-332
-207
-104
-15
40
115
109
-39
-147
-226
-371
-519
-604
-612
-569
-484
-303
-53
133
346
492
558
565
484
351
168
5
-129
-154
-177
-177
-48
64
89
131
241
286
323
399
404
384
334
224
112
25
-36
-91
-104
-5
144
230
287
356
393
317
233
212
168
140
155
201
305
330
338
321
269
181
127
128
141
171
256
376
459
546
613
650
639
597
490
435
336
191
114
97
104
145
237
307
333
359
444
439
395
330
274
213
56
-13
-12
-84
-181
-216
-246
-318
-357
-314
-258
-238
-306
-362
-412
-521
-584
-581
-547
-524
-530
-502
-449
-412
-472
-509
-481
-559
-650
-649
-652
-651
-603
-581
-554
-569
-535
-532
-528
-512
-565
-581
-580
-541
-510
-458
-380
-306
-267
-173
-118
-59
-52
-89
-119
-107
-119
-141
-99
0
101
83
191
256
227
187
151
101
63
51
28
61
119
116
180
300
379
457
517
507
487
454
420
406
404
392
375
394
415
431
392
374
369
352
348
389
450
551
640
688
715
694
652
545
463
417
336
289
276
261
299
310
322
376
389
400
365
277
219
176
120
73
50
2
-53
-111
-144
-146
-169
-133
-118
-74
-51
-37
-76
-123
-115
-155
-224
-302
-393
-481
-528
-597
-607
-542
-481
-460
-394
-271
-220
-188
-171
-169
-206
-276
-295
-372
-391
-399
-454
-458
-436
-444
-413
-348
-278
-189
-152
-109
-136
-137
-104
-149
-152
-157
-238
-336
-364
-368
-366
-342
-257
-165
-82
69
173
186
198
172
95
2
-14
-32
-50
-53
-41
-37
-78
-3
68
67
63
89
88
59
72
120
99
50
41
46
46
68
134
205
286
395
463
523
563
539
470
349
207
103
17
-30
-23
27
73
76
137
212
252
236
253
220
164
113
99
122
96
95
67
23
-26
-103
-110
-83
-98
-70
33
119
150
199
225
201
137
61
-40
-109
-157
-213
-217
-197
-105
-30
43
112
165
159
106
107
105
111
140
142
144
149
174
162
147
80
7
-33
-120
-142
-161
-109
-23
74
175
255
353
328
198
89
-26
-212
-379
-419
-442
-412
-308
-237
-150
-45
28
11
6
-17
-77
-212
-290
-297
-310
-306
-262
-200
-173
-175
-189
-153
-154
-182
-143
-63
8
66
164
207
192
165
82
20
12
-50
-117
-76
-16
-12
40
90
80
9
-31
-12
-66
-105
-91
-77
-97
-115
-92
-81
-111
-179
-167
-168
-192
-206
-186
-147
-151
-170
-181
-155
-219
-338
-390
-398
-433
-485
-441
-340
-271
-203
-72
65
116
154
137
102
84
12
-43
-50
-22
28
65
131
266
344
328
391
442
437
398
441
469
467
482
493
494
481
478
468
381
322
381
337
291
408
469
463
516
575
563
493
417
356
212
110
51
-5
-35
-10
91
144
187
251
295
287
233
121
36
-37
-100
-115
-73
-82
-103
-144
-207
-220
-266
-325
-297
-223
-170
-131
-103
-87
-97
-237
-347
-391
-478
-516
-510
-470
-425
-364
-302
-259
-244
-235
-265
-287
-310
-318
-324
-353
-349
-388
-430
-454
-532
-644
-691
-664
-604
-555
-397
-192
-119
-83
13
18
-8
-71
-128
-173
-238
-258
-279
-227
-191
-116
-52
17
100
141
137
126
145
167
197
261
327
322
310
334
294
228
232
208
151
99
83
77
94
192
289
286
331
419
435
393
400
359
330
314
257
278
347
338
303
337
298
283
239
151
119
78
40
-12
-5
64
117
158
247
340
356
360
360
331
312
292
302
266
230
238
157
52
15
2
-11
7
67
108
125
165
213
207
175
130
89
-35
-108
-96
-113
-176
-204
-168
-196
-244
-282
-298
-286
-287
-330
-285
-239
-269
-297
-274
-295
-321
-350
-330
-295
-358
-347
-338
-321
-337
-352
-303
-341
-393
-430
-448
-433
-449
-435
-366
-304
-213
-139
-65
-12
12
-8
-56
-111
-182
-238
-297
-313
-273
-233
-186
-121
-48
54
113
154
158
133
121
60
-2
-7
-51
-89
-127
-147
-72
-38
-67
-45
-6
22
50
88
212
290
315
344
403
439
366
283
262
255
207
199
202
218
194
188
256
294
288
266
262
262
249
195
210
195
157
144
174
253
290
301
299
282
211
162
100
46
50
68
129
140
166
192
161
120
80
56
24
11
-26
-57
-66
-66
-86
-76
-13
32
79
74
95
116
54
-3
-22
-3
-12
2
65
68
97
116
119
90
66
59
45
51
40
17
-41
-64
-91
-159
-178
-134
-117
-137
-195
-173
-141
-191
-195
-148
-164
-239
-253
-262
-267
-272
-257
-239
-240
-180
-163
-164
-158
-179
-232
-272
-310
-369
-374
-335
-359
-392
-350
-310
-315
-320
-260
-209
-266
-340
-341
-302
-326
-420
-380
-309
-277
-253
-165
-116
-134
-115
-112
-99
-39
16
23
90
149
216
220
231
272
236
178
144
143
65
64
145
204
229
289
341
360
359
369
367
373
370
365
366
369
398
407
352
326
377
317
275
280
291
268
256
281
262
247
246
240
222
224
250
208
170
144
110
83
61
56
16
12
10
-3
53
160
219
248
274
290
283
255
242
211
122
49
-12
-67
-144
-175
-150
-134
-127
-105
-78
-93
-89
-86
-115
-132
-134
-132
-144
-134
-132
-185
-229
-258
-245
-206
-201
-203
-213
-219
-254
-247
-234
-252
-299
-329
-375
-407
-410
-415
-382
-334
-272
-212
-181
-190
-216
-281
-375
-456
-472
-452
-452
-409
-324
-249
-184
-156
-136
-160
-155
-136
-131
-105
-52
-28
-36
11
23
-38
-81
-86
-131
-166
-158
-158
-132
-110
-89
-21
37
68
143
204
241
267
268
304
274
260
311
320
319
325
330
292
319
388
397
405
441
488
513
480
483
471
389
321
319
334
313
292
302
295
274
316
359
312
319
323
299
316
285
244
197
211
185
136
168
202
239
218
200
197
113
-2
-72
-128
-185
-263
-282
-257
-237
-207
-161
-170
-169
-154
-200
-220
-224
-281
-346
-314
-219
-161
-126
-59
-34
-112
-145
-162
-218
-296
-349
-308
-282
-256
-191
-141
-140
-158
-213
-255
-288
-339
-381
-402
-377
-355
-338
-313
-263
-232
-220
-190
-181
-163
-169
-156
-115
-102
-146
-90
-55
-85
-63
-36
-44
-47
-12
-23
-45
-6
25
27
-2
4
50
26
25
35
25
-71
-102
-67
-19
32
101
194
228
246
254
228
168
98
26
-6
7
24
15
87
120
143
163
165
153
115
118
149
167
178
193
190
147
135
155
147
154
152
188
222
222
261
342
322
309
329
334
335
256
192
146
82
46
79
117
113
127
139
126
136
137
122
101
121
120
87
66
33
-19
-79
-146
-162
-179
-206
-192
-147
-95
-63
4
45
60
53
43
27
-13
2
9
-36
-76
-58
-89
-107
-61
-35
-66
-93
-65
-110
-177
-204
-237
-274
-260
-252
-230
-216
-189
-166
-152
-125
-110
-105
-126
-117
-108
-122
-102
-84
-114
-161
-204
-232
-273
-323
-315
-311
-339
-294
-205
-176
-177
-152
-142
-148
-129
-108
-90
-90
-56
-37
-36
45
122
119
119
157
123
22
-27
-3
-4
-12
51
103
106
115
135
126
72
23
-2
9
29
37
53
128
156
152
173
193
159
136
132
141
166
145
146
212
222
208
260
262
240
166
128
127
127
112
129
143
127
137
151
134
82
71
38
29
85
115
119
113
85
56
-22
-91
-112
-110
-83
-32
43
125
186
213
219
177
115
36
-7
-42
-64
-97
-72
-5
-8
-1
14
36
-5
-19
13
50
41
25
73
72
36
36
19
-1
-26
-13
-13
-26
-10
-20
-26
-54
-70
-59
-51
-47
-92
-126
-193
-275
-315
-321
-304
-298
-292
-286
-242
-248
-259
-223
-205
-201
-179
-176
-175
-201
-205
-233
-225
-221
-208
-188
-188
-140
-115
-136
-214
-218
-194
-185
-144
-64
-24
-9
10
17
27
14
-6
13
44
60
110
136
137
144
157
163
103
42
55
66
26
14
65
80
88
126
180
207
224
199
213
225
167
142
153
184
168
174
189
194
159
124
135
162
194
223
245
277
255
239
242
244
216
159
137
135
119
84
69
72
67
30
6
28
65
56
56
87
99
50
9
-16
-67
-129
-170
-179
-167
-180
-143
-84
-102
-99
-84
-30
8
27
62
112
93
67
56
-16
-65
-109
-185
-200
-159
-150
-150
-86
-61
-81
-92
-58
-30
-42
-10
44
73
90
132
118
110
68
34
-6
-25
-25
-50
-108
-148
-206
-271
-252
-231
-199
-193
-143
-153
-179
-209
-232
-243
-222
-227
-233
-195
-149
-99
-92
-68
-84
-109
-122
-121
-112
-134
-164
-198
-164
-138
-135
-110
-64
7
4
47
113
140
136
100
89
80
19
-22
-6
-25
-30
-14
36
55
16
-15
40
86
94
128
183
233
222
200
190
175
116
47
19
49
70
56
92
161
196
224
293
366
396
359
355
316
224
135
80
35
17
-10
-14
10
63
93
106
145
166
187
186
210
223
188
143
146
138
99
36
43
45
0
-2
-12
-39
-101
-168
-204
-211
-205
-212
-185
-114
-56
-8
-14
5
39
-5
-78
-104
-99
-143
-172
-146
-75
-20
-12
12
-26
-104
-177
-252
-272
-229
-199
-149
-86
-42
4
10
-15
-42
-40
-60
-75
-69
-74
-109
-93
-35
-11
7
6
-21
-49
-47
-59
-76
-104
-95
-80
-106
-111
-124
-175
-212
-226
-224
-227
-238
-243
-216
-135
-105
-79
-55
6
61
51
28
6
0
-67
-138
-146
-133
-158
-164
-111
-60
-21
25
67
88
115
104
67
76
90
104
96
123
129
119
122
133
134
154
159
154
162
154
152
151
119
80
101
136
166
225
295
354
378
391
394
372
348
336
281
198
162
144
94
45
69
92
72
75
120
123
96
88
76
74
125
192
213
229
228
188
101
0
-14
-65
-95
-89
-55
-51
-63
-28
-34
-73
-93
-119
-130
-154
-195
-194
-218
-186
-166
-162
-132
-124
-150
-173
-162
-164
-179
-182
-158
-130
-117
-126
-93
-90
-159
-185
-197
-188
-191
-199
-199
-226
-226
-204
-195
-150
-127
-138
-181
-179
-182
-231
-214
-164
-168
-151
-143
-152
-143
-150
-130
-140
-124
-130
-85
-108
-147
-132
-171
-173
-166
-143
-79
-22
0
-9
3
35
27
-12
-11
12
-5
-15
29
107
117
133
208
237
254
260
257
226
190
165
148
118
155
224
262
274
310
348
311
303
326
315
303
295
328
329
309
317
281
251
231
231
193
190
201
205
227
256
251
196
177
142
115
86
83
109
83
69
92
91
39
6
6
-5
-1
2
0
-3
-15
-23
-67
-85
-98
-125
-142
-180
-171
-214
-246
-214
-205
-217
-171
-160
-161
-172
-171
-210
-252
-253
-235
-224
-245
-205
-196
-219
-238
-258
-284
-351
-400
-405
-372
-341
-317
-300
-254
-251
-245
-197
-153
-132
-107
-85
-111
-96
-84
-64
-84
-110
-97
-65
-40
-41
-23
-6
-4
-28
-40
-14
16
38
75
112
142
184
214
241
269
255
208
145
114
92
73
76
116
95
84
127
133
151
132
133
114
87
59
70
66
89
141
161
145
150
149
134
131
136
133
98
85
106
97
93
109
109
91
85
116
95
61
55
37
8
8
28
15
29
37
65
123
173
217
227
210
224
210
152
136
137
123
102
106
113
106
68
32
1
-41
-71
-119
-128
-140
-136
-111
-93
-43
-42
-65
-45
-23
-61
-73
-61
-61
-88
-114
-116
-117
-130
-133
-166
-213
-249
-201
-149
-133
-121
-116
-67
-93
-112
-104
-85
-75
-91
-66
-30
-49
-116
-146
-126
-116
-150
-141
-112
-158
-182
-166
-143
-145
-161
-142
-118
-132
-137
-176
-188
-193
-186
-158
-144
-70
-18
