5
6
-2
-8
2
0
0
3
0
1
0
9
8
-3
5
6
4
17
21
27
34
30
28
33
21
9
22
22
15
19
24
25
19
6
-6
-3
-7
-15
-16
-13
-11
-12
-6
-3
-2
1
3
11
12
5
2
5
8
7
3
-2
-11
-15
-21
-25
-24
-30
-26
-13
-17
-13
-10
-11
-14
-15
-12
-22
-32
-26
-22
-15
-4
-7
-2
0
-1
-3
-7
1
2
-2
-1
4
14
22
29
33
39
37
29
30
27
27
33
23
23
32
26
34
35
28
31
32
32
33
31
35
28
22
19
7
5
-3
-8
-17
-20
-16
-23
-30
-40
-40
-33
-30
-18
-6
4
14
23
30
37
29
9
-5
-18
-30
-37
-46
-55
-54
-57
-60
-49
-43
-44
-50
-52
-52
-55
-60
-60
-51
-45
-29
-26
-26
-17
-16
-18
-23
-18
-18
-21
-15
-11
-7
-4
-11
-14
-16
-18
-22
-31
-35
-37
-39
-39
-29
-11
-8
-1
7
15
20
20
25
26
26
25
25
36
36
38
49
53
64
71
75
79
68
71
65
59
68
60
66
76
76
83
90
89
97
106
103
106
99
90
80
78
80
71
63
58
49
34
21
11
-1
-10
-20
-28
-21
-15
-15
-3
6
11
12
9
9
-9
-33
-46
-64
-78
-77
-81
-78
-69
-66
-56
-50
-54
-54
-64
-79
-83
-88
-93
-98
-102
-105
-112
-118
-117
-124
-138
-139
-131
-131
-125
-107
-93
-85
-77
-75
-71
-72
-83
-87
-88
-101
-109
-115
-111
-96
-84
-68
-41
-24
-19
-3
16
26
12
1
11
26
34
41
57
67
67
82
99
121
154
169
197
229
248
270
275
292
309
306
297
283
269
237
210
200
182
178
190
211
249
294
350
402
430
438
401
331
268
196
105
43
33
42
67
129
192
225
245
242
188
104
-3
-137
-292
-479
-698
-909
-1094
-1237
-1334
-1346
-1253
-1111
-899
-611
-306
-16
244
453
572
578
505
367
153
-63
-253
-434
-568
-645
-698
-728
-715
-697
-686
-634
-536
-411
-255
-50
151
312
463
581
622
591
504
354
136
-93
-293
-453
-541
-559
-545
-461
-309
-143
16
174
323
438
551
658
735
778
749
669
600
559
531
500
500
532
562
629
724
789
859
968
1064
1142
1222
1259
1168
1045
1024
962
828
747
706
656
699
894
1101
1318
1610
1772
1699
1496
884
-526
-2354
-3959
-5451
-6855
-7409
-6869
-5813
-4311
-1965
759
2911
4321
5197
5363
4656
3382
1866
267
-1146
-2154
-2688
-2687
-2337
-2043
-1897
-1701
-1568
-1770
-2135
-2312
-2217
-1841
-1058
127
1437
2632
3600
4219
4401
4032
3004
1477
-134
-1582
-2795
-3594
-3839
-3595
-2978
-2024
-828
315
1119
1573
1786
1839
1786
1631
1460
1374
1377
1446
1528
1519
1277
773
107
-655
-1427
-2098
-2595
-2789
-2567
-1912
-959
95
1138
2029
2652
2957
2912
2528
1871
1080
318
-278
-668
-931
-1056
-1034
-916
-758
-658
-643
-703
-789
-801
-670
-372
45
516
1018
1497
1850
1999
1885
1500
907
198
-513
-1161
-1671
-1945
-1964
-1768
-1382
-841
-300
141
509
776
894
895
820
716
651
636
607
542
496
365
-1
-382
-641
-1045
-1582
-1854
-1849
-1884
-1785
-1243
-583
-136
325
908
1260
1243
1126
943
520
4
-379
-680
-930
-1034
-1009
-950
-813
-588
-420
-358
-271
-140
-71
-15
141
340
466
572
712
782
697
522
342
152
-55
-192
-199
-78
156
520
938
1287
1546
1667
1603
1416
1155
768
273
-118
-279
-299
-214
42
405
710
959
1231
1426
1395
1204
988
804
670
550
436
394
475
582
626
752
1009
1169
1205
1320
1251
460
-908
-2243
-3468
-4790
-5812
-6068
-5795
-5160
-3831
-1934
-192
1042
1884
2351
2390
2109
1557
765
-15
-575
-876
-923
-777
-689
-823
-998
-1123
-1328
-1639
-1988
-2209
-2101
-1578
-737
258
1268
2105
2739
3227
3324
2851
2059
1033
-391
-1715
-2310
-2693
-3304
-3271
-2340
-1627
-1242
-273
746
796
572
902
1099
708
515
715
651
487
682
857
592
174
-163
-625
-1145
-1404
-1447
-1478
-1272
-557
376
1139
1778
2309
2481
2301
2058
1811
1393
857
526
543
760
1062
1453
1954
2454
2801
3037
3232
3250
2990
2622
2385
2343
2341
2145
1853
1847
2186
2590
2982
3521
4160
4516
4257
3429
2035
-877
-6046
-11487
-14518
-15900
-17190
-16367
-11932
-6738
-2347
3464
10171
13525
12736
11115
9553
6302
1760
-2129
-4906
-6886
-7713
-7056
-5307
-3542
-2982
-3381
-3328
-2827
-3090
-3993
-4142
-2996
-1052
1389
4250
6929
8533
8760
8012
6638
4343
774
-3331
-6539
-8222
-8753
-8446
-7115
-4824
-2223
274
2671
4512
5069
4503
3634
2930
2494
2228
1903
1593
1623
1863
1856
1443
509
-928
-2312
-3328
-4135
-4374
-3970
-4414
-5970
-5954
-3835
-2566
-1878
981
4079
4512
5086
7681
8264
5304
2525
893
-1671
-4099
-4629
-4745
-5135
-4196
-1889
304
2047
3467
3911
3485
3393
3737
3468
2466
1870
2202
2532
2513
2921
3362
2775
1961
2226
2687
2276
1890
2093
2302
2679
3392
3577
3042
2487
2039
1743
1928
2200
2213
2774
3940
4362
3511
862
-4703
-11097
-14851
-16961
-19084
-18594
-14451
-9792
-4768
3011
10823
13860
13067
12011
10289
6140
949
-3322
-6681
-9021
-9302
-7241
-4083
-1751
-1033
-818
-280
-475
-2289
-4697
-6128
-6154
-4991
-2502
1072
4506
6829
8291
9269
9123
6876
2720
-1805
-5416
-7805
-8914
-8722
-7369
-5006
-2001
1138
3947
5566
5417
4270
3132
2149
1294
670
377
754
1520
1313
-365
-2430
-4442
-6758
-8247
-7585
-5918
-4397
-1601
2948
6912
9031
10001
9431
6766
3350
231
-2934
-5848
-7357
-7199
-5837
-3275
135
3021
4655
5737
6546
6418
5294
3937
2744
1622
847
878
1355
1500
1472
1791
2099
2077
2095
2198
2275
2542
2929
3371
4172
4904
4814
4480
4712
4894
4575
4590
5230
6030
6942
7581
7424
5948
425
-10185
-19735
-23825
-27092
-30796
-28300
-19965
-12662
-4648
8678
21101
24565
22138
20058
17104
10398
2093
-4995
-10681
-14540
-15286
-12778
-8571
-5443
-4920
-5146
-4161
-3231
-4133
-6012
-6539
-4683
-1246
2948
7635
11761
13813
13650
12367
10178
5788
-965
-7799
-12477
-14489
-14522
-13230
-10412
-6054
-1298
3126
7147
9443
8935
7076
5513
4313
3332
2529
1749
1344
1854
2290
434
-3669
-7546
-10668
-13532
-13833
-10548
-6733
-3189
2666
10020
14993
16475
15571
12238
6725
944
-4014
-8350
-11381
-12044
-10328
-6529
-1354
3326
6107
7502
8433
8578
7209
4892
2984
1569
324
293
1544
2216
1752
1373
1565
1788
1772
1691
1742
2182
3148
4290
5191
5873
5988
5189
4382
4019
3254
2237
1887
2102
2854
4708
7393
9576
10569
9522
3405
-8566
-18940
-23483
-27863
-32343
-29843
-21676
-14706
-5879
8734
21304
24191
21693
19955
16868
9456
773
-6106
-11576
-15147
-15163
-11728
-6783
-3468
-3264
-3595
-2637
-2492
-4586
-7157
-7913
-6273
-2996
1454
6746
11290
13480
13655
12859
10737
5955
-1148
-7873
-12206
-14184
-14303
-12799
-9678
-5156
-406
3888
7743
9582
8393
6295
4757
3404
2475
1718
893
929
408
-2471
-4942
-5952
-8935
-12062
-10514
-7186
-5524
-1527
5682
10421
11983
13771
13922
9991
5215
1493
-3178
-7834
-9861
-9803
-8647
-5922
-1984
1592
4068
6168
8174
8918
7939
6733
5984
4634
2869
2029
1725
704
-513
-779
-698
-879
-363
848
1967
3562
5412
6286
6659
6951
6202
4852
3954
2686
764
-146
456
1375
2452
4112
6078
8150
10499
13026
13891
7828
-6080
-17685
-22494
-27128
-32141
-30310
-23352
-18059
-10204
4951
19161
23428
20949
18764
16514
10789
2945
-4027
-9561
-13436
-14316
-11247
-5873
-2507
-3089
-4346
-3650
-2990
-4696
-7684
-9031
-7465
-4007
672
6313
11048
13153
13355
12963
11576
7523
553
-6739
-11601
-13443
-13255
-12003
-9582
-5904
-1618
2888
7092
9232
8265
5887
4023
2940
2456
2143
748
-2516
-5074
-4501
-4155
-6290
-6839
-5212
-5514
-5178
212
5722
6699
7153
9495
10221
8462
6634
3985
-512
-4482
-6450
-7103
-6888
-5828
-4223
-2063
1129
4702
7145
7780
7574
7722
7376
5919
4496
2948
637
-1028
-1064
-741
-977
-866
103
1132
2493
4586
5591
5091
4939
4947
4141
3386
3133
2259
830
465
1260
2157
3014
4150
5425
7020
8945
10791
12120
9140
-2569
-15894
-21391
-24831
-31027
-31635
-24635
-18886
-13188
129
15939
22708
20586
18357
17333
12777
5129
-2040
-7878
-12325
-14114
-12152
-7273
-3274
-3332
-4919
-4430
-3229
-4125
-6868
-8783
-7941
-4748
-171
5252
10169
12951
13425
12851
11913
8869
2420
-5061
-10486
-12904
-13066
-12176
-10240
-6727
-2435
1761
5919
8629
8238
6226
4578
3558
3148
2764
707
-2967
-4950
-4489
-4850
-5978
-5340
-4593
-5216
-3463
1695
5577
6559
7247
8424
8655
7728
6019
2944
-963
-4267
-6243
-6783
-6314
-5385
-4311
-2340
1213
5026
7473
8371
8667
8651
7682
6278
4762
2303
-445
-1951
-2218
-2048
-1758
-1182
-170
1218
3210
5341
6245
6044
5657
5069
4221
3398
2537
1224
20
-78
655
1711
2989
4178
5271
7088
9164
10455
11515
8785
-3023
-16256
-21046
-24592
-31366
-31218
-23439
-18260
-12925
803
16156
21754
19669
18344
17178
11960
4559
-2035
-7651
-11851
-13353
-11470
-6920
-3365
-3846
-5240
-4302
-3339
-4607
-7163
-8627
-7389
-4043
506
5769
10293
12544
12753
12385
11464
7949
1412
-5418
-10364
-12737
-12555
-11416
-9753
-6305
-1991
1848
5621
8204
7796
5811
4284
3457
3292
2240
-802
-3071
-3339
-4170
-5347
-4924
-5017
-6463
-5365
-1332
2105
4534
6999
8467
8694
9007
8373
5189
1057
-2393
-5207
-6915
-6877
-5862
-4882
-3189
-59
3578
6334
7545
7875
7849
7160
6285
5561
3923
1488
-59
-558
-766
-848
-745
-422
82
1569
3803
5035
5334
5361
5085
4864
4737
4164
2843
1626
1198
1374
2244
3325
4168
5171
6681
8366
10220
11407
6355
-7207
-18182
-21288
-26371
-32464
-28915
-20832
-17067
-9713
6265
19685
22007
19293
18432
16153
9521
1977
-4318
-9820
-13509
-13872
-10832
-5936
-3190
-4395
-5346
-3920
-3312
-5129
-7575
-8188
-6172
-2479
2313
7524
11354
12770
12488
11687
10081
5703
-1353
-7807
-11577
-12901
-12478
-11016
-8404
-4576
-552
3365
6967
8366
7015
5105
3815
3106
2900
1451
-1745
-3694
-3704
-4353
-5175
-4659
-4874
-5907
-4544
-945
2382
4637
6201
7437
8367
8851
7880
5058
1606
-1834
-4692
-6150
-6383
-6052
-5426
-3697
-319
3456
6103
7478
8235
8375
7787
6963
5717
3552
1174
-278
-654
-627
-588
-253
361
1150
2630
4211
4643
4209
4002
4371
4564
4323
4045
3398
2656
2557
3084
3877
4476
5072
6035
7639
9759
7992
-2235
-14342
-19608
-23508
-30424
-30714
-23288
-18666
-14030
-323
15682
22023
20371
19168
18323
13260
5533
-1345
-7421
-12470
-14615
-12967
-8445
-4681
-4813
-6072
-4904
-3274
-4091
-6634
-8054
-6761
-3632
627
5921
10448
12489
12667
12228
11251
7968
1459
-5635
-10651
-12912
-12894
-11969
-10175
-6758
-2604
1384
5357
8020
7663
5675
4268
3823
3864
3517
1957
-692
-2520
-2581
-3360
-5511
-6658
-7377
-8593
-7107
-2214
2173
4683
7112
9899
11486
11281
9493
5640
706
-3606
-6375
-7450
-7618
-6971
-5308
-2455
1559
5277
7584
8244
7886
7595
6932
5684
4279
2415
730
57
96
451
470
266
668
1573
3040
4329
4204
3694
3896
4294
4291
4413
4635
3585
2548
3385
4831
5675
6155
6819
8085
9730
7576
-2860
-14772
-19970
-24847
-31725
-30350
-22500
-18695
-13725
632
15890
21400
20344
20074
18630
12653
5324
-864
-6766
-11985
-14207
-12488
-8178
-4797
-5114
-6036
-4818
-3992
-5013
-6878
-8050
-6999
-3748
868
6144
10650
12866
12967
12277
11163
7815
1244
-5780
-10750
-13220
-13350
-12254
-10157
-6617
-2549
1355
5287
7829
7335
5405
3991
3316
3218
2887
2328
1716
313
-1055
-1664
-3543
-7189
-9223
-9040
-8800
-6666
-1646
2888
5888
9333
12768
13333
11114
7852
3361
-1552
-5249
-7391
-8392
-8394
-6663
-3447
212
3842
6648
8016
8074
7668
7334
6262
4381
2763
1678
918
586
700
801
485
394
1189
2259
2914
3113
3306
3855
4240
4524
4837
4437
3754
3307
3131
3599
4197
4722
5644
7083
9301
9833
3037
-9400
-17445
-21455
-28763
-32576
-26878
-21295
-17891
-7104
9432
19966
21179
20362
20319
16507
9108
1939
-4517
-10295
-13829
-13863
-10487
-6147
-4721
-5629
-4887
-3331
-3848
-5976
-7997
-8036
-5537
-1540
3410
8255
11588
13155
13294
12728
10633
4968
-2566
-8598
-12235
-13388
-12945
-11783
-9046
-4722
-190
3926
7258
8252
6750
4857
3748
3451
3129
2151
1405
962
99
-1221
-3095
-5558
-7719
-8940
-9347
-8057
-4841
-1156
2727
7223
11212
12855
12254
10450
6990
2293
-2189
-5797
-8257
-9382
-8611
-6061
-2606
1144
4451
7008
8503
8787
8438
7331
5485
3762
2428
1414
755
444
472
520
675
1322
2022
2470
2665
2664
3221
4112
4510
4837
5236
5087
4346
4083
4623
4536
4318
5437
6566
7336
8464
5137
-6123
-16470
-20016
-25118
-31575
-28988
-21790
-18116
-10922
4279
17570
21005
19765
19846
17889
11464
3934
-2786
-8608
-12718
-13972
-11662
-7434
-5211
-5881
-5750
-3991
-3665
-5433
-7633
-8329
-6384
-2603
2081
6929
10685
12759
13308
12929
11376
6777
-483
-7133
-11364
-13128
-13223
-12571
-10388
-6293
-1771
2552
6434
8048
6992
5472
4594
4172
3802
2860
2143
1792
284
-1729
-3138
-5927
-9984
-11216
-9899
-8862
-5821
118
5213
8749
12582
15179
13910
10373
6447
1255
-4005
-7415
-9373
-10149
-9107
-5966
-1947
1704
5002
7567
8700
8530
7973
7371
5832
3750
2683
2171
1367
1042
1177
973
622
769
1407
1676
1547
1952
2836
3645
4518
5600
6141
6102
6320
6371
6256
6225
5726
5627
6715
8018
5596
-4112
-15025
-19983
-24369
-30817
-30047
-23026
-19395
-14074
362
15395
21079
20638
20893
19748
13898
6465
-290
-7028
-12564
-14689
-13253
-9495
-6404
-6473
-6611
-4625
-3524
-4628
-6712
-7904
-6498
-3116
1162
5989
9973
12168
13156
13281
12202
8416
1437
-5695
-10531
-13004
-13767
-13609
-11984
-8356
-3706
981
5297
7881
7559
6151
5376
4951
4413
3313
2281
1600
513
-643
-2129
-5144
-8733
-10605
-10867
-10187
-7326
-2763
1825
6482
11243
14594
14920
12808
9124
4062
-1048
-5360
-8601
-10383
-10376
-8130
-4423
-357
3456
6344
8147
8994
9211
8639
7018
5125
3544
2409
1732
1295
990
447
-50
410
1271
1517
1484
1727
2363
3406
4497
5374
5927
5869
5542
5782
6371
5936
4763
4798
5748
6763
8029
5167
-5669
-16328
-20131
-24784
-31200
-29444
-23162
-20039
-12730
3177
17017
20867
20479
21527
20066
13739
6130
-1187
-8312
-13394
-14697
-12586
-9078
-7302
-7734
-6709
-3961
-3166
-4891
-7216
-8081
-6233
-2369
2347
6806
10018
12116
13511
14057
12800
8008
490
-6251
-10712
-12991
-13612
-13706
-12323
-8343
-3248
1607
5747
7731
7163
6147
5733
5486
4878
3334
2189
1689
-266
-2544
-3805
-6888
-11129
-11335
-9105
-8322
-5184
1236
5899
8851
12802
15357
13328
9456
5899
876
-4144
-7182
-9079
-10035
-9137
-5925
-2167
1070
4440
7031
8163
8515
8731
8448
6727
4723
3726
2618
1201
521
174
-333
-557
81
1210
1662
2150
3350
4153
4751
5668
6368
6126
5326
5004
4562
4111
4136
4296
5135
6412
8108
7168
-1675
-12811
-18089
-22659
-29879
-30558
-24096
-20390
-15643
-1627
13725
20038
20247
21329
20933
15124
7494
563
-6460
-12308
-14837
-13677
-10309
-7536
-7146
-6586
-4233
-3119
-4430
-6587
-7875
-6866
-3704
639
5115
8824
11540
13317
13999
13129
9545
2868
-4184
-9242
-12168
-13355
-13848
-12920
-9305
-4412
307
4539
7261
7283
6176
5795
5430
4736
3552
2222
1385
-45
-1778
-3365
-6321
-9502
-9923
-8597
-7534
-4445
820
4810
8043
11874
13890
12298
9076
5628
1079
-3201
-5969
-8036
-8997
-8077
-5344
-2085
975
4133
6291
7195
7840
8330
8003
6356
4724
3855
2729
1584
936
337
-416
-825
-319
650
1335
1945
2798
3765
4989
6141
6533
6200
5545
4991
4426
3960
3581
2960
3386
4885
6610
8078
3959
-7321
-15946
-18959
-24797
-30610
-27342
-21722
-19123
-10169
5975
17489
19829
19834
21119
18749
11812
4353
-2845
-9523
-13738
-14439
-12038
-8553
-7125
-7228
-5368
-2926
-3185
-5381
-7540
-8002
-5877
-1980
2400
6218
9372
12171
13838
14066
12418
7035
-584
-6607
-10433
-12604
-13706
-14021
-11947
-7233
-1911
2706
6193
7481
6692
5859
5574
5136
3915
2018
562
-731
-2343
-3973
-6063
-8063
-8499
-7291
-5284
-2493
1193
4778
7725
10277
11669
10712
7974
4626
875
-2597
-5085
-6840
-7781
-7206
-5011
-2179
591
3255
5507
6993
7795
8434
8589
7464
5796
4489
3258
1871
710
-118
-883
-1165
-504
818
2239
3147
3690
4525
5473
5960
5981
5512
4548
3678
3230
3248
3541
3939
4800
6182
8256
8231
660
-10729
-16949
-21222
-28680
-30948
-25212
-21147
-17078
-4512
10811
18452
19539
20672
20840
16174
8915
1656
-5466
-11122
-13830
-13320
-10351
-7458
-6827
-6319
-3976
-2605
-4039
-6762
-8690
-8194
-5330
-1261
3095
6908
10072
12684
14104
14044
11378
5105
-1976
-7081
-10316
-12213
-13465
-13519
-10862
-6113
-1215
2998
6006
6719
6004
5585
5495
5034
2769
-673
-2329
-2481
-3494
-4757
-4725
-4758
-5093
-3245
-1
1982
3010
4497
6143
7067
7374
6476
3997
1489
-224
-1720
-3216
-4351
-4924
-4728
-3286
-801
1709
3449
4718
6229
7653
8359
8199
7019
5113
3429
2275
1209
157
-867
-1488
-1044
412
2408
3936
4469
4793
5266
5543
5351
4836
4250
3344
2807
3613
4458
4521
5258
6722
8208
8016
1350
-9716
-16616
-21327
-28388
-30569
-25467
-21362
-17426
-5964
9109
17398
18725
20090
20863
16417
9422
3040
-3786
-9699
-12543
-12553
-10319
-7900
-7403
-6964
-4855
-3459
-4647
-7217
-9054
-8538
-5598
-1452
2758
6578
10028
12675
14152
14484
11989
5756
-1050
-6074
-9612
-11772
-13100
-13352
-11152
-6947
-2305
1936
4844
5579
5194
5226
5445
4970
3913
2647
594
-1686
-2637
-3682
-6124
-7221
-5976
-5004
-3878
-460
3147
4820
6373
8519
9047
7534
5567
3110
226
-1916
-3400
-4722
-5535
-5090
-3653
-1957
415
2971
4540
5505
6684
7936
8205
7310
6108
4724
3083
1691
725
-284
-1204
-1307
-445
1003
2368
3325
4034
4661
5420
5951
5627
4892
4358
3911
4073
4951
5635
6466
7591
8554
7803
962
-10102
-17473
-22516
-29433
-31847
-26849
-21971
-17015
-5269
9387
17907
20004
21332
21766
17419
10355
3712
-3037
-8956
-12066
-12198
-10237
-8178
-7652
-7101
-5325
-4499
-5679
-7749
-9283
-8680
-5778
-1609
2699
6552
10255
13296
14773
14695
12201
6472
-301
-5607
-9260
-11676
-13389
-13813
-11465
-7197
-2881
1053
4057
5121
4908
4933
5178
4767
3586
2601
1905
333
-1590
-3072
-5033
-6867
-6667
-5284
-4335
-2409
1038
3889
6011
8187
9107
7943
5993
4011
1493
-982
-2849
-4546
-5514
-5000
-3608
-2154
-448
1691
3564
5004
6390
7511
7890
7292
6358
5542
4058
2129
771
-362
-1420
-1582
-767
250
1139
2295
3655
4737
5620
6335
6635
6524
6118
5702
5390
4761
4163
4430
5368
6889
6633
-441
-10965
-16530
-20594
-27575
-29542
-24869
-21739
-17798
-5863
8619
16182
18178
20524
21548
17733
11494
4912
-2186
-8008
-11133
-11864
-10502
-8962
-8917
-8168
-5638
-4303
-5449
-7485
-8804
-8031
-4930
-981
2534
5885
9504
12582
14459
14884
12329
6537
233
-4703
-8141
-10686
-13151
-14074
-11735
-7563
-3315
728
3628
4544
4658
5144
5400
4689
3285
2271
2794
3975
2769
-669
-3154
-5685
-8997
-9209
-7364
-7438
-6357
-1229
4304
7991
10947
12276
10621
8061
6040
2721
-1813
-5429
-7538
-8102
-6816
-4331
-2106
-226
2232
4940
7039
7864
7477
6881
6250
5642
5140
3859
2119
914
178
-113
-140
-115
-67
-58
1004
3158
4370
4661
5470
6432
6706
6895
7393
6839
5363
5001
5499
5777
6880
6662
-795
-11884
-16983
-20099
-27372
-30243
-25324
-21613
-18198
-6862
7988
15847
17400
19735
21816
18796
12280
5463
-1124
-6653
-10253
-11501
-10386
-9064
-9313
-8728
-5960
-4508
-6014
-8278
-9440
-8444
-5448
-1835
1615
5018
8813
12489
14847
15414
13129
7618
1410
-3448
-7035
-10090
-13247
-14884
-12813
-8438
-4294
-485
2828
4282
4465
4972
5432
4732
3062
1960
2751
4415
3766
339
-2391
-4269
-7288
-8708
-7394
-7174
-7221
-3275
2754
6809
9435
11265
10757
8735
7040
4433
-65
-4272
-6399
-6901
-6273
-4516
-2469
-816
1230
4048
6437
7216
6695
6195
6003
5744
5354
4305
2751
1568
971
777
523
213
107
113
970
2818
4035
4040
4419
5668
6200
6273
7121
7071
5615
5683
7106
7475
7838
5854
-3693
-14298
-17947
-21940
-29260
-29723
-24354
-21462
-16055
-2756
10438
15651
17051
20150
21026
16674
10305
3790
-2206
-6664
-9448
-10180
-9029
-8329
-8780
-7510
-5115
-5274
-7554
-9750
-10426
-8535
-5137
-1789
1489
5446
9930
13541
15681
15818
12417
6556
1172
-3258
-7074
-10488
-13724
-14652
-11780
-7427
-3712
-297
2414
3501
4134
4953
5101
4248
2826
2419
3705
4836
3554
-17
-3078
-5041
-7334
-8490
-7629
-6912
-5960
-1919
3922
7787
9601
10523
9908
7975
5855
2892
-1462
-5096
-6480
-6325
-5389
-3823
-1983
-298
1932
4794
6700
6974
6164
5424
5474
5466
4790
3738
2439
1342
1173
1465
1299
879
518
437
1276
2764
3598
3543
3922
5203
6358
6960
7588
7873
7340
7268
8082
9052
7592
-907
-12137
-17346
-20999
-28071
-30171
-25256
-21954
-18225
-6619
7421
14510
16134
18629
20698
17936
12069
5923
-45
-4949
-8107
-9091
-8116
-7458
-8088
-7490
-5478
-5267
-7232
-9664
-11279
-10317
-6804
-3023
72
3712
8442
12653
15192
16124
14131
8788
2990
-1551
-5339
-8904
-12578
-14552
-12832
-8930
-5155
-1814
1077
2625
3226
4139
4812
4242
2916
2186
2731
4112
4554
2034
-1517
-3144
-4683
-7080
-7382
-6296
-6479
-5023
111
4715
6691
8207
9204
8359
7089
5675
2097
-2171
-4302
-4844
-4947
-4390
-3092
-1708
-73
2620
5375
6544
6113
5425
5592
5889
5304
4208
2863
1501
1026
1306
1439
1296
983
773
1288
2627
3663
3539
3534
4584
5569
6084
6847
7385
6914
6712
7501
8272
7683
1608
-9291
-16022
-18977
-25238
-29242
-25311
-21025
-18500
-9592
4221
12657
14502
16698
19538
17742
12239
6697
1304
-3528
-6802
-8229
-7853
-7195
-7595
-7366
-5443
-4615
-6300
-8700
-10264
-9767
-7084
-3750
-824
2265
6465
10790
13611
14859
13848
9593
4244
120
-3358
-6983
-10695
-13031
-12212
-9272
-6055
-2942
-209
1510
2435
3523
4430
4154
2970
2218
2546
3186
3773
3475
947
-1934
-3129
-4569
-6921
-7442
-6267
-5591
-3584
1067
4846
6182
7431
8592
7870
6152
3987
512
-2683
-3852
-4088
-4441
-3945
-2272
-668
1094
3658
5562
5691
5006
4947
5445
5135
3992
3151
2440
1664
1731
2292
2040
1327
1230
1445
1638
2470
3313
3271
3585
4873
5938
6404
6907
7301
7338
7538
7843
8300
6810
-933
-11123
-16243
-20031
-26528
-28322
-23627
-20269
-16638
-6074
6509
12820
14745
17575
19096
15952
10581
5227
168
-4016
-7077
-8308
-7595
-7054
-7404
-6465
-4709
-5098
-7251
-9281
-10430
-9634
-6881
-3810
-988
2628
7274
11456
14002
14825
13101
8705
3844
-288
-3987
-7599
-11294
-13233
-11756
-8506
-5552
-2676
245
1928
2671
3603
4231
3819
2534
1749
2542
3905
4410
4219
3597
1276
-2159
-4376
-6244
-8737
-9342
-7442
-5339
-2558
2065
6070
8056
9477
10188
8698
5524
2282
-672
-3120
-4523
-4998
-4661
-3407
-1452
763
2953
4631
5126
4782
4538
4538
4262
3534
2923
2675
2436
2430
2758
2656
2073
1772
1750
1619
1651
2231
2802
2958
3770
5344
6209
6383
6826
7360
7394
6987
7186
7084
1762
-8166
-14514
-17612
-23481
-27323
-24072
-19994
-17510
-10120
1915
10277
12938
15261
17785
16347
11616
6818
2418
-1765
-5206
-7100
-6999
-6399
-6779
-6522
-4959
-4844
-6769
-8716
-9879
-9727
-7699
-4742
-2119
813
5234
9861
12789
14094
13526
10247
5682
1647
-1878
-5409
-9208
-11987
-11692
-9095
-6469
-4034
-1346
626
1579
2548
3556
3649
2541
1398
1604
2764
3414
3381
3565
3395
1900
-146
-2307
-4955
-7290
-8121
-7392
-5660
-3205
-149
3208
6301
8481
9114
7899
5471
2795
405
-1787
-3812
-4840
-4384
-2917
-882
1402
3280
4057
4089
4296
4414
3694
2498
1673
1440
1683
2377
3098
3355
3247
3144
3219
3017
2192
1453
1349
1663
2404
3537
4620
5365
5862
6585
7542
7921
7252
6490
6952
5560
-2274
-11380
-15036
-18815
-25128
-25278
-20124
-18021
-15151
-5192
6070
11336
12932
15603
16956
13907
9298
5157
829
-3099
-5820
-6774
-6035
-5668
-6340
-5992
-4991
-5705
-7677
-9448
-10386
-9433
-6700
-3813
-1158
2488
7144
10968
13191
14066
12509
8464
4185
548
-2931
-6527
-10137
-11848
-10504
-8072
-5842
-3359
-1145
148
1222
2506
3335
3125
2455
2430
3155
4111
4736
4565
3889
2980
1350
-1115
-3845
-6349
-7996
-8273
-7450
-5732
-3118
-75
2949
5766
7855
8185
6803
5103
3468
1484
-555
-2278
-3298
-3257
-2431
-1133
354
1293
1510
1781
2313
2552
2453
2267
2174
2483
3136
3799
4204
4152
3879
3519
3041
2561
1926
1300
1179
1590
2327
3227
4136
4891
5384
5759
5997
5855
5678
5619
5944
6865
4285
-3953
-10611
-13341
-18608
-23771
-22223
-19077
-18478
-13663
-2662
6395
9735
12210
15731
16097
12712
8815
4906
591
-3229
-5675
-6245
-5879
-6295
-6629
-5366
-4444
-5583
-7521
-8968
-9299
-8185
-6045
-3761
-1307
2438
6968
10459
12649
13370
11392
7649
4236
1007
-2640
-6647
-10134
-11037
-9508
-7675
-5838
-3513
-1489
-182
1324
2963
3535
2989
2616
3239
4219
4741
4551
3935
3339
2444
1069
-637
-2869
-5160
-6543
-7095
-7262
-6574
-5007
-2952
47
3478
5765
6727
7173
7100
6132
4600
2584
42
-2036
-2954
-3182
-3056
-2398
-1678
-1178
-7
1642
2473
2581
2899
3449
3820
4151
4515
4599
4296
3953
3846
3575
2937
2233
1452
787
620
806
1065
1478
2320
3493
4485
5104
5781
6593
7021
7060
7566
8342
5540
-2560
-9592
-12827
-18072
-23803
-23097
-19625
-18405
-14066
-3959
4909
8563
11232
14981
15675
12304
8355
4733
882
-2434
-4605
-5447
-5459
-5741
-5690
-4473
-4059
-5710
-7801
-9242
-9716
-8595
-6436
-4487
-2247
1709
6552
10096
12036
12717
11264
8081
4883
1773
-1811
-5781
-9119
-10018
-8696
-7145
-5653
-3525
-1411
25
1312
2490
2909
2605
2357
2928
3918
4269
4067
3944
3613
2758
1641
62
-2161
-4339
-5854
-6672
-6855
-6253
-4566
-2085
578
3269
5524
6597
6645
6280
5377
3489
1046
-1067
-2509
-3284
-3316
-2708
-1928
-1182
-222
964
2038
2598
2617
2669
3084
3658
4113
4264
4212
4114
3898
3512
2866
1813
685
32
-92
25
373
1158
2186
3253
4407
5318
5689
5746
5686
5632
5590
5174
4933
5719
4533
-1449
-7774
-11305
-15895
-20952
-21205
-18663
-17723
-14852
-6644
2085
6836
10043
13572
14436
12009
8935
5747
2000
-1718
-4499
-5738
-5977
-6014
-5501
-4366
-3883
-4615
-5892
-7266
-8031
-7540
-6344
-5132
-3336
26
4268
7825
10332
11631
10995
8805
6190
3326
17
-3749
-7237
-8857
-8431
-7204
-5674
-3694
-1670
-159
1134
2317
2761
2387
1919
1997
2515
2960
3129
3242
3316
2937
2116
976
-641
-2313
-3649
-4977
-6179
-6379
-5367
-3716
-1487
1162
3250
4480
5502
6175
5757
4316
2217
-77
-1645
-2374
-2698
-2546
-2021
-1238
-56
1281
2290
2711
2565
2256
2292
2584
2828
3062
3268
3362
3417
3393
3104
2546
1902
1238
649
321
312
638
1360
2431
3519
4264
4774
5250
5411
5153
4758
4098
3309
3087
3745
4456
2594
-2636
-7641
-11010
-14966
-18270
-18373
-17235
-16199
-12371
-4974
2184
6514
9526
12235
12822
10830
7838
4519
1017
-2224
-4619
-5659
-5796
-5697
-4955
-3687
-3305
-4163
-5373
-6439
-6908
-6431
-5520
-4669
-3112
106
4041
7130
9158
10029
9376
7769
5782
3232
78
-3458
-6432
-7477
-6861
-5924
-4883
-3333
-1545
-32
1127
1898
1991
1466
1047
1278
1851
2172
2342
2742
2923
2586
2030
839
-1060
-2661
-3816
-4939
-5445
-4797
-3439
-1705
485
2566
3831
4555
4994
4692
3458
1743
-19
-1460
-2024
-1803
-1492
-1099
-358
535
1491
2347
2610
2186
1615
1445
1643
1871
2164
2618
2999
3263
3478
3459
3029
2279
1561
1035
533
222
441
1015
1637
2455
3326
3830
4183
4546
4567
4129
3478
2754
2138
2102
2576
3180
3873
3280
-16
-4353
-7983
-11909
-15971
-17777
-17325
-16181
-13326
-7672
-1223
3839
7755
10807
11880
10626
7968
4813
1652
-1300
-3805
-5384
-5787
-5366
-4423
-3286
-2810
-3315
-4274
-5294
-6014
-6031
-5643
-5164
-3832
-1037
2382
5235
7343
8744
8882
7848
6204
3876
958
-2058
-4569
-5896
-5991
-5437
-4521
-3092
-1405
-44
766
1132
1185
930
535
203
70
280
722
1295
1896
2150
1782
1029
300
-346
-964
-1635
-2249
-2209
-1418
-389
614
1566
2273
2521
2492
2386
1920
943
-56
-632
-880
-930
-732
-215
521
1234
1882
2413
2604
2508
2383
2205
1934
1787
1884
2154
2502
2749
2776
2628
2391
2118
1809
1439
989
684
751
1066
1466
1918
2341
2699
3028
3111
2857
2582
2301
1934
1956
2490
2873
3131
3835
3929
1916
-1442
-5029
-9064
-12958
-15196
-15798
-15588
-13896
-10013
-4961
-69
4204
7396
8928
8920
7717
5570
2886
208
-1978
-3512
-4335
-4324
-3627
-2836
-2404
-2371
-2831
-3802
-4782
-5233
-5270
-5123
-4297
-2383
116
2682
5053
6670
7243
7028
6139
4539
2359
-96
-2280
-3827
-4542
-4332
-3675
-2927
-1924
-828
-110
62
-110
-502
-1102
-1568
-1492
-1104
-650
261
1557
2588
3243
3675
3608
2845
1793
702
-511
-1475
-1746
-1467
-1008
-396
389
1005
1411
1745
1659
1013
219
-341
-566
-463
-90
415
998
1681
2380
2865
2964
2697
2200
1692
1396
1374
1532
1742
2019
2419
2760
2810
2662
2466
1971
1139
560
384
229
212
646
1153
1365
1650
2216
2569
2478
2350
2253
2035
2033
2463
2939
3175
3508
3427
1914
-237
-2534
-6046
-9888
-12115
-13291
-14106
-13097
-10099
-6876
-3613
356
3887
5674
6340
6397
5172
3199
1539
-92
-1702
-2602
-2860
-2875
-2641
-2347
-2302
-2551
-3108
-3764
-4257
-4506
-4403
-3757
-2465
-898
742
2669
4355
5142
5369
5176
4135
2592
1142
-368
-1787
-2613
-2936
-2893
-2399
-1725
-1324
-1218
-1209
-1427
-1886
-2084
-1864
-1600
-1007
238
1609
2862
4057
4834
4826
4121
3071
1762
308
-827
-1479
-1850
-1867
-1313
-483
203
787
1236
1258
942
687
483
176
31
224
536
939
1522
2063
2318
2388
2408
2219
1861
1663
1642
1679
1828
2054
2197
2192
2046
1800
1386
798
335
105
-33
36
406
791
1103
1638
2255
2479
2389
2373
2276
1798
1384
1433
1346
1006
1131
1557
1700
1748
1669
756
-806
-2165
-3732
-6086
-8048
-8816
-9439
-9719
-8185
-5789
-4083
-2136
571
2422
2897
3231
3428
2629
1346
416
-511
-1572
-2050
-2087
-2337
-2609
-2663
-2731
-2897
-3021
-3084
-3191
-3212
-2810
-1899
-885
-14
971
2041
2812
3180
3299
3078
2366
1498
738
-112
-1017
-1627
-2044
-2432
-2497
-2339
-2288
-2104
-1630
-1247
-977
-380
502
1328
2105
2862
3361
3485
3400
3117
2452
1461
469
-369
-1068
-1421
-1361
-1210
-954
-334
372
829
1222
1612
1722
1554
1476
1562
1516
1391
1406
1392
1213
1083
1120
1158
1071
1034
1166
1361
1668
2115
2439
2448
2209
1857
1402
900
533
225
-117
-179
123
543
1061
1592
1883
1947
1936
1840
1661
1432
1117
826
690
628
645
743
677
165
-676
-1449
-2096
-2599
-2570
-2164
-2130
-2271
-1876
-1317
-1118
-932
-777
-1383
-2420
-2786
-2835
-3204
-3187
-2664
-2414
-2153
-1288
-476
-309
-364
-503
-1063
-1723
-1980
-2081
-2257
-2244
-1982
-1523
-892
-307
94
222
32
-259
-456
-629
-884
-1056
-984
-717
-265
394
988
1142
1038
806
243
-329
-697
-1155
-1519
-1389
-1006
-560
203
1067
1582
1785
1873
1795
1413
929
476
-67
-534
-629
-428
-171
221
729
1061
1242
1475
1614
1421
1080
817
510
232
235
403
529
694
892
1022
1128
1177
1089
891
726
721
805
990
1303
1620
1901
2116
2207
2104
1677
964
228
-362
-770
-917
-725
-286
271
902
1579
2163
2443
2394
2109
1693
1234
837
606
487
464
566
720
861
934
845
517
37
-469
-963
-1316
-1448
-1431
-1225
-783
-256
237
667
799
458
-115
-759
-1612
-2544
-3227
-3701
-3970
-3782
-3219
-2542
-1865
-1195
-580
-228
-242
-439
-675
-969
-1310
-1615
-1818
-1956
-1968
-1700
-1441
-1403
-1276
-1080
-1063
-1012
-859
-873
-916
-652
-257
-74
-11
108
153
79
56
-55
-389
-609
-645
-739
-718
-441
-181
-20
252
562
606
514
559
531
312
192
237
294
445
739
917
956
1064
1168
1100
940
855
775
609
551
646
688
720
919
1133
1204
1234
1243
1193
1137
1089
976
845
866
1000
1133
1304
1490
1570
1567
1542
1365
1013
707
473
271
195
213
273
475
810
1086
1287
1449
1465
1332
1157
968
725
530
447
379
328
381
421
321
214
116
-78
-246
-293
-361
-474
-499
-458
-382
-247
-116
-81
-77
-88
-174
-281
-430
-739
-1069
-1178
-1182
-1223
-1206
-1162
-1229
-1305
-1247
-1244
-1473
-1729
-1823
-1933
-2195
-2410
-2416
-2371
-2342
-2040
-1429
-918
-566
-137
189
193
72
-107
-496
-1040
-1527
-1823
-1909
-1788
-1500
-1241
-1003
-598
-209
-77
-70
-70
-197
-386
-418
-292
-183
-124
76
383
532
581
725
830
730
560
455
365
319
386
443
425
457
574
649
680
708
662
630
766
954
1019
1043
1088
1097
1128
1177
1168
1118
1088
1087
1074
1110
1185
1197
1114
996
911
850
832
902
947
852
718
645
594
564
552
485
403
463
651
817
941
1037
1034
933
823
675
426
151
-62
-181
-212
-130
52
237
387
437
344
226
120
-54
-248
-461
-723
-878
-832
-671
-515
-435
-354
-233
-130
-96
-122
-180
-273
-394
-495
-492
-495
-602
-619
-556
-713
-1005
-1138
-1211
-1369
-1426
-1336
-1252
-1124
-881
-694
-649
-612
-568
-640
-772
-904
-1060
-1189
-1219
-1149
-1079
-1026
-898
-740
-630
-554
-481
-430
-409
-351
-281
-284
-325
-310
-260
-295
-348
-329
-314
-353
-329
-220
-182
-152
-3
162
253
367
488
509
558
628
572
495
471
439
377
305
261
276
358
484
611
718
803
848
880
938
908
763
653
593
525
449
405
444
527
552
521
534
576
601
631
662
694
757
885
1050
1144
1123
1016
849
643
436
216
16
-60
-24
49
121
215
377
511
537
566
626
619
567
521
435
328
284
248
139
-29
-223
-384
-439
-410
-450
-570
-597
-515
-427
-337
-277
-284
-232
-54
81
90
64
-9
-181
-351
-456
-635
-904
-1018
-931
-856
-808
-660
-508
-484
-488
-421
-426
-479
-390
-304
-301
-220
-108
-129
-173
-210
-477
-849
-1014
-1051
-1148
-1162
-1001
-831
-616
-268
-34
10
68
67
-107
-259
-305
-358
-420
-432
-408
-398
-351
-206
-75
-42
-59
-40
82
202
160
75
98
137
142
216
306
295
270
289
238
115
38
49
63
68
157
316
494
681
792
745
629
558
494
331
105
-21
-14
101
328
558
668
698
723
708
602
443
300
207
188
262
370
465
566
615
542
382
255
179
77
-6
-14
40
179
361
456
417
330
274
237
181
97
-17
-117
-97
22
110
132
133
128
120
117
127
146
124
49
-43
-161
-268
-293
-293
-375
-510
-565
-447
-230
-73
0
19
42
129
200
165
21
-184
-347
-416
-484
-595
-650
-674
-729
-750
-698
-595
-437
-270
-189
-185
-113
75
236
217
66
-66
-111
-114
-147
-206
-283
-355
-323
-267
-313
-409
-472
-483
-471
-459
-465
-413
-271
-149
-79
14
158
270
268
176
68
-12
-67
-110
-159
-208
-206
-99
98
241
292
350
391
351
235
84
-63
-204
-301
-302
-208
-52
142
322
425
438
405
388
327
158
3
-50
-40
6
65
95
101
117
123
74
-7
-66
-86
-70
-10
106
224
291
314
309
294
275
241
190
103
-31
-100
-46
-26
-87
-83
-3
88
185
262
297
317
330
324
288
207
140
120
83
2
-2
98
179
187
152
118
125
165
167
78
-21
-3
125
249
262
200
148
94
22
-94
-250
-359
-363
-311
-282
-232
-76
110
189
169
157
152
142
125
27
-135
-227
-202
-179
-236
-307
-339
-357
-360
-343
-328
-276
-170
-96
-82
-65
-19
11
-34
-165
-276
-300
-292
-317
-399
-475
-428
-312
-249
-221
-168
-77
43
159
193
153
140
163
113
-6
-59
-55
-103
-164
-179
-152
-66
26
42
-20
-55
3
78
64
-15
-51
-33
18
88
110
93
124
199
201
133
142
208
170
49
-18
-45
-76
-92
-143
-231
-242
-129
16
111
176
227
285
342
337
282
220
189
142
24
-64
-45
-16
-21
-5
19
27
49
56
10
-47
-40
13
24
10
34
103
200
269
257
208
200
181
77
-65
-162
-187
-168
-167
-188
-132
23
159
187
143
94
43
-7
-52
-139
-234
-217
-124
-68
-60
-30
17
29
13
-52
-132
-127
-77
-76
-75
-2
92
145
142
72
-1
-10
-35
-134
-210
-179
-93
-9
85
136
105
67
58
17
-52
-101
-117
-105
-76
-42
18
79
54
-56
-140
-147
-149
-169
-153
-132
-117
-72
-35
-19
-5
0
-5
-10
-4
33
78
92
56
-11
-50
-76
-124
-170
-193
-190
-127
-40
16
56
91
91
61
18
-20
-15
30
55
28
17
73
135
136
90
30
-37
-70
-75
-87
-73
-43
-15
25
44
32
32
42
34
14
14
55
114
172
191
164
140
138
112
37
-31
-65
-97
-117
-84
-45
-41
-19
43
89
89
76
66
37
14
20
13
-11
3
37
40
40
78
101
75
52
44
7
-38
-66
-98
-130
-143
-100
5
88
112
128
159
163
129
89
22
-100
-175
-148
-91
-46
21
101
149
171
161
99
22
-29
-64
-102
-114
-78
-47
-41
-41
-61
-118
-188
-228
-233
-228
-215
-165
-92
-34
25
66
89
119
102
45
19
1
-53
-111
-139
-152
-174
-201
-220
-227
-219
-182
-135
-82
-14
65
141
199
233
231
209
168
105
47
6
-36
-81
-88
-93
-104
-63
3
28
31
76
132
139
149
183
193
180
174
150
99
68
55
19
-10
-21
-46
-66
-53
-15
12
29
52
55
51
63
81
78
41
1
-10
-8
-21
-28
-20
-6
21
63
80
61
52
43
10
-3
9
0
-24
-35
-46
-66
-54
-27
-35
-45
-27
-7
28
79
106
98
62
28
2
-37
-70
-90
-111
-96
-42
5
44
66
32
-32
-80
-98
-109
-133
-139
-104
-58
-2
86
136
108
66
38
26
11
-19
-35
-30
-9
34
63
64
53
7
-54
-87
-117
-113
-88
-81
-65
-37
2
68
109
82
37
9
-7
-24
-57
-104
-148
-155
-122
-84
-55
-13
28
64
93
104
95
48
-21
-65
-96
-92
-23
38
70
101
138
162
161
125
23
-101
-180
-218
-235
-214
-162
-104
-33
55
128
170
189
174
137
92
54
45
51
25
-6
5
22
32
51
46
5
3
62
88
59
41
42
16
2
22
20
15
44
61
51
44
47
43
17
-21
-40
-34
4
50
73
67
50
56
62
35
-17
-54
-65
-67
-52
-15
6
-2
-9
-15
-38
-66
-100
-117
-108
-64
4
61
107
142
163
159
112
52
-2
-66
-119
-127
-122
-122
-105
-75
-61
-51
-20
3
4
-1
-2
8
20
30
16
-5
-10
-10
-38
-75
-91
-111
-119
-99
-84
-75
-48
-11
10
23
29
12
-5
-11
-42
-82
-78
-49
-36
-26
7
38
51
58
66
59
38
26
17
8
6
7
7
5
-1
-8
-9
13
22
4
-6
10
22
36
68
86
94
101
94
73
55
44
9
-34
-49
-38
-20
11
49
60
64
92
113
116
93
61
52
51
44
39
27
18
5
-22
-46
-64
-73
-62
-52
-66
-66
-34
-1
10
14
12
14
12
3
3
-1
-14
-21
-10
4
4
16
36
33
10
0
11
6
-18
-29
-29
-31
-32
-17
6
20
31
31
32
22
10
9
-4
-18
-18
-6
6
10
10
3
-2
-12
-34
-60
-91
-99
-83
-70
-48
-12
27
61
78
72
51
17
-23
-60
-84
-98
-114
-119
-106
-86
-71
-46
-17
1
7
-2
-18
-11
8
8
-5
-16
-18
-20
-13
2
-9
-26
-32
-46
-60
-62
-64
-64
-68
-71
-57
-31
9
51
52
39
39
47
41
26
17
-2
-4
22
38
35
31
38
29
-12
-38
-41
-45
-52
-47
-28
4
37
52
52
43
39
41
34
32
30
21
22
42
51
47
45
39
19
-2
2
21
36
45
57
67
76
73
61
45
22
12
12
5
8
22
27
24
25
46
66
63
59
55
42
24
10
-15
-49
-73
-87
-89
-81
-70
-58
-52
-41
-21
-10
2
25
38
33
33
42
39
33
22
7
-15
-43
-70
-92
-98
-95
-98
-98
-90
-69
-40
-12
-1
-5
13
31
48
71
76
58
37
27
-1
-48
-81
-103
-136
-155
-143
-116
-74
-23
20
60
99
113
103
77
33
-18
-49
-71
-94
-97
-75
-53
-34
-7
6
-9
-14
-10
-22
-37
-32
-10
-9
-16
1
28
47
46
40
37
38
40
44
48
27
10
19
40
43
28
18
24
25
18
25
31
38
45
33
23
33
51
49
37
40
39
31
28
30
18
-2
