1
-6
-6
0
-3
4
3
-4
8
-2
-8
5
-6
-7
-5
-10
-9
-9
-9
-11
-12
-7
-1
-10
-9
0
4
5
-3
7
5
-2
2
6
7
1
3
5
0
-3
3
2
4
5
3
6
6
15
6
3
12
2
5
6
0
-3
-4
-3
-1
7
7
0
-2
-1
-7
-12
-12
-11
-16
-10
-6
-9
-6
-4
1
5
-2
-7
-4
0
0
4
6
2
4
10
10
17
11
3
14
6
6
11
6
3
8
11
7
13
18
15
12
9
16
10
8
8
6
8
1
3
7
-5
-4
2
-1
0
2
1
2
4
2
-2
-2
1
-2
-13
-7
-10
-5
-1
-15
-5
-2
-6
-1
-7
-3
-9
-10
2
-7
-4
-3
-11
-11
-13
-14
-15
-11
-13
-12
-13
-18
-16
-14
-7
-7
-7
2
-8
-8
-3
-9
-2
2
-5
0
6
1
0
2
-7
-5
2
4
8
8
9
9
4
8
16
19
25
23
18
11
15
17
10
14
25
24
12
13
14
11
7
7
16
15
11
9
10
8
8
11
2
7
16
6
9
17
9
11
17
15
17
12
1
11
27
14
14
13
-6
2
7
-6
-1
9
2
-2
-5
-7
-20
-23
-4
-2
-6
6
10
-7
-19
-25
-32
-27
-34
-35
-14
1
-8
-22
-13
-4
-11
-15
-26
-23
-6
-6
-10
2
1
-13
4
11
1
9
-5
-22
-6
-4
-13
-2
5
-1
5
14
3
-2
10
-12
-36
-14
2
-8
-7
7
-3
-11
20
15
-20
-17
-16
-22
-8
4
-2
0
13
-1
-13
6
14
8
-3
-31
-38
-31
-24
-13
-7
-2
3
-10
-13
10
-2
-18
0
3
9
7
-23
-14
5
-14
-37
-43
-38
-19
-35
-58
-36
-17
-25
-35
-40
-38
-27
-31
-49
-43
-33
-47
-47
-1
4
-20
-18
-22
-15
-18
-52
-67
-31
-11
-30
-19
-15
-41
-36
-11
-26
-54
-20
-13
-84
-84
-30
-47
-40
20
-28
-73
-25
-24
-38
-17
-21
-35
-21
-36
-63
-69
-61
-42
-43
-31
-20
-54
-66
-34
-44
-60
-21
-1
6
10
-12
-7
21
8
-13
14
33
30
70
99
66
54
73
62
45
36
27
47
45
29
41
28
31
76
75
58
73
72
57
47
35
41
69
50
13
16
16
4
-9
-21
-8
42
52
52
119
139
173
218
202
249
-435
-2382
-3318
-2167
-1799
-2058
91
2266
1430
1082
3286
4023
1913
515
658
-203
-1810
-1815
-843
-992
-1911
-1921
-791
126
121
305
1139
1280
830
1289
1957
1300
167
-166
-348
-839
-818
-425
-487
-629
-280
282
557
366
148
230
143
-13
479
990
679
372
648
652
122
-209
-287
-653
-1098
-901
-189
198
196
469
934
945
747
835
808
422
-19
-339
-477
-558
-590
-285
109
240
491
1027
1459
1700
1812
1725
1416
839
246
19
-134
-401
-311
189
740
1374
2128
2651
2839
2941
2995
3026
2844
2112
540
-3768
-10772
-14233
-12376
-12489
-13697
-8189
-1393
-1138
451
8628
13436
10075
6511
6658
5886
2097
-1366
-2487
-3351
-6031
-9002
-8943
-5662
-3547
-5217
-5988
-1662
2650
2083
1696
5040
6273
2928
1326
3995
5667
3558
1065
936
1585
510
-2270
-4170
-4042
-5419
-9505
-10213
-5794
-3165
-3350
-160
5461
7550
6942
7634
8451
6254
2067
-635
-1346
-2736
-5234
-6035
-4842
-4021
-3328
-1263
1299
3100
4255
5096
5736
5972
5317
3763
1827
230
-663
-1363
-1808
-1123
199
1023
1732
3069
4400
4653
3969
3532
3804
3804
3174
3087
3584
3104
1953
2111
3175
3204
2628
2941
3857
4781
5515
5203
3495
-1175
-11344
-21134
-21414
-18092
-19805
-17781
-7253
-773
90
7367
17694
18577
12593
9013
8006
5708
1467
-3177
-6631
-8896
-11419
-13682
-12520
-7927
-5470
-7393
-6912
11
5582
4379
3163
5550
5596
2485
2002
4466
5744
4361
1590
212
1275
738
-4116
-8618
-8864
-8413
-9609
-8171
-2508
2019
2466
2768
5967
8671
6915
3232
2006
1462
-1556
-4147
-3455
-2672
-4357
-5643
-3800
-813
395
766
2435
4005
3504
2720
3294
3045
745
-1240
-1502
-1220
-1102
-734
-51
473
644
1008
1811
2438
2646
2649
2505
2803
3909
4520
3752
2716
2261
1806
970
374
464
549
72
154
1860
3657
3820
3807
5018
5718
5062
4715
4693
3667
2348
1834
1946
2685
3506
3083
1531
-1829
-9879
-19185
-21211
-18791
-19967
-18692
-9704
-3266
-1755
5613
16387
18815
14881
12930
12311
8899
3223
-1990
-6386
-11318
-15925
-17600
-15434
-11013
-8289
-8916
-6794
1530
7127
5611
6128
9489
6633
1727
4093
8106
6184
2450
1476
1358
-32
-2524
-5611
-8481
-10314
-11565
-11951
-9200
-4349
-2119
-1633
2302
7970
9834
8874
8831
8374
4922
832
-574
-1352
-4685
-8278
-8607
-6613
-4738
-3007
-455
2360
4071
4880
6129
7276
6391
3908
1996
1102
445
-212
-863
-1360
-1400
-988
-155
1105
2332
3018
3156
3385
4583
5949
5744
4666
4269
3746
2435
1563
1568
1476
687
44
909
2669
3509
3719
4550
5355
5274
5048
5186
4831
3692
3112
3456
3203
1491
-3630
-14148
-23366
-23519
-21080
-22076
-18399
-9202
-5004
-2680
7492
18543
20085
16337
14496
13214
8831
2465
-2571
-7040
-13095
-17664
-17190
-13567
-9797
-7498
-7258
-6011
-1246
3081
3685
3603
4429
3884
3064
5348
9273
10350
7846
4828
3002
1188
-2037
-6471
-10381
-12507
-13309
-12810
-10329
-7141
-4666
-2015
1731
6439
10751
11824
9683
7789
6371
3284
-224
-2414
-4655
-7476
-8427
-6372
-3498
-1587
-160
1495
3309
4920
6135
6841
6472
4693
2706
1801
1297
143
-1203
-2010
-2395
-2103
-577
1235
2201
2916
3898
4875
5975
6931
7011
6167
4750
3309
2203
1111
-12
-787
-1086
-669
729
2762
4530
5461
6139
7008
7187
6396
5195
2882
-279
-1108
970
2669
4214
5016
-3400
-18599
-22512
-17035
-20123
-23757
-15044
-9434
-12425
-4914
11923
18697
15876
15169
16391
14891
11133
5966
-1677
-10622
-17400
-20657
-19951
-14456
-8604
-8166
-8429
-2197
4792
4980
3277
3882
2475
-25
1818
5863
7589
7179
5423
3418
3412
3850
630
-5026
-8471
-10240
-12784
-13489
-11020
-9329
-8680
-4865
1952
8031
11529
12317
11023
8598
5689
3077
591
-2943
-6783
-8535
-7464
-4987
-2492
-314
1307
2316
3690
5801
7120
6419
4409
2279
781
353
491
250
-427
-794
-123
1424
2717
3144
3025
2513
2102
2895
4672
5572
4989
4382
4303
3970
3363
2863
2032
613
-349
200
1729
3026
3880
4586
5065
5485
5959
6070
5459
3585
561
-1282
-342
1372
2548
4305
3321
-5582
-16132
-18182
-16922
-20356
-21623
-16995
-14680
-13553
-4725
7874
14414
15544
16539
17562
16574
13007
6651
-1954
-10366
-16420
-19413
-18344
-13722
-9940
-9276
-7415
-1910
2580
3390
3316
3077
1711
1319
3280
5616
6669
6312
5148
4594
5160
4828
1678
-2969
-6894
-10204
-13167
-14519
-14023
-12612
-9858
-4744
1909
7944
11756
12935
12214
10724
8702
5695
1932
-1806
-5125
-7478
-7811
-6188
-4121
-2390
-382
2163
4545
6158
6690
5976
4261
2349
1239
1018
938
688
492
553
942
1509
1902
1843
1420
1226
1838
3013
4050
4692
4959
4749
4340
4394
4488
3544
2145
1390
908
364
621
1914
2603
2192
3025
5089
5615
5412
6050
5742
3851
1189
-744
1370
6224
7965
3960
-6113
-17964
-23144
-23015
-23768
-22601
-19465
-19339
-16094
-2929
11646
18305
19537
20323
20615
18658
14301
7673
-1890
-13109
-21320
-22818
-18823
-13659
-10858
-10306
-8296
-3152
1610
3492
3779
2877
1119
1233
4157
7300
8269
6998
5436
5482
6674
6345
2581
-3034
-8081
-12224
-14733
-15060
-14842
-14049
-10749
-5232
1441
8408
12730
12836
11602
11227
10171
7179
3317
-763
-5225
-8368
-8346
-6374
-4542
-3143
-1365
1387
4602
6880
7420
6353
4231
2299
1708
1926
1704
963
102
-603
-409
794
1662
1429
1182
1850
2980
4129
5417
6344
5997
4904
4602
5032
4633
3121
1662
573
-504
-832
378
2040
2580
2614
3764
5435
6139
6495
6875
6150
5092
5161
5623
5711
5878
6235
3731
-6441
-20052
-26205
-26590
-29356
-29542
-23010
-18182
-15215
-4507
11370
21699
24557
24460
23610
20768
14431
5627
-3657
-12664
-19920
-22852
-20434
-14697
-10245
-9496
-8795
-4835
-550
1079
1519
1766
1309
1489
3626
6815
9510
10400
9381
8524
8805
7472
2462
-4242
-10016
-14238
-16980
-17750
-16131
-13187
-10086
-5229
2285
8735
11606
12706
12622
10787
8785
6955
3276
-1937
-5978
-7896
-8179
-6657
-3929
-1697
-217
1779
4440
6290
6451
5416
3894
2523
2013
2253
2235
1404
233
-487
-352
399
1086
1187
855
928
2046
3745
5135
5962
6230
6017
5840
5802
5065
3238
1063
-734
-1689
-1251
131
1294
2452
4203
5614
6411
7423
7660
6289
4995
4474
3854
3398
3536
3885
4434
5537
4734
-3523
-16969
-24280
-25126
-28455
-30135
-24329
-19615
-17507
-6991
10250
21843
25468
26183
25228
21303
14472
5729
-3976
-13454
-20849
-23992
-21681
-15698
-10737
-9378
-8164
-3769
819
2510
2923
2729
845
-491
1326
4818
7694
9362
9748
9606
9952
9144
4572
-2551
-9068
-13988
-16998
-17624
-16505
-14387
-11549
-7198
-134
7477
11971
13313
13088
11635
9373
6843
3594
-914
-5422
-7686
-7369
-5542
-2992
-993
-168
860
2959
5015
5700
4884
3381
2120
1629
1920
2371
2251
1455
672
887
1935
2446
1798
727
267
887
2257
3830
5184
5810
5791
5905
6266
6043
4558
2193
330
-177
64
484
1367
2449
3094
3857
5240
6271
6106
5038
3803
3251
3555
3929
4255
5018
5821
6689
7677
3844
-8946
-21746
-25608
-27639
-31692
-29489
-23342
-21017
-15054
764
16872
25104
27329
26810
24166
18730
10659
1234
-8613
-17347
-22553
-22793
-18290
-12273
-9426
-9195
-6745
-1761
1662
2463
2110
434
-1718
-1391
1835
5706
8642
10049
10438
11110
11427
8764
2368
-4980
-10679
-14713
-16711
-16092
-14737
-13615
-10852
-5562
1347
7975
11792
12518
11745
10009
7757
5465
2338
-1689
-4829
-5647
-4578
-2883
-1238
-241
41
1015
3025
4455
4452
3322
1713
757
945
1639
2155
2049
1394
1066
1578
2248
2120
1236
489
548
1579
3357
5037
5842
6009
6090
6142
5951
5049
3076
662
-1032
-1715
-1646
-633
982
2216
3269
4935
6730
7476
6718
5253
4165
3701
3815
4259
4456
4624
5265
6690
7835
2801
-10698
-21786
-24399
-27464
-31497
-28491
-23830
-22341
-14274
2777
17748
24961
27007
26311
23417
18021
10196
716
-9204
-17372
-21774
-21501
-16854
-11543
-9857
-9471
-5484
162
2712
2521
1382
-959
-2842
-1576
2149
5970
8606
9684
10237
11475
11793
8293
1540
-4941
-9867
-13759
-15366
-14996
-15104
-14295
-10189
-4545
1701
8354
11565
10462
9549
9557
7453
4012
1654
-642
-3660
-4639
-2758
-1255
-1263
-1147
-388
861
2241
2861
2546
1493
222
202
1737
3207
3629
3424
2978
2522
2482
2479
1509
-46
-715
-206
863
2265
3736
4712
5170
5849
6900
7085
5537
2963
523
-1124
-1824
-1506
-309
1026
2343
4265
6427
7843
7993
6829
5059
3407
2031
1348
1384
1150
955
2516
5310
7839
9993
7323
-5038
-18040
-21631
-23828
-29568
-29477
-25114
-24180
-18564
-2216
14186
22402
25126
25613
23877
19395
12448
3449
-6846
-15784
-20712
-21132
-17278
-11727
-9225
-8950
-5465
526
3450
2675
869
-1803
-4583
-4409
-893
3199
6137
8000
9627
11896
13652
11774
5732
-958
-6120
-10509
-13769
-15071
-15528
-15371
-12562
-6317
1002
6264
8698
9361
8758
7548
6532
4504
815
-2149
-2948
-2681
-1759
-16
1155
786
654
2190
3499
2637
672
-803
-1604
-1576
-260
1738
2780
2516
2481
3314
3814
3276
2172
996
194
321
1256
2245
3030
3822
4793
5968
6834
6650
5231
2971
643
-873
-1531
-1847
-1551
-271
1500
3432
5613
7483
7913
6763
5551
4866
3351
1306
428
474
1038
2669
5000
7202
8540
9265
8323
16
-14236
-22186
-23871
-29107
-32251
-27257
-23295
-20321
-8179
9113
20602
25113
26241
25029
20793
13815
5382
-3915
-12661
-18435
-20548
-18804
-13724
-9390
-8152
-6057
-887
3144
3230
1317
-1309
-4359
-5569
-3431
581
4460
7250
9023
10704
12457
12181
7877
1415
-4063
-8696
-12925
-15045
-15132
-14752
-12835
-7627
-588
5102
7905
8449
7707
6286
5051
3872
1441
-1712
-3256
-2666
-1296
319
1966
2601
2169
2282
3313
3291
1333
-754
-1572
-1487
-650
1081
2685
2917
2391
2781
4010
4382
3360
1973
974
511
750
1693
2753
3269
3594
4538
5725
6025
5136
3426
1321
-248
-626
-475
-298
294
1363
2806
4588
6261
7314
7163
5840
4479
3532
2516
1476
1164
2089
3276
4166
6171
8498
9254
8046
447
-13489
-21681
-22848
-27752
-31791
-27703
-23963
-21216
-9302
8321
20341
24624
25273
24674
21464
14687
6254
-2845
-11897
-18257
-20697
-19226
-14423
-10354
-9254
-6898
-1246
3066
2986
678
-1941
-4511
-5346
-2981
1195
4811
7205
9033
11069
13260
13306
8942
2250
-3400
-8272
-12778
-15374
-16111
-15645
-13254
-8410
-1383
5415
8476
8439
8278
7812
6145
4258
2075
-1208
-3988
-4122
-2345
-554
887
1939
2250
2529
3281
3296
1577
-809
-2081
-1901
-971
328
1540
2035
2059
2617
4018
4949
4125
2313
1003
567
677
1145
2001
2724
2996
3901
5458
5922
4996
3567
1928
620
197
171
2
-17
796
2611
4676
6377
7554
7559
6181
4759
3983
2674
777
-203
87
1323
3331
5611
7552
8875
9981
8002
-2249
-15116
-20501
-23868
-30693
-31715
-26634
-24382
-19468
-4677
11844
21300
24680
25464
24007
19241
11969
3625
-5290
-13232
-18574
-20467
-17702
-12180
-8912
-7821
-4283
987
3103
1736
-484
-3258
-5984
-6108
-3055
1157
4665
6953
8856
11406
13686
12803
7847
1674
-3722
-8926
-13196
-15071
-15319
-14902
-12796
-7496
-275
4923
6857
7709
8022
7185
6325
5659
3348
-318
-2391
-1980
-928
78
1269
1462
587
687
1736
1557
18
-1151
-1193
-475
754
2450
3795
3828
3304
3732
4709
4426
2600
732
-406
-1134
-965
516
2004
2596
3337
4841
6067
6135
5198
3689
2053
758
-2
-363
-583
-587
573
3083
5402
6918
8041
7985
6535
5111
4057
2481
458
-484
471
1667
2697
5240
7958
9311
8518
720
-12008
-18625
-21152
-27608
-30799
-26955
-24602
-21092
-8080
8588
19098
22835
23890
23692
20422
13930
6003
-3078
-12098
-18225
-20519
-18733
-13895
-10407
-9302
-5875
267
3681
2896
821
-1724
-4482
-5110
-2683
720
3167
4938
7112
9957
12589
12642
8632
2759
-2532
-7373
-11439
-13875
-15094
-15073
-13135
-8831
-2347
3621
6309
7115
8131
8565
7814
6646
4715
1198
-2127
-2701
-1561
-951
-569
-184
-369
-14
1396
2146
1413
350
143
722
1529
2550
3410
3203
2470
2731
3677
3626
2279
729
-310
-744
-470
525
1724
2403
2836
4041
5692
6367
5695
4481
3329
2317
1698
1349
676
258
980
2291
3739
5279
5853
4959
3898
3630
3333
2333
1719
2254
2942
3636
5504
7817
8985
9575
7747
-1598
-14111
-19666
-22377
-29010
-31564
-27667
-25510
-21118
-7187
8855
18119
21661
23211
23171
19995
13917
6282
-2464
-10473
-15623
-17826
-16429
-12275
-9784
-9123
-5631
-235
1773
130
-2021
-4008
-5818
-5648
-2827
726
3400
5562
8155
11352
13928
13395
8917
3198
-1676
-6567
-11103
-13710
-14978
-15047
-12824
-8671
-3063
2417
4711
5228
7195
8575
7489
6143
4766
1776
-1085
-1151
159
221
-115
110
-145
-140
944
1314
425
-239
-99
565
1434
2275
2893
2969
2802
3226
3880
3399
1696
126
-439
-339
-53
707
1944
2734
3258
4664
6224
6403
5536
4498
3305
2016
1001
295
-190
-79
893
2293
3809
5315
5994
5520
4884
4377
3293
2124
1748
1760
2177
3312
4749
6680
8679
9837
8737
851
-11854
-18889
-21431
-27340
-30869
-28112
-25902
-21845
-9289
6440
17218
21658
22617
22609
20433
14830
7223
-1426
-9770
-15585
-18141
-16932
-13028
-10339
-9192
-5970
-978
1769
944
-1535
-4070
-5921
-5768
-3144
99
2569
4990
7918
11166
14132
14523
10490
4333
-854
-5547
-10326
-13803
-15520
-15473
-13158
-8792
-3102
1848
4037
5229
7371
8720
8048
6328
3917
1042
-780
-563
238
187
-103
-348
-560
115
1024
748
-131
-525
-242
613
1642
2283
2448
2615
3013
3441
3619
2904
1110
-643
-1166
-606
-21
381
1172
2128
3131
4742
6312
6651
5806
4453
3340
2607
1622
400
-433
-491
236
1503
3213
4702
4988
4753
4936
4889
4051
2692
1558
1315
1975
3477
5267
6642
8002
9343
9871
7238
-2176
-14170
-20305
-23974
-29741
-31113
-27763
-25390
-19248
-5181
9818
19049
22487
23251
22727
19302
13050
5516
-3073
-11165
-16404
-17961
-15652
-11644
-9391
-7962
-4385
-153
1212
-343
-2856
-5389
-6870
-5920
-2928
430
3242
5835
8983
12745
15444
14389
9358
3412
-1850
-7053
-11421
-14084
-15542
-15341
-12655
-8076
-2801
1810
4484
5616
6957
8376
7746
5205
2983
1250
-460
-711
621
1190
263
-393
92
828
1137
897
89
-701
-690
153
1199
1900
2253
2575
3006
3456
3577
2769
1061
-392
-593
20
451
790
1508
2362
3443
5062
6457
6600
5444
3972
2994
2101
1145
442
-282
-511
287
1452
2989
4599
4974
4508
4473
4554
3755
2515
2223
2423
2386
3570
5703
6844
7538
8655
8934
4520
-6195
-15702
-19594
-24429
-29542
-28477
-25560
-23350
-15061
-898
11457
18283
20703
21174
20297
16789
10740
3217
-4692
-11325
-15489
-16161
-13241
-10109
-9089
-7332
-3338
-271
-57
-1591
-3832
-5873
-6224
-4314
-1350
1361
3845
6617
9900
13344
14961
12468
7004
1617
-3116
-7685
-11432
-13930
-15022
-14097
-10678
-5607
-1100
2090
4617
5906
6517
7521
6680
3401
1056
527
124
-54
809
1511
631
-181
811
1700
868
-369
-1041
-1427
-1336
-337
1063
1920
2420
3243
4192
4472
3741
2489
1025
-348
-779
-535
-639
-687
270
2150
4204
5880
6920
6747
5467
4453
3932
2744
929
-505
-1220
-1106
-13
1656
3179
4089
4597
5170
5368
4645
3423
2108
1143
1307
2528
3890
4830
6020
8052
9754
10074
7022
-2359
-13396
-19088
-23100
-28232
-29512
-27971
-26105
-18714
-4929
8305
16550
20054
20979
20780
18546
13385
5813
-2843
-10291
-14789
-15863
-13618
-10661
-9609
-8067
-3961
-397
269
-1199
-3778
-6018
-6530
-4990
-2046
619
2510
5209
9358
13505
15340
13304
8426
3001
-1951
-6228
-9820
-12973
-15022
-14525
-11116
-5860
-835
2082
3640
5510
6848
6720
5864
3787
539
-1041
-52
1100
1311
1453
1499
1138
1550
2673
2194
60
-1563
-2197
-2049
-978
270
1000
1464
2357
3890
4877
4312
2910
1600
542
-104
-160
-136
-559
-609
937
3537
5457
6109
6027
5472
4736
4257
3724
2440
388
-1239
-1085
259
1403
2593
3836
4250
4458
5100
5154
4076
2388
924
485
992
2228
3713
4441
5658
8281
9847
9319
5526
-4064
-14229
-18833
-22319
-26941
-28213
-26896
-24250
-16235
-3030
9089
15734
18025
19256
19432
16836
11770
4537
-3977
-10691
-13972
-14244
-12199
-10126
-9293
-7262
-3181
-136
-161
-2337
-4908
-6625
-6739
-4856
-2106
-190
1602
4893
9364
13403
14735
12053
7209
2517
-1904
-5966
-9338
-12571
-14753
-13674
-9533
-4464
-205
2379
4001
5807
7197
6947
5097
2343
-474
-1720
-605
873
907
692
1369
2175
2850
3528
2903
482
-1535
-1788
-1332
-740
13
533
1109
2384
4053
4866
4032
2498
1374
497
-109
-218
-384
-724
-222
1737
4162
5593
5949
5982
5693
4819
3849
2963
1341
-729
-1611
-1053
-150
749
1981
3432
4488
5153
5670
5292
3898
2487
1212
375
614
1236
2061
3765
5901
7963
9625
10054
8404
2631
-7031
-14585
-18407
-23533
-28300
-28334
-26433
-22730
-13170
-696
8753
14166
17032
18636
18703
15940
10348
2846
-4547
-9492
-11922
-12213
-10445
-8724
-7868
-5528
-1931
-361
-1571
-3879
-6024
-7008
-6288
-4513
-2630
-610
2359
6453
10835
14090
14389
11175
6520
2410
-1344
-5205
-9035
-12221
-13465
-12006
-8428
-4052
-130
2519
3792
4895
6354
5910
2916
350
-804
-1688
-1499
36
824
568
1450
3478
4400
3838
2535
329
-1780
-2218
-1674
-1451
-1292
-593
649
2233
3698
4359
3840
2472
1120
360
-143
-798
-1184
-627
893
2740
4491
5839
6266
6058
5863
5407
4155
2083
-33
-1082
-1123
-732
153
1086
1650
2568
4065
5336
5685
4906
3544
2472
1852
1309
826
745
1239
2422
4346
6252
7102
6892
6168
5324
3549
-1969
-10823
-17414
-20447
-23474
-25070
-22948
-19891
-15952
-7766
3083
11569
15605
16625
16573
15334
11892
6454
-33
-6206
-10622
-12743
-12259
-9874
-8170
-7467
-5403
-2439
-1114
-1799
-3510
-5203
-5833
-5108
-3282
-983
1253
3858
7142
10477
12704
12246
8903
4638
837
-2678
-6085
-9143
-11328
-11978
-10451
-6596
-1867
1645
3393
4156
4973
5795
4915
2419
418
-1221
-2539
-1524
694
1161
737
1670
3284
3647
2923
1930
45
-2034
-2305
-1330
-744
-504
60
1290
2864
4130
4509
3389
1355
-82
-751
-1252
-1447
-1183
-595
707
2998
5407
6612
6351
5730
5323
4400
2796
1130
-535
-1968
-2332
-1375
65
920
1445
2566
3966
4923
5475
5422
4417
3079
2176
1767
1547
1128
906
1727
3178
4565
5964
6792
6633
6344
5905
3420
-2709
-10541
-16168
-19536
-22269
-23009
-21755
-20016
-15697
-7279
2174
9168
12605
13642
13912
13260
10745
6296
611
-4880
-8668
-10059
-9213
-7581
-6797
-6207
-4451
-2473
-1861
-2751
-4550
-6093
-6229
-5095
-3271
-1087
1190
3864
7258
10588
12275
11187
7870
4114
859
-2118
-5007
-7705
-9809
-10278
-8390
-5053
-1761
845
2345
2764
3216
3850
3302
1320
-709
-1587
-1319
-553
620
1898
2339
2545
3682
4467
3398
1434
-253
-1528
-2060
-1685
-1142
-974
-543
843
2690
3986
4267
3600
2455
1483
877
512
145
-372
-405
707
2334
3568
4307
4508
4166
3773
3529
2813
1457
228
-399
-295
516
1408
1955
2337
2822
3617
4223
4022
3370
2524
1592
957
517
143
-112
-129
590
1913
3196
4322
5073
5434
5726
5677
5052
3374
-792
-7192
-12708
-15947
-18752
-21186
-21391
-19748
-16705
-10688
-2481
4471
8671
11048
12553
13024
11652
8164
3328
-1538
-5281
-7418
-8083
-7775
-7369
-7086
-5962
-4068
-3041
-3369
-4242
-4993
-4908
-3945
-2791
-1350
665
3018
5762
8622
10394
10140
8128
5538
3122
488
-2579
-5491
-7759
-8842
-8143
-6179
-3893
-1679
138
1669
2958
3243
2801
2255
823
-707
-552
46
-64
603
2215
3057
3105
3650
3962
2488
589
14
-450
-1471
-1709
-1131
-690
-42
1376
2778
3160
2838
2525
1979
986
215
-60
-313
-487
51
1308
2543
3471
4386
5004
4777
4060
3330
2405
1246
331
4
-14
2
439
1355
2151
2743
3246
3261
2728
2207
1957
1642
1098
813
943
1017
1275
2053
2648
2778
3069
3476
3533
3526
3633
3401
2868
1622
-1941
-7207
-11343
-14136
-16981
-18843
-18675
-17430
-14721
-9189
-2262
3411
7176
9669
11314
11755
10305
7115
3019
-1116
-4329
-6201
-7002
-7146
-7193
-6982
-5753
-4043
-3190
-3488
-4192
-4451
-4004
-3045
-1740
-353
1064
2995
5559
7919
9016
8448
6688
4572
2420
100
-2474
-5219
-7352
-7946
-7089
-5370
-3394
-1699
-216
1224
2510
3525
3517
2231
1032
517
233
412
885
1154
1448
1973
2810
3439
2859
1610
693
-111
-772
-970
-1058
-1218
-936
185
1589
2418
2628
2458
2004
1589
1315
890
296
-87
77
871
1964
2896
3524
3901
4117
4194
3899
3079
1942
872
191
-37
-16
43
169
600
1285
1858
2162
2176
1913
1680
1623
1561
1435
1332
1446
1812
2278
2688
2770
2580
2539
2719
2937
3017
2914
2791
2615
2500
2075
-473
-5398
-10050
-13195
-16002
-18257
-18800
-18008
-15788
-10762
-3610
2855
7104
9727
11455
12052
10924
7828
3257
-1371
-4816
-6835
-7450
-7136
-6797
-6248
-4775
-2922
-1880
-2071
-3094
-4135
-4408
-3825
-2828
-1731
-329
1822
4602
7333
9165
9358
7990
5951
3776
1359
-1509
-4664
-7184
-8224
-7804
-6343
-4315
-2177
-346
1155
2746
3934
3699
2718
1991
1076
161
288
909
990
1304
2307
2822
2621
2459
1855
408
-808
-1277
-1668
-1974
-1601
-709
323
1564
2772
3378
3262
2774
2204
1448
460
-361
-800
-851
-360
667
1962
3037
3693
4266
4579
4145
3240
2156
782
-512
-1148
-1201
-1078
-717
155
1232
2074
2724
3052
2787
2299
1900
1423
1120
1221
1364
1643
2315
3028
3445
3412
3030
2546
1970
1502
1253
979
839
942
1043
900
-710
-4329
-7959
-10480
-12948
-15112
-15713
-15124
-13489
-9561
-3688
1859
5730
8216
9938
10640
9602
6831
2884
-1311
-4638
-6725
-7602
-7486
-7166
-6609
-4926
-2619
-1148
-902
-1369
-1994
-2337
-2179
-1656
-1106
-461
922
3103
5267
6766
7103
6075
4499
3042
1255
-1163
-3727
-5668
-6373
-5855
-4502
-2873
-1491
-187
1222
2376
2883
2517
1533
567
51
-45
4
317
969
1593
2419
3355
3316
2449
1623
652
-467
-1166
-1547
-1867
-1657
-577
839
2038
2959
3388
3264
3000
2553
1625
512
-366
-892
-950
-484
311
1104
1764
2422
3038
3316
3032
2300
1556
966
385
-22
-10
254
578
1099
1839
2426
2539
2324
2081
1673
1113
757
521
345
535
1136
1875
2622
3232
3379
3033
2554
2058
1361
683
378
319
438
850
1344
1740
1643
-33
-3249
-6461
-9213
-12007
-14262
-15132
-14701
-12947
-9313
-4207
715
4413
7055
8830
9440
8456
5847
2312
-1115
-3873
-5819
-6720
-6740
-6384
-5539
-4001
-2326
-1348
-1347
-1880
-2397
-2600
-2399
-1952
-1275
-41
1842
3987
5905
7135
7198
6136
4625
2955
765
-1786
-3953
-5391
-5861
-5163
-3843
-2488
-1015
539
1734
2409
2492
1921
1131
528
189
144
347
864
1681
2602
3400
3629
3155
2418
1425
112
-1012
-1884
-2630
-2725
-1964
-798
421
1627
2637
3152
3292
3166
2465
1278
203
-498
-933
-1030
-727
-166
564
1409
2293
2933
2984
2649
2233
1704
1140
664
249
34
166
609
1270
1892
2260
2392
2319
2064
1642
1037
352
-183
-365
-173
267
909
1719
2444
2879
3155
3229
2731
1846
1104
509
140
223
577
1008
1378
1636
1720
753
-1891
-5164
-8050
-10703
-12877
-13834
-13625
-12382
-9569
-5170
-398
3469
6138
7792
8377
7672
5601
2475
-781
-3379
-5153
-5881
-5517
-4706
-3835
-2534
-948
-55
-284
-1150
-2172
-3049
-3458
-3370
-2912
-1967
-333
1875
4170
6014
6838
6498
5528
4232
2356
18
-2247
-4059
-4990
-4814
-3962
-2918
-1621
-74
1319
2384
2938
2391
1096
330
40
-513
-804
-476
-101
567
1975
3153
3242
2746
2145
1355
461
-432
-1361
-2093
-2122
-1313
-104
1010
1817
2388
2852
3080
2824
1995
755
-386
-923
-936
-725
-389
76
761
1668
2505
2851
2577
1959
1320
828
532
326
143
187
663
1494
2341
2813
2843
2603
2270
1876
1291
471
-414
-950
-900
-481
116
838
1516
2079
2646
3083
2963
2282
1517
813
238
23
108
342
728
1231
1700
1969
1800
601
-1893
-4839
-7424
-9741
-11717
-12650
-12296
-10975
-8563
-4847
-760
2425
4617
6126
6710
6107
4361
1895
-630
-2754
-4244
-4859
-4641
-4035
-3204
-1985
-686
-12
-153
-772
-1610
-2399
-2865
-2999
-2753
-1935
-517
1350
3311
4924
5831
5865
5201
4075
2494
511
-1526
-3213
-4196
-4321
-3818
-2961
-1815
-469
840
1893
2503
2391
1531
632
207
-323
-919
-799
-373
17
1054
2325
2712
2484
2335
1917
961
66
-662
-1555
-2021
-1596
-818
-44
755
1452
1968
2335
2469
2179
1441
645
206
92
134
308
584
891
1253
1716
2031
1828
1248
802
532
282
217
339
528
955
1685
2431
2876
2926
2762
2467
1968
1348
670
-65
-679
-878
-637
-231
274
940
1587
2074
2408
2517
2304
1840
1345
912
508
221
142
268
542
787
873
792
542
77
-947
-2832
-5043
-6932
-8474
-9500
-9751
-9366
-8267
-6257
-3555
-687
1676
3215
4112
4446
4052
2905
1204
-600
-2075
-3086
-3502
-3410
-3155
-2714
-1954
-1169
-676
-612
-1007
-1540
-1924
-2112
-2027
-1725
-1255
-415
868
2222
3261
3862
3946
3566
2915
2013
812
-549
-1725
-2404
-2577
-2394
-1960
-1402
-733
47
737
1149
1145
781
534
521
384
286
504
744
994
1536
1939
1830
1517
1176
794
420
-24
-512
-773
-704
-422
12
515
877
1072
1336
1536
1415
1160
864
486
248
219
218
291
565
908
1177
1397
1508
1453
1264
1008
702
354
68
-55
67
411
820
1199
1580
1957
2196
2250
2149
1817
1262
686
247
-77
-328
-433
-402
-221
238
805
1185
1453
1716
1802
1755
1768
1676
1331
931
708
638
550
427
332
232
125
10
-229
-658
-1367
-2576
-4018
-5123
-6021
-6823
-7145
-6947
-6283
-5013
-3323
-1552
23
1122
1789
2183
2150
1505
383
-732
-1467
-1949
-2311
-2395
-2220
-1946
-1506
-902
-472
-473
-702
-833
-792
-732
-687
-561
-340
101
781
1436
1906
2126
2020
1774
1525
1101
498
-103
-629
-951
-898
-662
-479
-208
196
517
730
840
570
6
-274
-341
-596
-601
-188
70
414
1199
1755
1794
1742
1627
1302
834
303
-252
-651
-679
-475
-219
165
539
826
1204
1496
1444
1185
831
465
272
192
95
64
173
420
754
1056
1168
1072
902
691
440
189
-53
-262
-263
21
442
906
1369
1817
2232
2439
2316
1986
1522
878
235
-218
-573
-889
-969
-704
-302
121
641
1109
1354
1513
1735
1864
1728
1483
1320
1074
707
480
289
-44
-309
-400
-504
-709
-848
-908
-1046
-1299
-1823
-2694
-3623
-4447
-5148
-5582
-5693
-5502
-4912
-3823
-2356
-842
386
1254
1917
2260
2095
1541
747
-182
-1014
-1550
-1820
-1946
-1948
-1723
-1319
-907
-578
-444
-492
-527
-490
-434
-389
-315
-86
346
876
1365
1764
2011
1991
1795
1602
1277
695
78
-400
-760
-985
-1009
-918
-781
-589
-448
-329
-52
227
277
388
711
863
883
1101
1230
1065
932
839
566
268
106
-42
-199
-178
7
162
308
570
825
961
1040
1048
926
689
459
321
146
-72
-152
-122
-50
107
339
559
719
860
985
1041
1016
920
741
581
533
550
635
779
934
1137
1323
1379
1314
1109
788
497
275
41
-172
-243
-107
118
336
584
750
816
929
985
890
755
611
514
572
663
674
656
630
566
430
248
28
-334
-782
-1049
-1174
-1383
-1596
-1805
-2173
-2569
-2943
-3407
-3772
-3933
-3981
-3748
-3104
-2275
-1456
-561
398
1135
1446
1460
1247
696
-51
-716
-1308
-1822
-2092
-2092
-1839
-1402
-980
-614
-257
-31
38
68
49
-25
-73
-37
108
288
507
791
968
1028
1045
897
606
306
-6
-316
-543
-674
-752
-775
-700
-535
-373
-221
-10
194
362
582
777
863
918
938
915
886
795
632
466
342
257
209
187
182
164
152
179
266
405
504
630
873
1065
1160
1303
1352
1172
947
772
558
338
229
192
128
152
343
552
690
761
778
727
624
542
474
383
298
300
418
629
872
1057
1142
1153
1120
1044
877
588
214
-171
-427
-473
-428
-394
-332
-164
168
504
693
867
946
823
749
770
631
334
120
7
-178
-397
-507
-633
-846
-970
-1028
-1089
-1136
-1210
-1279
-1332
-1483
-1759
-2044
-2292
-2507
-2609
-2588
-2440
-2102
-1610
-1074
-558
-75
272
401
391
252
-102
-573
-962
-1218
-1353
-1388
-1326
-1157
-880
-584
-367
-186
-50
-20
-33
27
155
206
224
374
582
677
681
690
608
377
172
40
-138
-353
-481
-479
-400
-238
7
228
389
600
826
986
1100
1134
1085
985
859
725
565
358
193
114
-5
-82
-2
105
185
319
482
600
714
818
841
772
710
680
613
524
470
425
388
407
417
409
375
303
253
219
175
127
86
24
-7
49
111
184
311
429
508
666
893
1017
1054
1086
1050
905
739
574
327
109
27
-55
-166
-176
-141
-124
-30
87
139
207
343
507
657
756
761
709
678
640
514
287
24
-276
-637
-924
-1047
-1142
-1231
-1190
-1075
-976
-865
-799
-855
-1004
-1248
-1566
-1817
-1970
-2103
-2146
-1976
-1656
-1293
-879
-459
-172
-7
93
67
-113
-373
-643
-903
-1064
-1096
-1093
-1048
-894
-651
-430
-261
-114
-49
-68
-79
-60
-54
-79
-50
55
164
288
418
473
466
457
410
295
182
73
-36
-68
-11
73
174
315
436
520
623
716
726
691
670
636
606
574
506
466
459
396
314
290
244
162
162
247
310
354
450
556
645
733
773
739
684
650
573
465
401
300
191
157
106
94
180
228
271
406
535
615
724
827
840
764
651
535
401
277
184
144
200
301
362
435
539
539
448
346
230
120
18
-13
103
181
157
186
211
150
51
-78
-260
-441
-552
-586
-537
-465
-406
-302
-209
-205
-239
-319
-477
-638
-799
-1013
-1235
-1412
-1556
-1685
-1746
-1726
-1654
-1539
-1362
-1130
-899
-661
-427
-252
-115
-51
-83
-152
-260
-402
-504
-604
-717
-746
-729
-705
-590
-454
-384
-296
-152
-11
86
161
192
184
210
266
269
242
250
244
241
297
353
376
384
370
339
323
297
213
131
89
49
56
163
303
420
518
650
798
898
937
895
778
601
406
236
77
-52
-117
-114
-23
166
394
580
712
854
953
924
849
760
607
438
337
314
331
358
400
481
565
590
530
423
289
109
-36
-109
-178
-212
-157
7
224
430
607
741
830
861
830
718
525
297
57
-147
-277
-383
-475
-487
-434
-369
-277
-150
-71
-41
19
39
-4
-43
-69
-129
-192
-210
-248
-314
-372
-444
-552
-676
-798
-944
-1053
-1086
-1108
-1135
-1112
-1058
-1022
-953
-867
-844
-840
-831
-845
-836
-784
-738
-678
-552
-409
-298
-187
-74
-26
-42
-71
-138
-243
-336
-404
-446
-457
-441
-408
-361
-280
-173
-105
-39
58
120
176
265
318
312
332
391
439
437
403
376
321
263
247
218
168
160
218
317
416
478
498
508
528
554
573
573
578
591
622
667
695
673
609
538
468
414
350
286
274
302
362
452
557
634
675
708
732
722
637
488
362
294
254
249
265
295
337
401
507
570
500
364
211
14
-177
-358
-502
-555
-573
-506
-314
-137
-24
108
247
287
209
120
33
-156
-317
-338
-402
-489
-449
-391
-398
-410
-426
-503
-581
-608
-657
-723
-713
-636
-572
-497
-375
-306
-322
-343
-383
-491
-621
-729
-785
-788
-753
-665
-524
-382
-277
-189
-122
-131
-197
-267
-368
-459
-489
-474
-429
-345
-227
-111
-16
89
193
220
200
190
163
112
38
-18
-71
-128
-128
-90
-30
56
141
217
320
429
479
509
553
555
515
478
451
387
296
236
206
173
132
136
143
139
191
247
289
335
355
383
430
482
528
569
625
672
700
728
724
676
577
452
327
197
80
-10
-58
-54
-10
78
218
384
529
644
725
749
708
636
540
381
189
41
-74
-201
-273
-297
-312
-267
-204
-173
-152
-156
-198
-235
-267
-339
-425
-470
-469
-447
-395
-323
-281
-257
-240
-262
-299
-344
-445
-578
-649
-662
-659
-603
-510
-438
-368
-300
-265
-254
-296
-388
-463
-512
-559
-581
-580
-580
-567
-533
-491
-446
-399
-365
-326
-258
-166
-70
6
75
116
144
166
148
91
23
-41
-112
-142
-141
-145
-105
-43
27
100
166
225
268
308
343
369
377
365
344
318
303
309
307
292
294
311
343
365
380
392
372
342
329
340
320
273
281
300
314
350
402
458
483
491
502
502
476
445
405
341
292
260
221
178
139
108
80
75
81
83
87
111
165
206
223
224
220
213
180
122
41
-56
-153
-248
-319
-361
-397
-398
-356
-297
-201
-92
-3
52
78
76
38
-18
-83
-182
-307
-409
-478
-531
-538
-517
-495
-450
-388
-324
-275
-231
-209
-228
-235
-225
-254
-295
-312
-319
-333
-322
-272
-246
-236
-194
-155
-127
-120
-122
-121
-132
-106
-55
-37
-31
-23
-27
-40
-57
-73
-101
-118
-88
-37
27
92
148
215
249
258
235
163
104
51
17
-4
-17
22
76
131
197
236
226
