-4
-7
-5
-3
-1
3
3
-10
-5
14
0
-5
6
9
1
-4
-1
4
10
12
13
19
13
8
3
1
9
-1
-11
0
5
7
9
9
14
11
2
5
8
3
-1
-2
-2
4
7
5
9
3
5
10
2
3
5
-2
-5
1
-2
-2
9
8
15
15
11
21
17
14
14
13
13
9
12
12
7
6
11
10
10
9
6
13
12
14
15
5
2
4
4
1
4
15
15
6
3
4
4
4
-1
-2
6
9
5
2
-7
-13
-5
-3
-8
-6
-4
-7
-8
-8
-2
1
-3
3
1
-4
-1
-3
-9
-16
-23
-25
-19
-12
-17
-12
-5
-13
-9
-4
-14
-20
-16
-27
-34
-32
-34
-25
-15
-13
-10
-5
-4
-6
-9
-12
-12
-17
-12
-9
-15
-8
-1
-5
-4
-5
-2
3
-4
-15
-18
-19
-15
-16
-15
-1
0
-8
0
5
3
0
-1
13
16
8
16
21
11
8
14
9
6
7
9
5
3
14
14
12
10
13
13
13
17
16
14
12
13
14
18
17
16
22
20
13
16
12
12
20
11
7
9
8
14
10
11
13
11
9
11
1
-5
0
0
0
0
5
3
3
1
-7
-5
-4
2
10
5
1
-4
-5
-6
-12
-4
-2
-8
-15
-22
-15
-12
-19
-15
-20
-17
-10
-19
-14
-16
-21
-21
-26
-24
-27
-25
-11
-14
-25
-25
-27
-32
-23
-20
-21
-20
-20
-13
-6
-7
-12
-11
-17
-21
-13
-13
-12
-7
-5
-6
-11
-8
-10
-12
-15
-11
-3
0
-3
-4
7
16
24
21
20
27
23
19
14
12
15
10
7
9
16
14
1
7
8
7
14
13
19
12
9
12
18
27
28
32
31
24
24
25
28
29
21
15
13
12
15
13
18
26
25
19
25
33
28
25
18
11
15
16
11
13
17
16
16
20
18
14
23
23
15
10
0
-7
-13
-18
-19
-19
-16
-4
5
7
-1
-8
-4
-11
-11
-11
-23
-27
-38
-34
-22
-22
-24
-22
-20
-31
-43
-48
-54
-53
-52
-50
-43
-38
-37
-36
-27
-17
-19
-25
-32
-38
-30
-36
-42
-44
-46
-34
-33
-26
-15
-11
-6
-5
-3
-1
-5
-9
-18
-12
-6
-19
-20
-19
-11
1
7
23
30
26
26
21
26
25
17
15
14
19
21
26
32
31
28
16
18
21
18
18
22
22
26
43
44
40
55
57
60
64
52
45
33
25
13
0
8
11
10
9
22
33
26
35
40
32
32
30
28
27
19
9
7
11
14
9
8
9
10
7
0
-4
-9
-9
-2
-7
-9
0
-6
-6
2
-7
-13
-15
-34
-36
-36
-49
-44
-39
-35
-31
-22
-16
-16
-18
-22
-35
-42
-42
-55
-55
-51
-58
-42
-36
-37
-28
-19
-22
-28
-25
-26
-25
-27
-25
-19
-4
7
3
5
0
-12
-23
-41
-34
-31
-37
-29
-26
-19
-8
-1
5
-3
-1
-3
-8
-3
-8
-4
5
17
31
35
42
49
40
24
1
-20
-28
-31
-29
-11
6
19
31
40
42
37
34
24
14
2
-10
-6
2
16
35
52
54
53
39
13
-9
-32
-54
-48
-35
-26
-4
20
35
35
27
21
-1
-28
-47
-58
-61
-54
-32
-5
19
31
36
43
29
9
1
-13
-33
-48
-46
-51
-58
-47
-38
-27
-19
-5
12
27
30
26
40
50
46
37
17
2
0
-13
-25
-24
-14
2
22
47
54
45
38
16
-8
-25
-40
-35
-25
-10
25
62
87
102
108
105
75
35
1
-26
-38
-45
-60
-50
-36
-46
-45
-34
-20
-7
13
49
74
83
71
38
16
-3
-47
-95
-120
-132
-135
-97
-34
-7
13
61
86
68
46
5
-75
-160
-210
-239
-257
-245
-213
-172
-129
-96
-59
-38
-58
-60
-42
-24
-5
25
57
64
50
50
33
-13
-63
-131
-189
-215
-231
-194
-91
-6
47
144
229
227
217
219
180
129
136
177
199
238
286
293
275
276
231
143
88
58
36
47
115
177
224
281
335
370
354
300
247
170
67
25
57
92
131
208
286
326
370
366
285
233
210
199
241
349
435
489
575
620
540
361
29
-511
-1094
-1549
-1925
-2189
-2142
-1847
-1470
-920
-190
461
885
1136
1173
955
610
201
-300
-745
-1015
-1198
-1273
-1132
-879
-701
-558
-382
-295
-279
-260
-268
-261
-178
-78
15
206
424
508
512
505
408
189
-41
-259
-442
-521
-609
-741
-680
-443
-330
-220
104
318
228
189
308
252
46
-29
-39
-130
-138
8
135
215
294
373
496
638
721
777
850
869
862
875
786
614
478
313
126
80
135
165
287
599
919
1071
1102
1091
1041
954
789
662
758
1022
1396
1958
2635
3266
3851
4246
4234
3787
2257
-1173
-5345
-8269
-10223
-11888
-11670
-8885
-5620
-2488
2126
7423
10517
10864
9915
8024
4839
909
-2725
-5355
-7015
-8031
-7766
-5622
-2970
-1500
-710
322
867
420
-234
-471
-398
-72
710
1991
3447
4303
4106
3331
2302
580
-1878
-4187
-5712
-6419
-6174
-4868
-2737
-225
2109
3850
5016
5515
4888
3260
1402
-290
-1785
-2823
-3069
-2593
-1693
-677
186
823
1114
846
182
-390
-743
-986
-879
-231
685
1599
2360
2780
2756
2202
1112
-256
-1458
-2286
-2757
-2729
-2102
-1027
308
1592
2572
3233
3153
1898
229
-1035
-2571
-4520
-5150
-4167
-3291
-2251
304
2911
3759
4075
4809
4362
2321
461
-742
-2138
-3281
-3241
-2447
-1659
-835
209
1170
1576
1502
1407
1197
732
624
1059
1333
1447
1983
2417
2045
1543
1311
612
-438
-890
-868
-920
-664
178
1133
1857
2356
2654
2772
2570
1925
1276
1021
1003
1291
2084
3060
3986
4911
5372
5049
3992
983
-4811
-10774
-14181
-16147
-17218
-14842
-9477
-4670
57
7010
13434
15377
13922
11419
7396
1802
-3329
-6862
-9304
-10812
-10673
-8363
-4799
-1937
-467
394
774
266
-556
-1040
-1287
-1031
201
2078
4055
5712
6298
5447
3779
1747
-928
-4084
-6811
-8424
-8593
-7226
-4692
-1511
1740
4309
5882
6762
6753
5281
2820
501
-1324
-2687
-3211
-2766
-1820
-723
441
1379
1652
1118
-14
-1333
-2492
-3419
-4063
-4058
-3111
-1553
334
2476
4111
4508
4064
3341
2114
317
-1326
-2399
-3111
-3181
-2182
-641
696
1727
2563
3028
2927
2421
1781
1094
484
378
936
1589
2020
2537
3027
3053
2801
2545
1960
1049
505
546
709
918
1426
1968
2256
2429
2585
2721
2835
2755
2616
3137
4330
5260
5795
6046
4194
-1155
-7564
-12169
-15756
-18846
-18826
-15264
-11038
-6086
1666
9976
14655
15573
14695
11892
6826
1207
-3540
-7561
-10752
-12038
-10683
-7525
-4374
-2118
-454
560
509
-181
-976
-1868
-2345
-1663
46
2303
4605
6141
6442
5799
4468
2178
-1118
-4744
-7690
-9205
-9095
-7542
-4836
-1498
1626
4140
6188
7338
6854
5002
2690
452
-1433
-2592
-2761
-2189
-1335
-184
1020
1200
276
-828
-2682
-5794
-7887
-7502
-6543
-5367
-1817
3041
5966
7535
9588
10073
7196
3360
396
-2711
-5745
-6848
-5897
-4212
-2152
661
3665
5563
6181
6179
5338
3569
2100
1480
887
454
1165
2376
2769
2812
3136
2739
1320
295
43
-359
-570
341
1988
3475
4649
5678
6182
5694
4561
3678
3455
3675
4485
6022
6604
3325
-3543
-10235
-15571
-20933
-24239
-22679
-18743
-14639
-7056
4758
14684
18977
20337
19882
15381
8108
1580
-4273
-10616
-15535
-16495
-13923
-10173
-6606
-3256
-550
748
1097
1102
241
-1216
-1735
-795
938
3234
5700
7018
6837
6182
4955
2037
-2207
-6368
-9651
-11449
-11210
-9104
-5710
-1871
1683
5153
8378
9849
8919
6704
3995
1032
-1389
-2740
-3315
-3234
-2450
-1248
196
1051
-297
-3124
-4929
-6003
-7308
-6638
-3517
-1105
899
5193
9557
10535
9504
8116
4833
9
-3387
-5093
-6690
-7558
-6201
-3064
325
3274
5695
6982
6515
5269
4520
3382
1162
-239
-50
161
623
2304
3652
3535
3304
3496
2889
1546
777
629
511
991
2593
4109
4275
3815
3665
3069
1789
1077
945
568
1275
4512
8782
12046
12409
7077
-2749
-11632
-18582
-25622
-29535
-27793
-24252
-19162
-7542
7969
18400
22213
23631
22350
16540
8717
1303
-6335
-13900
-18477
-17787
-13199
-8382
-4929
-1806
825
1778
1479
311
-2213
-4768
-5129
-3225
-64
3678
6858
8513
9195
9433
8015
3917
-1839
-7460
-11594
-13452
-12948
-10513
-6854
-2808
1453
6126
10001
11213
9794
7187
4204
1262
-990
-2560
-4309
-6230
-6992
-6403
-5662
-4919
-3834
-3023
-2275
-103
3288
5861
7134
8218
8879
8125
6459
4447
1275
-2919
-6184
-7537
-7632
-6938
-5349
-2828
326
3741
7075
9511
10197
9578
8543
6961
4751
2481
241
-1953
-3188
-2844
-1725
-743
196
1323
2465
3620
4701
5113
4747
4243
4014
3903
3381
2317
1333
652
89
291
1682
3294
4777
7606
12054
14044
8982
-1068
-10445
-18750
-27346
-31879
-29855
-26523
-23025
-12733
3965
17217
22879
25088
24752
19526
11521
4146
-3273
-11698
-18341
-19568
-15668
-10515
-6604
-3438
-914
265
620
303
-1544
-4019
-4903
-3603
-603
3608
7438
9223
9590
9894
9178
5609
-267
-6281
-10965
-13697
-14023
-11794
-8016
-4281
-385
4815
9721
11378
9874
7105
3482
-571
-3623
-5642
-7438
-8152
-6753
-3940
-678
2460
4372
4650
4633
4967
4630
3283
1751
592
-53
-17
539
820
226
-786
-1242
-999
-751
-653
-312
431
1855
4136
6465
7805
7998
7336
6129
4775
3310
1376
-819
-2378
-2655
-1781
-526
578
1602
2399
2971
4017
5052
4686
3780
3746
3370
2105
1745
1903
779
-55
982
2221
3333
5958
9594
12689
12846
6238
-5253
-14456
-21362
-29219
-32565
-28777
-25001
-21066
-8810
8217
18787
22570
24756
23715
17556
9951
3071
-4478
-12428
-17817
-18041
-14000
-9653
-6691
-3731
-1181
-249
43
-263
-2236
-4200
-4011
-2140
846
4828
7970
9003
9468
10070
8707
4368
-1364
-6946
-11301
-13337
-12978
-10827
-7444
-3734
191
5201
9950
11049
7956
3554
-503
-4519
-7438
-7672
-6377
-5119
-2540
2370
7154
9236
8919
7129
4046
735
-1637
-3367
-4830
-5152
-3552
-722
2128
4275
5139
4501
3184
2277
1664
556
-586
-454
1000
3028
5364
7207
7315
6136
5109
4276
2887
1002
-662
-1620
-1750
-948
585
2045
2816
3174
3662
4219
4364
4056
3316
1910
743
985
1583
1638
2555
4857
7240
9927
14144
17378
13327
1061
-10472
-17817
-25308
-31675
-31742
-27716
-24101
-16524
-1465
13453
20695
23060
24140
21740
15310
8049
828
-7218
-14316
-17238
-15239
-11223
-8230
-5988
-3505
-1604
-685
-528
-1786
-4078
-5189
-3860
-796
2903
6367
8677
9685
10384
10632
8361
2988
-3318
-8544
-12048
-13610
-13152
-10953
-7783
-3995
1113
6635
9143
7650
4943
2292
-776
-2828
-3054
-3232
-3381
-1292
2583
5572
6872
6757
4775
1691
-539
-1857
-3456
-4876
-4744
-2799
209
3270
5520
6295
5446
4000
2924
1665
-239
-1818
-2276
-1523
646
3622
5826
6635
6801
6868
6497
5328
3484
1253
-963
-2490
-2756
-1892
-804
-140
696
2249
3629
3973
3857
3724
3159
2584
2896
3483
3442
3569
5164
7599
10128
13551
14995
7787
-5663
-14620
-19838
-27647
-32555
-29226
-25196
-22727
-12018
5920
17849
21107
23173
24175
19995
12943
6385
-946
-9586
-16261
-17483
-13904
-10069
-8080
-5765
-2839
-1219
-632
-726
-2454
-4642
-4925
-2931
493
4297
7201
8761
9957
11283
10839
6930
975
-4841
-9563
-12558
-13537
-12621
-10355
-7580
-3670
1923
6286
6894
5497
3804
1752
270
-245
-959
-1644
-917
943
2761
4241
4672
3014
421
-1088
-1675
-2482
-3248
-2892
-1249
943
3188
5174
6017
5213
3790
2753
1656
60
-1385
-2100
-1843
-187
2393
4474
5582
6201
6474
6429
6005
4740
2810
1093
-50
-654
-741
-585
-678
-979
-553
868
2122
2625
2973
3461
4006
4611
5137
5445
5690
6242
7415
9720
12526
10782
777
-10785
-17216
-23420
-30967
-31885
-27524
-25249
-19800
-4643
11449
19071
21892
24521
24082
19014
12237
4872
-3722
-11979
-16595
-15767
-12179
-10102
-9099
-6572
-3567
-1841
-1134
-1840
-4023
-5380
-4105
-839
2988
6346
8551
9845
11304
12269
10322
5209
-1008
-6789
-11013
-13225
-14059
-13295
-10755
-7368
-2684
3138
6578
6158
4846
4065
2764
1392
584
-399
-1072
-83
1917
3419
3999
3194
1039
-704
-1213
-1657
-2472
-2886
-2229
-253
2413
4609
5756
5619
4416
3170
2237
926
-760
-2063
-2411
-1388
840
3191
4623
5327
6114
6753
6470
5414
3896
1821
-13
-564
-331
-450
-890
-727
447
2188
3659
4281
4370
4367
4452
5281
6459
6388
5697
6140
7657
9744
8725
-394
-12132
-18207
-23325
-30339
-30368
-24521
-22539
-18680
-3874
12177
18528
20475
23342
22627
17017
10773
4334
-3803
-11655
-15802
-14803
-11326
-9447
-8652
-6335
-3410
-1740
-1480
-2742
-5086
-6497
-5162
-1446
2577
5750
8118
9868
11929
13715
12053
6560
209
-5530
-10023
-12433
-13351
-13154
-11413
-8240
-3604
1728
5160
5386
4221
3693
3535
2511
994
263
309
722
1834
3341
3736
2124
-103
-1151
-1468
-2240
-3203
-3422
-2365
-104
2567
4714
5802
5648
4763
3882
2917
1491
-422
-2268
-2717
-1307
673
2291
3696
4889
5751
6428
6742
6165
4635
2810
1369
585
477
525
162
74
1109
2457
2981
3070
3236
2976
2424
2608
3689
4885
6325
8510
11534
14395
12243
1422
-10166
-15932
-22803
-31147
-31597
-26906
-25104
-19280
-3664
11110
17212
20267
23635
23095
17840
11101
3796
-4053
-10843
-14341
-13335
-10281
-8720
-7661
-4824
-1897
-1036
-1937
-4007
-6472
-7492
-5904
-2649
781
4089
7291
10235
13171
14817
12620
7120
1034
-4521
-9029
-12179
-14229
-14357
-12059
-8254
-2936
3328
7311
7432
6296
5606
3420
-535
-3188
-3975
-4451
-3453
-206
2892
4349
4949
5105
4378
2790
566
-2197
-4345
-4509
-3002
-948
1016
2705
4075
4912
5075
4633
3156
497
-1798
-2314
-1634
-545
978
2630
4168
5834
7281
7631
6697
5123
3423
1870
977
714
317
21
691
2002
2982
3265
3362
3498
3020
2432
2873
3631
4451
6409
9223
12055
11736
3601
-7732
-14162
-20093
-29064
-31810
-27342
-25214
-21625
-7747
8205
15587
18916
23272
23984
19002
12313
5281
-2536
-9424
-13361
-13443
-11083
-9293
-7999
-5018
-1517
-490
-2155
-4688
-6956
-8147
-6935
-3709
-572
2475
6417
10397
13925
16080
14132
8556
2726
-2572
-7444
-11097
-13808
-15042
-13356
-9422
-4303
1554
5842
6383
5065
4781
4011
712
-2181
-2365
-2147
-2030
154
3261
4343
3826
3790
3687
1908
-776
-2894
-4141
-4169
-2692
-499
1175
2326
3852
5306
5511
4656
3162
731
-1698
-2221
-1141
-275
460
2028
3923
5600
7158
7868
7100
5511
3725
1957
821
283
-405
-786
58
1704
3219
4159
4687
5276
5509
4841
4263
4600
5146
5708
7753
10505
7906
-2287
-11566
-15942
-22352
-29283
-28521
-24623
-23323
-16999
-2472
10113
15598
19147
22419
21730
16904
10580
3730
-3282
-9316
-12632
-12465
-10924
-10050
-8579
-5445
-2726
-2315
-3699
-5681
-7046
-6608
-4420
-1709
901
3989
7713
11479
14675
15463
12161
6617
1343
-3476
-7670
-11182
-14028
-14664
-12546
-8933
-4198
776
3578
4009
4349
4821
3705
1467
37
-499
-609
213
1524
2378
2893
2922
2249
1448
251
-1886
-3700
-3722
-2422
-1029
219
1670
3140
4352
5258
5349
4177
2107
-6
-1192
-1189
-688
-131
694
2085
4104
6192
7429
7449
6624
5448
4110
2761
1805
1106
201
-9
1430
3136
3766
4138
4621
4418
3926
3997
4104
4145
5420
7734
9841
10873
6724
-4453
-14199
-18725
-25467
-32123
-30441
-25932
-23383
-14536
1393
13042
17305
20733
23733
21635
15429
8448
1128
-5800
-10701
-12595
-11624
-9953
-8895
-6823
-3407
-1414
-2506
-5180
-7508
-8672
-7914
-5377
-2604
159
4151
9059
13529
16601
16392
12106
6362
1142
-3865
-8431
-12350
-15095
-14842
-11585
-6993
-1815
2874
5181
5001
4739
4617
1569
-2913
-4115
-3563
-3702
-1637
2460
4602
5350
6955
7558
5303
1924
-1108
-3959
-5494
-4954
-3849
-2836
-866
2207
4982
6372
6434
5332
3248
1187
272
222
-106
-341
839
3045
5146
6775
7317
6486
5218
4182
3073
1794
941
682
792
1767
3197
3737
3968
4667
5005
5133
5670
6140
6691
8130
10532
11284
5219
-6426
-14978
-20135
-27676
-32264
-28792
-25172
-22950
-12717
3397
13686
17546
21450
23839
20460
13847
7414
839
-5734
-10552
-12320
-11516
-10182
-9016
-6626
-3288
-1961
-3855
-6593
-8209
-8637
-7426
-4696
-1913
990
5238
10302
14708
17104
15829
11139
5652
549
-4494
-9146
-13144
-15662
-15073
-11619
-6876
-1668
2760
5005
5484
4932
3067
178
-2722
-4346
-3627
-1689
-93
2303
5836
7812
7505
6870
5233
1006
-3141
-4617
-5133
-5600
-4751
-2702
-158
2672
5112
6256
5710
4148
2628
1198
-77
-478
-228
121
1398
4051
6399
7176
7387
7600
6771
5017
3663
2679
1440
660
868
1176
1246
1590
2167
3044
4496
6123
7392
8706
10457
12117
12924
10278
196
-12152
-18637
-24011
-31134
-31635
-26172
-23014
-17409
-3688
9768
15889
18965
22253
21746
16171
9463
3212
-2933
-7857
-10408
-10391
-9039
-7931
-6514
-3902
-1967
-3047
-6077
-8465
-9598
-9262
-6899
-3688
-674
3250
8521
13507
16667
16955
13712
8496
3370
-1685
-6514
-10527
-13724
-14741
-12575
-8740
-4548
-567
2098
3052
3178
3032
1926
-47
-1068
-480
658
1863
3186
4532
5447
5101
3674
1869
-774
-3886
-5476
-5073
-4033
-2921
-1268
1129
3723
5701
6588
6071
4309
2315
709
-527
-1086
-1064
-938
-139
1927
4345
5906
6482
6624
6397
5419
4110
3093
2135
1358
1347
1924
2701
3346
3501
3524
3845
4214
4498
5411
7214
8795
9855
8803
1254
-9710
-15938
-20489
-27642
-29749
-25197
-22006
-17730
-5722
7843
14673
17520
20651
21045
16436
9963
3901
-1890
-6962
-10279
-11002
-9651
-8100
-6719
-4356
-2093
-2629
-5448
-7587
-8276
-8090
-6584
-4014
-1317
2254
7362
12340
15406
15788
13093
8431
3613
-1044
-5748
-10183
-13591
-14466
-12316
-8611
-4500
-333
2812
4249
4948
4738
2180
-1111
-2736
-3369
-3058
-1022
1194
2912
5279
7198
6843
5080
2930
-108
-3138
-4438
-4576
-4706
-4116
-1754
1556
3904
4900
5188
4642
3305
2054
1221
238
-795
-658
847
2717
4689
6327
6681
6446
6575
6077
4373
2699
1737
946
506
1021
1810
2320
3332
4725
5684
6563
7517
8401
9507
10665
10528
4912
-6984
-16387
-20486
-26880
-32228
-28725
-23333
-20570
-11839
3219
13562
16841
19678
21968
19080
12696
6646
1145
-3929
-7634
-9405
-9276
-8114
-7038
-5801
-3926
-3555
-6381
-9616
-10581
-9947
-8125
-5120
-2002
1499
6553
12168
16259
17641
15671
10972
5742
996
-3870
-8629
-12536
-14708
-13682
-9988
-6014
-2392
992
2890
3079
3078
2738
485
-2148
-2111
-596
112
1415
3980
5719
5909
5526
4484
1710
-1868
-3983
-4767
-5144
-4738
-3523
-1452
1588
4548
6139
5981
4820
3481
1973
485
-510
-1154
-1577
-957
1263
3823
5325
6060
6594
6717
6195
5211
4055
2723
1563
1376
1774
1880
1973
2497
3451
4535
5541
6683
7609
8352
9703
11167
10648
4282
-7588
-16297
-20393
-27194
-32104
-28332
-23617
-20632
-10776
4173
13568
16523
19484
21821
18864
12397
6281
807
-4171
-7749
-9108
-8665
-7837
-7063
-5533
-3450
-3474
-6616
-9644
-10602
-10172
-8165
-5098
-2190
1493
6847
12431
16371
17528
15276
10541
5492
731
-4434
-9514
-13564
-15633
-14377
-10434
-6113
-2146
1559
4143
5217
5685
5510
3237
-286
-1947
-1929
-2629
-2757
-482
2022
2896
3603
4613
3723
1247
-9
-436
-1597
-2741
-2983
-2003
-18
2125
3583
3703
3004
2420
1858
1161
505
-201
-846
-538
1462
4051
5479
6037
6760
7161
6602
5679
4762
3273
1681
1254
1320
1038
1389
2220
2782
3859
5251
5855
6619
8696
10637
11375
11113
5982
-5992
-16063
-20192
-26302
-32408
-29786
-24252
-20899
-11951
2909
13305
16749
19498
21968
19429
12957
6583
986
-3966
-7538
-9090
-8718
-7510
-6335
-4813
-2902
-2984
-6270
-9585
-10735
-10565
-8989
-6205
-3319
539
6246
12306
16662
18021
16035
11737
6881
1899
-3644
-8970
-13199
-15641
-14750
-10827
-6542
-2819
930
3771
5208
5950
5362
3463
1465
-839
-2653
-2576
-2357
-2440
-194
2727
2731
2096
2861
2107
-106
-505
-74
-1363
-2551
-1260
959
2225
3116
3831
3416
2188
1404
1107
303
-1006
-1497
-748
520
2395
4715
6045
6324
6801
6997
5871
4377
3337
1940
536
713
1815
2203
2710
4309
5678
6101
6624
7341
7650
7942
8284
8485
6578
-1706
-12549
-17580
-21395
-28473
-29618
-24031
-20784
-16420
-4445
8050
13635
16245
19726
20260
15936
10082
4521
-666
-4835
-7594
-8771
-8550
-7883
-7135
-5441
-3833
-5152
-8218
-9762
-9857
-8724
-5951
-3134
-562
3583
9062
13794
16330
15943
12808
8317
3691
-1094
-6008
-10368
-13734
-14813
-12318
-8129
-4596
-1276
1956
3873
4653
4651
3063
498
-1088
-1155
-453
599
1924
3311
4539
5146
4589
2748
-13
-2664
-4297
-4864
-4875
-4633
-3211
-204
2871
4939
5920
5678
4485
3083
1940
689
-909
-2044
-1835
-238
1924
3546
4403
5022
5597
5877
5400
4073
2672
1601
834
1035
2152
2850
2920
3607
4810
5136
4669
4368
4172
3928
4443
6101
7592
8549
9148
5116
-5137
-13575
-18151
-25557
-31368
-28411
-23783
-21243
-12789
1498
12059
16847
20806
23426
20683
14078
7560
1824
-3700
-8440
-11203
-11331
-9596
-7610
-5585
-3241
-2698
-5167
-7846
-8809
-8794
-7935
-6106
-3480
518
5937
11458
15563
17116
15587
11684
6931
1841
-3691
-8761
-12613
-14800
-14062
-10549
-6455
-2654
1178
4160
5498
5200
3390
1006
-1318
-3186
-3103
-1406
-70
1554
4445
6425
6082
4959
3388
369
-2743
-4375
-5261
-5760
-4809
-2010
1313
3778
5438
6175
5478
4118
2791
1072
-1091
-2708
-2779
-1564
389
2865
4753
5637
6551
7286
6850
5385
3671
2097
704
205
894
1701
2320
3278
4418
5245
5372
4955
4652
4785
5336
6161
7033
8171
8761
4502
-5541
-13519
-17681
-25066
-30967
-27636
-23052
-21258
-13183
968
11186
15742
19764
22722
20339
14069
8042
2704
-2613
-7266
-10166
-10599
-9287
-7827
-6202
-3955
-3479
-5990
-8293
-8990
-9098
-7833
-5454
-3200
296
5829
11320
14998
16425
15230
11486
6570
1801
-2960
-7760
-11836
-14164
-13499
-10250
-6431
-2753
756
3128
3946
3758
2705
934
-788
-1537
-949
275
1751
3566
5087
5780
5363
3590
902
-1858
-3963
-5150
-5442
-4986
-3618
-869
2302
4587
6000
6264
5061
3254
1655
184
-1394
-2621
-2581
-1099
1087
3289
4960
5824
6304
6425
5754
4503
3037
1471
326
367
1310
2194
2888
3760
4837
5591
5600
5016
4239
3932
3996
4302
5655
7230
8188
7650
1497
-8719
-15182
-20028
-27646
-30086
-25270
-22278
-18881
-7313
6579
14193
17880
21691
22457
17744
11200
5510
-167
-5823
-9863
-11353
-10532
-8692
-7075
-5072
-3095
-3733
-6333
-7919
-8353
-8148
-6697
-4508
-1855
2323
7809
12721
15568
15885
13660
9538
4967
399
-4524
-9235
-13004
-14589
-12697
-8898
-5424
-1919
1630
3781
4709
5027
4018
2031
25
-1783
-2459
-1690
-757
207
2050
3647
3407
2382
1786
701
-997
-2001
-2307
-2551
-1915
105
2187
3466
4126
3910
2803
1569
532
-607
-1885
-2606
-1950
-239
1767
3923
5758
6689
6983
6971
6363
4956
3123
1414
318
-27
251
1132
2280
3418
4599
5554
6080
6150
5857
5742
6059
6530
6962
7753
7705
2140
-8190
-14858
-18683
-26015
-29962
-25548
-21781
-19401
-9836
3759
12135
15914
19790
21815
18641
12599
7036
1920
-3254
-7428
-9695
-9955
-8890
-7718
-6121
-4162
-4440
-6905
-8478
-8830
-8485
-6671
-4422
-2282
1538
6982
11933
15029
15922
14365
10530
6005
1624
-3309
-8272
-12203
-14273
-13308
-10081
-6770
-3476
183
2744
3953
4811
4293
1912
-108
-818
-1169
-725
953
2459
3386
4299
4400
3064
1037
-951
-2724
-3923
-4439
-4532
-3406
-710
2097
4097
5134
4885
3697
2433
1365
-1
-1691
-2801
-2595
-933
1573
3883
5496
6186
6197
6271
5931
4489
2714
1149
11
-153
486
1423
2315
3168
4246
5154
5573
5603
5130
4562
4355
4239
4456
5497
6973
8260
6977
-117
-9620
-15578
-20761
-27155
-28324
-24595
-22105
-17158
-5171
7457
14391
17929
20941
20976
16537
10517
4741
-1126
-6412
-9791
-10709
-9672
-8098
-6590
-4436
-2793
-3849
-6344
-8021
-8822
-8441
-6667
-4558
-1749
2946
8623
13449
16255
16373
13712
9272
4648
-54
-5392
-10341
-13715
-14614
-12364
-8421
-4751
-1311
1871
3897
5127
5895
5273
3184
832
-702
-1360
-1806
-2017
-1394
-171
619
895
1356
1350
369
-282
-151
-475
-1229
-791
716
1860
2696
3129
2489
1456
760
111
-903
-2039
-2493
-1921
-392
1958
4226
5493
6095
6713
7123
6572
5078
3348
1561
162
-8
523
918
1501
2567
3542
4067
4660
5127
4759
4328
4654
5176
5746
6976
8816
9879
6578
-2675
-11610
-16274
-22375
-28748
-27649
-23552
-21769
-15048
-1491
9567
14503
17917
20872
19729
14465
8655
3330
-2084
-6613
-9180
-9587
-8307
-6739
-5361
-3568
-2995
-5190
-7809
-9121
-9656
-8764
-6695
-4618
-1207
4475
10434
14572
16426
15942
12844
8272
3810
-996
-6414
-11152
-13992
-13812
-10884
-7414
-4270
-910
1917
3462
4416
4628
3071
500
-1219
-1578
-1272
-473
1190
3148
4440
4998
4824
3494
1125
-1302
-3187
-4867
-6068
-5741
-3869
-1230
1704
4129
5159
5082
4628
3781
2227
167
-1761
-2879
-2587
-916
1266
3157
4537
5420
5801
5698
5026
3560
1671
220
-310
104
964
1903
3113
4245
4639
4692
4911
4443
3154
2520
2558
2487
3297
5626
7948
9363
10537
8474
-560
-10629
-15790
-21823
-29384
-29738
-25192
-22244
-15501
-2137
9623
15247
18469
21188
20435
15257
8686
2705
-2773
-7147
-9298
-9209
-7784
-6193
-4655
-2746
-2211
-4369
-7160
-9305
-10596
-9841
-7666
-5247
-1466
4300
10482
15103
17189
16672
13702
9063
3900
-1468
-6756
-11288
-14192
-13951
-10717
-7160
-4249
-880
2232
3828
4528
4614
3471
1535
97
-108
165
110
360
1048
1553
1692
1150
56
-1172
-2422
-3061
-2945
-2751
-2221
-636
1613
3495
4591
4732
3771
2534
1573
323
-1227
-2516
-2943
-2108
-376
1701
3495
4479
5072
5541
5531
4876
3560
2032
921
493
794
1431
1954
2400
3189
4062
4029
3735
4001
3649
3022
3632
4381
4446
5500
7653
9209
10351
8893
202
-10253
-14827
-20026
-28041
-28645
-23967
-22178
-16895
-3733
8002
13100
16501
20116
20057
15477
9385
3614
-1533
-5607
-8132
-8888
-7969
-6605
-5406
-3406
-2318
-4403
-7339
-9203
-10167
-9037
-6601
-4797
-1835
3793
9844
14086
16206
16007
13035
8443
3952
-785
-6103
-10867
-13986
-14092
-11159
-7745
-4934
-1559
1721
3525
4541
4858
3626
1672
135
-760
-875
-343
452
1692
3392
4207
3401
1986
442
-1409
-3000
-3993
-4755
-4779
-3167
-553
2055
4212
5208
4890
4095
3291
2030
133
-1705
-2775
-2634
-1365
369
2152
3672
4660
5249
5351
4830
3871
2593
1485
1048
933
1094
1767
2569
3434
4187
4282
3928
3406
2656
2008
1934
2281
2786
4171
6502
8343
9898
11803
9774
462
-9309
-14487
-21358
-29393
-29460
-24985
-22787
-16593
-3391
8122
13632
17252
20549
20104
15062
8707
3002
-2018
-5941
-8175
-8367
-7155
-5936
-4533
-2486
-1954
-4312
-7386
-9605
-10735
-9702
-7289
-5200
-1942
3779
9832
14075
16229
16064
13132
8552
3934
-817
-5894
-10458
-13394
-13314
-10525
-7374
-4459
-1049
1866
3347
4193
4487
3461
1990
1093
271
-257
-202
-566
-605
674
1093
-59
-565
-691
-1633
-1878
-1008
-845
-933
450
2334
3434
4152
4185
3115
1753
697
-329
-1775
-3162
-3519
-2811
-1309
707
2686
4324
5496
6299
6627
6021
4897
3703
2297
1261
956
830
770
1322
2527
3289
3215
3250
3144
2414
2295
2936
3164
3468
4710
6365
7952
9719
11301
9190
573
-8744
-13697
-19999
-27684
-28132
-24247
-22369
-16821
-4749
6233
11882
15628
19285
19542
15100
9166
3961
-561
-4324
-6882
-7795
-7114
-5950
-4689
-2759
-2002
-4305
-7470
-9451
-10214
-9259
-7396
-5676
-2691
2449
8419
13096
15285
15202
12787
8718
4576
137
-4807
-9308
-12465
-12737
-10201
-7329
-4777
-1565
1380
2848
3638
4017
3251
1868
927
719
636
245
236
544
468
342
-88
-1116
-1685
-1695
-1642
-1222
-636
-35
1075
2661
3820
3909
3416
2539
1277
275
-602
-1761
-2845
-3172
-2280
-739
904
2521
3766
4839
5766
6168
5935
4804
3327
2324
1549
902
573
629
1042
1467
2069
2802
2800
2380
2425
2518
2272
2344
3205
4367
5583
7116
8618
9628
10560
10493
5126
-5461
-13452
-18430
-25932
-30069
-26289
-22673
-19896
-10536
2359
10709
14763
18232
19790
16887
11290
5900
1267
-2780
-5691
-7079
-6953
-5799
-4660
-3458
-2410
-3690
-6960
-9697
-11354
-11218
-8887
-6392
-3815
887
7102
12457
15743
16713
15002
10904
6148
1634
-3063
-7685
-11526
-13293
-11778
-8474
-5536
-2610
504
2356
3031
3652
3580
2205
665
37
32
68
410
1145
1784
2037
1730
1011
22
-1165
-1785
-1826
-2182
-2315
-1259
376
1901
3329
4015
3380
2394
1893
1060
-491
-1877
-2754
-3037
-2077
-94
1696
2911
4010
4993
5522
5486
4810
3585
2303
1458
1117
975
1048
1591
2138
2294
2576
2824
2381
1878
1936
1847
1401
1776
3404
5021
6055
7460
8849
8976
9114
9523
5206
-4960
-13160
-17601
-23966
-28263
-25038
-20919
-18345
-10580
1267
9787
13820
16652
18262
16226
11222
6017
1586
-2284
-5261
-6697
-6615
-5950
-5305
-4156
-3019
-3844
-6360
-8655
-10142
-9980
-7657
-5123
-3053
457
5583
10318
13288
14212
12913
9493
5308
1549
-2113
-5977
-9469
-11281
-10305
-7639
-5205
-2954
-558
1033
1787
2400
2379
1397
230
-307
-59
470
1035
2010
3253
3914
3539
2400
859
-811
-2257
-3156
-3528
-3742
-3372
-1426
1320
3192
4060
4280
3692
2653
1727
603
-1049
-2419
-2652
-1786
-167
1589
2870
3733
4444
4987
5007
4199
2882
1557
567
255
465
753
1205
2045
2947
3568
3951
3803
3050
2490
2015
994
442
1155
2210
3350
5040
6573
7406
8330
9686
10131
6625
-2041
-10738
-15804
-21110
-25813
-24548
-21011
-18845
-12603
-1508
7344
11490
14132
15954
14753
10677
6129
2095
-1546
-4128
-5189
-5189
-4524
-3628
-2737
-1840
-2338
-4997
-7895
-9755
-10236
-8710
-6507
-4691
-1579
3443
8536
11931
13247
12636
9884
6128
2906
-502
-4571
-8113
-10054
-9692
-7478
-5078
-3125
-1138
486
1233
1688
1857
1280
703
900
1450
1768
2095
2716
2880
2192
1242
-203
-2172
-3284
-3244
-3000
-2653
-1812
-424
1364
3263
4616
4688
3766
2641
1536
540
-443
-1551
-2402
-2514
-1623
-47
1272
2081
2918
3643
3901
4109
4149
3416
2405
1771
1413
1286
1375
1432
1518
1766
1949
2018
2157
2394
2536
2228
1764
1741
1924
2375
3500
4714
5434
5986
6860
7867
8699
8876
5409
-3007
-10695
-14979
-20309
-24818
-23445
-20369
-18395
-12122
-1497
6707
10737
13738
15939
15000
11184
6910
3055
-638
-3579
-5186
-5618
-5272
-4673
-3758
-2770
-3352
-5680
-7935
-9333
-9503
-8078
-6279
-4634
-1516
3508
8428
11616
12988
12470
9961
6619
3423
-205
-4389
-8081
-10058
-9607
-7625
-5576
-3555
-1339
483
1682
2466
2494
1791
1222
1338
1880
2125
1900
1726
1610
1201
588
-277
-1589
-2619
-2627
-2265
-2079
-1492
-332
961
2403
3725
3992
3277
2600
2107
1257
71
-1049
-1950
-2309
-1556
-158
790
1420
2353
3244
3748
4003
3811
2997
2056
1667
1654
1325
1053
1353
1581
1700
2173
2401
2147
2061
2251
2334
2076
1724
1742
2042
2408
2985
3692
4227
4718
5537
6600
7335
7677
6849
2038
-5708
-11149
-15403
-21385
-23799
-20909
-18635
-15779
-7642
1721
7327
10954
14360
15321
12640
8587
4823
1048
-2274
-4413
-5588
-5844
-5245
-4262
-3085
-2537
-3747
-5871
-7548
-8544
-8216
-6685
-5302
-3476
246
4883
8547
10839
11765
10757
8178
5302
2246
-1393
-4989
-7644
-8691
-7963
-6414
-4809
-2865
-870
390
1119
1601
1549
1240
1300
1731
2287
2887
3143
2910
2633
1800
-214
-2217
-3338
-4202
-4537
-3590
-2199
-1081
791
3362
4828
5072
4910
3850
2136
894
-102
-1373
-2315
-2375
-1767
-805
380
1438
2028
2385
2794
3062
2938
2661
2518
2364
2174
2144
2137
1921
1653
1646
1536
985
903
1477
1684
1841
2483
2798
2764
3205
3740
3720
3532
3385
3047
3052
3872
4777
5347
6538
7585
4725
-2051
-7540
-11592
-17790
-22231
-21170
-19389
-17920
-11909
-2647
4526
8838
12380
14868
14252
10847
6929
3257
-433
-3497
-5237
-5823
-5764
-5251
-4135
-3154
-3525
-4949
-6612
-8072
-8166
-6881
-5703
-4234
-1119
3116
7099
10014
11536
11379
9407
6545
3568
18
-3955
-7353
-9274
-9205
-7925
-6416
-4429
-2047
-140
1206
2261
2674
2432
2211
2369
2734
3104
3521
3965
3898
2851
920
-1576
-3986
-5465
-5932
-5755
-4853
-3145
-740
2196
4916
6479
6616
5786
4476
2841
1131
-504
-2022
-2965
-3012
-2282
-1194
-310
410
1175
1729
1981
2131
2234
2171
2131
2448
2805
2860
2864
2819
2543
2170
1735
1293
1015
1036
1332
1608
1801
2100
2629
3221
3334
3130
3030
2600
2231
2674
3046
2961
3538
4850
6025
6941
6252
1589
-5029
-9894
-14365
-19177
-20841
-19552
-18039
-14356
-6735
1244
6587
10363
13230
13759
11571
7993
4154
541
-2523
-4722
-5758
-5753
-5139
-3975
-2559
-2123
-3281
-5065
-6547
-7253
-6834
-5999
-5298
-3500
125
4229
7520
9756
10502
9385
7260
5003
2168
-1529
-5165
-7594
-8256
-7474
-6087
-4319
-2132
-175
1240
2360
2828
2417
1830
1586
1533
1619
2002
2565
3088
3271
2514
744
-1381
-3271
-4469
-4872
-4928
-4427
-2680
-110
2552
5005
6354
6103
5124
4030
2523
545
-1448
-3014
-3700
-3278
-2229
-1146
-158
795
1656
2287
2627
2613
2395
2323
2464
2735
2967
2912
2849
2978
2741
1928
1052
388
-121
-316
-51
385
703
1193
2166
3182
3649
3691
3674
3495
3244
3179
2842
2217
2174
2805
3649
4763
5954
5377
1587
-3459
-7916
-12788
-17438
-19449
-19124
-17714
-14233
-7946
-735
5131
9401
12407
13432
11904
8557
4763
1160
-2199
-4800
-6171
-6452
-5861
-4527
-3037
-2338
-2700
-3737
-5084
-5982
-6008
-5742
-5194
-3583
-667
2920
6175
8502
9594
9269
7871
5744
2989
-169
-3388
-5889
-6909
-6677
-5739
-4302
-2594
-856
637
1524
1828
1764
1412
1006
905
1217
1763
2464
3153
3261
2701
1657
52
-1500
-2492
-3400
-4070
-3784
-2763
-1275
794
2773
3818
4098
3921
3161
1993
692
-727
-2021
-2669
-2420
-1594
-595
571
1710
2437
2813
2919
2646
2091
1476
1049
838
748
928
1317
1682
1931
1926
1731
1540
1356
1246
1174
1105
1323
1859
2442
3074
3643
3650
3164
2839
2632
2124
1615
1375
1151
1230
2129
3354
4365
5381
5516
3224
-774
-5129
-9922
-14348
-16969
-17834
-17103
-14339
-9694
-3871
1990
6618
9501
10768
10375
8182
4954
1786
-1133
-3550
-4846
-5144
-4830
-3943
-2902
-2408
-2581
-3326
-4592
-5721
-6035
-5708
-4960
-3446
-985
1998
4881
7140
8364
8352
7270
5361
2898
293
-2336
-4633
-5786
-5725
-4930
-3623
-2064
-602
580
1369
1635
1452
1085
668
401
598
1128
1712
2403
3068
3261
2711
1460
-236
-1926
-3252
-4164
-4490
-3865
-2453
-645
1511
3503
4524
4689
4414
3527
2058
568
-765
-1927
-2362
-2011
-1469
-756
185
988
1468
1736
1813
1511
1090
1068
1297
1504
1822
2270
2716
3026
3087
2840
2251
1480
849
498
393
480
734
1169
1789
2475
2897
2879
2626
2238
1663
1058
748
777
935
1552
2804
3928
4696
5534
5855
4409
1243
-2587
-7089
-11995
-15299
-16535
-16821
-15367
-11498
-6604
-1580
3344
7252
9262
9531
8558
6408
3515
719
-1581
-3204
-4018
-4162
-3758
-2970
-2394
-2384
-2763
-3641
-4859
-5535
-5510
-5138
-4020
-2047
266
2840
5422
7168
7679
7230
6077
4182
1853
-422
-2584
-4219
-4784
-4555
-3782
-2592
-1423
-451
269
555
511
305
36
-60
63
306
809
1598
2356
2676
2406
1728
806
-168
-944
-1474
-1854
-1990
-1549
-586
480
1406
2058
2235
1983
1582
996
89
-723
-1065
-1154
-976
-373
323
981
1727
2300
2435
2275
2046
1757
1418
1147
905
684
739
1120
1521
1701
1698
1660
1578
1390
1185
1002
788
717
982
1394
1612
1714
1917
1940
1774
1820
1712
1133
852
1113
1212
1314
1987
2718
3085
3517
3973
3556
1694
-791
-3192
-6366
-9884
-11794
-12523
-13014
-11775
-8519
-5090
-1890
1583
4627
6208
6418
5964
4746
2687
716
-722
-2010
-2996
-3229
-2941
-2650
-2497
-2427
-2635
-3298
-3846
-3819
-3712
-3502
-2466
-845
732
2388
4054
5076
5277
4984
4222
2839
1127
-475
-1966
-3131
-3538
-3412
-3058
-2325
-1324
-488
19
312
391
180
-130
-221
-23
257
526
1009
1656
2064
2255
2416
2180
1454
711
10
-764
-1254
-1254
-1079
-777
-184
379
744
1141
1399
1231
861
555
287
184
369
589
794
1094
1404
1724
1963
1924
1660
1277
820
449
210
82
155
397
687
1009
1368
1621
1624
1510
1384
1120
786
649
716
785
895
1187
1522
1739
1910
2122
2168
1898
1672
1630
1481
1362
1471
1537
1491
1611
1759
1650
1429
831
-654
-2382
-3806
-5592
-7374
-8069
-8255
-8376
-7399
-5281
-3253
-1535
481
2243
2959
3140
3162
2601
1541
533
-320
-1150
-1804
-2137
-2281
-2514
-2847
-3017
-3142
-3435
-3481
-3159
-2921
-2502
-1422
-118
964
2007
3017
3535
3459
3210
2680
1622
537
-345
-1233
-1854
-2004
-1977
-1925
-1766
-1517
-1270
-1043
-731
-295
45
239
649
1263
1726
2067
2401
2480
2165
1761
1402
798
57
-454
-883
-1201
-1059
-727
-465
-13
595
1040
1318
1603
1722
1455
1134
974
695
361
309
395
410
511
738
904
954
928
804
602
447
471
637
863
1219
1652
1950
2140
2254
2128
1757
1324
924
534
267
274
442
600
826
1192
1509
1664
1725
1631
1304
915
720
626
487
480
655
790
857
1090
1306
1027
620
495
-111
-1369
-2261
-2995
-4277
-5168
-5188
-5384
-5613
-4897
-3819
-3132
-2249
-1033
-266
103
582
861
638
355
238
-80
-591
-974
-1275
-1622
-1927
-2129
-2310
-2559
-2710
-2488
-2067
-1738
-1233
-417
213
655
1338
1845
1725
1550
1533
1045
331
41
-294
-874
-984
-793
-883
-840
-389
-70
-16
190
454
408
353
582
721
674
812
1047
1050
996
1045
952
717
587
517
368
215
236
375
462
623
876
953
913
926
866
685
550
516
450
402
579
757
757
851
940
790
641
602
546
540
692
956
1198
1429
1689
1824
1736
1511
1209
808
409
176
53
25
259
649
957
1237
1507
1592
1442
1221
1014
673
303
169
132
54
110
342
493
505
587
545
214
6
-110
-418
-655
-754
-1005
-1415
-1782
-2102
-2532
-3008
-3287
-3349
-3320
-3134
-2687
-2116
-1649
-1219
-664
-289
-267
-293
-393
-757
-1077
-1204
-1437
-1683
-1644
-1537
-1499
-1327
-1074
-910
-856
-740
-547
-518
-499
-300
-150
-57
127
255
253
242
234
143
-57
-219
-295
-398
-430
-246
-27
86
261
552
746
775
802
825
716
590
610
608
522
574
685
649
657
805
798
668
669
693
580
497
558
569
508
593
742
792
863
967
959
920
913
857
787
765
773
804
864
974
1115
1223
1319
1383
1346
1273
1163
940
673
401
128
-9
46
203
414
668
938
1169
1263
1226
1141
928
630
473
426
321
304
467
547
498
475
409
212
-34
-278
-558
-848
-1071
-1157
-1066
-881
-704
-571
-435
-262
-238
-431
-620
-847
-1310
-1779
-1979
-2148
-2494
-2612
-2275
-1989
-1916
-1576
-1161
-1162
-1173
-916
-940
-1238
-1238
-1120
-1185
-1113
-875
-781
-769
-671
-644
-798
-924
-922
-966
-1034
-958
-794
-615
-370
-109
47
99
148
218
252
240
183
80
37
94
153
201
249
257
271
344
429
476
472
466
477
485
552
690
813
876
952
1033
1008
948
958
862
649
556
539
500
556
693
769
818
903
993
1087
1154
1218
1287
1265
1196
1199
1203
1127
1032
954
864
780
744
744
671
583
588
579
548
607
665
634
612
630
591
506
429
333
236
148
52
-7
-33
-55
-42
24
100
145
206
304
309
194
73
-41
-191
-313
-392
-515
-653
-696
-735
-873
-957
-978
-1104
-1175
-1063
-1003
-1028
-937
-782
-778
-831
-772
-756
-891
-1011
-1060
-1153
-1270
-1283
-1225
-1227
-1214
-1101
-1010
-947
-799
-623
-563
-568
-494
-451
-507
-490
-444
-511
-567
-517
-448
-400
-334
-249
-196
-126
30
152
191
264
347
331
284
296
286
215
195
180
107
48
24
52
84
84
113
199
311
416
514
600
691
793
850
856
839
778
691
664
635
527
485
519
507
519
579
605
631
690
714
667
603
562
499
388
321
316
325
353
419
483
499
524
614
660
618
635
685
627
583
605
518
330
169
-34
-311
-535
-654
-772
-833
-696
-475
-249
32
276
346
351
345
217
-11
-218
-319
-359
-364
-247
-50
66
140
197
66
-177
-371
-592
-832
-978
-1031
-987
-811
-532
-222
-5
87
149
138
6
-172
-350
-536
-703
-768
-698
-552
-384
-232
-158
-176
-202
-187
-219
-309
-379
-406
-371
-281
-172
-69
2
41
40
-4
-50
-128
-239
-230
-132
-108
-65
91
232
268
282
317
291
192
114
19
-147
-291
-333
-336
-348
-277
-120
44
207
362
471
520
484
373
240
64
-99
-160
-153
-137
-98
-34
45
147
202
188
206
226
187
208
320
397
456
553
599
514
357
215
61
-133
-288
-358
-349
-275
-144
53
240
373
468
513
523
501
428
307
179
95
55
13
-4
38
41
-21
-28
-12
-81
-159
-144
-119
-118
-47
99
220
317
414
425
371
331
234
50
-101
-207
-294
-300
-254
-206
-117
5
102
177
224
209
182
200
179
63
-24
-39
-105
-217
-269
-313
-413
-472
-412
-339
-314
-246
-112
-19
-6
5
15
-35
-83
-105
-154
-202
-239
-277
-279
-275
-291
-278
-250
-242
-233
-211
-182
-159
-125
-95
-102
-96
-92
-127
-152
-162
-181
-213
-194
-111
-36
55
165
218
214
206
173
105
39
-5
-54
-119
-134
-87
-45
5
90
158
178
202
231
217
191
186
177
177
200
228
246
226
165
97
24
-39
-101
-149
-183
-187
-125
-55
-22
33
108
139
186
256
260
242
271
315
297
242
222
203
148
84
33
-14
-37
-28
-34
-37
-13
2
36
100
101
34
-10
0
40
34
-13
-8
32
44
77
118
100
93
152
186
149
117
99
33
-37
-69
-148
-252
-264
-254
-305
-314
-238
-185
-151
-112
-120
-131
-98
-98
-131
-119
-97
-95
-71
-73
-119
-158
-169
-189
-255
-287
-256
-221
-210
-201
-203
-213
-154
-53
-20
-19
55
152
189
216
235
210
141
78
43
-28
-111
-151
-178
-185
-140
-56
70
199
267
316
376
396
350
261
168
92
26
-12
-2
31
52
88
127
122
124
151
155
121
31
-41
-49
-60
-65
-46
-32
-13
26
47
33
21
14
-8
-25
-36
-49
-42
-11
-14
-7
21
-11
-59
-88
-131
-183
-195
-163
-136
-95
-10
100
190
224
238
239
195
124
46
-25
-81
-128
-150
-149
-129
-79
-14
44
76
77
81
65
24
-25
-83
-119
-121
-136
-145
-102
-79
-92
-88
-100
-134
-138
-127
-112
-68
3
96
181
239
245
198
129
56
-53
-165
-207
-226
-243
-196
-131
-105
-95
-90
-83
-71
-74
-46
32
93
143
230
296
284
236
174
77
-40
-118
-158
-183
-166
-103
-17
77
171
233
250
248
240
216
170
137
119
92
80
99
114
107
95
85
64
34
3
-38
-65
-73
-98
-96
-53
-20
18
75
108
111
106
99
81
38
-47
-142
-205
-227
-239
-263
-278
-247
-195
-169
-128
-70
-35
-9
9
-6
-41
-61
-61
-70
-84
-83
-81
-69
-27
-11
-55
-86
-103
-129
-136
-162
-176
-118
-48
-9
47
135
166
143
130
93
-8
-95
-116
-125
-135
-102
-46
-8
54
100
91
60
11
-37
-80
-100
-88
-78
-58
9
87
144
165
128
88
61
34
39
39
4
-4
22
31
36
44
22
-22
-48
-64
-105
-122
-69
-12
13
63
135
177
193
198
140
43
-11
-20
-31
-41
-14
32
74
145
211
189
136
91
-2
-120
-190
-204
-201
-180
-133
-83
-22
71
144
150
137
125
107
85
52
-6
-48
-56
-34
-9
-14
6
42
40
12
4
-13
-50
-57
-62
-74
-58
-50
-29
3
-3
-21
-29
-31
-54
-94
-99
-95
-114
-127
-89
-37
-19
2
16
-1
-31
-63
-102
-146
-166
-139
-100
-79
-38
31
87
137
167
151
102
61
21
-40
-106
-144
-145
-140
-140
-118
-60
-18
-3
27
54
43
40
67
75
64
66
78
86
84
82
71
51
35
4
-22
-37
-60
-66
-55
-30
4
54
99
116
126
124
113
96
72
61
42
12
10
6
-12
-8
0
1
21
61
95
125
154
189
207
183
154
115
48
-22
-78
-129
-168
-171
-146
-123
-94
-46
-12
3
28
49
42
49
67
56
41
18
-26
-65
-115
-172
-205
-227
-230
-201
-169
-154
-119
-67
-56
-71
-69
-70
-84
-74
-48
-45
-59
-33
-4
-21
-38
-22
-32
-74
-77
-45
-35
-21
33
76
85
91
110
105
65
37
22
-3
-10
-6
-30
-43
-27
-15
-21
-22
-6
0
16
50
77
82
79
92
87
50
6
-8
-8
-23
-31
-7
5
-3
26
60
55
44
60
69
48
41
46
43
40
51
57
61
77
77
73
83
81
63
75
94
76
65
90
88
67
83
96
79
57
44
35
10
-16
-43
-61
-63
-66
-59
-41
-18
2
23
40
42
26
6
-6
-35
-56
-74
-78
-63
-54
-29
0
4
2
