8
6
6
8
4
-5
-6
0
-7
-10
-12
-7
-3
0
5
-4
-5
-1
-7
-6
-9
-13
-8
-17
-14
-13
-11
-1
-6
-4
-6
-8
-6
-12
-7
-9
-4
13
4
0
11
10
9
11
3
2
9
-1
-2
6
-1
-5
-8
-5
1
-3
0
1
-3
1
-6
1
8
1
7
5
-1
1
-4
-3
5
1
-3
0
0
-7
-9
-13
-18
-15
-10
-4
-7
-5
1
2
-3
-10
-6
-7
-13
-17
-11
4
5
6
14
7
13
18
5
6
8
9
11
8
10
12
15
21
20
8
13
21
10
4
5
3
1
-5
-9
-9
-13
-15
-3
1
-1
0
-3
-4
-3
-8
-14
-15
-6
6
3
3
10
-4
-8
-9
-27
-33
-37
-47
-40
-37
-30
-20
-8
-1
0
13
5
-4
3
2
5
11
22
21
22
24
9
3
9
2
-15
-1
16
21
21
20
23
11
13
18
11
15
11
9
22
14
6
10
2
1
9
-2
-6
0
-3
6
15
17
21
14
9
5
-16
-30
-23
-28
-25
-7
1
14
29
31
25
16
9
3
-5
-3
0
2
19
31
38
34
12
-8
-32
-62
-76
-74
-67
-50
-30
-22
-3
9
4
8
0
-18
-31
-44
-43
-41
-37
-20
-15
-8
-9
-14
-20
-26
-30
-39
-38
-33
-26
-11
-7
5
15
6
6
19
24
19
17
12
6
5
3
3
13
23
36
55
77
90
104
108
97
87
75
54
33
29
25
32
37
43
67
80
90
97
97
84
63
59
33
3
-14
-33
-46
-61
-66
-69
-56
-41
-41
-23
-5
-5
2
8
-5
-18
-33
-59
-74
-90
-106
-120
-120
-105
-87
-66
-41
-13
0
-8
-9
-21
-48
-61
-74
-86
-75
-52
-33
-7
9
7
7
1
-12
-22
-21
-17
-17
20
57
69
94
100
78
60
34
-6
-35
-54
-68
-58
-38
0
32
35
61
71
69
85
85
89
90
95
110
122
143
157
163
176
184
175
168
151
115
105
109
104
111
133
153
164
187
203
213
218
207
189
166
153
135
118
106
79
48
15
-24
-58
-98
-134
-184
-235
-251
-262
-280
-273
-256
-248
-239
-227
-216
-241
-257
-260
-293
-296
-270
-261
-266
-268
-279
-306
-329
-337
-356
-370
-354
-341
-324
-279
-241
-221
-206
-206
-222
-230
-241
-261
-273
-250
-195
-141
-73
-16
2
14
39
57
82
124
145
158
180
217
255
298
365
432
502
615
750
880
999
1092
1145
1177
1208
1226
1237
1255
1276
1276
1263
1260
1249
1238
1249
1276
1311
1342
1346
1297
1208
1045
723
208
-594
-1699
-2926
-4023
-4823
-5173
-4888
-4028
-2778
-1246
394
1819
2789
3197
2993
2259
1199
35
-1044
-1838
-2239
-2315
-2113
-1716
-1299
-1035
-945
-970
-1100
-1225
-1200
-960
-501
142
874
1561
2074
2282
2109
1608
878
8
-832
-1476
-1852
-1937
-1720
-1250
-661
-71
398
662
716
613
420
221
88
67
163
375
674
957
1121
1131
943
580
147
-274
-603
-785
-779
-578
-228
199
612
926
1068
1046
885
604
305
49
-130
-178
-102
53
228
358
401
331
160
-67
-328
-544
-646
-648
-507
-245
59
330
538
670
679
581
407
196
-11
-161
-232
-220
-135
-15
98
192
242
211
114
-33
-242
-447
-548
-535
-464
-299
-28
193
334
460
498
391
184
-63
-312
-516
-622
-654
-601
-451
-294
-159
-68
-65
-164
-325
-440
-488
-490
-420
-275
-89
103
253
311
285
151
-100
-359
-552
-671
-713
-671
-533
-340
-115
152
411
618
727
730
694
637
550
483
456
434
435
483
559
638
703
783
892
1033
1218
1436
1645
1759
1769
1732
1649
1530
1447
1424
1385
1369
1421
1510
1669
1954
2300
2576
2609
2050
610
-1638
-4401
-7218
-9361
-10338
-10137
-8718
-6079
-2708
787
4023
6438
7427
6899
5248
2950
462
-1785
-3488
-4411
-4463
-3890
-3011
-2032
-1295
-1124
-1451
-1951
-2367
-2506
-2160
-1257
112
1760
3312
4417
4954
4750
3680
2014
133
-1708
-3238
-4172
-4362
-3822
-2682
-1227
212
1394
2105
2277
2071
1593
936
345
41
47
353
949
1556
1888
1889
1502
763
-138
-1035
-1747
-2049
-1883
-1281
-234
1066
2221
2992
3130
2151
186
-1946
-3868
-5407
-5819
-4799
-3078
-971
1632
3994
5285
5479
4651
2789
445
-1666
-3276
-4095
-3880
-2869
-1396
341
1909
2812
3033
2749
2071
1346
883
715
989
1715
2622
3517
4186
4245
3554
2489
1412
441
-207
-274
310
1531
3347
5486
7476
8875
9237
8316
6299
3331
-972
-6821
-12821
-16987
-18932
-18857
-16057
-10724
-4917
278
5561
10480
12946
12192
9527
6139
2352
-1346
-3981
-5041
-5206
-5302
-4955
-3718
-2686
-3071
-4260
-5103
-5564
-5665
-4848
-2876
-86
2908
5548
7613
8883
8639
6513
3413
318
-2672
-5429
-7226
-7601
-6871
-5436
-3320
-816
1294
2447
2679
2406
1925
1277
666
506
828
1254
1722
2381
2880
2646
1706
409
-1060
-2452
-3419
-3714
-3242
-2031
-411
1296
2883
3477
2298
174
-1941
-4238
-6114
-6256
-5181
-3844
-1413
2223
5349
7143
7858
7098
4646
1666
-871
-2924
-4261
-4600
-3937
-2426
-419
1601
3135
3885
3887
3473
2903
2270
1994
2426
3133
3720
4419
5026
4852
4078
3297
2478
1667
1533
2323
3609
5336
7624
9792
10559
9510
6903
1577
-7163
-15998
-21398
-24288
-25382
-22019
-14435
-6692
601
9268
16957
19688
17559
13109
7706
1722
-4015
-8007
-9364
-9139
-8564
-6808
-3496
-1145
-1530
-3067
-4317
-5642
-6831
-6791
-4985
-1628
2424
6191
9524
11972
11850
8861
4920
985
-3432
-7742
-10501
-11238
-10255
-7808
-4273
-308
3024
4713
4948
4634
3794
2164
559
-176
-290
-11
898
2111
2985
3100
2302
942
-596
-2348
-3982
-4829
-5255
-5531
-4790
-3482
-2895
-2147
-357
831
975
2023
3587
3711
3301
3708
3647
2367
1191
575
-295
-1365
-1923
-1892
-1589
-1134
-393
666
1681
2428
3132
3730
3932
4037
4235
4115
3895
4057
3993
3339
2936
3037
2898
2527
2641
3194
3699
4363
5583
6993
8332
10014
11487
11441
9517
4433
-5555
-16830
-23701
-27209
-29696
-27569
-19932
-12015
-4261
6999
18632
23982
22572
18117
12374
5475
-1597
-7081
-9963
-11220
-11928
-10642
-6487
-2768
-2551
-3977
-4711
-5629
-7041
-7447
-6056
-2924
1389
5820
10097
13700
14349
11349
7162
3158
-1655
-7097
-11296
-13408
-13635
-11763
-7869
-2932
1652
4553
5647
6007
5759
4165
2071
790
81
-145
643
2069
3372
3944
3361
2122
-225
-5444
-11402
-14051
-14455
-13812
-9058
-1325
4021
7909
13601
17456
16006
11975
7254
638
-6234
-9712
-9880
-8875
-6848
-3223
1125
4647
6727
7404
6540
4346
2307
1569
1196
810
1661
3274
4040
4665
5778
5417
3184
1424
829
473
705
2044
3514
4585
5991
7599
8615
8865
8374
7630
7668
8491
9226
8576
2866
-9156
-20330
-25458
-28930
-31617
-27974
-20637
-15412
-7403
7539
21539
26805
24951
20562
15011
7784
-181
-6203
-9876
-13551
-16396
-14517
-8627
-4635
-4676
-5145
-4522
-4632
-5586
-5771
-4599
-2222
1109
5247
10413
14761
14946
11450
7724
4316
-623
-6509
-11147
-14132
-15481
-14168
-9855
-3975
1291
4490
6053
7393
7858
6313
4062
2152
465
-378
34
1330
2404
287
-4906
-7598
-7737
-10153
-11563
-7882
-4796
-4086
1429
10431
14440
13908
13247
10617
4606
-631
-3377
-6389
-9514
-9963
-7560
-4089
-220
3901
6944
7882
7853
8213
7571
4820
2775
2559
1546
352
1346
2223
734
-121
1516
2980
3168
3847
4941
4811
4424
5443
6628
6538
5922
5588
5483
5596
6471
8261
10303
12018
13083
8548
-4677
-17313
-23430
-28100
-32395
-29704
-22147
-17113
-10233
4144
19194
26432
26122
22121
16270
8637
97
-6555
-10122
-13183
-16072
-14690
-8513
-3323
-2411
-2934
-2994
-3820
-5573
-6899
-6579
-4477
-1513
2471
8440
14191
15739
13278
9913
6321
1362
-4479
-9548
-13234
-15228
-14597
-11025
-5348
468
4270
6114
7574
8211
6736
4308
2325
568
-760
-1081
-989
-1867
-3853
-5273
-5311
-4941
-4407
-3436
-3062
-2675
243
4648
7472
8601
8810
7294
4349
2035
502
-1772
-4711
-6625
-6570
-5161
-2988
-172
2665
4749
6220
7488
8009
7202
5543
3803
2207
943
232
-432
-1328
-1666
-864
652
2401
4190
5164
5039
5019
5572
5707
5071
4432
3796
2865
2698
3959
5462
6822
8739
11049
13376
13098
3813
-10974
-20148
-24854
-30609
-31935
-24994
-18704
-14865
-4054
12793
24407
26489
23443
18705
11916
3353
-3954
-7884
-10598
-14168
-15386
-10705
-3816
-1263
-2348
-2778
-3229
-5341
-7421
-7760
-6363
-3800
-318
4962
11837
16114
14995
11598
8735
4816
-1174
-6894
-11127
-14413
-15596
-13376
-8223
-2090
2507
4769
6247
7551
6984
4787
2861
1041
-781
-1099
-125
-848
-3214
-4025
-4172
-5343
-4878
-2696
-3169
-4537
-1130
4263
6700
7941
9333
8099
4314
1857
836
-1419
-4669
-6832
-6937
-5636
-3321
-285
2478
4313
5548
6931
7581
6748
5600
4254
2389
1284
1386
762
-924
-1456
-739
-109
813
2666
4065
4025
4414
5599
6039
5999
5644
4280
2848
2506
2323
2494
4150
6184
7854
10053
12726
11536
1056
-13073
-20555
-24912
-31120
-31555
-24258
-18887
-14159
-1173
15759
25656
26145
22253
17401
11008
2771
-4391
-8327
-11361
-14871
-15106
-9394
-2837
-1485
-2938
-3230
-3747
-5747
-7611
-7810
-6084
-3133
643
6393
13030
15963
14062
10924
8279
4251
-1783
-7597
-12021
-14999
-15375
-12342
-6917
-1243
2556
4175
5679
7160
6438
4336
2608
806
-584
-540
-712
-2021
-2557
-2804
-4086
-4235
-2808
-3028
-4526
-2964
1366
4613
6551
8241
8334
6118
3628
2086
279
-2512
-5532
-7139
-6537
-4500
-1701
1266
3710
5347
6472
7169
7004
6172
4742
2839
1590
1335
869
-403
-1091
-731
-439
94
1396
2628
3181
3769
4906
5961
6533
6232
5076
3861
2845
2172
2160
2845
3979
5724
7954
10017
12179
10606
-60
-13694
-20768
-25324
-31500
-31371
-24182
-19010
-13521
-51
16246
25108
24993
21190
16725
10752
2966
-3902
-7857
-11120
-14567
-14232
-8209
-2234
-1690
-3365
-3737
-4602
-6738
-8358
-8288
-6572
-3561
745
6833
13196
15864
14257
11572
8909
4667
-1493
-7544
-12302
-15259
-15134
-11919
-6837
-1636
1773
3445
5189
6817
6436
4604
2579
651
-463
-1482
-2716
-2436
-1751
-3066
-3960
-2266
-1708
-3309
-2672
447
2658
3930
5881
7149
6168
4610
3533
1996
-217
-2637
-4827
-5984
-5302
-3319
-1112
1056
3228
5192
6293
6817
7563
7414
5558
3691
2937
1996
225
-887
-942
-1130
-1202
-63
1575
2602
3558
4709
5472
5897
6071
5755
4931
3884
3099
2799
2912
3701
5399
7234
8465
10114
10830
4481
-8762
-18755
-23283
-29168
-32570
-27194
-20244
-16063
-6624
9217
21522
24825
22468
18725
13751
6557
-796
-5560
-8852
-12670
-14577
-11051
-4770
-2163
-3474
-4329
-4722
-6397
-8152
-8438
-7041
-4497
-1049
4141
10700
15046
14935
12666
10239
6758
1306
-4866
-10077
-13953
-15354
-13354
-9085
-4083
8
2285
3970
6064
7008
5883
4029
2078
509
-718
-2401
-3118
-2632
-3564
-5010
-3668
-1680
-2211
-1975
1082
3676
4685
5947
7200
6445
4390
2967
1689
-249
-2495
-4378
-5468
-5378
-3892
-1852
163
2262
4340
5981
6857
7637
8091
7053
5248
4056
2958
903
-883
-1329
-1553
-1756
-957
909
2511
3345
4475
5682
5970
5595
5402
5053
3882
3047
3356
4151
5186
6981
8965
9985
10742
8598
-1266
-13954
-21229
-26150
-31718
-31264
-24521
-19021
-12553
619
15379
23393
23751
20653
16384
10744
3835
-2510
-6612
-9905
-13098
-12747
-7335
-2398
-2464
-4262
-5136
-6559
-8536
-9717
-9278
-7027
-3534
1015
7371
13836
16358
14900
12654
10034
5267
-1194
-7100
-11961
-15088
-14852
-11721
-7148
-2522
568
2326
4436
6354
6261
4709
2947
1122
-1133
-3010
-2739
-1878
-2724
-3158
-1727
-1080
-1404
-146
1307
1265
1755
3249
3921
3766
3899
3637
2430
1378
475
-1143
-3159
-4340
-4160
-3307
-1977
174
2564
4148
5369
7223
8504
8015
6720
5285
3319
1155
-40
-372
-957
-1335
-587
585
1671
3206
4489
4452
4116
4437
4471
3856
3587
3624
3302
3569
5240
7274
8680
9580
10597
9807
2414
-9898
-18763
-23947
-30142
-32387
-26901
-20768
-15607
-4804
10177
20502
22807
20878
17879
13143
6444
150
-4237
-7818
-11080
-11804
-8049
-3050
-2020
-3975
-5353
-6668
-8766
-10226
-10065
-8363
-5211
-624
5382
11765
15796
15910
13701
11145
7410
1331
-5110
-10082
-13488
-14297
-12145
-8407
-4182
-688
1235
2961
5110
5637
4125
2572
1240
-793
-2270
-1867
-1277
-1864
-2106
-1429
-1319
-1305
-194
709
672
1104
2387
3256
3575
4043
3987
3011
1929
985
-386
-2183
-3438
-3692
-3241
-2210
-446
1626
3110
4496
6378
7581
7404
6670
5650
3914
2231
1386
733
-67
-481
-266
364
1363
2514
3316
3778
3945
3928
4022
4038
3792
3551
3648
4182
5250
6847
8407
9339
10098
10241
5431
-5700
-16158
-22362
-28160
-31958
-28770
-22434
-17400
-9188
4402
16708
21726
20944
18596
14967
8858
2238
-2456
-5900
-9547
-11593
-9169
-4347
-2414
-3838
-5196
-6264
-8216
-9931
-10262
-9122
-6611
-2635
3013
9479
14302
15678
14446
12322
9194
3948
-2325
-7742
-11887
-13696
-12560
-9682
-5909
-2286
-43
1706
3921
4990
4061
2469
1355
928
116
-1009
-819
-687
-2343
-3178
-1847
-1606
-2684
-1828
148
1166
2373
4280
5174
4844
4670
4222
2861
1249
-589
-2694
-4158
-4200
-3399
-2611
-1535
279
2394
4147
5796
7357
7762
6992
6220
5628
4497
3027
1816
735
-122
-300
66
316
650
1622
2584
3298
4349
5099
4641
4141
4539
4556
4364
5169
6405
7449
8645
10466
11514
7139
-4148
-15038
-21279
-27543
-32462
-30149
-24512
-20239
-12002
2782
16156
21644
21338
19641
16783
11193
4458
-996
-5359
-9610
-11905
-9373
-4353
-2579
-4367
-5679
-6306
-8074
-10078
-11037
-10513
-8279
-4140
2127
9128
14205
16009
15452
14014
11265
5898
-1062
-7339
-12065
-14191
-13086
-10517
-7360
-3813
-1155
1117
3957
5405
4101
2115
1096
986
1394
1623
1402
729
-297
-1271
-1976
-2813
-4365
-5988
-5854
-3220
43
2465
4636
6600
7685
7805
7285
5547
2002
-2005
-4596
-5386
-5255
-4648
-3537
-1981
272
3119
5682
7055
7089
6466
5883
5428
5047
4490
3286
1899
1256
1260
1119
694
425
356
706
1789
3149
3994
4128
4325
4882
5207
5411
5836
5951
5816
6850
8591
9565
9413
4688
-6037
-16020
-21636
-26792
-30580
-28334
-23448
-18884
-9719
4305
15940
20415
20138
18592
15471
10487
4616
-868
-5547
-9503
-11128
-8706
-4397
-3286
-5154
-6170
-6818
-8332
-9760
-10310
-9700
-7343
-2853
3186
9536
14000
15282
14573
13237
10542
5121
-1545
-7351
-11698
-13283
-12091
-9747
-6856
-3910
-1489
1024
3850
4999
3720
1991
1190
1451
2439
3924
4189
1749
-553
-1435
-3453
-6018
-6756
-7526
-8773
-5784
443
4403
6454
8992
10510
9428
7835
5939
1749
-3148
-6041
-6574
-5974
-4740
-3080
-1609
270
2882
5378
6471
5919
5363
5313
5221
5517
5929
5020
2977
1950
1933
1232
6
-747
-919
-905
184
2388
3684
4062
4762
5689
6034
6090
6193
5775
5688
6606
8122
9557
10098
7259
-1918
-12864
-19485
-24540
-30185
-31019
-26217
-21511
-14638
-1180
12723
19503
20235
19713
18166
13878
7668
1345
-3920
-8338
-11123
-9906
-5608
-3395
-5130
-6568
-6426
-7413
-9257
-10510
-10725
-9160
-5304
534
7197
12742
15110
15030
14615
13018
8374
1502
-4920
-9908
-12881
-12816
-11067
-8792
-6013
-3217
-340
2782
4794
4234
2442
1509
1835
2819
3873
4812
4269
1594
-1066
-2846
-5182
-7675
-8562
-8144
-6668
-2834
2332
6203
8515
10005
10042
8240
5690
2629
-1271
-4567
-5890
-5728
-5019
-3760
-1954
-271
1382
3324
4932
5371
5032
5149
5673
5948
5989
5703
4502
2692
1564
933
-125
-1197
-1417
-892
-56
1608
3759
4993
5310
5508
5545
5141
4664
4316
4074
4560
5884
7254
8649
10215
8953
1136
-9638
-17052
-22947
-29612
-31447
-26848
-21950
-16225
-4226
10139
18449
20171
20017
18833
14536
7859
1518
-3370
-7670
-10755
-9975
-5847
-3140
-4035
-5316
-5397
-6305
-8384
-10180
-10800
-9677
-6369
-1020
5516
11272
14190
14664
14419
13154
9177
2799
-3682
-8919
-12176
-12610
-11124
-8959
-6236
-3460
-775
2165
4178
3762
1982
940
1011
1875
3020
3808
3950
2811
850
-702
-2675
-5912
-8583
-9010
-7847
-5072
-513
3620
6399
8745
10300
9985
7912
4770
627
-3219
-5202
-5715
-5565
-4833
-3297
-1324
872
3237
4792
5091
4871
4919
5394
5874
6002
5633
4660
3471
2710
2123
985
-531
-1500
-1282
-276
1071
2735
3951
4374
4933
5979
6321
5585
4929
4485
4278
5113
6708
7618
8394
9193
4742
-5784
-14561
-19772
-26448
-31299
-28097
-22413
-18318
-9488
4799
15987
19455
19549
19278
16485
10456
3618
-1464
-5492
-9575
-11110
-8011
-4110
-4165
-5791
-5661
-5932
-7761
-9440
-10249
-9801
-7359
-3039
2611
8784
12967
13914
13838
13444
10672
5031
-1168
-6487
-10595
-12031
-11274
-9802
-7375
-4427
-1858
851
3595
4292
2800
1381
1083
1679
2606
3524
4756
5046
2755
67
-1665
-4908
-9020
-10246
-9073
-7710
-4198
1584
6205
9109
11358
11978
9878
6561
2795
-1691
-5248
-6788
-7003
-6419
-4492
-1774
484
2598
4497
5418
5301
4959
5092
5318
5322
5324
5080
4171
3019
2163
1187
-225
-1275
-1395
-1027
-51
2023
3878
4496
5206
6206
6261
5745
5658
5437
4831
5235
6856
8194
9066
8840
3161
-7539
-15863
-21156
-27301
-30596
-27502
-22796
-17620
-7205
6491
16310
19436
19371
18869
16053
10286
3802
-1561
-5954
-9423
-9866
-6705
-3896
-4678
-6250
-6194
-6621
-8288
-9983
-10908
-10145
-7171
-2153
4046
9720
13200
14338
14457
13827
10858
4928
-1736
-7110
-10729
-11903
-11403
-10216
-7942
-5104
-2284
805
3372
3604
2087
1129
1394
2373
3304
4112
5117
6208
6142
3423
-431
-4291
-9435
-13662
-12981
-9564
-7411
-3688
3364
9173
11976
13729
13650
9727
4233
245
-3043
-6101
-7679
-7476
-5962
-3244
203
2736
3716
4095
4511
4688
4429
4518
4930
4741
4560
5180
5473
4184
2153
549
-858
-1903
-1946
-1217
-165
1371
3270
4931
6284
7082
6965
6399
6050
5760
5133
4981
5718
6591
7988
8457
2736
-7956
-15615
-20568
-26895
-29618
-25875
-22109
-18275
-7775
6514
15990
18803
19277
19021
16020
10453
4426
-874
-5855
-9965
-10612
-7304
-4451
-5380
-6644
-5967
-6082
-7670
-9236
-10194
-9879
-7340
-2519
3615
9166
12374
13613
14223
13918
11135
5504
-986
-6508
-10279
-11492
-11155
-10260
-8046
-5191
-2483
723
3445
3532
1843
1079
1529
2245
3029
4005
5198
6241
7010
6035
1721
-3756
-8760
-13297
-14798
-12084
-8727
-5923
-3
7734
12574
14626
14829
11907
6130
1082
-2165
-5487
-8096
-8618
-7019
-4019
-313
2832
3863
3714
3751
4017
3974
3626
3803
4120
4285
5257
6525
5997
3555
1310
-150
-1536
-2355
-2190
-1612
-712
1421
4482
6687
7980
8621
8169
7434
7123
6650
5699
5357
6006
7056
5511
-2179
-11383
-16829
-21944
-27390
-27300
-23094
-20524
-15243
-2982
9641
15970
17607
18635
18320
14887
9477
4050
-1006
-6300
-9868
-9201
-6241
-5646
-7446
-7752
-6939
-7364
-8435
-9266
-9587
-8394
-4922
264
5868
10287
12474
13273
13788
13023
9263
3235
-2629
-7299
-10160
-11008
-11003
-10072
-7918
-5418
-2492
974
2971
2365
1423
1700
2507
3225
3772
4479
5239
5668
5631
4789
2351
-2154
-7304
-10880
-12227
-12133
-10616
-6930
-1718
3688
8575
12281
13550
11795
8351
4602
736
-2983
-5779
-7118
-6759
-4695
-1691
938
2598
3523
3925
3996
3910
3742
3426
3132
3407
4408
5306
5085
4146
3037
1580
155
-750
-1183
-1374
-866
821
3242
5637
7415
8440
8752
8563
7925
7095
6503
5591
5329
6225
2693
-7061
-14507
-17708
-23036
-27099
-24002
-19923
-18130
-11133
1669
11692
15191
16233
17437
16536
12645
7499
2872
-1527
-6303
-8827
-7183
-4979
-6367
-8325
-7794
-7460
-8223
-9009
-9752
-9577
-7162
-2828
2251
7252
10670
12050
12778
13255
11823
7311
1479
-3746
-7693
-9481
-10000
-10242
-9138
-7001
-4885
-2065
1170
2177
1126
916
1796
2808
3611
4228
4988
5852
6574
6644
5757
3155
-1198
-5678
-9289
-11842
-13416
-13348
-10742
-5849
108
5682
10236
12779
12781
11131
8342
4425
-66
-3845
-6202
-6834
-5611
-3415
-1307
307
1751
2931
3218
2859
2496
2224
2139
2821
4255
5396
5551
5072
4432
3377
1855
487
-721
-1657
-1524
-251
1799
3970
5794
7147
8015
8614
8624
8030
7063
6264
6079
7024
7636
1918
-8520
-15014
-18916
-24769
-27155
-23368
-20969
-18851
-9078
4600
13042
15196
16673
17993
15898
11516
6960
2215
-3312
-7527
-7804
-5337
-4372
-6569
-7871
-7229
-7489
-8488
-9676
-11062
-10913
-7733
-2491
3089
8007
11033
12400
13717
14512
12484
7067
849
-4298
-7870
-9213
-9794
-10151
-9110
-7124
-4648
-1446
1272
1285
-44
236
1678
2862
3494
4237
5387
6496
7415
7866
7002
3771
-859
-4528
-6984
-9372
-11779
-13030
-11929
-8662
-4160
1018
5733
8403
9397
10362
10616
8621
5079
1428
-1556
-3377
-3668
-3282
-3255
-2940
-1866
-465
898
1829
1883
1403
1607
3019
4586
5136
5041
4920
4693
4362
3807
2737
1156
-540
-1156
-128
1149
1945
3013
4516
5792
6884
7873
7769
6625
5811
5978
6584
7726
6540
-1511
-10889
-15088
-18937
-24417
-24893
-21527
-20280
-15801
-4079
7469
12727
13953
15531
16241
14014
9673
4665
-23
-4459
-7073
-6078
-3611
-4161
-6837
-7051
-6246
-7064
-8589
-10407
-11692
-10393
-6325
-1298
3610
7684
10117
11869
13767
14037
10727
4979
-449
-4652
-7149
-8152
-9289
-9617
-8124
-6035
-3472
-495
887
-107
-699
472
1895
2731
3235
4081
5443
7123
8290
8182
6689
3347
-1079
-4929
-7933
-11086
-14014
-14411
-11661
-7486
-2743
2831
7689
10235
11533
12153
10850
7444
3362
-322
-3025
-4308
-4393
-4084
-3649
-2537
-1054
-4
635
1008
912
680
1380
3138
4787
5595
6179
6694
6401
5469
4181
2456
581
-904
-1306
-593
486
1430
2587
4342
6045
7039
7386
7203
6606
6283
6713
7641
8920
6796
-1897
-10521
-14612
-19536
-25183
-25156
-22189
-20837
-15283
-3361
7426
12196
13746
15647
16134
13569
9075
4240
-62
-4010
-6132
-4996
-3031
-4127
-6588
-6623
-6246
-7425
-9313
-11412
-12432
-10793
-6650
-1546
3512
7689
10365
12492
14446
14392
10779
5082
-185
-4293
-6732
-8064
-9400
-9417
-7856
-5960
-3453
-643
382
-623
-944
271
1601
2359
2991
4279
6008
7614
8621
8441
6599
3147
-986
-4907
-8419
-11995
-15026
-15218
-11912
-7245
-2289
3493
8464
11007
12318
12759
10788
6621
2326
-1222
-3800
-4817
-4590
-4132
-3528
-2205
-727
-13
259
435
379
539
1798
4009
5671
6502
7343
7875
7438
6054
4124
1680
-664
-1805
-2007
-1794
-937
688
2611
4748
7107
8429
8321
8002
8122
8177
8012
8840
8359
1288
-8609
-13681
-17327
-23576
-26098
-23070
-21154
-18264
-8508
3351
9900
11654
13808
16031
14827
10991
6767
2939
-1086
-4208
-4365
-2843
-3393
-6269
-7350
-6902
-7757
-9447
-11409
-12699
-11684
-8122
-3259
1639
5997
9145
11415
13518
14491
12484
7518
2299
-1759
-4702
-6470
-8219
-9322
-8562
-7066
-5221
-2788
-1124
-1521
-1929
-584
1129
2397
3243
4275
5953
7699
8770
8634
7330
4459
580
-3173
-6918
-10736
-14194
-15479
-13322
-8964
-3852
1611
6847
10447
12384
13210
11940
8207
3557
-393
-3405
-5226
-5524
-5164
-4597
-3216
-1256
83
625
968
1107
1275
2173
3826
5345
6215
6951
7644
7528
6372
4597
2343
-103
-1628
-2038
-1956
-1053
505
2210
4352
6720
8327
8915
8994
8698
8387
8433
8842
6626
-1688
-10513
-14628
-18943
-24138
-24107
-21026
-19890
-15359
-4461
5505
9777
11282
13587
14778
12797
9419
5805
1881
-1890
-3846
-3148
-2169
-3933
-6764
-7234
-7129
-8405
-9982
-11755
-12648
-10857
-6856
-1963
2730
6439
9170
11535
13532
13841
11124
6129
1324
-2295
-4744
-6386
-8176
-8931
-7964
-6575
-4633
-2258
-1299
-1917
-1820
-382
1170
2268
3037
4234
6114
7914
8793
8527
6995
3742
-145
-3027
-5776
-9345
-12096
-12732
-11596
-8751
-4448
-127
3436
6577
9074
10401
10254
8568
5609
2359
-11
-1535
-2620
-3536
-4064
-3641
-2581
-1499
-751
-243
178
782
2081
3870
5332
5985
6441
7080
7291
6744
5407
3545
1525
-226
-981
-950
-748
-22
1560
3740
6049
7968
9242
10026
10104
10186
10843
6848
-3592
-11972
-16138
-21634
-25814
-23711
-20461
-18802
-12223
-635
8386
11332
12057
13549
13323
10410
6497
3096
-12
-3049
-3637
-1363
-30
-2348
-4939
-5330
-6354
-8608
-10954
-13144
-13825
-11476
-6640
-1352
3481
7308
9972
12371
14135
13540
9683
4389
-123
-3381
-5186
-6567
-7918
-7763
-6430
-5023
-3158
-1257
-1432
-2917
-2749
-1358
-129
863
1982
3899
6289
8339
9399
9194
7294
4107
1274
-943
-3470
-7445
-11126
-11809
-11055
-9888
-7044
-3402
-1134
1333
5638
8566
8959
8495
7474
5572
3807
2806
779
-1901
-3351
-3513
-3232
-2956
-2500
-2347
-2040
-674
1362
3163
4095
4916
6178
7260
7838
7744
6596
4598
2844
1708
600
-488
-1251
-1149
220
2480
5076
7102
8488
9802
10733
11542
12370
8937
-1481
-11107
-15671
-21107
-26112
-24733
-21212
-19429
-13099
-1227
8175
11573
12392
13576
13321
10372
6232
2361
-812
-3297
-3558
-1223
471
-1101
-3416
-4034
-5141
-7589
-10546
-13773
-15119
-12844
-8212
-2971
2144
6551
9784
12442
14571
14394
10720
5114
381
-2915
-4976
-6364
-7822
-7801
-6345
-4810
-3005
-1379
-1461
-3001
-3315
-2205
-1211
-313
848
2809
5628
8263
9574
9472
8064
5250
2356
181
-2386
-5491
-8822
-11188
-10843
-9355
-8061
-5823
-2695
-234
2325
6050
8214
8111
7392
6537
5447
4034
2576
293
-1997
-2900
-3020
-2958
-2946
-2695
-2464
-1905
-173
1871
3228
4013
5119
6544
7396
7510
6935
5647
4143
2904
1746
504
-482
-869
-315
1414
3665
5532
6847
8066
9364
10153
10656
10926
7014
-2742
-11306
-15595
-20812
-25505
-24189
-20722
-18335
-11692
-586
8104
11247
12177
13643
13376
10090
5615
1927
-943
-3355
-3601
-1550
-190
-1684
-3576
-3722
-4637
-7306
-10435
-13208
-14140
-12070
-7737
-2814
1893
6040
9386
12322
14308
13807
10182
5067
735
-2582
-4785
-6361
-7872
-7690
-6093
-4519
-2835
-1390
-1481
-2779
-2846
-1751
-1061
-536
609
2887
5739
8228
9439
8941
7197
4282
1060
-1585
-4460
-7784
-10041
-9827
-7850
-5440
-2908
-640
1239
2785
4044
4792
4299
3001
1832
1363
1492
1532
1291
700
263
221
38
-567
-1459
-1975
-1969
-1391
37
1728
2959
3973
5255
6279
6451
5716
4401
3193
2283
1638
1229
914
906
1457
2584
4034
5266
5813
5989
6498
7192
7820
8473
9335
7885
667
-7853
-12501
-17173
-23200
-24434
-21453
-19847
-15723
-5546
4455
9455
11687
14279
15203
12628
8423
4334
797
-2494
-4213
-3426
-2031
-2559
-4126
-3871
-3703
-5754
-8502
-11166
-12872
-12129
-8985
-4927
-764
3505
7377
10870
13714
14512
12354
7958
3501
-188
-3233
-5645
-7854
-8640
-7580
-5983
-4138
-2181
-1242
-1891
-2085
-1103
-526
-351
277
2006
4499
6745
7888
7807
6891
4724
2026
-191
-2892
-6452
-9048
-9171
-7775
-5952
-3613
-1167
782
2417
4108
5182
4769
3453
2340
1713
1275
1008
867
405
-65
103
357
-113
-829
-1170
-1317
-1044
14
1310
2241
3246
4609
5698
6109
5735
4845
3933
3201
2587
1817
1140
858
951
1751
3129
4260
4818
5419
6248
7062
7969
8814
9539
7297
-579
-8635
-12863
-17727
-23289
-23659
-20759
-19085
-14109
-3784
5439
9519
11333
13727
14192
11327
7178
3298
75
-2676
-3885
-2738
-1301
-2202
-3726
-3292
-3445
-5823
-8822
-11582
-12984
-11861
-8678
-4807
-783
3326
7147
10706
13481
14053
11539
7219
3175
-248
-2977
-5353
-7567
-8072
-6792
-5295
-3767
-2060
-1514
-2303
-2388
-1423
-880
-869
-186
1859
4605
6398
6933
7171
6317
3865
1716
-3
-3259
-6738
-8017
-7727
-6571
-4477
-2188
-366
1454
3402
4573
4749
4139
2952
1711
955
677
407
154
30
134
552
687
296
-128
-360
-404
-66
768
1779
2682
3551
4579
5602
5912
5489
4833
4095
3332
2371
1639
1332
989
1142
2127
3343
4355
5296
6187
6948
7724
8458
9572
8417
1141
-7685
-12658
-17181
-22583
-23588
-20945
-19336
-15166
-5475
4318
9363
11109
12919
13805
11780
7685
3501
244
-2579
-4002
-2870
-1181
-1785
-3419
-3302
-3246
-5108
-7930
-11119
-13241
-12513
-9433
-5704
-1860
2215
6039
9662
12853
14056
12225
8206
3997
483
-2194
-4566
-7151
-8105
-7021
-5611
-4092
-2289
-1388
-2011
-2311
-1545
-1037
-1022
-713
608
2927
5243
6422
6703
6482
4916
2537
629
-1706
-4941
-7231
-7481
-6312
-4413
-2159
-96
1575
3208
4548
4854
4005
2574
1056
-8
-144
122
300
450
732
1330
1833
1640
900
217
-200
-352
86
1056
1946
2769
3821
4900
5550
5384
4661
3867
3256
2698
1897
1223
1053
1374
2133
3222
4124
4462
4804
5415
6205
7185
8120
8836
7026
349
-7217
-11899
-16887
-22253
-23046
-20995
-19656
-14993
-5530
3118
7812
10529
13089
13838
11564
7877
4203
800
-2160
-3535
-2767
-1654
-2265
-3325
-2802
-2782
-4858
-7641
-10482
-12493
-12080
-9559
-6428
-2835
1298
5300
9149
12537
13852
12108
8578
4991
1597
-1494
-4221
-6742
-7844
-7052
-5754
-4247
-2487
-1773
-2189
-2014
-1126
-842
-1071
-983
-20
1865
3606
4584
5131
4976
3872
2608
1476
-474
-2986
-4481
-4424
-3377
-2081
-809
296
1117
2043
2911
2912
1862
622
-129
-465
-202
415
769
943
1407
2207
2574
2238
1633
1079
766
714
1057
1555
1869
2359
3239
4171
4662
4615
4317
3918
3613
3254
2593
1927
1532
1527
1981
2850
3623
4020
4722
5915
7211
8515
9547
7942
1634
-6033
-11637
-16754
-21654
-23294
-21878
-19742
-15039
-6316
2599
8026
10771
12994
13915
11898
7816
3616
107
-2650
-3859
-3091
-2044
-2287
-2746
-2191
-2009
-3721
-6888
-10248
-12255
-12007
-9868
-6787
-3416
354
4545
8745
12178
13485
11900
8510
4926
1683
-1212
-4101
-6711
-7642
-6786
-5321
-3671
-2104
-1391
-1460
-1332
-848
-931
-1811
-2166
-1053
896
2725
4019
4694
4774
4393
3677
2440
331
-2204
-3862
-3990
-3056
-1952
-1195
-402
753
1993
2779
2670
1827
717
-54
-113
238
459
506
781
1440
2252
2578
2194
1575
1133
1050
1077
1133
1380
1698
2166
3033
3922
4182
3970
3736
3630
3551
3212
2518
1867
1651
1782
2274
2976
3469
3825
4531
5755
6986
8092
9146
8186
2784
-4843
-10846
-16084
-21331
-23446
-22011
-19816
-15790
-7754
1292
7329
10492
12675
13609
11872
7986
3952
680
-2020
-3587
-3277
-2122
-1937
-2270
-1815
-1695
-3296
-6148
-9333
-11649
-11757
-9967
-7355
-4126
-366
3691
7720
11073
12769
11934
8969
5467
2367
-514
-3346
-5752
-6845
-6366
-5183
-3766
-2215
-1297
-1320
-1397
-1103
-1041
-1510
-1748
-898
729
2275
3349
4052
4369
4039
3118
1850
139
-2037
-3603
-3616
-2719
-1824
-953
56
1011
1957
2799
2785
1747
625
2
-346
-388
-52
241
462
1070
1965
2493
2356
1912
1592
1429
1286
1222
1433
1817
2271
2976
3738
4030
3859
3632
3399
3209
2996
2404
1721
1588
1962
2248
2553
3056
3240
3463
4436
5818
6888
7949
8826
7075
1763
-4754
-10478
-15800
-20437
-22192
-21194
-18979
-14673
-7238
861
6250
9495
12119
13001
11043
7546
4319
1255
-1578
-2918
-2669
-2264
-2533
-2484
-1881
-2227
-4032
-6669
-9332
-11012
-10954
-9313
-6916
-3968
-353
3703
7661
10564
11710
10733
8193
5245
2315
-514
-3354
-5614
-6382
-5948
-4961
-3705
-2446
-1680
-1413
-1214
-1150
-1303
-1479
-1101
335
2349
4263
5709
6753
7229
5514
1684
-1965
-5409
-8964
-10207
-8346
-6059
-3484
963
5324
7907
9298
9463
7543
4189
1162
-1492
-3616
-4318
-3728
-2487
-998
616
1752
2220
2347
2096
1583
868
544
1323
2673
4015
5205
5880
5768
5221
4573
3473
2060
759
-276
-693
-328
685
1679
2611
3897
4754
5084
5545
5968
6065
6401
7143
6522
3388
-1490
-6775
-11461
-15642
-18803
-19821
-18930
-16554
-11896
-5189
767
4724
8009
10533
10974
9295
6783
4127
1479
-403
-1218
-1517
-2027
-2622
-2590
-2400
-3166
-5111
-7404
-9180
-9918
-9295
-7709
-5662
-3068
259
4066
7411
9477
10021
9082
7221
5031
2574
-162
-2740
-4473
-5101
-4877
-4322
-3662
-2832
-2069
-1539
-1321
-1472
-1824
-2003
-1538
-456
736
1594
2301
3351
4251
4246
3530
2456
955
-534
-1221
-1506
-1960
-2014
-1411
-520
415
1036
1150
968
730
464
267
171
3
108
689
1383
1951
2214
2184
1990
1855
1698
1316
997
946
1284
1885
2410
2723
2862
3023
3142
3244
3185
2647
2104
1887
1806
1802
1906
2071
2147
2419
2969
3293
3383
3682
4383
5220
6133
6561
5147
2258
-1500
-6497
-11478
-15029
-17565
-18979
-17642
-13868
-9301
-4004
1460
5863
8541
9572
9268
7491
4776
2006
-155
-1480
-2324
-2705
-2499
-1977
-1772
-2105
-2953
-4596
-6453
-7648
-8121
-7827
-6629
-4565
-1866
1198
4371
6901
8192
8320
7495
5789
3506
1154
-1137
-2966
-3997
-4408
-4019
-3086
-2185
-1348
-646
-454
-806
-1309
-1833
-2119
-1833
-1240
-466
685
1976
3014
3759
4122
3809
2956
2043
1081
35
-764
-1188
-1269
-1067
-702
-310
2
94
82
277
368
285
491
711
714
942
1396
1627
1647
1705
1682
1498
1315
1309
1437
1534
1734
2034
2278
2609
2894
2974
3011
2922
2634
2347
2088
1751
1519
1489
1464
1561
1913
2262
2424
2683
3057
3230
3620
4466
5177
5492
5065
3313
765
-2487
-6933
-11042
-13636
-15598
-16438
-14676
-11299
-7746
-3494
1223
4841
6749
7510
7249
5700
3657
1731
-116
-1493
-2307
-2694
-2539
-2187
-2330
-2841
-3446
-4525
-5683
-6306
-6541
-6212
-4978
-3057
-854
1564
3958
5564
6260
6377
5668
4060
2189
428
-1300
-2510
-2929
-2970
-2575
-1821
-1252
-1057
-1069
-1377
-2056
-2580
-2720
-2639
-2090
-885
681
2214
3587
4605
4933
4585
3716
2473
1082
-236
-1186
-1673
-1794
-1523
-956
-358
149
622
936
951
887
815
758
808
930
1141
1335
1468
1597
1620
1484
1306
1171
1056
1174
1591
2061
2542
2963
3184
3211
3089
2860
2516
2097
1727
1441
1250
1114
994
1067
1337
1593
1807
2009
2177
2422
2908
3488
4066
4575
4839
4873
4088
2145
-241
-3095
-6748
-10093
-12097
-13384
-13812
-12203
-9238
-6204
-3090
257
2959
4231
4749
4828
3940
2410
1057
114
-724
-1274
-1379
-1383
-1569
-2088
-2630
-3326
-4401
-5183
-5469
-5510
-5073
-3765
-2002
-378
1374
3061
4070
4348
4257
3762
2561
1243
201
-767
-1385
-1513
-1413
-1361
-1346
-1327
-1566
-2044
-2491
-2768
-2868
-2637
-1762
-537
714
2147
3488
4191
4227
3976
3321
2182
1201
413
-459
-1043
-1108
-985
-871
-529
-120
90
292
502
642
718
853
1098
1260
1413
1550
1534
1405
1240
1181
1077
950
1072
1385
1792
2286
2820
3063
2921
2717
2441
2032
1639
1416
1318
1197
1230
1452
1632
1844
2091
2154
2036
1967
2014
2086
2307
2680
3119
3545
3800
3998
3688
2193
-35
-2576
-6097
-10173
-12676
-13384
-13447
-11995
-8535
-4921
-1981
1349
4525
5793
5581
5134
3962
1820
-44
-1102
-1968
-2580
-2510
-2261
-2375
-2636
-2737
-2938
-3610
-4259
-4478
-4499
-4046
-2685
-994
243
1427
2806
3649
3766
3595
3013
1772
602
-20
-689
-1426
-1694
-1722
-1860
-1816
-1580
-1640
-1828
-1517
-958
-619
-142
649
1336
1840
2501
3009
2836
2347
1957
1441
602
-69
-381
-748
-843
-412
-46
66
374
782
845
832
911
784
565
639
915
949
842
899
914
765
694
741
663
557
752
1144
1524
1971
2511
2917
2948
2717
2321
1635
853
293
-101
-398
-279
263
788
1371
2054
2396
2453
2553
2528
2208
1938
1921
1941
2058
2431
2832
3057
3201
3082
2270
924
-681
-2659
-4682
-6336
-7726
-8744
-8904
-8127
-6801
-5087
-3120
-1328
118
1243
1849
1840
1465
882
181
-362
-803
-1245
-1460
-1532
-1679
-1842
-1992
-2267
-2572
-2690
-2738
-2694
-2343
-1728
-1008
-222
561
1063
1279
1410
1352
1022
599
261
-92
-520
-750
-725
-779
-891
-675
-301
-216
-172
104
268
247
382
587
536
399
463
513
434
432
412
260
239
399
437
400
501
594
604
695
848
869
803
817
843
766
626
518
434
392
411
440
531
728
991
1265
1491
1718
1957
2084
2156
2254
2093
1618
1195
852
397
62
67
237
499
934
1474
1928
2253
2491
2521
2309
2045
1818
1615
1580
1722
1879
2044
2225
2385
2402
2234
1909
1210
107
-1107
-2314
-3592
-4659
-5274
-5713
-5903
-5584
-4930
-4158
-3244
-2221
-1398
-838
-334
79
286
324
294
132
-203
-566
-890
-1237
-1647
-1944
-2061
-2249
-2394
-2306
-2208
-2162
-1959
-1634
-1432
-1160
-667
-246
62
382
694
807
755
651
297
-138
-379
-508
-607
-552
-430
-432
-266
45
135
155
253
246
134
139
260
323
395
519
566
529
506
507
413
278
227
214
274
477
772
1052
1257
1402
1478
1437
1298
1115
876
640
466
363
386
536
718
934
1213
1440
1608
1721
1746
1842
1912
1767
1522
1298
1048
784
681
717
765
885
1134
1393
1489
1538
1641
1613
1503
1489
1473
1417
1466
1587
1654
1671
1604
1392
1125
850
547
286
108
-164
-626
-1064
-1564
-2323
-3040
-3555
-4021
-4295
-4200
-3939
-3547
-2848
-2109
-1519
-973
-608
-523
-508
-465
-578
-818
-945
-1013
-1100
-1185
-1298
-1419
-1579
-1756
-1852
-1850
-1798
-1710
-1468
-1138
-864
-617
-401
-175
14
29
-66
-129
-158
-256
-312
-201
-95
-50
108
338
406
384
400
321
175
89
-11
-130
-145
-77
-23
47
175
291
367
432
474
519
554
623
771
956
1099
1183
1293
1366
1375
1368
1254
1071
897
706
513
410
394
342
390
594
761
916
1167
1448
1621
1789
2027
2069
1885
1646
1318
880
501
287
183
232
460
795
1178
1449
1592
1655
1573
1359
1125
976
890
893
1003
1119
1176
1155
1065
844
483
89
-317
-683
-875
-878
-835
-798
-768
-855
-1064
-1279
-1485
-1724
-1979
-2177
-2291
-2309
-2206
-2036
-1912
-1869
-1790
-1674
-1627
-1586
-1493
-1425
-1402
-1288
-1120
-1088
-1131
-1032
-824
-732
-754
-760
-835
-1029
-1137
-1118
-1153
-1221
-1178
-1007
-811
-567
-246
29
192
260
225
61
-106
-163
-176
-161
-104
20
171
311
456
506
391
183
34
-62
-126
-73
66
202
359
595
798
919
1024
1101
1155
1196
1232
1276
1261
1178
1102
988
795
599
489
420
331
296
344
455
628
852
1065
1184
1320
1524
1667
1722
1670
1482
1232
1009
802
616
481
433
520
662
806
933
1040
1104
1039
878
714
549
432
455
529
587
688
802
875
906
855
684
457
232
25
-168
-344
-429
-386
-331
-337
-361
-421
-551
-666
-738
-883
-1111
-1340
-1558
-1715
-1809
-1919
-2002
-1967
-1892
-1853
-1714
-1419
-1200
-1113
-973
-887
-1063
-1284
-1333
-1378
-1453
-1388
-1220
-1098
-993
-824
-667
-605
-616
-665
-761
-891
-998
-1010
-924
-790
-597
-393
-292
-222
-114
-88
-128
-102
-78
-98
-36
131
301
399
453
453
372
261
170
106
68
114
261
451
706
968
1149
1248
1269
1215
1096
944
794
648
483
386
422
482
553
695
825
912
1057
1219
1267
1269
1306
1336
1365
1403
1413
1368
1250
1047
808
615
453
310
269
318
364
473
696
869
917
918
842
670
526
422
314
241
226
235
228
209
220
226
180
122
73
48
76
113
111
63
-20
-76
-64
-117
-296
-473
-589
-667
-728
-829
-1019
-1214
-1262
-1222
-1226
-1225
-1174
-1079
-932
-747
-630
-609
-630
-684
-751
-861
-1017
-1131
-1158
-1131
-1143
-1174
-1136
-1128
-1183
-1220
-1233
-1246
-1181
-990
-818
-682
-553
-440
-311
-232
-234
-315
-425
-462
-467
-415
-299
-168
-61
13
79
105
142
186
199
240
279
355
480
561
584
589
569
478
432
464
460
466
547
660
727
777
855
910
923
935
949
973
975
943
944
944
928
922
925
909
877
864
852
861
849
780
734
690
629
581
537
485
462
489
495
474
489
486
444
391
311
194
134
123
89
80
142
244
301
306
277
173
107
150
149
47
-34
-22
4
-21
-52
-96
-190
-314
-446
-591
-725
-760
-682
-586
-554
-561
-563
-557
-547
-610
-737
-785
-725
-663
-603
-486
-382
-319
-271
-318
-499
-708
-843
-931
-1031
-1111
-1116
-1039
-895
-749
-661
-588
-484
-393
-353
-305
-256
-279
-318
-350
-434
-552
-602
-585
-594
-599
-485
-295
-143
-48
3
47
104
133
111
48
15
44
125
203
208
209
222
222
235
239
236
297
424
532
588
653
747
807
763
653
582
554
551
580
586
601
679
774
851
870
818
753
723
679
584
506
469
459
438
366
308
291
278
219
127
63
40
78
191
280
309
411
583
683
708
693
595
449
315
187
59
-45
-52
-9
-34
-65
-13
26
-34
-95
-130
-196
-233
-188
-125
-144
-147
-61
-12
-29
-89
-173
-272
-386
-459
-516
-569
-586
-535
-445
-399
-366
-342
-371
-447
-521
-566
-653
-716
-688
-659
-626
-533
-455
-456
-439
-384
-398
-431
-416
-433
-471
-417
-350
-368
-343
-245
-207
-250
-303
-370
-427
-403
-375
-418
-438
-362
-233
-81
39
98
145
227
308
318
266
196
147
124
88
47
11
13
43
70
101
170
291
392
419
437
479
471
413
359
269
134
84
141
217
263
308
380
429
426
409
375
316
236
164
146
185
263
348
400
412
412
428
428
386
324
262
221
236
292
321
340
398
458
456
401
340
303
235
127
66
66
71
83
119
132
114
133
191
171
64
-26
-87
-137
-185
-225
-248
-249
-219
-182
-162
-154
-156
-164
-203
-274
-309
-281
-248
-208
-151
-95
-32
28
44
-36
-163
-268
-340
-391
-430
-450
-456
-433
-365
-309
-316
-361
-379
-378
-378
-340
-282
-215
-134
-56
-23
-16
-2
-31
-91
-137
-188
-239
-261
-254
-253
-256
-232
-180
-128
-87
-65
-23
39
84
123
135
92
12
-38
-45
-81
-116
-121
-127
-118
-64
7
28
36
58
61
62
82
143
209
244
253
256
263
262
249
220
161
111
125
172
209
248
290
316
333
303
247
217
184
133
105
125
159
185
229
253
224
219
224
205
164
120
112
140
165
140
112
132
161
173
168
116
43
-2
-42
-86
-136
-188
-173
-122
-105
-115
-121
-99
-58
-29
0
16
34
120
184
167
125
83
43
-20
-104
-201
-261
-257
-223
-199
-202
-193
-146
-108
-94
-85
-58
-26
-10
-26
-60
-88
-92
-73
-109
-192
-204
-156
-125
-96
-57
-58
-66
-29
-36
-107
-150
-148
-142
-154
-148
-122
-89
-35
18
12
-35
-44
-59
-126
-158
-142
-132
-120
-80
-43
-33
8
69
88
63
44
54
60
57
40
24
29
40
46
21
-10
-4
13
22
30
44
81
128
155
150
131
114
112
108
75
34
22
40
76
97
93
89
106
125
121
102
73
58
60
59
62
68
76
75
49
14
-23
-40
-23
-27
-55
-57
-27
8
59
102
92
69
70
69
29
-20
-25
-15
-18
-40
-80
-127
-173
-204
-233
-273
-296
-270
-200
-129
-69
13
112
179
193
154
84
16
-42
-92
-136
-161
-167
-147
-90
-26
13
43
63
53
39
47
69
73
45
25
23
21
18
6
-17
-36
-32
-22
-27
-13
19
27
24
42
48
42
59
77
84
96
123
135
119
107
82
71
94
89
85
79
49
25
-17
-58
-88
-128
-173
-197
-184
-148
-107
-64
-25
4
35
72
75
38
14
19
26
18
-8
-34
-42
-35
-27
-55
-78
-58
-14
27
47
75
96
91
73
32
-23
-54
-47
-39
-57
-50
20
95
124
134
141
123
89
62
28
-36
-83
-84
-87
-111
-112
-64
-30
-60
-97
-93
-84
-80
-79
-92
-95
-62
-16
8
18
26
41
72
84
65
42
30
-1
-54
-89
-104
-90
-44
-14
2
45
107
124
87
53
16
-18
-26
-16
1
13
53
106
120
122
126
100
60
36
22
14
20
39
53
63
72
80
71
23
-41
-84
-101
-105
-91
-58
-10
56
120
175
210
198
156
108
46
-28
-92
-124
-137
-127
-110
-90
-48
-7
17
26
42
41
18
16
28
31
34
50
53
44
42
29
-6
-33
-30
-44
-72
-60
-21
17
68
125
142
139
143
119
79
35
-7
-37
-53
-60
-66
-43
-2
9
-7
-22
-50
-80
-90
-112
-141
-144
-119
-91
-89
-83
-69
-65
-65
-71
-86
-90
-67
-33
-4
7
9
9
0
-19
-55
-92
-118
-137
-148
-141
-106
-78
-61
-36
-17
-6
-6
-4
4
10
19
35
50
49
51
47
22
-20
-42
-52
-73
-71
-46
-14
25
56
80
88
75
70
69
58
48
43
61
95
100
85
76
63
50
36
30
21
-6
-11
14
