-2
4
-3
-10
0
-2
-6
0
-7
-13
-6
-8
-10
-5
-5
4
2
-4
-1
1
7
6
2
3
3
10
8
-5
-2
0
-3
-2
1
6
0
-6
-5
-9
-2
5
3
0
5
4
-6
1
0
-4
-4
-9
-5
-2
0
1
3
9
-4
-3
2
-4
0
3
4
0
-1
2
-3
-2
-3
-12
-10
-5
-5
-3
-3
0
-2
-6
3
0
-6
-3
-6
-3
-3
3
6
-5
3
4
-4
-2
-2
7
4
1
12
11
15
15
7
7
8
6
8
9
11
19
18
14
17
18
15
8
5
-6
-8
1
-5
-2
-2
-3
0
4
6
3
10
13
12
14
9
10
3
-4
5
4
-5
-1
-2
-1
1
8
12
12
9
5
-3
-10
-10
-18
-16
-10
-15
-9
-6
-6
-3
2
1
2
9
0
-10
-16
-20
-29
-36
-32
-31
-30
-24
-23
-17
-11
-11
-11
-1
1
-3
-1
1
-2
-7
-4
1
-1
-5
-4
-1
-10
-20
-19
-21
-17
-9
-4
4
-2
2
5
1
6
10
10
10
16
14
8
7
9
11
15
20
13
5
8
7
8
8
4
8
10
4
5
-1
2
4
2
14
17
11
16
17
13
16
15
8
7
4
-4
-10
-10
-11
-12
-17
-20
-11
-11
-5
4
3
7
10
9
6
4
-1
-9
-6
-8
-13
-10
-5
1
-4
-6
5
16
13
12
18
12
17
11
-7
-14
-13
-3
-10
-17
-12
-12
-9
-1
7
9
8
1
0
-1
-2
1
-4
-10
-15
-15
-11
-8
-11
-12
-14
-8
2
2
12
17
6
13
17
16
19
14
13
13
5
3
4
-4
-9
-2
-2
2
6
-3
-7
-4
-9
-18
-16
-8
-2
3
5
12
11
15
24
26
22
21
26
21
19
22
20
17
11
6
8
2
-10
-14
-20
-23
-24
-22
-18
-19
-21
-22
-16
-4
3
6
10
4
1
-4
-18
-22
-30
-33
-23
-17
-17
-11
-2
-5
-5
-9
-17
-16
-17
-24
-31
-31
-39
-38
-21
-15
-1
12
23
35
48
62
60
59
51
26
12
-7
-20
-29
-38
-32
-22
-3
13
21
25
25
24
25
13
1
-2
3
25
45
51
63
70
65
60
53
30
5
0
-4
-12
-16
-12
-2
7
19
21
8
-15
-31
-40
-53
-58
-71
-80
-80
-60
-20
11
32
48
68
83
72
58
23
-16
-35
-55
-69
-79
-86
-84
-66
-37
-25
-28
-34
-40
-37
-36
-49
-69
-82
-66
-30
8
43
74
91
102
102
67
4
-71
-125
-131
-113
-88
-48
12
81
127
152
152
134
145
194
277
379
447
462
398
217
-135
-671
-1265
-1813
-2201
-2289
-2040
-1481
-640
441
1576
2545
3219
3442
3192
2552
1622
559
-508
-1402
-1986
-2206
-2058
-1655
-1121
-575
-70
369
680
879
1001
1094
1217
1375
1521
1552
1389
1029
469
-289
-1188
-2097
-2864
-3350
-3398
-2985
-2194
-1130
63
1250
2253
2909
3133
2899
2298
1476
579
-274
-1003
-1516
-1766
-1783
-1626
-1390
-1152
-948
-766
-576
-363
-114
192
563
985
1413
1754
1891
1789
1441
882
186
-586
-1336
-1934
-2269
-2291
-1994
-1436
-737
12
734
1331
1709
1829
1721
1430
1040
627
235
-98
-358
-537
-639
-689
-730
-795
-845
-846
-777
-617
-368
-36
363
783
1179
1468
1588
1507
1225
808
291
-269
-774
-1167
-1391
-1407
-1233
-922
-526
-99
307
632
852
966
963
880
756
610
457
297
138
-25
-184
-354
-526
-674
-799
-867
-845
-731
-536
-276
35
360
642
840
929
899
746
476
158
-150
-444
-681
-809
-821
-742
-598
-400
-181
2
144
261
331
357
362
357
323
282
244
165
54
-71
-229
-391
-523
-617
-663
-647
-528
-339
-125
117
336
494
588
645
651
575
439
277
98
-102
-321
-559
-805
-1015
-1160
-1185
-1059
-804
-440
32
568
1052
1391
1573
1538
1258
818
306
-221
-715
-1062
-1202
-1178
-1008
-698
-332
9
303
543
683
707
676
619
548
451
344
248
129
3
-115
-245
-358
-452
-496
-437
-282
-69
184
463
697
845
903
857
678
410
137
-138
-368
-463
-403
-211
63
396
708
908
1002
989
838
579
274
-12
-256
-430
-548
-710
-919
-1137
-1356
-1553
-1696
-1710
-1588
-1310
-814
-173
498
1106
1571
1828
1838
1603
1151
523
-182
-838
-1342
-1665
-1787
-1710
-1455
-1059
-624
-213
155
438
619
726
795
802
757
704
661
587
421
208
-48
-356
-672
-941
-1100
-1151
-1069
-812
-443
-11
460
893
1217
1387
1375
1158
755
223
-446
-1257
-2037
-2546
-2733
-2598
-2072
-1233
-280
679
1633
2384
2667
2498
2031
1365
592
-111
-657
-1083
-1318
-1243
-922
-554
-191
118
320
546
852
1118
1264
1415
1669
1925
2118
2248
2232
1977
1610
1300
928
330
-381
-902
-1023
-754
-147
783
1881
2834
3454
3677
3163
1330
-1617
-4496
-6759
-8612
-9530
-8774
-6786
-4225
-805
3213
6225
7404
7472
6825
5024
2345
-196
-2287
-4024
-4933
-4593
-3470
-2456
-1848
-1288
-733
-675
-1157
-1538
-1581
-1458
-811
713
2494
3679
4326
4779
4646
3425
1479
-697
-3036
-5085
-6039
-5833
-5024
-3729
-1807
444
2463
3904
4597
4445
3638
2526
1417
510
-253
-919
-1201
-958
-598
-486
-542
-764
-1273
-1778
-1922
-1817
-1636
-1134
-68
1299
2569
3555
4067
3904
3213
2251
995
-520
-1975
-3067
-3619
-3443
-2651
-1675
-630
498
1427
1997
2244
1776
259
-1348
-2110
-2506
-2603
-1762
-486
482
1688
3268
3803
2802
1487
269
-1192
-2316
-2578
-2484
-2227
-1157
640
2101
2786
2952
2583
1735
939
316
-478
-1177
-1160
-448
513
1487
2173
2243
1966
1767
1484
923
347
-33
-144
257
1019
1493
1534
1436
1226
891
611
328
-155
-498
-237
366
922
1463
1874
1916
1680
1070
-480
-2934
-5339
-7039
-8095
-8381
-7707
-6328
-4282
-1389
1847
4349
5616
5897
5407
4279
2726
838
-1265
-3103
-4182
-4410
-4022
-3471
-3085
-2713
-2171
-1638
-1306
-1067
-828
-474
336
1585
2757
3475
3806
3853
3488
2580
1124
-749
-2652
-4023
-4602
-4546
-4046
-3184
-1925
-203
1753
3361
4201
4315
3922
3267
2485
1195
-1100
-3840
-5797
-6585
-6336
-5065
-3268
-1515
601
3451
5962
7012
6714
5452
3614
1888
619
-606
-1974
-2862
-2852
-2175
-1219
-403
-20
127
587
1542
2530
3188
3643
4077
4581
5143
5287
4462
3004
1630
429
-660
-1316
-1536
-1622
-1087
679
3167
5400
6840
7519
7786
7511
6206
4069
958
-4797
-12572
-17807
-18832
-18870
-18452
-14710
-8414
-2329
4406
12250
17154
16477
13326
10942
8123
3190
-2334
-6402
-8873
-10133
-9802
-7819
-5836
-5719
-6357
-5122
-2828
-2278
-2791
-1574
1334
4084
6667
9568
11162
10089
7858
5990
3264
-1511
-7044
-11218
-12867
-12348
-10796
-8283
-4552
-570
3045
6767
9855
10389
8463
6332
4999
3480
1392
-468
-1827
-2817
-3103
-2817
-2863
-3686
-4710
-5033
-4426
-3386
-2217
-813
914
2959
4765
5186
4090
2552
1000
-571
-1802
-2750
-3605
-3770
-2675
-874
666
1556
1782
1703
1871
2151
1858
1051
497
487
855
1376
1666
1425
860
486
532
645
417
152
479
1426
2554
3498
4082
4306
4194
3837
3412
2819
1784
719
552
1130
1507
1757
2413
3403
4665
6027
6885
6952
5990
3812
1012
-3282
-10935
-18965
-22280
-21949
-20999
-17545
-10369
-2689
4341
12423
19463
20920
17161
12478
8197
2751
-3543
-8823
-12133
-13282
-12556
-10194
-6720
-4338
-4385
-4417
-2527
-959
-1372
-1595
340
3359
6072
8834
11341
11634
9371
6412
3343
-932
-6583
-12068
-15174
-14927
-12697
-9655
-5318
-146
4376
8126
11380
12782
11029
7528
4647
2575
400
-1529
-2737
-3697
-4156
-3759
-4233
-6945
-9806
-10657
-10150
-8257
-3985
920
4720
9196
14688
17430
15830
12027
6890
548
-5208
-9261
-12232
-13939
-12907
-9065
-3942
1252
5503
8008
9217
10109
10419
9244
7134
5371
4071
3024
2554
2201
855
-907
-1605
-1628
-1785
-1528
-655
615
2888
5933
8284
9986
11719
12346
11480
10662
9140
4891
-308
-5676
-14995
-26096
-30801
-29675
-28687
-25470
-16139
-5104
4343
14978
25312
29050
25630
20273
15217
8471
-305
-8746
-14872
-17859
-18335
-17182
-13959
-10199
-9122
-8958
-5631
-1413
-451
-387
2644
7130
10342
13024
15729
16146
13157
8758
4241
-1345
-8527
-16065
-21126
-21393
-18545
-15203
-10200
-2822
4250
9722
14672
18088
17386
13472
9739
6878
3401
-502
-3532
-5600
-7023
-8065
-9883
-13222
-16258
-16605
-14392
-10188
-3758
3436
9775
16110
22397
25108
22227
15922
8071
-520
-8346
-14430
-18508
-20037
-18031
-12503
-5138
2259
8189
11842
13943
15273
15239
13062
9506
6190
3816
2128
889
-31
-1203
-2638
-3045
-2026
-892
-293
416
1916
4533
7715
10188
11552
12173
12044
11273
10626
9514
5705
-230
-6100
-14264
-25303
-32008
-31982
-30856
-28240
-19388
-7309
3393
14555
25846
31317
29112
23885
18384
10705
660
-8651
-15734
-20309
-21489
-19842
-16482
-12405
-9787
-8284
-5007
-1165
295
1016
3507
6928
10011
13062
15744
16180
13819
10230
5840
-410
-7833
-14783
-20339
-22599
-20868
-17155
-12121
-5337
2042
8796
14442
18000
18356
15810
12072
8062
3531
-908
-5429
-11780
-17633
-18908
-17672
-16196
-12110
-6248
-1847
3337
11317
17243
18251
17359
15565
11762
7086
2780
-2218
-7976
-11637
-12147
-11223
-9383
-6334
-2777
859
5365
10235
13117
13642
13481
13210
12105
9886
7098
3745
-211
-3331
-4506
-4724
-4726
-3861
-1930
1066
4975
8445
10429
10769
9225
6751
5064
3825
2546
2329
2071
-1197
-7476
-13735
-17951
-20887
-23081
-22912
-19819
-14841
-7042
3746
13301
18560
20425
19990
17572
13054
6339
-1576
-9000
-14453
-16991
-16598
-14483
-12124
-10066
-7618
-4078
-1074
-78
364
1250
2475
4387
6610
8424
9547
9704
8979
7620
4822
-184
-6159
-11087
-13931
-14854
-14425
-12448
-8740
-3731
2162
7966
12069
13578
12908
10931
8245
4701
-686
-7643
-13649
-16516
-16146
-13406
-9098
-4217
598
5574
10244
13042
12892
10317
7083
4459
2383
382
-1553
-2977
-3413
-2906
-2251
-2059
-2250
-2448
-1769
313
3025
5356
7170
9083
11140
12421
12304
10675
7711
4240
1219
-1349
-3422
-4338
-4624
-4065
-1100
3057
6156
8653
11352
13528
14724
15066
13646
10265
5679
83
-7837
-19816
-30181
-32453
-30719
-28394
-21240
-9936
6
10277
22448
28525
25119
19223
14639
8737
330
-7355
-12887
-17115
-17567
-13639
-9432
-7159
-6104
-5624
-4620
-2600
-2087
-3273
-2841
-346
3532
8581
12789
14341
13514
11628
8799
4026
-2734
-10074
-16405
-19985
-18982
-15049
-11046
-6120
286
6463
11457
14621
14742
11805
7914
4755
1994
-1127
-4970
-9429
-12952
-13615
-12149
-10327
-7895
-4728
-1272
3281
8737
12598
13521
12637
10996
8818
5942
2122
-2320
-6497
-8865
-8908
-7946
-6598
-4590
-1904
1529
5644
9416
11306
11403
11128
10737
9554
7570
5104
2115
-652
-1804
-1859
-2053
-1948
-1284
-247
1731
4223
5857
6656
7907
9562
10649
11315
11790
11496
10992
9654
2827
-10561
-23506
-29867
-31970
-32370
-29239
-22969
-14890
-2439
13937
26534
30415
28002
23302
17778
10961
2456
-7375
-16190
-20653
-19917
-15646
-10843
-8242
-7754
-6571
-3582
-1520
-1847
-2857
-2690
-17
5128
10732
14349
15322
14795
13355
10455
5190
-2727
-11943
-19157
-21502
-20035
-17179
-13188
-7580
-523
7122
13770
17154
16284
12884
9084
5784
2483
-1962
-7680
-12886
-14705
-13053
-10484
-7940
-5221
-2423
1057
5935
10468
11946
11076
10055
9207
7833
5325
1542
-2961
-6433
-7695
-7752
-7536
-6918
-5373
-2401
1984
6760
9959
11068
11481
11928
11803
10210
7154
3253
-451
-2498
-3025
-3201
-3305
-3312
-2444
395
4160
6572
7360
7986
8921
9715
10645
11434
10732
8868
7619
3442
-7829
-19973
-26653
-30381
-32550
-29827
-23240
-15863
-5386
9101
21667
27378
27349
24610
19857
12872
4929
-3575
-12106
-17761
-18993
-16879
-13198
-10215
-8920
-7477
-4843
-2862
-2249
-2065
-1577
431
4404
9222
13107
14876
14951
13685
10727
6041
-489
-8606
-15923
-19504
-19623
-17906
-14401
-9138
-2646
4326
10641
14885
15765
13782
10744
7332
3091
-1837
-6736
-11002
-13104
-12184
-9985
-7731
-4835
-1363
1884
5154
8381
9822
9301
8540
7859
6545
4418
1689
-1317
-3884
-5395
-6094
-6343
-6088
-4906
-2497
821
4537
7705
9552
10600
11407
11473
10043
7282
4034
1012
-1373
-2821
-3202
-3154
-2870
-1422
1144
3728
5692
7136
8256
9071
9766
10391
10459
9779
8859
5069
-5446
-18087
-25443
-29355
-32349
-31013
-25265
-18383
-8506
6134
19434
25651
26083
24312
20869
14705
6889
-1582
-10076
-15979
-17664
-16064
-13046
-10681
-9730
-8399
-5698
-3760
-3527
-3725
-3208
-826
3459
8366
12354
14403
15021
14664
12614
8226
1556
-6740
-14349
-18356
-19080
-18258
-15695
-11059
-4726
2479
9160
13763
15130
13822
11611
9224
5784
608
-5216
-10030
-12858
-13221
-11597
-9459
-7286
-3889
769
5188
8718
10865
10998
9996
9061
7783
5235
1628
-1915
-4416
-5842
-6572
-6664
-6320
-5320
-2902
703
4385
7212
9019
10295
11244
11543
10541
7998
4723
1683
-637
-2082
-2794
-3168
-3032
-1560
935
3433
5515
7040
8240
9230
9952
10591
10617
9851
9013
5829
-4057
-17028
-25133
-29191
-32177
-31523
-26305
-19371
-9927
4154
18049
25192
26071
24493
21347
15647
8044
-350
-8878
-15053
-17073
-15770
-12898
-10694
-9943
-8896
-6537
-4618
-4359
-4652
-4183
-1812
2659
7920
12334
14765
15686
15627
13744
9457
2882
-5398
-13255
-17760
-18897
-18505
-16423
-12156
-6069
1074
7719
12373
14131
13425
11668
9693
7001
2402
-3335
-8139
-10982
-11711
-10874
-9370
-7778
-5299
-1245
3117
6718
8931
9476
9291
9106
8564
6679
3486
103
-2599
-4328
-5562
-6463
-6858
-6432
-4386
-922
2910
5989
8047
9837
11342
12027
11332
8947
5583
2462
278
-1227
-2134
-2494
-2470
-1540
388
2579
3979
4694
6001
7701
9125
10607
11636
11305
10370
7827
-1165
-14286
-23298
-28159
-31841
-31986
-27015
-20051
-11228
2049
15835
23687
25397
24176
21109
15504
8176
186
-7823
-13595
-15727
-14738
-11948
-9495
-8603
-7975
-6183
-4738
-5009
-5822
-5769
-3723
476
5777
10712
13941
15592
16045
14715
10988
4791
-3252
-11283
-16491
-18390
-18469
-16752
-12854
-7040
-145
6451
11355
13427
13001
11399
9327
6477
2172
-3098
-7857
-10528
-10767
-9737
-8156
-6186
-3610
-265
3304
6377
7859
7717
7292
7142
6782
5500
3353
883
-1251
-2543
-3555
-4669
-5575
-5688
-4407
-1846
1529
4658
6816
8676
10492
11561
11082
9041
6263
3365
889
-681
-1567
-2414
-2826
-1915
-354
1280
3319
5331
6980
8751
10809
12341
12478
11614
9092
1569
-10854
-21510
-27223
-31107
-32539
-28745
-21557
-12830
-933
12604
21836
24426
23415
21005
16291
9186
1426
-5886
-11444
-13764
-13163
-10922
-8647
-7754
-7522
-6402
-5356
-5987
-7222
-7256
-5305
-1243
4092
9316
13169
15444
16543
15824
12448
6539
-1142
-9089
-14934
-17492
-17952
-16977
-13804
-8380
-1741
4538
9249
11655
11645
10398
8766
6589
3323
-1216
-5593
-8206
-8984
-8756
-7952
-6609
-4868
-2210
1345
4517
6500
7212
7338
7520
7382
6312
4134
1556
-576
-2102
-3272
-4377
-5205
-5361
-4263
-1721
1356
4106
6227
7994
9695
10852
10755
9223
6900
4456
2463
1283
270
-1066
-2389
-2710
-1487
499
2605
4777
7201
10001
12750
14567
14457
11135
2071
-11264
-21441
-26835
-30947
-32557
-28755
-21190
-11654
1090
14225
21890
23370
22042
19477
14377
6747
-1226
-8064
-12223
-12789
-10924
-8330
-6354
-5614
-5371
-4628
-4659
-6805
-9221
-9554
-6990
-2198
3343
8572
12686
15574
17279
16826
13146
6484
-1684
-9422
-14572
-16749
-17415
-16455
-12863
-7030
-437
5305
9200
10659
10075
8733
7383
5636
2490
-1438
-4394
-6197
-7359
-7764
-7485
-6914
-5489
-2608
597
3248
5454
6959
7944
8591
8256
6495
3789
1127
-973
-2612
-3995
-5061
-5508
-5008
-3263
-673
1836
4004
5943
7669
9184
10042
9660
8209
6431
4769
3164
1539
63
-1055
-1669
-1302
214
2035
3708
5664
7785
9674
11254
11951
11024
7195
-1519
-13114
-21868
-26678
-29900
-30097
-25472
-17880
-8289
3708
15139
21514
22461
20900
17930
12354
4702
-2731
-8649
-12060
-12344
-10616
-8355
-6565
-5780
-5269
-4589
-5035
-7031
-8732
-8326
-5436
-856
4289
9102
12866
15383
16555
15429
11244
4656
-2989
-9860
-14240
-16242
-16694
-15300
-11524
-5852
232
5354
8687
9860
9448
8467
7180
5228
2927
287
-3010
-5437
-6589
-8092
-9237
-8521
-6925
-5151
-1753
2674
5622
7689
9889
10892
9992
7819
4972
1489
-1859
-4095
-5647
-6786
-6873
-5533
-3333
-710
2299
4872
6652
8168
9454
9948
9224
7855
6376
4711
3264
2387
1460
126
-693
-594
-74
927
2320
3823
5753
8411
11132
12723
12778
9536
306
-11856
-20673
-26068
-30567
-31629
-27150
-19708
-9965
3018
15272
21764
22991
22025
19024
12798
4696
-3150
-9537
-12943
-12963
-11049
-8481
-6171
-4866
-4007
-3246
-4177
-7105
-9476
-9287
-6649
-2397
2735
7794
12078
15591
17737
17002
12746
5868
-2119
-9264
-13927
-16401
-17414
-16328
-12404
-6348
15
5292
8651
9799
9467
8431
6923
4917
2446
-479
-3184
-4581
-5498
-6748
-7259
-6816
-6091
-4642
-1844
1152
3408
5830
8261
9616
9593
8308
6034
3073
227
-2222
-4619
-6422
-6979
-6089
-3997
-1158
1887
4483
6701
8644
10027
10399
9377
7670
6000
4465
3199
2111
1095
190
-278
33
1094
2520
3772
5144
7035
9028
10552
11062
9449
3077
-8083
-18324
-24201
-28063
-30145
-27575
-20967
-12436
-1209
11235
19811
22574
21851
19499
14677
7153
-943
-7808
-12252
-13464
-12150
-9785
-7346
-5442
-4133
-2915
-2824
-5105
-7950
-8826
-7111
-3457
1126
5781
9979
13638
16400
16987
14178
8196
599
-6791
-12278
-15325
-16743
-16501
-13658
-8302
-1897
3811
7739
9483
9438
8467
6944
4773
2250
-27
-1894
-3118
-3872
-5079
-6539
-7047
-6448
-5546
-4175
-1819
848
3665
6908
9530
10359
9497
7676
5155
2161
-931
-4012
-6535
-7678
-7064
-5151
-2735
31
2949
5703
8132
9846
10468
9788
8285
6838
5502
3911
2312
1239
567
241
485
1007
1700
2717
4151
5868
7438
8869
10055
10397
8703
2602
-7852
-17854
-24001
-27725
-29276
-26657
-20670
-12612
-1733
10304
18940
22037
21502
19175
14554
7609
108
-6466
-11131
-12805
-11843
-9765
-7565
-5942
-4899
-3993
-4052
-5865
-8169
-8855
-7095
-3459
1112
5855
10279
13980
16573
17128
14385
8527
1114
-6060
-11479
-14824
-16575
-16613
-14133
-9046
-2882
2644
6642
8699
9073
8606
7612
5795
3564
1208
-1407
-3407
-4675
-6228
-7598
-7596
-6633
-5475
-3382
-333
2454
5002
7607
9366
9513
8407
6578
4066
1254
-1480
-4050
-6006
-6757
-6072
-4450
-2362
188
2829
5235
7413
9118
9875
9542
8685
7637
6253
4714
3253
1903
870
366
219
339
1039
2148
3406
5000
6724
8274
9474
10031
8356
1473
-9355
-18309
-23538
-27153
-28312
-25099
-19024
-11011
96
11901
19439
21440
20609
18279
13192
5929
-1343
-7585
-11683
-12703
-11385
-9137
-6926
-5366
-4177
-3089
-3480
-5859
-8232
-8570
-6529
-3015
1255
5793
10011
13726
16446
16792
13649
7667
510
-6235
-11168
-14310
-16222
-16238
-13502
-8326
-2315
2956
6650
8463
8855
8397
7131
5027
2403
-372
-2710
-3855
-4406
-5294
-5774
-5197
-4269
-3301
-1784
67
1674
3365
5315
6748
7018
6408
5456
4129
2363
281
-2070
-4189
-5233
-4980
-3969
-2442
-282
2183
4714
7205
9106
9840
9416
8480
7351
5884
4280
2757
1462
699
523
631
878
1563
2583
3718
5292
7093
8489
9392
9678
6784
-1850
-12507
-19832
-24407
-27733
-27627
-23364
-17002
-8111
3861
14677
20178
21092
19999
17007
11200
3833
-3314
-9032
-12097
-12351
-10735
-8412
-6472
-5227
-3983
-3126
-4265
-6900
-8705
-8299
-5801
-2057
2340
6821
10929
14563
16817
16159
12152
5901
-1124
-7324
-11586
-14457
-16166
-15597
-12108
-6623
-1035
3499
6523
7842
8076
7765
6669
4541
2020
-197
-2082
-3372
-4405
-5706
-6323
-5603
-4379
-3193
-1414
915
2870
4771
6736
7580
7001
5830
4543
2852
794
-1246
-3177
-4461
-4501
-3598
-2336
-743
1295
3519
5669
7480
8570
8726
8217
7634
6942
5677
4056
2754
1877
1231
918
817
1057
1960
3270
4783
6296
7517
8502
9228
7941
1408
-9253
-18106
-23103
-26492
-27633
-24571
-18797
-11160
-152
11681
19062
21073
20359
18076
13266
6232
-1178
-7557
-11682
-12776
-11473
-9217
-7152
-5633
-4245
-2948
-3188
-5549
-8032
-8562
-6750
-3323
854
5121
9090
12810
15779
16409
13613
7982
1017
-5535
-10220
-13218
-15291
-15667
-13248
-8371
-2634
2316
5633
7172
7455
7188
6479
5058
2995
644
-1611
-3144
-4146
-5478
-6371
-5920
-4973
-3883
-1869
718
2754
4652
6785
7815
7285
6065
4492
2532
497
-1309
-3096
-4525
-4708
-3749
-2367
-697
1336
3304
5065
6910
8406
8819
8319
7675
7031
5977
4662
3538
2469
1305
604
530
778
1567
2885
4524
6509
8381
9769
10901
10353
4532
-6433
-16768
-23253
-27672
-29952
-27811
-22044
-14306
-3368
9585
18989
22372
22306
20504
15925
8635
657
-6418
-11422
-13358
-12523
-10311
-7965
-6011
-4357
-2973
-2956
-5200
-8103
-9207
-7830
-4717
-704
3652
8075
12509
16277
17705
15598
10386
3423
-3667
-9334
-13299
-16153
-17284
-15359
-10465
-4365
1140
5259
7664
8381
8090
7209
5293
2531
242
-1560
-3501
-4696
-5024
-5311
-4952
-3488
-2236
-1581
-78
1990
3415
4729
5857
5902
5169
4483
3740
2258
355
-1424
-2998
-3928
-3890
-3128
-2050
-462
1892
4429
6637
8382
9402
9417
8635
7603
6173
4203
2415
1223
302
-253
-11
745
1825
3439
5233
6924
8598
9957
10650
10441
7310
-1349
-12781
-21151
-25876
-29049
-29287
-25131
-18334
-9283
2868
14492
20838
22139
21191
18477
12924
5459
-1939
-8022
-11673
-12451
-11143
-9205
-7544
-6178
-4910
-4095
-5019
-7542
-9355
-8798
-6007
-2005
2420
6850
11132
15156
17747
17271
13314
6918
-266
-6725
-11500
-14820
-16990
-16900
-13577
-7913
-1874
3126
6496
8115
8386
7797
6356
3876
960
-1092
-2020
-2721
-3402
-3467
-3105
-2722
-2047
-1490
-1611
-1542
-410
1241
2650
3807
4601
4922
5131
5013
3837
1593
-886
-2803
-3824
-3980
-3576
-2666
-899
1748
4726
7251
8697
9043
8759
8067
6781
4989
3096
1429
487
617
1213
1678
2338
3427
4655
5744
6489
6949
7371
7709
7970
7149
2060
-7634
-16594
-21702
-25163
-27249
-25623
-20771
-14010
-4188
7620
16299
19509
19983
19471
16424
10342
3061
-3786
-8971
-11499
-11629
-10607
-9567
-8665
-7185
-5236
-4524
-5894
-7768
-8174
-6446
-3136
727
4488
8169
12017
15443
16830
14896
10008
3631
-2737
-7918
-11884
-15152
-16926
-15727
-11504
-5928
-759
3308
6191
7938
8692
8459
7020
4538
1963
292
-691
-2160
-4108
-5281
-5475
-5183
-4313
-3214
-2376
-1106
1263
3832
5469
6218
6296
5804
5107
4136
2324
-261
-2439
-3466
-3672
-3368
-2698
-1627
1
2207
4706
6570
7224
7207
7286
7355
6603
5237
3938
2708
1816
1556
1615
1485
1421
2193
3613
4932
5693
6249
7233
8164
8473
7865
4369
-3865
-13753
-20346
-24042
-26809
-26842
-22863
-16331
-7582
3508
13462
18626
19956
19621
17307
12160
5192
-1843
-7470
-10552
-11341
-10826
-9675
-8286
-6808
-5302
-4358
-5187
-7366
-8610
-7636
-4874
-1339
2414
6302
10356
14244
16580
15901
12052
6301
120
-5601
-10146
-13590
-15996
-16020
-12886
-7760
-2513
1804
5051
7195
8317
8411
7423
5462
3017
1209
393
-484
-2240
-4225
-5271
-5440
-5277
-4795
-4121
-3230
-1429
1555
4472
6120
6841
7121
6929
6156
4485
1849
-1020
-3110
-4058
-4202
-3922
-3237
-1843
361
2925
5169
6558
7056
7218
7504
7585
6750
5117
3548
2373
1634
1474
1313
821
817
1759
3273
4953
6248
6831
7554
8675
8794
7601
4671
-2409
-12414
-19854
-23502
-26325
-27290
-23594
-16969
-9119
1077
11541
17602
19095
19127
17668
13027
6320
-309
-5827
-9334
-10418
-10062
-9343
-8436
-7296
-5937
-4949
-5570
-7617
-9012
-8161
-5372
-1776
1975
5784
9696
13467
16106
16050
12712
7311
1334
-4313
-8916
-12421
-15046
-15822
-13545
-8969
-3948
445
3912
6383
7923
8597
8079
6218
3735
1629
435
-201
-1121
-2708
-4372
-5205
-5444
-5642
-5387
-4405
-2893
-578
2684
5641
7220
8034
8439
7934
6267
3551
337
-2561
-4409
-4992
-4783
-4216
-3136
-1125
1575
4200
6230
7303
7451
7380
7539
7259
5881
4190
3016
2083
1413
1234
969
585
913
2074
3547
4878
5822
6752
7979
8718
8437
7057
2570
-6067
-14878
-20376
-24170
-26907
-25796
-20832
-14326
-5749
4857
13472
17576
18955
18866
16037
10317
3786
-2010
-6597
-9350
-10106
-9718
-8964
-7880
-6440
-5159
-4999
-6333
-7954
-8250
-6794
-4082
-757
2836
6677
10650
14119
15798
14615
10825
5582
-79
-5311
-9633
-13111
-15226
-14800
-11701
-7123
-2394
1744
4924
6923
7899
8023
7191
5502
3634
2188
971
-289
-1481
-2864
-4692
-6321
-7206
-7608
-7213
-5353
-2632
240
3537
6818
8953
9898
9956
8645
5902
2600
-619
-3480
-5443
-6159
-5927
-4975
-3203
-721
1953
4376
6341
7549
7842
7561
7283
6801
5547
4085
2921
1773
1012
1139
1373
1058
1068
1706
2460
3694
5171
6050
6743
7808
8425
7976
6086
359
-9174
-17401
-22051
-25350
-26903
-24363
-18892
-11943
-2237
8553
15795
18590
19385
18551
14635
8501
2173
-3610
-8011
-10063
-10207
-9644
-8694
-7269
-5674
-4543
-4831
-6499
-8037
-7973
-6117
-3261
48
3646
7591
11760
15146
16157
13930
9436
3952
-1755
-6720
-10792
-14082
-15554
-14068
-10094
-5306
-779
2951
5611
7276
7959
7694
6412
4576
3153
2349
1625
554
-812
-2807
-5470
-7589
-8902
-9805
-9352
-6911
-3399
571
5116
9173
11617
12712
12392
10139
6279
1892
-2169
-5457
-7451
-8061
-7576
-6010
-3396
-190
2897
5354
7003
7881
8081
7969
7788
7053
5716
4550
3728
2778
1863
1324
707
90
193
971
2059
3369
4939
6606
8108
9235
9825
9079
4486
-4594
-14044
-20638
-25221
-27955
-26955
-22561
-16248
-7056
4410
13813
18556
20119
19906
16938
11158
4456
-1837
-6951
-9968
-10626
-9817
-8536
-7044
-5347
-3939
-4006
-5852
-8062
-9041
-8155
-5763
-2518
1256
5588
10412
14760
17024
16155
12466
7070
1056
-4530
-9304
-13299
-15748
-15420
-12136
-7315
-2522
1573
4656
6591
7542
7570
6493
4656
3030
2163
2082
2233
1701
581
-704
-2922
-6430
-9592
-11284
-11812
-10366
-6427
-1628
3117
8345
13157
15576
15371
13033
8587
3166
-1744
-5791
-9020
-10779
-10311
-7951
-4489
-558
3050
5641
7246
8411
8835
8121
7109
6282
5268
4302
3844
3376
2452
1787
1477
929
624
1103
2005
3072
4544
6241
7520
8380
8955
8609
5468
-2033
-11458
-18765
-23557
-26680
-26677
-23044
-17461
-9546
1306
11484
17385
19660
19923
17732
12735
6350
-13
-5528
-9220
-10561
-10115
-8981
-7686
-6138
-4577
-4034
-5208
-7206
-8426
-7993
-5961
-2946
545
4505
8981
13343
16152
16082
13104
8264
2657
-2789
-7583
-11768
-14760
-15301
-12984
-8786
-4148
-28
3192
5500
6967
7460
6775
5089
3348
2428
2292
2531
2670
2299
1363
-58
-2637
-6926
-11197
-13549
-13983
-12170
-7805
-2384
3098
9316
15211
18077
17579
14630
9516
3415
-2212
-7037
-10971
-12867
-11797
-8525
-4305
-49
3569
6225
8035
9194
9216
7938
6374
5297
4551
3978
3776
3541
2872
2423
2269
1661
731
193
279
994
2398
4063
5694
7525
9221
10142
9315
4798
-3791
-13054
-19665
-24193
-27212
-26880
-22888
-16356
-7036
4149
13319
18109
19875
19710
16885
11300
4446
-1983
-6974
-9761
-10321
-9580
-8292
-6620
-4727
-3417
-3620
-5412
-7659
-8763
-8084
-6021
-3217
238
4687
9776
14309
16706
16036
12759
7920
2465
-2958
-8066
-12566
-15390
-15151
-12129
-7878
-3515
403
3622
5970
7354
7417
6065
4227
2802
2207
2305
2436
2395
2405
2298
1142
-1480
-5112
-9432
-12930
-13818
-12454
-9564
-4823
1453
7699
13126
17045
17593
14810
10485
5269
-654
-6248
-10249
-12136
-11509
-8466
-4341
-412
2936
5793
7833
8592
8137
6817
5254
4216
4029
4145
4035
3884
3817
3575
2898
1797
320
-931
-908
261
1811
3463
5292
7409
9510
11019
10854
7194
-724
-10183
-17568
-22879
-26858
-27732
-24505
-18357
-9799
884
10733
16726
19475
20314
18332
12992
6213
3
-4950
-8190
-9540
-9427
-8348
-6590
-4475
-2953
-3235
-5355
-7822
-9102
-8777
-7251
-4945
-1684
2859
8327
13532
16755
16876
14256
9925
4607
-1164
-6793
-11792
-15284
-15983
-13675
-9663
-5377
-1252
2545
5403
6981
7228
6207
4473
2880
2018
1832
2025
2500
3304
3995
3525
1782
-897
-4667
-8812
-12109
-14108
-14495
-12273
-7306
-984
5599
11389
15233
16782
16019
13002
7981
1880
-3936
-8355
-10588
-10575
-8765
-5881
-2493
1078
4094
6021
6803
6594
5803
4843
4225
4138
4308
4565
4811
4853
4447
3656
2674
1488
228
-916
-1532
-1052
520
2756
5184
7511
9304
10196
10229
8137
2024
-7021
-15364
-21206
-25046
-26159
-23717
-18673
-11474
-2008
7891
14949
18208
18915
17248
12980
7125
1281
-3649
-7139
-8633
-8499
-7483
-6021
-4442
-3203
-3196
-4711
-7005
-8792
-8998
-7601
-5101
-1886
2116
6938
11758
15228
16037
14015
10079
5077
-227
-5277
-9732
-13114
-14421
-12866
-9354
-5314
-1509
1646
3980
5411
5911
5331
4000
2747
1997
2041
2751
3549
4059
4162
3583
1581
-1738
-5434
-8925
-11538
-12696
-12154
-9841
-5790
-280
5517
10202
12865
13484
12476
9870
6117
1763
-2739
-6209
-7736
-7539
-6309
-4430
-2226
-22
2121
3793
4542
4468
4097
4015
4185
4352
4536
4702
4742
4573
4091
3073
1577
131
-832
-1253
-1257
-660
802
2921
5301
7470
9218
10392
10660
10191
8247
2683
-6297
-14806
-20396
-24196
-26026
-24367
-20045
-13954
-5208
5082
12820
16499
18069
17867
14907
9949
4660
-341
-4532
-6798
-7345
-7245
-6763
-5841
-4881
-4774
-5935
-7869
-9432
-9540
-8150
-5767
-2729
1070
5866
10992
14932
16350
15016
11731
7293
2275
-2925
-7977
-12199
-14432
-13817
-11043
-7566
-4040
-664
2272
4486
5782
5935
5066
3961
3236
3054
3272
3567
3873
4101
3924
2763
264
-3080
-6492
-9531
-12058
-13514
-13065
-10488
-5848
195
6069
10582
13623
15219
14755
12001
7507
2069
-3081
-6755
-8632
-9122
-8454
-6544
-3759
-697
2098
4016
4830
5031
5149
5148
4936
4729
4762
5004
5133
4896
4253
3160
1758
430
-658
-1551
-1892
-1090
819
3256
5729
7972
9777
10915
11274
10274
6255
-1562
-10723
-17873
-22622
-25617
-25699
-22430
-16875
-9032
868
9835
15155
17574
18173
16224
11743
6347
1197
-3317
-6325
-7501
-7668
-7180
-5949
-4500
-3842
-4604
-6497
-8398
-9148
-8529
-6916
-4530
-1247
3185
8373
12946
15355
15002
12507
8774
4280
-688
-5727
-10203
-13088
-13397
-11299
-8091
-4833
-1689
1255
3509
4751
4973
4270
3092
2263
2170
2478
2973
3748
4636
5006
4246
2387
-216
-3356
-6830
-9989
-12046
-12655
-11200
-7383
-2393
2500
7004
10750
12880
13146
11668
8258
3648
-749
-4189
-6480
-7490
-7192
-5917
-3936
-1467
892
2567
3447
3795
3873
3880
4000
4257
4629
4974
5161
5163
4763
3886
2733
1370
-106
-1302
-1888
-1720
-697
888
2581
4382
6187
7624
8661
9211
8861
7744
6009
2114
-4866
-12283
-17588
-21307
-23360
-22190
-18502
-13793
-7074
1579
8913
13192
15576
16287
14282
10282
6111
2103
-1789
-4613
-6008
-6689
-6877
-6320
-5536
-5440
-6353
-7756
-8636
-8446
-7264
-5290
-2767
319
4190
8496
12036
13611
13028
10859
7607
3603
-735
-5043
-8923
-11444
-11795
-10375
-8066
-5375
-2556
99
2220
3682
4424
4418
3975
3607
3570
3679
3861
4219
4509
4283
3350
1841
-284
-2963
-5684
-8181
-10160
-10977
-10296
-8250
-5087
-1180
2793
6418
9405
11043
10952
9339
6600
3306
156
-2443
-4516
-5821
-5995
-5098
-3427
-1475
193
1402
2349
3189
3858
4274
4434
4460
4476
4468
4470
4313
3705
2847
2059
1290
503
-6
-121
-15
477
1456
2735
4127
5379
6361
7107
7624
7767
7599
6254
1513
-6079
-12915
-17612
-21069
-22439
-20724
-17313
-12374
-4651
4063
10528
14227
16129
15717
12647
8385
3980
-354
-3974
-6246
-7256
-7273
-6276
-4730
-3584
-3633
-4993
-6697
-7733
-7836
-7140
-5898
-3975
-802
3719
8517
12065
13492
12835
10732
7602
3581
-930
-5517
-9474
-11654
-11528
-9787
-7409
-4664
-1754
803
2718
3937
4400
4134
3571
3145
2948
3024
3383
3959
4279
3866
2881
1499
-216
-1992
-3909
-6474
-8958
-9752
-9178
-7949
-5521
-2363
543
3785
7592
10020
10254
9524
7881
5196
2456
-14
-2611
-4850
-5673
-5335
-4538
-3229
-1641
-311
739
1889
2920
3456
3950
4601
4971
4911
4799
4838
4537
3781
2898
1765
440
-489
-806
-996
-1080
-646
217
1555
3438
5303
6603
7448
8127
8451
8581
8040
4356
-2903
-10186
-15340
-19481
-22115
-21661
-19267
-15469
-8639
179
7368
11818
14797
15873
13996
10406
6576
2484
-1508
-4264
-5863
-6822
-6648
-5414
-4181
-3922
-4966
-6554
-7549
-7537
-6858
-5905
-4587
-2183
1892
6707
10538
12418
12314
10888
8587
5383
1306
-3321
-7624
-10438
-11103
-10138
-8446
-6220
-3513
-745
1594
3265
4103
4080
3769
3483
3195
3129
3332
3731
4079
3941
3170
2076
806
-955
-3201
-5838
-8553
-10152
-9896
-8191
-5618
-2395
1142
4644
8003
10305
10553
9104
6751
3908
938
-1680
-3797
-5264
-5574
-4690
-3214
-1755
-489
632
1478
1977
2174
2241
2389
2723
3295
3819
4011
4003
3957
3782
3254
2353
1248
459
367
521
619
839
1279
1955
2758
3374
3600
3693
3792
3991
4471
4664
4422
4721
4899
2279
-3249
-8637
-12903
-16683
-18690
-18260
-16741
-13788
-7758
-162
6008
10379
13411
14388
12950
9979
6296
2111
-1852
-4736
-6558
-7597
-7605
-6448
-4985
-4234
-4418
-5132
-5705
-5651
-4984
-4179
-3312
-1543
1619
5414
8581
10250
10353
9298
7327
4534
1059
-2909
-6739
-9222
-9806
-8990
-7323
-5110
-2532
91
2360
3950
4606
4412
3749
3045
2448
2005
1932
2234
2633
2744
2499
1921
835
-616
-2245
-4060
-5854
-6850
-6583
-5630
-4404
-2759
-652
1720
4204
6370
7256
6821
5875
4601
2907
955
-1074
-2949
-4105
-4142
-3416
-2477
-1485
-332
819
1720
2452
2878
2922
2968
3206
3389
3374
3318
3219
2917
2392
1757
1138
708
594
628
677
870
1206
1638
2286
2935
3241
3244
3344
3775
4149
4254
4366
4502
4761
5193
3862
-1115
-7261
-11755
-15543
-18498
-18801
-17268
-14877
-9820
-2110
4697
9113
12423
14260
13140
9941
6427
2367
-1947
-4906
-6548
-7651
-7716
-6308
-4379
-3150
-3127
-3929
-4652
-4941
-4812
-4408
-4004
-2961
-359
3350
6713
8754
9401
8912
7558
5427
2469
-1142
-4752
-7266
-8135
-7647
-6353
-4615
-2413
-57
1819
2976
3391
3119
2447
1729
1199
992
1257
2033
3093
3853
3982
3619
2653
1021
-1134
-3737
-6283
-7993
-8371
-7410
-5493
-3003
-113
3033
5897
7810
8340
7402
5492
3215
936
-1137
-2896
-4047
-4273
-3538
-2205
-784
364
1091
1500
1718
1777
1696
1539
1506
1725
2182
2742
3205
3451
3346
2811
1975
1192
715
503
512
764
1206
1830
2579
3038
3043
2957
2710
2118
1702
1650
1381
1047
1438
2446
3573
4858
5932
5112
1238
-3918
-8360
-12498
-16128
-17734
-17402
-15661
-11383
-4676
1920
6954
10710
12893
12667
10349
7089
3233
-946
-4387
-6585
-7763
-7708
-6292
-4429
-3082
-2533
-2652
-2966
-3246
-3546
-3848
-3974
-3249
-1121
1923
4820
6894
8016
8255
7672
6107
3431
14
-3399
-5988
-7358
-7533
-6703
-5178
-3074
-682
1393
2846
3649
3743
3227
2484
1744
1154
1038
1418
1952
2318
2454
2311
1611
436
-1094
-3044
-4931
-6196
-6702
-6377
-5276
-3589
-1315
1521
4274
6340
7477
7415
6408
4869
2900
629
-1664
-3391
-4170
-4110
-3433
-2307
-1026
131
1216
2099
2542
2724
2797
2815
2847
2919
3059
3213
3304
3132
2595
1926
1345
921
565
327
231
258
590
1129
1633
1965
2160
2361
2467
2431
2324
2184
2100
2126
2429
3051
3620
3954
4117
3039
-502
-5043
-8990
-12902
-15992
-16649
-15572
-13434
-9054
-2798
2792
6726
9429
10507
9364
6765
4035
1212
-1600
-3414
-4160
-4429
-4107
-2979
-1903
-1747
-2391
-3421
-4420
-5115
-5235
-4815
-4147
-2664
-16
2984
5521
7310
8081
7692
6545
4774
2292
-544
-3135
-4913
-5760
-5712
-4819
-3519
-2078
-561
698
1415
1677
1625
1320
970
746
804
1261
1972
2676
2961
2612
1745
526
-917
-2657
-4453
-5630
-5823
-4959
-3074
-684
1534
3591
5448
6391
6136
4937
3000
724
-1266
-2674
-3609
-3916
-3277
-1888
-301
1118
2257
2932
3086
2929
2464
1764
1144
832
844
1022
1348
1798
2175
2403
2396
1983
1258
673
403
356
589
955
1392
2028
2693
3053
3004
2656
1998
1235
686
206
-196
-209
182
764
1469
2229
2843
3260
3361
2921
1548
-1174
-4460
-7263
-9708
-11635
-12194
-11342
-9583
-6642
-2739
766
3468
5639
6695
6167
4714
2969
850
-1204
-2633
-3634
-4216
-4076
-3381
-2744
-2417
-2328
-2530
-2766
-2876
-2864
-2619
-2137
-1143
456
2158
3509
4446
4906
4696
3965
2745
975
-849
-2363
-3483
-4076
-4016
-3364
-2351
-1023
306
1269
1976
2427
2480
2127
1592
1076
705
546
368
132
-164
-604
-959
-1251
-1661
-2040
-2001
-1499
-698
493
1721
2610
3244
3552
3431
2818
1800
602
-552
-1415
-1872
-1857
-1465
-861
-151
599
1414
2075
2457
2625
2503
2225
1980
1769
1534
1236
937
639
466
470
505
534
558
661
865
1151
1495
1750
1867
1867
1840
1807
1663
1418
1088
780
618
567
599
671
785
882
915
1028
1185
1180
984
869
855
599
393
451
-126
-1764
-3429
-4818
-6543
-7768
-7875
-7785
-7303
-5594
-3311
-1281
709
2499
3335
3343
3003
2217
969
-289
-1303
-2283
-2993
-3086
-2874
-2608
-2343
-2178
-2118
-2056
-1890
-1659
-1433
-1182
-622
300
1197
1983
2583
2741
2576
2274
1648
658
-302
-1052
-1632
-1887
-1738
-1314
-739
-32
662
1164
1476
1452
1055
478
-301
-1098
-1561
-1693
-1560
-1101
-445
301
1215
2068
2579
2770
2600
2100
1528
999
435
-121
-417
-372
-173
44
273
461
556
683
843
903
914
952
1026
1121
1238
1356
1366
1253
1089
921
712
501
371
284
324
552
886
1329
1812
2192
2378
2376
2230
2007
1703
1203
626
134
-239
-387
-332
-187
40
373
680
849
958
975
857
690
528
374
240
133
-9
-200
-377
-457
-499
-626
-720
-747
-828
-852
-1008
-1638
-2442
-3116
-3787
-4326
-4474
-4455
-4286
-3554
-2476
-1460
-476
347
734
743
573
184
-403
-1018
-1623
-2118
-2344
-2289
-2047
-1694
-1323
-1079
-863
-595
-445
-376
-355
-420
-365
-70
270
551
898
1203
1355
1456
1401
1119
790
453
-18
-511
-830
-1111
-1355
-1320
-1087
-760
-262
233
489
679
972
1216
1430
1651
1713
1635
1552
1469
1287
962
548
127
-205
-412
-432
-277
-45
254
596
999
1415
1707
1841
1757
1523
1296
1101
915
681
416
233
267
456
642
857
1064
1212
1339
1446
1555
1593
1528
1432
1311
1151
1039
1038
956
760
677
695
659
585
582
545
404
432
560
475
276
236
281
252
328
442
316
-45
-542
-1174
-1882
-2362
-2629
-2933
-3067
-2845
-2374
-1647
-672
197
748
1142
1307
1167
818
228
-587
-1596
-2580
-3274
-3706
-3808
-3514
-3078
-2610
-1887
-1006
-325
175
494
556
540
545
470
228
-61
-301
-609
-899
-1045
-1192
-1387
-1421
-1319
-1260
-1079
-686
-339
-60
299
658
813
795
746
595
299
39
-127
-343
-563
-594
-478
-282
-8
255
495
684
827
922
829
610
443
301
126
28
72
165
303
464
581
709
882
1017
1024
941
894
923
1005
1080
1075
976
881
871
829
683
521
439
459
564
754
907
961
1070
1222
1318
1379
1408
1377
1271
1143
1015
831
635
494
359
208
191
298
359
415
530
610
578
431
223
-3
-276
-524
-571
-497
-445
-321
-167
-101
-36
37
-31
-254
-488
-682
-749
-649
-598
-647
-623
-514
-413
-359
-369
-487
-651
-774
-877
-947
-983
-1036
-1037
-925
-765
-566
-318
-159
-138
-179
-253
-311
-390
-557
-762
-916
-983
-973
-898
-855
-960
-1102
-1158
-1193
-1236
-1213
-1166
-1111
-904
-638
-448
-197
14
7
-82
-166
-352
-570
-725
-908
-1037
-976
-758
-448
-168
34
253
488
614
615
549
393
228
132
73
32
70
230
371
450
578
723
804
884
979
982
964
1057
1157
1178
1199
1194
1085
918
731
510
338
301
370
511
708
938
1180
1380
1472
1436
1298
1095
865
672
579
574
574
557
542
516
480
468
417
273
142
148
261
364
429
475
485
436
327
194
5
-236
-448
-619
-708
-679
-570
-423
-296
-227
-173
-68
13
5
-40
-108
-195
-236
-209
-203
-286
-409
-520
-611
-726
-848
-932
-1005
-974
-774
-549
-394
-241
-92
-31
-3
43
-12
-238
-518
-746
-941
-1055
-1052
-1039
-992
-795
-535
-307
-102
0
-49
-130
-194
-331
-516
-645
-695
-666
-559
-414
-265
-138
-108
-125
-64
-24
-85
-159
-258
-405
-519
-495
-412
-405
-421
-361
-200
-20
165
353
421
410
431
425
349
280
203
82
3
36
122
175
195
210
198
208
288
368
406
445
505
564
620
659
652
606
527
451
398
368
365
396
462
557
673
773
811
760
654
552
475
379
276
198
154
156
187
246
309
373
467
539
583
607
574
499
389
244
105
19
-65
-170
-228
-244
-235
-206
-183
-144
-89
-29
45
102
105
82
96
109
81
10
-93
-155
-192
-260
-337
-392
-393
-310
-204
-173
-172
-152
-161
-206
-288
-387
-424
-394
-370
-361
-327
-273
-187
-85
-114
-249
-334
-361
-378
-450
-548
-570
-514
-395
-240
-113
-46
22
52
-75
-229
-327
-448
-558
-583
-522
-423
-283
-130
-50
-12
44
81
32
-79
-149
-166
-144
-131
-157
-172
-178
-196
-197
-166
-120
-98
-97
-107
-81
5
94
176
226
238
256
294
322
271
156
65
3
-51
-69
-59
-73
-78
-49
-17
80
201
257
273
276
257
238
257
274
228
153
103
82
69
91
156
171
147
157
174
195
188
139
101
98
138
202
260
320
410
487
494
497
482
407
338
276
164
49
17
37
45
90
190
279
323
374
407
353
304
290
200
87
48
14
-78
-143
-160
-172
-160
-164
-201
-218
-193
-153
-116
-67
-26
8
42
31
-15
-46
-79
-148
-224
-255
-245
-235
-247
-273
-310
-322
-273
-232
-263
-294
-264
-203
-135
-53
14
60
97
98
66
30
-40
-157
-305
-463
-583
-612
-566
-510
-414
-226
-4
160
232
259
243
183
86
-58
-212
-327
-394
-418
-385
-278
-162
-118
-102
-54
-14
31
72
34
-36
-34
2
-19
-64
-92
-142
-164
-148
-160
-168
-123
-70
-34
34
137
213
261
299
284
233
206
167
78
-46
-149
-203
-212
-158
-53
59
164
301
454
541
550
536
496
412
322
264
214
165
154
161
153
157
155
114
87
68
26
11
21
27
51
65
69
103
138
140
164
207
206
179
154
115
65
39
41
30
13
14
14
11
4
-21
-69
-133
-187
-186
-153
-144
-109
-32
-8
-21
3
3
-61
-112
-132
-161
-164
-124
-97
-89
-77
-82
-103
-110
-120
-155
-170
-165
-175
-172
-134
-114
-121
-117
-84
-64
-78
-83
-55
-32
-14
28
61
40
10
-23
-89
-137
-159
-184
-223
-246
-231
-201
-144
-55
17
65
115
135
142
161
167
164
129
48
-18
-61
-104
-144
-181
-218
-216
-159
-124
-103
-48
7
54
117
190
243
264
285
298
273
227
168
80
-16
-96
-174
-223
-212
-189
-161
-80
0
49
110
180
192
159
136
113
66
39
34
10
-24
-41
-51
-75
-84
-65
-58
-36
25
80
105
108
97
76
47
-5
-72
-146
-210
-255
-266
-255
-232
-163
-85
-21
49
129
185
185
155
110
65
33
-4
-43
-78
-90
-72
-55
-66
-86
-87
-83
-63
-25
12
66
131
175
206
245
299
335
326
287
229
180
152
121
46
-49
-91
-117
-128
-95
-80
-92
-105
-108
-90
-57
-13
24
70
100
109
143
179
166
108
44
-17
-88
-152
-166
-181
-230
-213
-115
-38
-5
30
45
29
28
16
-39
-81
-72
-46
-15
31
64
73
72
75
62
9
-51
-89
-144
-192
-166
-107
-72
-46
2
56
111
172
195
162
113
64
8
-34
-69
-113
-143
-144
-140
-122
-85
-71
-82
-104
-123
-107
-85
-95
-105
-87
-44
9
39
34
20
29
50
58
49
27
-10
-60
-119
-177
-225
-250
-248
-225
-161
-82
-9
43
66
88
121
147
133
105
87
72
69
68
46
29
29
