6
7
13
5
10
20
11
2
5
7
6
13
12
-2
-2
-3
-9
-5
1
3
-9
-15
-12
-8
0
3
0
-3
-1
-10
-14
-9
-14
-12
-12
-14
-10
-10
-11
-6
-7
-8
0
-4
-11
-12
-6
-5
-14
-18
-18
-11
-5
-9
-2
3
2
5
3
6
9
4
0
4
11
11
14
18
12
12
11
6
8
9
8
3
-4
-3
4
4
4
3
8
6
3
1
-11
0
5
-9
-7
5
9
-1
-3
2
6
3
1
0
-6
-12
-11
-6
-9
-5
-9
-9
-6
-5
0
-5
-11
-4
-4
-5
0
1
0
7
8
7
5
-2
0
4
6
1
-2
-3
-5
4
3
3
5
-1
8
11
10
15
5
13
18
12
16
13
4
6
4
3
3
0
2
-2
-4
0
-2
-1
3
4
2
4
3
0
2
3
3
-1
-2
-3
-4
-2
-3
3
3
-6
-5
-9
-11
-12
-9
-6
-6
-2
3
-1
-3
3
8
1
-7
-5
-5
-6
-4
-7
-8
-6
-15
-15
-11
-11
-2
-4
-6
-2
-2
0
1
1
-2
-9
-4
-3
-3
-4
-3
3
-3
3
12
11
8
2
9
6
4
6
-2
1
3
3
8
11
14
9
11
10
2
10
14
8
8
13
7
1
6
2
3
7
4
3
6
2
-1
4
3
-4
4
2
-3
-4
-9
-1
6
-7
-14
-9
-13
-10
-1
-6
-8
-10
-11
-11
-17
-20
-22
-19
-17
-20
-11
-18
-20
-9
-11
-9
-9
-6
-7
-4
-5
-9
3
4
0
6
3
4
11
13
12
11
8
6
17
18
11
15
8
10
19
12
7
0
-1
5
2
2
4
-3
-4
2
-3
-4
-4
-12
-8
-4
-5
-4
0
0
2
3
-2
-2
-3
-10
-8
-5
-3
1
-1
-6
-1
3
4
6
9
17
13
5
12
11
11
16
15
16
17
18
20
26
25
25
24
17
17
16
11
9
5
4
5
11
14
11
11
7
6
5
0
-4
-2
-2
-12
-10
-8
-20
-26
-25
-31
-32
-26
-16
-19
-23
-18
-25
-26
-26
-36
-26
-25
-31
-22
-28
-31
-29
-26
-29
-32
-28
-24
-23
-25
-24
-24
-23
-17
-16
-18
-13
-12
-14
-4
-1
-9
-14
-4
-5
-6
-2
-1
6
13
16
12
16
20
24
23
24
25
19
17
13
18
18
16
27
34
29
33
39
34
41
40
35
40
40
45
45
35
44
46
33
29
26
25
21
13
17
11
9
15
10
6
0
-3
-5
-19
-24
-25
-25
-26
-32
-27
-29
-35
-40
-50
-50
-52
-52
-42
-37
-33
-35
-28
-28
-39
-40
-41
-48
-41
-35
-30
-28
-27
-18
-19
-20
-18
-12
-10
-3
8
0
5
20
27
31
33
44
53
52
54
62
61
61
61
61
64
62
62
60
61
64
67
65
69
72
67
63
56
52
49
42
39
33
33
32
17
13
9
0
-6
-7
-8
-14
-24
-30
-29
-28
-35
-40
-46
-59
-60
-61
-67
-71
-77
-88
-87
-80
-80
-74
-64
-58
-60
-60
-67
-72
-69
-72
-73
-72
-72
-64
-57
-51
-51
-46
-46
-40
-28
-27
-19
-15
-11
-1
-3
8
12
3
14
17
16
23
26
35
41
43
52
52
55
54
53
59
69
90
102
109
120
130
140
140
134
133
128
123
117
119
117
109
116
108
91
90
84
75
66
66
57
44
30
24
19
1
-6
-13
-24
-34
-41
-53
-69
-80
-109
-125
-131
-154
-164
-176
-194
-205
-232
-247
-245
-255
-259
-251
-239
-217
-202
-195
-175
-162
-152
-141
-135
-123
-115
-118
-117
-126
-131
-116
-112
-124
-124
-113
-95
-73
-36
-1
41
84
111
143
172
195
201
212
233
240
255
263
279
288
286
298
303
313
315
308
312
308
304
306
302
291
280
281
274
262
255
239
223
205
193
181
173
167
152
133
83
18
-64
-166
-256
-340
-408
-443
-442
-405
-340
-256
-165
-91
-43
-19
-26
-65
-123
-177
-228
-259
-271
-271
-264
-254
-243
-242
-241
-237
-238
-233
-217
-184
-145
-109
-84
-63
-46
-51
-64
-74
-90
-103
-111
-115
-107
-98
-80
-61
-50
-41
-23
-6
-1
4
10
9
11
28
32
39
62
93
129
159
193
201
198
180
124
66
13
-33
-55
-48
-6
66
145
218
275
314
350
357
343
330
303
287
287
276
255
224
182
127
78
35
12
21
40
80
146
209
262
315
338
323
301
254
194
135
77
41
26
27
41
66
90
99
86
65
52
21
-15
-35
-59
-75
-85
-104
-146
-215
-307
-428
-557
-670
-758
-799
-772
-690
-573
-423
-253
-109
-4
49
35
-24
-124
-243
-339
-415
-460
-461
-445
-414
-374
-346
-325
-315
-318
-331
-326
-307
-288
-237
-158
-67
24
100
157
196
214
212
209
197
184
177
161
146
143
135
123
114
108
124
166
235
337
453
576
704
810
884
926
923
863
760
640
517
425
368
339
349
389
430
452
443
403
353
309
296
332
441
600
754
877
890
731
391
-136
-781
-1445
-2020
-2376
-2443
-2199
-1697
-1024
-269
401
881
1103
1039
750
303
-195
-608
-876
-974
-918
-772
-588
-438
-375
-397
-494
-618
-709
-719
-583
-322
18
392
703
895
936
804
539
182
-197
-520
-727
-781
-677
-456
-180
106
338
469
501
433
290
142
28
-40
-21
63
163
270
346
359
302
183
42
-81
-168
-195
-146
-30
111
248
359
392
347
236
82
-70
-197
-259
-235
-140
1
160
295
379
398
342
229
82
-55
-153
-206
-209
-166
-96
-21
38
63
36
-29
-106
-173
-221
-208
-143
-56
69
197
297
347
345
293
185
55
-53
-130
-160
-135
-55
72
220
374
496
559
564
510
397
240
70
-86
-210
-296
-331
-292
-210
-97
45
173
270
326
338
308
238
151
55
-37
-92
-116
-133
-142
-154
-170
-179
-188
-196
-189
-173
-146
-88
-14
54
121
169
173
159
102
-3
-113
-231
-335
-402
-438
-416
-343
-218
-67
58
148
168
104
-29
-220
-449
-687
-893
-1044
-1115
-1090
-984
-813
-602
-407
-244
-127
-71
-61
-97
-164
-235
-292
-314
-314
-294
-264
-245
-232
-245
-276
-303
-338
-349
-315
-224
-76
109
312
477
597
673
678
626
542
453
397
405
472
581
702
818
942
1032
1068
1061
1009
946
884
832
787
724
665
604
542
514
524
606
749
933
1112
1228
1260
1232
1186
1150
1151
1195
1271
1382
1485
1426
1057
226
-1078
-2614
-4087
-5236
-5779
-5534
-4580
-3055
-1115
889
2558
3603
3882
3390
2285
843
-639
-1877
-2680
-2969
-2784
-2285
-1657
-1082
-678
-492
-543
-736
-921
-963
-731
-200
529
1259
1814
2074
1985
1564
834
-125
-1156
-2067
-2627
-2715
-2346
-1580
-627
314
1118
1636
1817
1645
1188
580
-45
-528
-791
-818
-656
-406
-175
-78
-153
-355
-614
-836
-945
-882
-640
-229
314
887
1345
1561
1466
1073
488
-163
-740
-1127
-1263
-1097
-660
-32
643
1209
1555
1624
1469
1186
873
619
495
540
717
1008
1314
1537
1633
1567
1362
1065
755
513
365
370
546
804
1073
1294
1431
1481
1417
1260
1097
982
939
1021
1219
1416
1594
1809
1967
1917
1468
301
-1685
-4052
-6215
-7841
-8556
-8065
-6551
-4319
-1475
1621
4229
5800
6173
5353
3556
1221
-1171
-3223
-4634
-5198
-4895
-3939
-2746
-1699
-946
-514
-397
-527
-744
-871
-701
-95
870
1930
2729
3067
2893
2215
1156
-199
-1732
-3142
-4080
-4278
-3673
-2444
-904
639
1960
2904
3338
3178
2466
1390
196
-855
-1563
-1859
-1810
-1495
-1022
-566
-241
-124
-238
-463
-690
-848
-810
-468
130
800
1477
2044
2205
1919
1331
518
-376
-1077
-1404
-1404
-1081
-420
412
1240
1932
2351
2397
2093
1590
1065
645
405
434
730
1169
1675
2152
2422
2377
2092
1655
1178
849
732
758
892
1185
1674
2186
2548
2794
2933
2934
2867
2875
3017
3279
3695
4170
4107
2490
-1179
-6133
-10933
-14534
-16342
-15884
-13327
-9447
-4426
1744
7790
11876
13248
12221
9305
5109
580
-3514
-6884
-9174
-9772
-8584
-6429
-4322
-2756
-1784
-1266
-1011
-898
-823
-580
165
1593
3484
5250
6234
6049
4769
2760
284
-2541
-5423
-7720
-8786
-8255
-6192
-3156
69
2916
5159
6650
7195
6640
5023
2780
600
-997
-1826
-2014
-1917
-1719
-1334
-814
-398
-284
-534
-806
-634
15
950
1790
1382
-747
-2939
-4053
-4729
-4733
-3190
-1285
10
2243
5388
6987
6515
5199
3127
300
-1882
-2915
-3745
-4226
-3511
-1720
331
1946
2863
2967
2481
2109
2229
2302
1952
1902
2487
3087
3616
4041
3563
2153
902
164
-467
-863
-798
-371
559
2121
3835
4939
5206
4961
4481
3841
3061
2246
1826
2300
3700
5370
6004
4069
-901
-7339
-13134
-17612
-20714
-21524
-19369
-14599
-7265
2302
11570
17368
19098
17992
14537
8911
2163
-4549
-10447
-14412
-15238
-13038
-9417
-5953
-3186
-1084
325
894
570
-337
-1060
-793
771
3243
5721
7290
7568
6705
4881
1984
-2060
-6578
-10299
-12216
-11926
-9556
-5791
-1536
2668
6508
9436
10742
10027
7504
4037
717
-1823
-3485
-4339
-4380
-3626
-2242
-606
707
1270
1074
488
-275
-1698
-4084
-6294
-7031
-6291
-4061
-330
3272
5381
6963
8468
8322
6102
2996
-538
-4052
-6003
-5750
-4435
-2858
-756
1733
3823
5013
5181
4170
2287
641
46
211
617
1370
2442
3291
3916
4462
4202
2796
1311
623
509
715
1329
2237
3252
4332
5202
5267
4326
2818
1201
-139
-782
-743
-321
680
2531
5074
8080
10912
12421
11168
5128
-5840
-17449
-25510
-30184
-31460
-27420
-19501
-10550
646
14194
24392
27090
24377
18733
10466
1223
-6632
-12748
-17167
-18526
-15839
-10347
-4760
-1160
194
135
-668
-1827
-2981
-3671
-3250
-1180
2575
7241
11115
12535
11319
8350
4173
-1052
-6868
-12316
-15981
-16570
-13708
-8330
-2138
3519
8031
11195
12842
12549
9889
5443
816
-2588
-4205
-4305
-3499
-2119
-546
442
270
-1923
-6840
-12195
-14502
-13426
-9832
-3355
4395
10528
15665
20361
21217
16546
8799
45
-8663
-14781
-16655
-15715
-12897
-7586
-382
6668
11706
13833
12928
9824
6189
3305
1133
-844
-1993
-1488
-40
1548
3028
3382
2173
960
883
1246
1719
2808
4215
5424
6726
7774
7163
4622
1265
-1890
-4078
-5034
-5137
-4147
-1426
2680
7186
11241
13759
14679
14620
13224
9318
1240
-11224
-24095
-31146
-32515
-31224
-25580
-15954
-7006
2274
14862
24968
26321
21860
15868
8265
266
-5654
-10181
-14322
-16159
-14073
-9384
-4834
-2465
-2561
-3713
-4303
-3969
-3328
-2750
-1570
1160
5337
9917
13335
13828
11037
6624
2111
-2572
-7781
-12737
-15818
-15766
-12450
-6911
-929
3990
7554
10177
11928
12216
10256
6392
2304
-952
-3801
-6838
-9980
-12487
-13292
-11725
-8035
-3441
588
3950
7678
11274
13061
12643
10271
6228
1863
-1402
-3755
-5908
-7558
-7964
-6780
-4255
-1191
1502
3308
4637
6232
7863
8747
8566
7359
5440
3502
1901
263
-1709
-3527
-4404
-4007
-2474
-124
2421
4463
6109
7812
9048
8911
7520
5321
2398
-556
-2561
-3832
-4750
-4577
-3211
-1547
648
3863
7062
9277
10885
12181
12686
12020
10040
5469
-4029
-16754
-26686
-31188
-32559
-30820
-24245
-15448
-6321
5495
18278
25419
25274
21514
15899
8508
914
-5742
-11729
-16187
-17198
-14509
-10128
-6448
-4539
-3910
-3499
-2843
-2222
-1921
-1554
-150
2831
6845
10581
12500
11864
9360
5930
1732
-3265
-8710
-13579
-16103
-15172
-11400
-6250
-926
3983
8236
11570
13593
13414
9918
3745
-2697
-7960
-11823
-13638
-13075
-10937
-7411
-2224
3423
7711
9990
10631
9957
8321
6390
4305
1910
-257
-1499
-1943
-2258
-2775
-3426
-3933
-3859
-2890
-1096
1023
3195
5663
8230
10169
10958
10228
7889
4696
1623
-1072
-3424
-5057
-5442
-4445
-2254
738
3832
6339
7853
8330
7958
6701
4508
2128
364
-1160
-2531
-2944
-2694
-2231
-502
2662
5551
7424
8920
10140
10794
11035
10244
5322
-6131
-19557
-27840
-31353
-32567
-29129
-21452
-13879
-4589
9440
21848
26039
24306
20162
13629
5847
-1248
-7937
-14184
-17801
-17130
-13097
-8382
-5245
-4100
-3733
-2950
-2054
-1971
-2527
-2465
-655
3070
7730
11434
12554
11168
8621
5661
1732
-3724
-9927
-14961
-16830
-14880
-10398
-5238
-336
4193
8379
12029
14032
12152
5619
-2487
-8456
-11802
-13144
-12002
-9055
-5729
-859
6185
11668
12761
11154
8589
5135
1939
73
-1655
-3589
-3794
-1834
499
1822
1788
605
-777
-1087
-141
933
1563
2684
5014
7770
9901
10632
9018
5585
2517
480
-1411
-3133
-4005
-3720
-1984
1311
5080
7398
7623
7050
6609
5670
3881
1802
-329
-2324
-3203
-2408
-626
1482
3966
6853
9208
10349
10738
10315
9146
6782
-717
-13726
-24988
-30320
-32407
-31015
-23791
-15294
-8288
2328
15949
24394
25312
22359
16719
8692
1030
-5109
-10802
-15431
-17014
-15020
-10960
-6883
-4355
-3728
-3677
-3213
-2984
-3345
-3234
-1707
1327
5644
10038
12605
12537
10516
7633
4068
-778
-6849
-12655
-16082
-15968
-12697
-7831
-2820
1804
6004
9982
11981
9330
3572
-1997
-6740
-9628
-8790
-6477
-5330
-2246
3729
8065
9564
9634
7451
3310
187
-1084
-2381
-3554
-3142
-1132
1593
3854
4795
3935
1825
290
-24
-210
-751
-454
1333
3810
6729
9329
9608
7553
5286
3453
1246
-974
-2559
-3418
-2874
-320
3363
6036
6776
6723
6569
5696
4078
2297
-122
-2810
-3443
-1934
-240
1755
4936
8007
9696
11100
11958
10530
8369
5344
-3777
-17209
-26355
-30255
-32530
-30184
-22047
-14391
-6910
5333
17813
23570
23878
21564
16088
8427
1253
-5106
-11043
-15014
-15543
-13313
-10106
-7267
-5621
-5023
-4338
-3549
-3629
-4162
-3679
-1326
2610
7151
11046
12923
12492
10800
8378
4518
-1232
-7895
-13600
-16577
-15969
-12586
-8244
-3751
1231
6218
10397
12928
11223
4817
-1838
-6077
-9206
-10357
-8447
-6269
-3704
2142
8383
10801
10408
8893
5741
1980
-297
-2027
-4087
-4524
-2410
693
2878
3642
3206
1869
742
429
245
-398
-530
1361
4519
7416
9583
9917
7960
5535
3807
1799
-843
-3032
-4147
-3636
-965
2541
5103
6661
7461
7333
6781
5694
2958
-364
-2109
-2573
-2342
-791
1415
3105
4835
7240
9267
9924
10106
9266
2622
-10297
-21183
-26413
-30282
-31289
-25916
-19100
-12714
-1029
13484
21744
23177
21981
18181
11445
4056
-2799
-9499
-14585
-15723
-13417
-10011
-6971
-4990
-4087
-3355
-2825
-3769
-5651
-6301
-4579
-690
4177
8520
11430
12785
13037
12124
9058
3226
-4264
-11000
-15052
-15837
-14139
-11356
-7839
-2930
3017
8383
11654
11228
6450
158
-4260
-6970
-8714
-8458
-6343
-3200
1781
7612
10719
10283
8248
5328
1648
-1583
-3843
-5440
-5353
-2702
1129
4067
5306
5258
4495
3402
2083
281
-1667
-2489
-1136
1946
5215
7457
8270
7966
7217
6346
4778
2060
-686
-1961
-1418
463
2843
4659
5303
5514
6001
5838
4019
1318
-936
-2607
-3046
-1228
1396
3301
5304
7744
9486
10014
10116
9493
4493
-6959
-19046
-25755
-29449
-31365
-27775
-20914
-14716
-5257
8443
18742
22024
21552
18935
13611
6768
111
-6201
-11549
-13892
-12749
-10106
-7678
-5871
-4847
-4295
-3977
-4777
-6682
-7883
-6807
-3260
1587
6240
9896
12417
13969
14201
12196
7334
144
-7276
-12495
-14752
-14876
-13576
-10953
-6734
-1011
4812
9107
10516
8033
3198
-1169
-4613
-7336
-8024
-6577
-4049
149
5392
8822
9694
8928
6591
2957
-656
-3588
-5819
-6134
-3929
-506
2752
5014
6122
6182
5248
3548
1132
-1507
-3072
-2559
-264
2653
5411
7380
8293
8598
8164
6534
3877
960
-1086
-1625
-752
922
2539
3734
4749
5520
5538
4794
3505
1819
621
769
1691
2718
4367
6191
7013
7294
7322
6908
5481
-653
-12456
-22746
-27327
-30040
-30173
-24247
-16929
-10255
1088
14626
22107
23064
21647
18122
11511
3807
-3274
-9820
-14441
-15158
-13053
-10494
-7999
-5941
-4596
-3183
-2555
-3975
-5991
-6344
-4128
43
4424
7773
10182
11912
12910
12545
9515
3640
-3543
-9725
-13134
-14096
-13778
-12337
-9245
-4456
1200
6367
9442
10076
8386
3893
-1617
-5618
-8510
-10465
-9009
-4561
-807
3004
7971
10445
9814
8469
5756
1143
-2713
-4398
-5158
-4546
-2070
595
2753
4548
5541
5018
3112
1056
-544
-1406
-1136
427
2991
5379
7224
8681
8938
7741
5864
3717
1257
-686
-1300
-941
337
2411
4270
5289
5899
6216
5444
3941
2577
1398
863
1386
2870
4491
5534
6406
6829
7003
7093
2951
-8103
-19675
-25911
-29912
-31918
-27459
-20325
-14131
-3647
10570
20303
23492
23670
21300
15117
6948
-943
-8327
-14023
-15895
-14476
-12192
-9762
-7073
-4641
-2528
-1542
-2997
-5730
-7164
-5824
-1998
2390
5986
9038
11633
13651
14629
12847
7411
-116
-7141
-11885
-14261
-14975
-14320
-12080
-7702
-1542
4277
8089
9638
8196
4021
-166
-3237
-6324
-8055
-6467
-3370
-135
4191
8077
9239
8729
7418
4056
-589
-3979
-5716
-6077
-4466
-1549
1114
3289
5467
6870
6436
4570
2054
-494
-2041
-1870
-367
1588
3596
5680
7560
8465
8205
7049
4767
2202
674
-25
-46
850
2086
3170
4386
5696
6174
5650
4687
3144
1227
-6
-191
45
709
2072
3485
4872
6281
7557
8109
3692
-7234
-17422
-22996
-27694
-29854
-25792
-20182
-14722
-4124
9172
17601
20747
21515
19371
13473
6073
-824
-7298
-12215
-13675
-12542
-10734
-8274
-5421
-3153
-1570
-1559
-3808
-6585
-7731
-6397
-3201
367
3704
7238
10893
13914
15159
13250
8082
1302
-5013
-9485
-12187
-13710
-13942
-12122
-7840
-2437
2046
4711
5345
4052
1926
160
-1499
-3129
-3376
-1756
789
3538
5920
7002
6597
5404
3267
-114
-3398
-5243
-5644
-4650
-2348
199
2324
4521
6559
7323
6305
4066
1627
-195
-868
-581
36
968
2514
4549
6427
7439
7214
5950
4438
3245
2453
2061
1944
2109
2680
3445
4011
4120
3719
2998
2313
1826
1514
1476
1732
2197
3165
4332
4716
4632
4761
5340
5770
2212
-7345
-17302
-22794
-26094
-27795
-24980
-20224
-15669
-6778
5916
15224
18783
19494
18413
14329
8296
2135
-4278
-9950
-12598
-12185
-10736
-9156
-7273
-5479
-3820
-2930
-3978
-5999
-6994
-5756
-2577
845
3863
6969
10116
12984
14651
13458
9004
2798
-3209
-7575
-10301
-12306
-13415
-12532
-9037
-4091
358
3771
5157
3433
966
-24
-1395
-3381
-2743
-471
1012
4100
8060
8708
7256
6254
3887
-767
-4417
-6067
-7461
-6930
-3542
-85
2302
4816
7363
8207
7296
5642
3171
611
-716
-639
-18
610
1906
3812
5254
6123
6513
5769
4303
3574
3477
3196
3161
3678
4093
4290
4783
4834
3771
2477
1407
326
-705
-970
85
1854
3835
5590
6519
6539
6387
6668
3974
-5094
-15933
-22790
-26638
-28619
-26272
-20848
-15596
-7571
4457
14299
18485
19139
17778
13831
7912
1832
-4142
-9424
-11945
-11345
-9542
-7808
-6056
-4479
-3317
-2921
-4166
-6500
-8012
-7387
-4523
-614
2966
6225
9669
12807
14519
13582
9576
3622
-2375
-6741
-9455
-11427
-12552
-12413
-10579
-6922
-2909
-333
940
1912
2489
2858
3617
3967
3725
3998
4803
5202
4661
3316
1469
-519
-2233
-3706
-4861
-5092
-4105
-2142
295
2614
4469
5812
6797
7242
6510
4601
2443
935
121
-396
-497
-178
422
1707
3508
4903
5545
5791
5863
5880
5947
5764
5192
4561
4001
3507
3080
2520
1690
810
242
84
-41
-174
298
1206
2395
4400
6132
6492
6532
6855
6286
2527
-5425
-14572
-21107
-25216
-27527
-26003
-21639
-16477
-8171
2853
11510
15705
17135
16907
14161
9041
3183
-2683
-7695
-10200
-10094
-9191
-8303
-7026
-5666
-4397
-3749
-4730
-6617
-7729
-6863
-3989
-573
2549
5832
9235
12160
13768
12919
9505
4592
-590
-4790
-7910
-10764
-12885
-12993
-10799
-7395
-4157
-1649
163
1621
3020
4323
5080
4904
4626
5000
5417
5176
4070
2389
515
-1178
-2516
-4068
-5432
-5413
-4050
-1885
612
2933
4773
6224
7585
8209
7189
4990
2723
1036
-32
-741
-1182
-1222
-552
1047
3138
4794
5529
5780
6047
6223
6287
6227
5563
4337
3590
3605
3118
2181
2130
1900
447
-222
288
-217
-750
773
2623
3533
4744
6235
6687
6429
6662
4312
-4091
-14076
-20167
-24190
-27449
-26293
-21789
-17512
-10056
1585
11053
15504
17249
17268
14378
9182
3580
-2286
-7735
-10618
-10586
-9525
-8297
-6607
-5048
-3741
-2931
-3831
-6016
-7557
-7145
-4921
-1902
1143
4234
7693
11114
13405
13270
10300
5581
464
-3941
-7429
-10557
-12962
-13560
-11775
-8353
-4809
-1897
414
2332
3987
5268
5952
5812
5184
4906
4998
4650
3565
2096
512
-942
-2176
-3458
-4555
-4630
-3502
-1710
488
2739
4442
5801
7182
7892
7118
5290
3364
1657
388
-350
-865
-998
-402
909
2635
4147
5067
5566
5946
6286
6414
6155
5329
4094
3202
2920
2566
1892
1276
587
-37
52
442
566
1145
2292
3414
4596
5371
5361
5495
5846
4185
-1543
-9720
-16797
-21656
-24730
-25269
-22958
-19138
-13252
-4058
5451
11747
14968
16227
15421
12130
7177
1763
-3445
-7288
-8987
-9249
-9086
-8426
-6946
-5318
-4229
-4131
-5265
-6600
-6605
-4809
-2236
97
2670
5895
9146
11725
12683
11084
7366
2920
-1344
-5150
-8276
-10357
-11053
-9928
-6857
-3783
-3009
-3116
-2097
-1358
-1258
315
2336
2822
4459
8087
9746
8990
8020
6042
2397
-994
-3577
-6487
-8131
-6920
-4640
-2357
479
3422
5610
7271
8546
8145
5983
3941
2932
2373
1601
810
418
397
1086
2375
3059
3014
3178
3714
4498
5561
6236
5877
5285
5261
5037
4128
3053
1885
616
-96
-18
-11
-151
748
2672
4180
4896
5335
5101
4597
4784
3392
-2651
-11362
-18036
-22108
-24683
-24231
-21150
-17365
-11445
-2242
6797
12121
14613
15347
13558
9952
5447
184
-4770
-7771
-8542
-8498
-8131
-7165
-5936
-4565
-3661
-4183
-5894
-7297
-6974
-4975
-2251
352
2813
5767
9143
11873
12561
10649
6897
2574
-1268
-4532
-7667
-10320
-11493
-10696
-8372
-5498
-3115
-1456
91
1550
2498
3004
3306
3601
4162
5103
5763
5495
4699
3643
2131
181
-2064
-4154
-5433
-5414
-4191
-2307
-153
2070
4377
6538
7812
7766
6570
4781
3024
1599
460
-463
-948
-722
191
1524
2764
3594
4202
4734
5196
5528
5459
5153
4996
4618
3929
3483
3106
2482
2005
1684
1012
315
378
954
1452
1977
2688
3301
3571
3738
3981
3949
3578
2845
326
-5208
-11841
-16746
-20066
-22390
-22167
-19357
-15527
-9818
-1695
5821
10462
13100
14170
12760
9362
5299
845
-3413
-6301
-7774
-8491
-8516
-7651
-6365
-5311
-4840
-5158
-5920
-6245
-5388
-3550
-1525
652
3346
6360
9170
10981
10901
8888
5785
2396
-823
-3831
-6876
-9492
-10238
-8641
-6379
-4653
-3137
-2153
-1872
-1121
166
748
1263
2840
4542
6037
7511
7853
6773
5181
3182
257
-2841
-4880
-5780
-5540
-4229
-2331
-187
2082
4576
6698
7463
6774
5362
4096
3093
2186
1361
582
255
633
1442
2273
2718
2809
2950
3375
3880
4250
4572
4855
4996
5011
4915
4471
3835
3608
3211
2040
1077
536
-317
-803
-229
315
485
1535
2998
3616
4107
5036
5413
4411
1565
-3958
-11200
-16995
-20393
-22479
-22570
-19984
-15621
-9505
-1506
5977
10557
12775
13465
12060
8556
4165
-119
-3904
-6447
-7416
-7539
-7181
-6086
-4674
-3820
-3751
-4551
-5971
-6794
-6204
-4594
-2707
-593
2172
5535
8872
11152
11464
9730
6627
3101
-264
-3581
-6850
-9364
-10330
-9246
-6439
-3660
-2171
-1251
-495
-314
-62
555
680
878
2367
4322
5660
6632
7030
6237
4581
2398
-571
-3587
-5247
-5542
-5021
-3577
-1392
1041
3613
5992
7299
7053
5706
4153
3000
2061
1038
218
-77
230
1124
2219
2884
3019
3105
3412
3858
4253
4439
4451
4585
4969
5137
4844
4314
3627
2840
1890
899
25
-811
-1118
-623
8
631
1951
3900
5412
6236
6576
6227
5512
4335
1130
-5267
-12935
-18829
-22630
-24564
-23661
-20360
-15813
-9393
-1001
6754
11870
14591
15156
13411
9643
4873
228
-3762
-6563
-7964
-8475
-8332
-7426
-5987
-4770
-4508
-5321
-6515
-6961
-6074
-4093
-1864
222
2845
6209
9469
11620
11824
9831
6341
2528
-929
-4107
-7112
-9454
-10298
-9267
-6599
-3336
-1043
33
611
634
192
90
255
157
632
2332
4142
5326
6241
6504
5343
3199
853
-1649
-3724
-4433
-4048
-3215
-1866
108
2367
4533
6091
6353
5362
3886
2684
1890
1074
273
-100
65
904
2286
3401
3800
3927
4082
4183
4271
4256
4017
3924
4147
4290
4262
4159
3752
3002
2102
885
-530
-1245
-1217
-1160
-693
709
2502
4259
5968
7114
7390
7212
6668
4718
-282
-7821
-14939
-20224
-23854
-25019
-23305
-19736
-14312
-6412
2063
8569
12747
14907
14794
12283
8181
3589
-857
-4172
-5933
-6922
-7501
-7357
-6343
-5083
-4511
-5121
-6658
-7939
-7937
-6462
-4134
-1798
818
4234
8059
11281
12701
11832
9135
5422
1496
-2173
-5507
-8332
-9912
-9594
-7733
-5307
-2688
109
2248
3028
2846
1773
-237
-1812
-2072
-2013
-1630
27
2157
3989
5839
6763
5745
3752
1789
-336
-2360
-3612
-4094
-3634
-1929
471
2614
3927
4457
4424
3876
2879
1565
271
-517
-432
506
1777
2928
3953
4801
5168
5087
4599
3478
2226
1551
1353
1551
2287
3226
4012
4703
5103
4822
3996
2959
1890
901
94
-393
-393
421
1924
3451
4666
5400
5784
6072
6182
5461
1820
-5489
-13171
-18422
-22132
-24232
-22909
-19590
-15457
-8235
1045
8304
12630
15044
15332
12803
8473
3851
-829
-4829
-6979
-7786
-8177
-7670
-6017
-4332
-3406
-3619
-5095
-6789
-7459
-6642
-4853
-3080
-1076
2027
5899
9528
11810
11798
9712
6518
2950
-453
-3660
-6765
-9023
-9501
-8131
-5697
-3074
-698
1106
2213
2937
3130
2168
450
-1110
-2343
-2884
-2257
-1015
407
2190
3764
4332
4092
3500
2594
1340
-87
-1394
-2213
-2018
-692
1010
2152
2516
2522
2473
2302
1819
892
-280
-938
-451
884
2327
3514
4435
5207
5837
6105
5817
4833
3314
2012
1385
1174
1289
1715
2058
2384
2996
3523
3618
3445
3188
2722
2008
1564
1620
2008
2766
3375
3537
4128
5215
6059
5968
2537
-5112
-12717
-17626
-21637
-24069
-22991
-20173
-16064
-8291
1518
8920
13249
15930
16055
12957
8601
4028
-1043
-5138
-7140
-8154
-8475
-7404
-5486
-3736
-2835
-3430
-5229
-6969
-7540
-6741
-5364
-3966
-1847
1761
6263
10219
12432
12324
10120
6894
3595
84
-3858
-7467
-9815
-10273
-8710
-6059
-3433
-1036
1244
2988
3692
3549
2982
1996
860
143
-529
-1539
-1793
-930
-273
-64
275
290
107
576
1066
719
390
741
1270
2000
2897
3060
2446
2029
1869
1213
180
-775
-1652
-1991
-1251
62
1262
2463
3818
5100
6081
6470
6174
5440
4475
3372
2271
1409
983
1039
1414
1824
2208
2683
3264
3741
3766
3310
2781
2451
2309
2402
2631
2772
2854
3174
4009
4866
5219
5224
3079
-3259
-10533
-15149
-19069
-22497
-22221
-19561
-16494
-10297
-1055
6563
10991
14075
15523
13569
9486
5396
813
-3759
-6239
-7264
-8185
-7931
-6216
-4491
-3448
-3531
-4823
-6318
-7260
-7076
-5827
-4570
-2978
139
4420
8422
10989
11679
10589
8100
4926
1575
-2205
-6123
-8820
-9737
-9120
-7243
-4849
-2418
88
2267
3534
3890
3701
3199
2587
2088
1865
1790
1400
683
-131
-1276
-2760
-3972
-4412
-4190
-3570
-2411
-677
1281
3322
5432
6786
6575
5456
4210
2768
1227
-244
-1733
-2999
-3371
-2630
-1519
-594
359
1416
2519
3747
4796
5194
5127
4984
4751
4422
3975
3368
2682
1875
1184
897
765
757
1077
1557
2012
2395
2758
3238
3723
3970
3891
3458
2820
2433
2528
2556
2115
1905
2368
3281
4583
4158
-813
-7806
-12587
-16256
-19887
-20711
-19189
-17403
-12641
-3947
4061
8951
12502
14749
13724
10298
6469
1849
-2994
-5978
-7434
-8547
-8523
-6781
-4420
-2593
-2057
-3056
-4683
-5795
-5843
-5205
-4829
-4352
-2300
1574
5943
9257
10749
10423
8723
6446
3869
408
-3721
-7133
-8897
-8934
-7622
-5672
-3580
-1313
1033
2785
3562
3672
3375
2859
2332
1727
966
391
344
515
336
-515
-1782
-2674
-2882
-2695
-2392
-1975
-1023
653
2702
4533
5470
5344
4696
3998
3028
1459
-417
-2114
-3150
-3117
-2352
-1538
-644
604
1943
3092
3994
4368
4176
3933
3818
3571
3131
2715
2468
2334
2191
1860
1386
1174
1354
1614
1797
1975
2272
2859
3560
3886
3632
3022
2489
2242
2140
2027
1765
1491
1632
2342
3314
4246
5034
4291
45
-6205
-11199
-15291
-19255
-20610
-19221
-17366
-13337
-5710
1838
7027
11135
13747
13206
10367
7075
3249
-1053
-4179
-5936
-7337
-7589
-6030
-4199
-3234
-3007
-3704
-5074
-6070
-6188
-5736
-5211
-4249
-1874
1766
5624
8757
10378
10312
8888
6592
3832
481
-3263
-6413
-8215
-8476
-7398
-5539
-3326
-959
1113
2517
3268
3365
2917
2303
1779
1547
1683
2212
3162
3971
4106
3537
1868
-993
-4234
-7186
-9429
-10249
-9143
-6368
-2454
2115
6551
9843
11534
11802
10411
7179
2996
-1073
-4383
-6300
-6593
-5870
-4600
-2688
-373
1754
3206
3794
3721
3327
3023
3048
3293
3721
4286
4781
5130
5237
4734
3575
2233
853
-528
-1428
-1607
-1180
-224
1140
2621
3928
5109
5945
5885
5023
3770
2256
932
354
272
459
1203
2547
4123
3972
135
-5491
-10345
-14929
-18774
-19809
-18928
-17267
-12706
-5115
2209
7722
11964
14284
13466
10393
6592
2119
-2398
-5497
-7332
-8543
-8364
-6491
-4147
-2392
-1760
-2439
-3823
-5030
-5486
-5351
-5272
-4811
-2808
727
4625
7852
9813
10104
8902
6874
4309
1040
-2601
-5623
-7375
-7715
-6808
-5038
-2781
-476
1448
2727
3237
3094
2599
1959
1263
799
915
1648
2700
3504
3576
2764
1269
-354
-1977
-3892
-5772
-6835
-6587
-4936
-2143
1011
3662
5668
7094
7729
7325
5687
3128
359
-2035
-3589
-4216
-4146
-3409
-2037
-414
1061
2262
3122
3491
3391
3072
2738
2458
2396
2694
3071
3188
3114
2993
2749
2255
1543
725
-88
-467
-179
409
1170
2138
3030
3853
4635
4902
4525
3822
2985
2096
1280
730
503
482
927
1965
2848
3428
3341
561
-4528
-9049
-12928
-16691
-18257
-17363
-15748
-12479
-6378
323
5476
9417
11992
11856
9473
6543
3119
-907
-4111
-5991
-7220
-7441
-6260
-4495
-3119
-2567
-2805
-3580
-4478
-4927
-4846
-4648
-4049
-2249
689
3988
6874
8728
9243
8477
6831
4561
1548
-1870
-4774
-6638
-7377
-6850
-5288
-3315
-1237
720
2175
2940
3158
2998
2451
1757
1292
1240
1740
2618
3204
3041
2314
1152
-420
-2085
-3877
-5767
-6932
-6877
-5596
-3097
-68
2697
5148
7117
8136
8157
7085
4901
2279
-235
-2369
-3698
-4143
-3995
-3369
-2256
-881
422
1536
2428
2921
2983
2965
3073
3280
3597
3833
3855
3724
3392
2943
2454
1736
716
-259
-782
-738
-201
544
1232
1920
2714
3492
4008
4143
3899
3379
2780
2189
1658
1222
917
861
1166
1756
2227
2462
2061
-547
-5248
-9519
-12739
-15710
-17050
-16025
-14232
-11177
-5564
650
5381
8825
10964
10872
8788
6086
3000
-615
-3622
-5395
-6517
-6795
-5662
-3948
-2719
-2156
-2352
-3114
-3902
-4375
-4462
-4393
-3997
-2490
222
3325
6036
7854
8504
8046
6745
4791
2193
-895
-3782
-5799
-6667
-6406
-5307
-3663
-1814
-117
1291
2222
2567
2497
2067
1453
1079
1109
1579
2423
3087
3178
2795
1896
632
-771
-2555
-4545
-6036
-6616
-5952
-4002
-1469
1073
3546
5650
6976
7398
6793
5108
2771
432
-1502
-2859
-3494
-3353
-2625
-1528
-269
886
1792
2453
2784
2655
2299
2128
2232
2534
2972
3270
3268
3201
3151
2871
2205
1195
50
-853
-1193
-1026
-579
153
1075
2015
3059
4003
4446
4348
3854
3123
2257
1343
534
-15
-149
95
526
1118
1774
2081
1794
371
-3006
-7229
-10383
-12727
-14461
-14389
-12821
-10432
-6363
-1059
3503
6577
8478
9019
7821
5506
2923
78
-2610
-4216
-4962
-5260
-4671
-3384
-2274
-1697
-1773
-2477
-3372
-4092
-4381
-4291
-3945
-2828
-675
2025
4596
6411
7246
7156
6146
4422
2237
-421
-3049
-4802
-5606
-5538
-4533
-3031
-1418
181
1554
2407
2587
2367
1965
1349
768
590
805
1340
2171
2816
2855
2382
1542
394
-1108
-2862
-4470
-5581
-5796
-4802
-2957
-857
1416
3819
5802
6969
7229
6394
4651
2647
689
-1147
-2451
-3082
-3181
-2552
-1449
-420
532
1325
1690
1694
1505
1232
1072
1212
1590
2021
2478
2939
3264
3298
2953
2200
1177
181
-539
-894
-1053
-978
-311
762
1807
2854
3670
3865
3748
3492
2768
1708
783
24
-614
-822
-512
13
659
1490
2175
2357
2198
1847
965
-1061
-4161
-7246
-9669
-11514
-12209
-11330
-9795
-7825
-4601
-764
2318
4548
6112
6333
5124
3568
1978
20
-1683
-2650
-3351
-3851
-3635
-2907
-2435
-2384
-2580
-3010
-3515
-3660
-3255
-2687
-2097
-1025
655
2473
4015
5131
5569
5105
4062
2874
1400
-368
-1891
-2890
-3456
-3459
-2779
-1724
-656
327
1078
1462
1658
1787
1705
1438
1288
1432
1764
2162
2460
2315
1589
608
-393
-1549
-2773
-3758
-4305
-4122
-3024
-1328
578
2414
3853
4816
5228
4945
4021
2598
893
-770
-2056
-2770
-2931
-2598
-1933
-1216
-488
308
1008
1485
1770
1811
1703
1766
2014
2260
2452
2491
2385
2283
2188
1971
1528
947
429
55
-89
18
190
446
882
1330
1762
2216
2469
2487
2421
2177
1729
1306
1034
816
620
554
604
723
1049
1475
1595
1375
1024
560
-242
-1931
-4423
-6758
-8618
-10055
-10415
-9636
-8519
-6771
-3836
-775
1510
3369
4662
4738
3943
2935
1542
-126
-1295
-2006
-2764
-3200
-3014
-2681
-2401
-2163
-2265
-2686
-2972
-2878
-2494
-1994
-1381
-467
817
2214
3396
4179
4393
4034
3359
2472
1292
-60
-1226
-1984
-2373
-2342
-1910
-1370
-758
-7
631
981
1181
1367
1480
1428
1333
1285
1058
726
582
227
-531
-1055
-1257
-1518
-1564
-1308
-1132
-756
107
991
1600
2052
2355
2410
2272
2018
1524
792
114
-382
-729
-927
-959
-759
-384
-6
400
848
1162
1380
1609
1680
1629
1671
1726
1735
1725
1577
1336
1201
1164
1082
979
902
790
728
799
895
971
1113
1302
1470
1582
1615
1603
1587
1497
1241
875
540
296
165
141
169
252
368
514
814
1127
1179
1099
997
662
17
-938
-2330
-4057
-5747
-7109
-7984
-8308
-7950
-6840
-5277
-3411
-1320
553
1959
2903
3224
2859
2111
1221
282
-581
-1288
-1783
-2058
-2080
-1909
-1854
-2012
-2186
-2347
-2386
-2186
-1958
-1648
-1032
-209
739
1723
2504
2991
3191
3080
2632
1914
1093
246
-542
-1088
-1401
-1528
-1297
-809
-348
91
462
681
794
799
651
264
-201
-341
-296
-367
-260
54
210
481
977
1093
893
867
785
529
464
528
455
467
709
827
735
748
735
443
141
-57
-299
-389
-228
-47
149
432
776
1170
1445
1498
1449
1339
1141
970
833
603
458
536
702
907
1133
1293
1352
1385
1351
1138
836
561
335
210
222
309
403
588
881
1157
1342
1305
1033
765
548
319
268
396
452
517
684
732
589
437
300
11
-408
-736
-983
-1269
-1533
-1843
-2409
-3116
-3684
-4107
-4395
-4451
-4211
-3710
-3031
-2062
-874
96
763
1274
1485
1282
851
326
-348
-1079
-1635
-1933
-2059
-2021
-1751
-1391
-1130
-910
-679
-515
-436
-375
-298
-208
3
402
794
1084
1335
1447
1375
1233
978
544
36
-416
-706
-784
-706
-527
-302
-135
-54
-39
-69
-131
-210
-265
-238
-98
160
533
897
1125
1212
1129
947
769
534
242
26
-79
-123
-33
178
368
528
639
666
638
598
558
503
464
454
471
526
633
722
722
706
728
743
740
761
793
813
920
1121
1284
1377
1432
1466
1470
1374
1160
915
711
497
309
269
296
326
423
618
879
1160
1389
1475
1348
1039
704
436
181
-44
-198
-295
-365
-409
-333
-173
-110
-192
-316
-450
-617
-716
-742
-881
-1088
-1169
-1222
-1375
-1573
-1815
-2170
-2487
-2572
-2559
-2583
-2483
-2233
-2050
-1858
-1513
-1264
-1148
-922
-726
-686
-577
-377
-280
-265
-284
-380
-485
-543
-615
-750
-874
-901
-852
-740
-572
-459
-399
-295
-176
-52
64
134
224
310
333
372
458
484
429
344
244
182
164
173
191
188
191
230
300
371
409
433
464
502
559
648
718
727
734
761
774
804
812
728
608
515
477
495
491
473
569
742
889
1078
1299
1402
1396
1370
1267
1061
875
728
586
517
548
669
879
1102
1258
1312
1252
1101
955
807
560
315
183
180
316
565
823
1003
1129
1203
1146
978
696
314
-29
-305
-568
-741
-746
-635
-500
-391
-338
-374
-508
-627
-690
-830
-1011
-1113
-1185
-1274
-1271
-1171
-1137
-1114
-1016
-975
-1044
-1124
-1211
-1399
-1649
-1841
-1969
-2027
-1974
-1834
-1634
-1438
-1287
-1079
-841
-726
-679
-619
-628
-675
-659
-623
-613
-589
-540
-477
-411
-321
-188
-75
-9
33
17
-33
-61
-115
-229
-308
-325
-308
-249
-183
-96
29
154
294
428
494
500
519
590
659
705
781
888
941
931
913
846
721
601
524
478
437
418
427
489
598
722
875
987
1058
1141
1194
1208
1188
1124
1027
950
907
856
861
944
1022
1067
1127
1197
1157
1024
849
548
230
37
-114
-200
-100
111
352
675
998
1186
1236
1164
996
766
516
276
60
-55
-102
-118
-55
-24
-61
-80
-128
-264
-389
-459
-548
-635
-669
-696
-780
-877
-915
-988
-1134
-1205
-1225
-1305
-1326
-1233
-1171
-1158
-1081
-938
-847
-833
-806
-814
-956
-1057
-1032
-1097
-1167
-1107
-1092
-1106
-1046
-1014
-1074
-1120
-1089
-1059
-1048
-976
-850
-729
-587
-402
-273
-232
-204
-181
-184
-212
-227
-205
-178
-156
-78
41
105
184
307
329
287
290
275
252
282
319
331
380
471
543
589
616
612
603
610
606
575
558
592
677
779
848
890
945
959
916
855
737
572
497
451
337
307
373
445
572
744
863
934
1038
1148
1186
1152
1076
958
811
705
640
570
527
510
506
517
492
448
431
395
338
324
344
389
457
517
554
556
516
465
365
186
12
-130
-276
-383
-412
-422
-449
-445
-409
-433
-510
-576
-678
-819
-956
-1063
-1125
-1154
-1141
-1066
-945
-840
-760
-687
-669
-754
-877
-989
-1120
-1238
-1260
-1221
-1195
-1159
-1069
-994
-988
-958
-894
-858
-806
-713
-645
-610
-519
-400
-312
-233
-172
-144
-134
-94
-45
-39
-40
-8
31
64
109
168
207
197
210
282
356
434
527
588
611
630
629
588
540
480
387
294
261
288
327
386
425
390
348
377
427
442
462
500
512
523
553
550
518
478
394
304
278
256
227
237
247
253
295
351
373
336
304
306
307
340
424
521
605
668
689
656
599
494
340
194
58
-82
-160
-139
-103
-65
35
164
252
315
357
312
225
150
52
-70
-181
-286
-359
-371
-359
-324
-296
-288
-288
-315
-348
-376
-400
-426
-458
-462
-451
-442
-434
-452
-492
-553
-617
-694
-748
-702
-616
-560
-478
-386
-326
-268
-203
-182
-214
-259
-297
-330
-358
-366
-375
-390
-393
-404
-416
-389
-328
-243
-144
-43
56
152
205
216
199
121
44
37
73
114
164
241
298
313
325
306
234
149
84
14
-44
-46
-44
-53
14
148
263
338
411
452
435
412
404
358
259
161
114
94
72
77
80
73
73
68
80
83
86
113
126
112
126
179
205
215
221
206
208
229
227
198
148
88
69
66
21
-24
-40
-51
-57
-30
0
11
43
120
164
171
191
197
178
152
98
4
-113
-216
-288
-329
-350
-332
-270
-215
-164
-97
-40
-11
5
0
-45
-101
-145
-178
-182
-159
-137
-122
-88
-52
-36
-46
-91
-157
-234
-287
-296
-300
-287
-229
-154
-81
3
61
67
53
34
5
-40
-76
-86
-83
-77
-53
21
99
124
132
134
102
60
42
21
-6
4
45
99
135
152
169
168
156
109
57
14
-35
-52
-35
8
55
120
198
243
275
271
212
133
55
-16
-76
-115
-151
-188
-189
-162
-136
-111
-81
-77
-91
-100
-106
-106
-86
-69
-88
-116
-131
-132
-115
-111
-114
-138
-183
-191
-161
-137
-125
-102
-81
-57
-20
8
9
6
7
0
2
35
70
75
100
135
117
91
121
139
107
97
97
80
75
81
71
48
30
24
2
-25
-40
-58
-76
-54
-19
-5
25
58
72
88
115
135
135
128
122
95
44
24
2
-44
-57
-67
-77
-46
-15
-17
-13
1
9
40
89
116
119
128
140
151
164
157
131
119
109
71
37
40
33
12
29
42
18
38
88
97
94
99
102
85
55
50
27
0
-6
-25
-43
-51
-60
-71
-80
-87
-92
-100
-127
-138
-138
-150
-144
-135
-119
-98
-93
-81
-83
-114
-126
-123
-170
-229
-254
-285
-336
-353
-321
-304
-277
-187
-112
-82
-19
49
61
39
19
4
-1
11
11
10
10
3
18
31
14
-16
-35
-46
-33
14
48
83
144
198
230
243
238
206
151
103
66
49
52
65
73
83
103
115
120
105
64
20
-4
-22
-9
18
20
52
92
100
103
111
81
11
-36
-64
-93
-97
-67
-48
-42
-8
33
37
36
32
-1
-21
-19
-39
-55
-51
-26
-5
-2
13
21
5
-9
-3
14
26
50
69
76
81
80
69
56
34
-6
-40
-58
-71
-78
-70
-63
-57
-35
-13
-12
-27
-43
-51
-72
-75
-36
-8
9
13
7
-14
-50
-84
-128
-172
-189
-178
-156
-124
-78
-35
-16
-5
6
-4
-35
-62
-81
-97
-119
-124
-107
-81
-36
28
85
129
170
191
181
140
81
20
-14
-14
-6
11
29
40
48
51
27
-13
-44
-77
-95
-89
-71
-25
58
135
179
222
242
233
218
180
113
39
-21
-59
-69
-72
-66
-54
-37
9
52
68
74
