-38
-30
-21
-17
-4
1
5
10
12
7
-1
-5
-6
-13
-11
-4
-1
8
8
2
4
-6
-8
-5
-7
-9
-7
4
11
18
21
9
7
8
3
-3
-6
-2
3
4
6
15
23
24
11
6
3
2
3
-4
4
9
6
12
14
19
20
10
-4
-8
-11
-6
3
-5
-1
5
6
13
10
11
9
8
8
5
0
0
6
-2
-10
-5
-3
-11
-14
-11
-16
-15
-7
-8
-4
11
18
16
13
15
13
-5
-17
-15
-17
-14
-15
-26
-25
-15
-14
-7
-4
4
10
8
10
15
19
8
1
-6
-16
-13
-14
-19
-11
-5
-16
-11
2
4
7
5
-1
-13
-12
-15
-16
-14
-27
-8
0
-14
-7
12
6
-1
12
13
14
15
20
22
6
3
5
-1
0
1
-10
-7
-2
-1
2
-1
6
12
2
0
3
9
8
5
4
3
3
0
-4
-5
-1
-1
-2
2
9
10
8
11
13
10
10
10
7
4
2
3
4
3
4
6
10
11
-5
-11
-9
-21
-19
-9
-15
-13
3
4
-4
-6
-2
-2
-8
-12
-7
-7
-13
-12
-11
-8
-1
-12
-15
-15
-23
-7
4
2
9
15
14
13
16
3
-13
-21
-24
-20
-17
-10
-7
2
19
25
25
26
19
14
10
2
-2
-6
-1
11
4
8
4
-2
-6
-16
-18
-19
-10
0
8
16
21
28
26
18
7
-15
-26
-23
-28
-25
-21
-13
5
13
22
21
10
8
-2
-21
-31
-22
-13
-1
18
28
40
42
36
30
14
-5
-20
-20
-25
-24
-18
-16
-2
-7
-5
-4
-24
-19
-12
-10
3
20
23
24
36
37
29
18
2
-12
-26
-42
-41
-39
-42
-25
-6
1
15
24
30
37
27
23
24
15
19
19
16
21
26
30
18
-1
-12
-21
-31
-35
-23
-12
3
22
30
34
38
34
22
6
-3
-15
-30
-29
-22
-16
-2
7
13
23
37
41
42
55
56
54
47
31
17
-6
-28
-55
-77
-90
-100
-92
-85
-81
-61
-45
-38
-21
-11
-12
4
17
29
35
34
26
5
-21
-59
-96
-123
-134
-128
-107
-68
-46
-23
7
26
38
42
41
41
51
66
82
105
116
112
100
81
52
25
0
-26
-49
-59
-54
-38
-16
4
22
41
52
58
61
56
51
48
38
36
29
14
7
7
7
-13
-17
-20
-36
-21
-7
1
25
56
72
82
96
108
115
121
136
145
138
136
123
100
66
26
-6
-27
-18
6
45
95
141
179
180
153
101
21
-73
-162
-237
-289
-304
-292
-253
-200
-139
-85
-51
-33
-29
-43
-63
-80
-98
-105
-114
-130
-152
-194
-235
-287
-337
-364
-384
-375
-323
-244
-143
-33
64
143
197
209
184
137
77
16
-29
-56
-76
-75
-64
-64
-55
-64
-96
-127
-165
-203
-227
-222
-197
-163
-106
-32
47
121
172
219
255
257
237
212
182
155
141
155
199
266
356
462
569
670
756
828
861
871
871
828
776
735
697
665
625
587
526
432
340
264
176
125
158
253
364
459
497
366
47
-435
-1121
-1982
-2831
-3458
-3792
-3754
-3230
-2318
-1205
-2
1164
2083
2560
2579
2220
1581
785
-6
-650
-1086
-1293
-1303
-1180
-1013
-893
-869
-911
-948
-930
-824
-582
-176
373
976
1523
1918
2050
1883
1458
867
182
-523
-1103
-1461
-1567
-1401
-1017
-534
-55
336
587
683
663
555
374
202
131
164
264
419
569
647
647
555
372
153
-60
-248
-362
-341
-277
-256
-254
-208
-186
-257
-283
-282
-374
-460
-394
-239
-78
117
337
534
653
687
643
492
241
-26
-223
-335
-398
-398
-298
-157
-10
159
279
316
301
286
273
288
350
416
493
594
680
752
811
819
774
720
666
576
475
432
374
255
196
227
245
278
387
467
477
501
474
349
262
209
100
33
91
151
110
57
-11
-245
-691
-1188
-1587
-1934
-2197
-2234
-2016
-1656
-1222
-654
-69
316
464
453
321
52
-280
-606
-907
-1110
-1171
-1088
-938
-769
-621
-535
-479
-467
-527
-587
-603
-553
-400
-174
56
247
376
381
237
-12
-366
-824
-1262
-1568
-1733
-1689
-1401
-956
-446
94
600
968
1209
1354
1317
1127
909
698
449
177
-32
-182
-305
-359
-304
-205
-71
145
438
814
1248
1670
2036
2371
2644
2804
2856
2784
2645
2504
2310
1983
1687
1595
1513
1359
1424
1823
2379
3129
4146
4995
5332
5202
4378
2695
499
-2570
-7218
-11909
-14421
-15248
-15199
-12803
-7983
-3348
674
5646
10277
11874
10767
8856
6314
2949
-283
-2656
-4219
-5100
-5278
-4701
-3573
-2840
-3309
-4275
-4642
-4552
-4432
-3827
-2337
-208
2319
4965
7205
8483
8323
6702
4248
1648
-1075
-3989
-6422
-7621
-7451
-6231
-4407
-2250
-162
1272
2056
2654
3026
2759
2046
1564
1593
1970
2444
2780
2863
2547
1667
426
-878
-2297
-3802
-4857
-4939
-4105
-2695
-963
881
2620
3993
4789
4942
4438
3380
2013
688
-250
-781
-1239
-1741
-1906
-1585
-1319
-1388
-1340
-1174
-1383
-1629
-1163
-280
286
752
1574
2387
2689
2599
2284
1549
360
-881
-1776
-2337
-2695
-2716
-2286
-1517
-573
340
1003
1406
1667
1683
1388
1031
720
267
-226
-380
-258
-238
-358
-383
-313
-261
-170
8
218
382
517
766
1153
1520
1711
1743
1684
1523
1200
712
194
-260
-627
-727
-408
178
809
1455
2050
2403
2454
2223
1686
922
180
-377
-637
-497
-139
187
592
1030
1130
1039
1098
940
416
207
361
192
-282
-827
-1792
-3122
-4289
-5209
-5847
-6019
-5794
-5078
-3644
-1759
-44
1276
2279
2738
2500
1846
1003
-87
-1311
-2231
-2668
-2771
-2567
-2171
-1842
-1547
-1184
-946
-969
-1049
-998
-897
-655
-97
640
1262
1596
1778
1882
1628
962
170
-641
-1463
-2022
-2136
-1961
-1637
-1154
-542
89
614
919
967
845
626
400
299
297
282
249
326
509
616
623
572
420
282
307
353
366
557
858
1081
1409
1823
1919
1726
1566
1506
1523
1600
1680
1841
2210
2626
2916
3200
3433
3465
3402
3294
3130
3086
3166
3050
2778
2716
2800
3014
3728
4817
5940
7301
8297
7662
5825
2504
-5052
-15145
-21448
-23896
-26385
-25759
-18662
-10478
-4221
4708
15477
20774
19639
16861
13465
7918
1515
-3645
-7346
-9717
-10353
-9015
-6097
-3294
-2729
-4085
-5135
-5500
-6375
-7304
-6832
-4729
-1342
3049
7705
11631
13784
13385
10924
7569
3432
-1902
-7583
-11796
-13458
-12837
-10765
-7524
-3397
346
2909
4931
6460
6357
4662
2858
1845
1620
1950
2520
3161
3696
3698
3016
1681
-554
-3661
-6831
-9008
-9572
-8701
-6990
-4417
-978
2462
5303
7387
8062
6964
4861
2541
209
-1782
-3149
-3966
-4008
-3029
-1537
-301
575
1164
1250
1019
964
1124
1210
1222
1536
2374
3295
3642
3425
3009
2264
1195
493
309
222
472
1419
2737
4089
5364
6122
6108
5627
4799
3713
2675
1595
500
284
1363
2988
4766
6790
8646
9703
9335
7418
4266
-1886
-12514
-22551
-26584
-27758
-28552
-23908
-13896
-5697
1303
11914
21330
22800
19043
14965
10012
3361
-2779
-7065
-9920
-11290
-10660
-8082
-4635
-2501
-3131
-5150
-6310
-6779
-7510
-7695
-6307
-3284
1102
6062
10629
14042
15030
12986
9371
5478
636
-5347
-10713
-13875
-14489
-12884
-9826
-5836
-1516
1926
4285
6329
7470
6574
4523
2908
2051
2039
2662
2630
1727
1294
986
-536
-2404
-3838
-6260
-9262
-9779
-7629
-5522
-3744
-841
2598
5235
7206
8559
8326
6221
3322
873
-865
-2351
-3532
-3879
-3294
-1828
300
2131
3048
3503
3747
3566
3392
3534
3334
2664
2476
3077
3583
3538
3482
3387
2790
2415
2854
3349
3559
3785
3969
4270
4838
4991
4458
3971
3639
3426
3940
4687
5193
6385
7425
6802
5618
2386
-7297
-19340
-25164
-27325
-30698
-29273
-20590
-12650
-6010
6042
19435
24656
22734
19780
15879
9164
1589
-4739
-9984
-13874
-15135
-13183
-8910
-4976
-3972
-4872
-4896
-4407
-5088
-6130
-6084
-4680
-1751
2585
7556
12075
14459
13888
11709
8988
4816
-1329
-7897
-12904
-15333
-15190
-13167
-9506
-4697
-271
3316
6836
9578
9645
7482
5212
3459
2292
1801
1444
1386
1940
2160
2118
2086
-1421
-8974
-14105
-15504
-17023
-15542
-8515
-2493
1102
8891
17974
20410
18470
15828
9960
1387
-4687
-7842
-11396
-13744
-12013
-7475
-2282
2712
6910
8805
8223
7526
7449
6273
3731
1976
1869
2074
2753
4399
5070
3635
2093
1933
1728
912
1149
2009
2221
3508
6029
7279
7679
7788
6237
4433
4212
3897
2827
3143
4935
6476
7757
8631
7212
-931
-14261
-23064
-26209
-30078
-32520
-27197
-18672
-11797
-805
14621
24523
25645
23320
20036
14263
6277
-1787
-9179
-15040
-17632
-16552
-12670
-7581
-4028
-3470
-3557
-2533
-2414
-4147
-5982
-6417
-4741
-1035
3713
8660
12809
14470
13593
11861
9114
3752
-3673
-10495
-14814
-16318
-15608
-13249
-9085
-3889
896
5430
9652
11607
10417
7907
5689
3883
2455
1236
459
401
727
1337
360
-3951
-8593
-11518
-14712
-16206
-12316
-7078
-3978
2194
11900
17786
18912
18917
16264
9094
1333
-3919
-8661
-13188
-14635
-12363
-8141
-2983
2773
7284
9173
9833
10244
9438
7108
4642
2874
1269
407
1151
2106
1715
1025
1435
2058
2098
2345
2860
2817
3052
4582
5816
6074
6395
5937
4432
3776
4059
3210
1962
2471
3533
5170
8161
9825
8490
2465
-9287
-19839
-24469
-28026
-32182
-30388
-22746
-15651
-5838
9238
21425
24956
23415
21458
17701
10358
1778
-6203
-12891
-16921
-17038
-13705
-8948
-5139
-3944
-3656
-2196
-1576
-3406
-5839
-6997
-6277
-3321
1229
6192
10712
13457
14048
13475
11775
7351
49
-7233
-12558
-15435
-15911
-14914
-11915
-7040
-1981
2992
7927
11130
10802
8623
6828
5059
3309
1762
395
-248
182
92
-2711
-5681
-7049
-10459
-14419
-12884
-8541
-7200
-3740
5424
12123
14034
16587
18082
14067
7698
3041
-2244
-8463
-11968
-12536
-11422
-8516
-3678
1563
5235
8030
10663
11593
10198
8328
6831
4283
1459
625
773
-29
-724
141
1396
1769
2251
3423
3814
3632
4414
5090
5205
5543
5264
4369
3746
3388
2862
2340
2646
3521
4752
6472
8738
11127
10241
1982
-10703
-19755
-24582
-29739
-32548
-28465
-22261
-16485
-5272
10495
21369
23804
22592
20836
16838
9638
1375
-5984
-12178
-16237
-16311
-12587
-7765
-4911
-4551
-4063
-2432
-2138
-4114
-6449
-7449
-6355
-3252
1379
6712
11024
13134
13618
13544
12178
7592
359
-6750
-11859
-14626
-15502
-14498
-11550
-7348
-2640
2433
7532
10450
9938
8159
6692
5195
3650
2109
608
244
109
-2422
-4874
-5297
-8136
-12533
-11915
-8270
-7152
-4267
3223
8419
10450
13851
16070
13512
8890
5093
112
-5639
-8664
-9846
-10379
-9002
-5345
-836
2699
5857
8873
10134
9712
8995
8327
6308
3354
1883
1175
-211
-1018
-590
-147
-93
785
2587
3720
4176
4923
5226
5135
5314
5011
4295
3363
2130
1579
1932
2428
2991
4368
6204
7616
9882
11825
8034
-3511
-15708
-22056
-26730
-31830
-31350
-25583
-20465
-12971
1544
16325
22895
22900
21668
19342
13873
6278
-1398
-8603
-14274
-16395
-14424
-10061
-6059
-4607
-4633
-3333
-1831
-2797
-5373
-7465
-7811
-5776
-1686
3391
8169
11597
13193
13696
13676
11398
5436
-2284
-8608
-12478
-14472
-14900
-13407
-9992
-5807
-1098
4574
9129
10120
8707
7348
6174
4730
3096
1306
235
-663
-2236
-2955
-3522
-6240
-9400
-10161
-9610
-8578
-5203
-674
3152
7302
11545
14261
14436
12381
8590
3360
-1596
-5518
-8638
-10526
-10634
-8466
-4868
-720
3563
6908
8980
9872
10037
9605
7713
5023
2788
1117
22
-493
-527
-252
166
1012
2342
3511
4155
4178
3747
3585
3661
3672
3787
3635
3118
3135
3901
4558
4928
5135
5220
5849
6828
8000
8007
1011
-12240
-20790
-23602
-28424
-31371
-26690
-20891
-16502
-5837
10031
20276
22055
21104
20019
16684
10470
3160
-4370
-10936
-14632
-15039
-12294
-8130
-6131
-6415
-5542
-3220
-2505
-4148
-6445
-7393
-5748
-2253
1939
6316
9989
11883
12587
13428
12767
8262
1058
-5816
-10426
-12822
-14060
-14293
-12336
-8557
-4384
923
6541
9150
8703
7712
7054
6422
5311
3283
1650
379
-2501
-4712
-4798
-6721
-10227
-10539
-8697
-7915
-5141
536
4488
6879
10576
13758
13449
10935
8133
3836
-1215
-4722
-7018
-8832
-9500
-7940
-4747
-1194
2597
5992
8113
8996
9539
9957
8777
6191
4089
2551
896
-203
-167
-80
-498
110
1876
3077
3900
4661
4558
4437
4648
4066
3242
3105
2692
2042
2936
4535
4882
5089
6457
7847
8440
9600
9025
538
-13047
-21404
-24939
-30144
-32538
-28017
-22697
-17366
-5594
9951
19755
21936
21683
20798
17197
10856
3286
-4425
-10800
-14341
-14510
-11844
-8306
-6547
-6463
-5366
-3384
-3257
-5417
-7887
-8481
-6484
-2824
1668
6229
10126
12826
14207
15060
14127
9028
1367
-5355
-9842
-12637
-14447
-14793
-12826
-9163
-4635
1005
6279
8427
8079
7584
7210
6588
5255
3297
1850
-62
-2664
-3512
-4139
-7150
-9406
-8694
-8049
-7252
-3308
907
3002
5996
10022
11826
11073
9735
7259
3038
-482
-2951
-5569
-7536
-7902
-6509
-4028
-959
2405
5117
6816
8104
9464
9738
8056
6032
4382
2528
1076
418
31
-344
-291
855
2544
3720
4381
4431
4194
4207
3855
3418
3321
2815
2442
3305
4549
5196
6044
7106
7495
8042
9342
8251
114
-12501
-20967
-25013
-30011
-32244
-27584
-22106
-17027
-5632
9567
19219
21319
21014
20584
17177
10664
3582
-3543
-9870
-13420
-13639
-11524
-8551
-6943
-7106
-6071
-3895
-4003
-6360
-8412
-8489
-6309
-2717
1682
6152
9723
12271
13957
14847
13686
8580
1162
-5115
-9338
-12176
-14134
-14711
-12927
-9294
-4895
358
5435
7560
7070
6953
7265
6699
5302
3515
2471
1561
-1047
-3510
-4626
-6988
-9965
-9917
-8012
-7102
-4871
-124
4107
7331
10639
12747
12147
9980
7571
4107
29
-3309
-5861
-7500
-7748
-6199
-3522
-810
1990
4827
7023
8256
8990
9148
7942
6055
4669
3426
1998
957
421
81
80
961
2201
2585
2925
3868
4271
4095
4143
4223
3484
2725
3029
3089
2708
3245
4472
5671
7117
8330
9150
9288
3406
-9285
-18441
-22219
-28139
-32577
-28883
-23148
-19394
-9698
5553
16005
19153
20166
21015
18312
12168
5669
-1307
-7752
-11407
-12321
-11129
-8536
-6642
-6571
-5751
-3684
-3786
-6435
-8872
-9263
-7437
-4184
-185
4326
8711
11998
14269
15917
15478
10900
3774
-2449
-7151
-10717
-13368
-14853
-13640
-10270
-6240
-1223
3880
6364
6333
6580
7085
6481
5166
3541
2701
2338
391
-1731
-2827
-5473
-9093
-9593
-8138
-8238
-6903
-2269
1730
4874
9135
12247
11993
10236
8566
5465
1249
-2230
-5189
-7501
-8114
-6696
-4164
-1574
1251
4193
6458
7965
8963
8974
7579
5795
4607
3400
1811
847
625
391
439
1291
2560
3007
2908
3590
4011
3581
3488
3603
3349
3188
3739
4768
5911
6740
7064
8133
9274
9170
8461
3150
-9100
-19503
-23626
-28323
-32591
-29407
-23301
-18877
-9470
5463
16052
19198
20305
21182
18527
12494
6071
-539
-6830
-10527
-11249
-10098
-8139
-6908
-6790
-5983
-4562
-5116
-7896
-10361
-10479
-8174
-4473
-145
4417
8835
12620
15315
16717
15832
11037
3691
-2658
-7214
-10927
-13915
-15482
-14419
-11007
-6723
-1787
2953
5260
5527
6104
6889
6465
5132
3809
3157
3787
3441
479
-2026
-4243
-8406
-11006
-10021
-9630
-10235
-6675
-304
4329
8724
12959
14188
12708
10871
8431
3593
-1632
-5427
-8161
-9085
-7939
-5381
-2788
-255
3198
6479
8373
8869
8717
7985
6411
5309
4696
3365
1927
1379
1393
1515
1662
1693
1644
1611
2255
3006
2865
3201
3878
3912
4325
5369
5681
4999
5267
6029
6046
6703
7843
7213
1104
-9483
-16998
-21059
-26659
-30330
-27227
-22583
-18765
-9027
4858
13788
16843
18999
20504
17803
12056
5989
-405
-6008
-9325
-10453
-9927
-8350
-7294
-6876
-5297
-3989
-5248
-7973
-9851
-9422
-7135
-4149
-644
3525
7924
11876
15002
16629
15319
10420
4227
-937
-5439
-9565
-12957
-14772
-13807
-10616
-6510
-2004
1989
4026
4811
5992
6669
5991
4823
3854
3690
4286
3761
1045
-2052
-4710
-7838
-9985
-9829
-9651
-9670
-6481
-704
4246
8163
11391
12554
11529
9916
7432
2933
-2002
-5527
-7419
-7861
-6847
-4722
-2377
289
3532
6643
8440
8302
7532
7082
6284
5236
4339
3026
1584
1165
1509
1905
2198
2101
1614
1446
2201
2845
2826
3311
4226
4837
5632
6871
6981
5929
5935
6258
5748
5857
6789
4811
-3720
-13552
-18193
-22023
-27960
-28922
-23824
-20152
-15610
-3872
8950
15025
16771
19164
20064
15902
9428
3404
-2341
-7119
-9858
-10540
-9685
-8295
-7744
-6706
-4331
-3840
-6104
-8590
-9334
-7907
-5371
-2618
464
4429
8791
12484
15135
15828
13134
7471
1925
-2265
-6490
-10602
-13754
-14724
-12763
-9175
-5006
-726
2495
3887
4924
6410
6691
5541
4262
3672
3869
4595
4310
1466
-1945
-4735
-7988
-10491
-11070
-11126
-10746
-6940
-530
4696
9005
12604
14005
13279
11499
8349
2862
-2617
-5929
-7779
-8405
-7541
-5449
-2964
107
4013
7223
8513
8110
7548
7332
6596
5608
4550
3168
2095
2030
2457
2574
2225
1550
1058
1011
1343
1587
1627
2303
3488
4951
6543
7553
7985
8005
7850
7563
6934
6467
6258
2725
-7196
-16743
-20519
-24822
-30109
-28449
-22485
-19269
-13448
-345
11390
15546
17089
19842
19537
14113
8111
2864
-2708
-7099
-9492
-10052
-9104
-8204
-8180
-7155
-5273
-5815
-8402
-9999
-9543
-7427
-4494
-1262
2298
6503
10875
14129
15933
15730
12026
5990
887
-3128
-7414
-11445
-14181
-14357
-11865
-8441
-4576
-463
2247
3410
4829
6423
6588
5638
4783
4523
4930
4962
3356
469
-2542
-5477
-8321
-9987
-10517
-10744
-9106
-4640
672
5304
9183
11879
12679
12066
10208
6232
1025
-3304
-5945
-7413
-7775
-6602
-4567
-2060
1258
4793
7214
7765
7342
7077
6759
5886
4754
3607
2389
1827
2203
2741
2811
2410
1963
1652
1862
2128
1733
1646
2309
3335
4508
5938
7174
7225
7322
8013
7926
7261
7558
7306
524
-10870
-17600
-21161
-27294
-30575
-26183
-21477
-18536
-9075
4779
13388
16152
18596
20697
18010
12047
6384
926
-4141
-7770
-9434
-9468
-8447
-7731
-7491
-6068
-5173
-6949
-9761
-10893
-9364
-6692
-3923
-613
3627
8371
12562
15635
16885
15029
9869
4024
-427
-4690
-9205
-13072
-14997
-13855
-10749
-6966
-2909
507
2349
3538
5260
6212
5722
4850
4279
4425
5094
4673
1839
-1544
-4008
-6945
-9528
-9953
-9761
-9537
-6344
-508
4201
7615
10706
12148
11501
9990
7411
2609
-2259
-4855
-6282
-7131
-6588
-4791
-2621
1
3438
6408
7550
7291
7137
7403
6917
5767
4673
3346
2148
1860
2166
2265
1926
1678
1774
2022
2463
2569
2115
2265
3154
3846
4740
6080
6589
6337
6941
7925
7701
7783
8687
4133
-7559
-16472
-19773
-25487
-31242
-28668
-23230
-20583
-13043
1116
11953
15506
17598
20629
19524
13646
7512
1986
-3372
-7452
-9475
-9591
-8541
-7656
-7265
-5795
-4440
-6093
-9440
-11250
-10437
-8126
-5531
-2391
1711
6589
11671
15719
17695
16793
12325
6420
1672
-2804
-7825
-12493
-15373
-14991
-11970
-8170
-4093
-132
2236
3528
5355
6464
5779
4530
3851
3920
4455
4213
1750
-1279
-3331
-5682
-7628
-7821
-7842
-7905
-5085
-9
3812
6638
9190
10182
9572
8511
6552
2431
-1859
-4080
-5165
-5816
-5509
-4139
-2357
-58
3070
5733
6878
6906
6847
7050
6837
5980
4678
3146
2030
1645
1632
1722
1651
1626
1887
2044
2598
3127
2772
2905
3646
4004
4559
5533
5912
5727
6567
7596
7279
7830
8445
2248
-9707
-16953
-20059
-26570
-30619
-26499
-22024
-19062
-9725
4102
12987
15918
18271
20267
17920
12044
5965
324
-4374
-7588
-9359
-9300
-7972
-7202
-6751
-5086
-4494
-6967
-10123
-11472
-10219
-7534
-4823
-1740
2436
7637
12430
15705
17130
15445
10393
4765
509
-3844
-8710
-12864
-14983
-13779
-10543
-6861
-2958
224
2127
3625
5214
5737
5064
3953
2960
3161
3139
1606
-160
-2141
-4318
-5350
-5260
-5706
-5919
-3852
-957
1658
4630
7013
7715
7404
7211
6191
3492
292
-2416
-3981
-4399
-4266
-3600
-2325
-510
1780
4359
6518
7458
7438
7237
7088
6631
5412
3762
2431
1457
937
1209
1841
2144
2035
2184
2854
3321
3379
3524
3810
4016
4553
5731
6687
7208
8009
8416
8591
8732
3434
-8364
-16986
-20899
-27235
-31816
-28312
-23356
-20104
-10853
3591
13300
16367
18597
20911
18784
12781
6736
752
-4824
-8236
-9397
-9027
-7878
-7216
-6804
-5112
-4049
-6112
-9505
-11477
-11180
-9111
-6007
-2472
1578
6652
11901
15808
17640
16622
12085
6220
1444
-3197
-7963
-12195
-14974
-14226
-10913
-7357
-3669
-195
1911
3132
4727
5631
4845
3534
2723
2886
4003
4296
2042
-667
-2184
-4347
-6492
-6766
-6728
-7127
-5045
-307
3387
5834
8229
9326
8916
8004
6110
2306
-1679
-3946
-5042
-5450
-5064
-3801
-2156
-58
3127
5955
7030
6897
6780
6943
6418
5447
4364
2690
1215
886
1252
1439
1468
1710
2043
2540
3523
4296
4181
4239
4796
5151
5554
6109
6374
6408
6984
7252
7006
7108
1981
-9769
-17639
-20326
-26123
-30690
-26615
-21229
-18278
-9327
4578
13554
16258
18409
20544
18224
12340
6397
697
-4233
-7513
-9225
-9313
-8326
-7881
-7467
-5626
-4719
-6729
-9538
-10668
-9591
-7290
-4591
-1481
2289
6863
11489
14828
16075
14489
9954
4896
819
-3526
-7899
-11559
-13934
-13134
-9819
-6482
-3173
72
1867
2932
4526
5110
3665
1938
1058
437
350
1091
990
-142
-256
102
-780
-1851
-2170
-2600
-2811
-1699
-62
964
1986
3415
4514
4904
4518
3043
1028
-263
-930
-1817
-2537
-2374
-1412
107
2331
4675
5864
6105
6342
6539
6059
4691
3013
1372
118
-190
213
675
1165
2095
3189
4165
5138
5616
5448
5080
4665
4248
4039
4104
4355
4944
5721
6224
6341
7158
7834
2430
-8802
-16480
-20291
-26560
-30399
-26168
-21193
-18268
-9167
4859
13927
16753
18842
20455
17633
11535
5464
-327
-5314
-8597
-10040
-9541
-7946
-7095
-6566
-4608
-3529
-5748
-8884
-10329
-9826
-7927
-5272
-2166
1737
6560
11223
14656
16348
15100
10384
4863
574
-3800
-8385
-12124
-14169
-13199
-9869
-5933
-2038
1194
2954
3874
5007
5267
3996
2624
1987
1703
1794
2153
664
-2449
-3840
-4185
-5581
-6202
-4957
-3876
-2547
1228
5211
6912
7719
8256
7591
5980
3964
875
-2537
-4265
-4706
-4868
-4285
-2861
-1256
740
3578
6111
7191
7184
7093
7237
6812
5543
3991
2378
916
247
414
667
771
1048
1832
2723
3292
3846
4079
4063
4696
5812
6457
6926
7838
8070
7781
8039
8442
7036
-656
-12267
-18923
-22617
-28875
-31302
-26268
-21708
-17685
-6592
7223
14652
16793
19224
20874
17415
10999
5097
-413
-4876
-7599
-8763
-8362
-7368
-7132
-6517
-4706
-4719
-7667
-10864
-12005
-10560
-7998
-5253
-1760
2784
7975
12688
15997
17235
15122
9862
4655
606
-4122
-9024
-12911
-14710
-13185
-9816
-6257
-2571
554
2349
3724
5169
5311
4080
2862
2332
2375
2948
2825
80
-2724
-3400
-4753
-6553
-6169
-5070
-4805
-2530
2202
5318
6632
8028
8521
7520
5959
3691
28
-3074
-4127
-4485
-4610
-3897
-2377
-757
1302
4294
6487
6818
6374
6565
6999
6319
5046
3740
2152
814
633
1248
1154
642
1043
2074
2752
3404
4166
3918
3620
4542
5676
6193
6447
6901
7043
7130
7455
7920
6836
-1014
-12169
-17678
-21452
-28010
-29804
-24804
-21182
-17270
-5977
6805
13227
15698
18728
20109
16334
10543
5154
-252
-4381
-7046
-8455
-8223
-7264
-6893
-5984
-3987
-4343
-7509
-10168
-10792
-9610
-7647
-5176
-2120
1791
6856
11651
14883
15916
13827
9269
4953
1297
-3376
-8148
-11846
-13520
-12098
-9131
-5811
-2376
187
1751
3316
4615
4008
2282
1117
484
215
382
1050
1314
961
952
845
-193
-1981
-3045
-2898
-2710
-2203
-845
846
2402
4015
5662
6019
4725
2843
1131
-278
-1629
-2710
-3229
-2929
-1515
735
3153
4914
5882
6421
6501
6161
5356
3856
2008
709
299
419
831
1350
2041
3058
3959
4462
4483
3795
2936
2419
2040
2117
2766
3327
4300
6132
7709
8705
9128
9434
9186
3002
-8898
-17010
-21211
-27827
-31425
-26703
-21581
-18536
-9223
4714
13378
15873
17974
19547
16271
10210
5046
151
-4172
-6934
-7940
-7030
-5420
-4777
-4392
-3222
-3654
-6737
-10038
-11852
-11505
-9576
-6933
-3550
755
6189
11377
14806
16493
15348
10763
5647
1680
-2784
-7497
-11119
-13034
-12046
-8967
-5673
-2408
385
1845
2613
3350
2964
1353
-98
-762
-743
-93
862
1029
921
1633
1904
1075
42
-826
-1720
-2107
-1468
-744
-68
1009
2262
3540
4252
3898
2502
1068
258
-698
-1574
-1897
-1740
-866
752
2803
4490
5458
5904
6072
6008
5236
3865
2405
1261
662
586
1050
1698
2557
3570
4273
4727
4739
4132
3253
2577
2073
1835
2369
3236
4347
5913
7490
8515
9398
10087
5224
-5904
-13964
-18151
-24770
-29384
-26407
-22231
-19556
-10928
2221
10774
13950
16506
18426
16155
10849
5585
539
-3654
-6378
-7700
-7164
-5610
-4891
-4315
-2628
-2441
-5240
-8595
-10611
-10768
-9454
-7448
-4909
-1201
3820
8827
12778
15002
14334
10725
6534
3062
-1071
-5575
-9441
-11893
-11397
-8901
-6041
-3001
-461
942
1962
3196
3061
1434
173
-575
-604
440
1542
1778
1824
2390
2125
810
-440
-1842
-3169
-3439
-2633
-1713
-653
1175
3073
4548
5408
5025
3515
1841
669
-504
-1721
-2226
-2058
-1252
434
2614
4245
4816
5106
5448
5292
4520
3448
2191
1013
551
899
1538
1929
2279
3123
3967
4414
4510
4009
3065
2271
2049
2077
2218
2875
4181
5882
7310
8374
8703
8733
8791
3850
-6951
-15299
-19869
-25905
-29698
-26076
-21381
-18705
-10595
2336
11118
14069
16278
18172
15735
10492
5862
1348
-2971
-5889
-6954
-6337
-5029
-4502
-4265
-3191
-3448
-6191
-9265
-11197
-11437
-9954
-7429
-4430
-569
4476
9483
13257
15352
14835
11272
6889
3242
-905
-5240
-8870
-11428
-11354
-8954
-6190
-3526
-959
531
1183
2230
2654
1653
425
-191
57
1139
2676
3470
3179
3070
2696
837
-1508
-3096
-4473
-5530
-4841
-2987
-1366
490
3154
5570
6551
6278
4963
2850
905
-565
-1983
-3160
-3361
-2451
-608
1760
3694
4688
4906
4936
5057
4628
3380
1953
926
516
920
1893
2639
2877
3199
4006
4484
4132
3523
2767
2046
2032
2613
3057
3473
4330
5153
5863
6681
7010
6643
6964
7035
1234
-9047
-15170
-18547
-24162
-26390
-22327
-19137
-16795
-8225
3466
10353
12724
14909
16314
13866
9324
5170
1020
-2701
-5317
-6499
-5924
-4881
-4912
-4694
-3450
-3988
-6751
-9273
-10462
-10040
-8481
-6376
-3714
-154
4451
8966
12273
13826
12836
9503
5890
2792
-939
-4854
-8318
-10545
-9894
-7656
-5623
-3353
-1186
-118
587
1760
2286
1676
798
456
1031
1846
2435
2851
3113
3107
2345
875
-1206
-3278
-4392
-4819
-4609
-3568
-2030
-252
2041
4757
6232
5820
4730
3582
2186
549
-832
-2084
-3043
-2642
-1044
899
2466
3308
3798
4176
4396
4199
3398
2221
1313
1073
1300
1878
2422
2791
3237
3626
4062
4168
3582
2886
2536
2485
2533
2852
3356
4007
4942
5649
5929
5867
5568
5225
5805
5834
-275
-9820
-14503
-17406
-22675
-24087
-20244
-18153
-15984
-7073
3819
9370
11386
13934
15483
13152
8919
4919
986
-2370
-4756
-5692
-5242
-5007
-5355
-4573
-3179
-4103
-6884
-9052
-9852
-9160
-7494
-5642
-3556
-300
4292
8682
11764
13052
11737
8635
5943
3309
-456
-4345
-7819
-9901
-9199
-7177
-5453
-3837
-2282
-1087
127
1334
1588
1337
1369
1445
1965
3074
3619
3126
2874
3028
1989
-128
-2013
-3549
-4992
-5741
-5246
-4225
-3121
-1209
1618
4139
5424
5680
5243
4380
3283
1911
243
-1484
-2497
-2411
-1546
-270
875
1539
1977
2646
3223
3139
2680
2179
1910
2006
2328
2900
3320
3520
3878
4073
4033
3998
3669
2977
2434
2124
1741
1582
1923
2487
3154
3868
4699
5646
6366
7020
7415
7556
7983
4881
-4028
-11615
-15144
-20452
-25401
-23816
-20183
-18623
-12934
-1943
6237
9297
12143
15325
14728
10891
7148
3448
-227
-2709
-4138
-4658
-4471
-4600
-4515
-3414
-3592
-6311
-9303
-11003
-11191
-9886
-7906
-5806
-2759
1915
7021
10910
13186
13413
11053
7917
5363
1902
-2397
-6186
-8990
-9640
-8188
-6618
-5367
-3590
-1917
-820
349
1067
962
959
1549
2700
4212
5458
6152
6751
6996
6056
2901
-2736
-7713
-10243
-12505
-13576
-10983
-7267
-4130
1696
9017
12521
12931
12904
11088
7098
3274
-95
-4102
-6830
-6661
-5406
-4102
-1908
450
1721
2797
3970
3994
3104
2707
3331
4211
4635
5053
5615
5744
5627
5241
3962
2351
917
-283
-867
-897
-317
501
1454
3370
5547
6695
7120
7549
7426
6723
6384
6451
6277
2486
-5660
-11592
-14198
-18842
-23080
-21552
-18771
-18097
-12975
-3155
3607
6487
9993
13672
13510
10626
7995
5041
1933
-680
-2878
-4136
-4675
-5212
-5136
-4218
-4764
-7284
-9316
-9986
-9621
-8407
-6893
-5362
-2824
1498
6065
9365
11370
11716
10115
7969
6042
2989
-922
-4464
-7185
-8041
-7356
-6541
-5615
-4143
-2638
-1402
-61
856
1130
1362
1823
2770
3628
3846
3849
4027
3975
2665
658
-1005
-2668
-4080
-4733
-5015
-5198
-4662
-2824
-350
1823
3348
4135
4421
4600
4521
3536
1798
187
-1007
-1723
-1746
-1401
-1206
-877
131
1366
2066
2317
2477
2634
2937
3404
3648
3563
3526
3644
3725
3574
3161
2665
2086
1572
1458
1412
1061
914
1551
2615
3385
3864
4460
5141
5477
5550
5608
5520
5182
5044
6155
5652
-620
-8226
-12239
-16352
-21398
-22169
-19836
-19099
-16271
-7598
1478
6437
9752
13299
14395
12168
9147
5896
2157
-1316
-3881
-5001
-5151
-5277
-4944
-3531
-2820
-4321
-6510
-8164
-9035
-8698
-7660
-6619
-4931
-1485
3102
7321
10530
12005
11134
9216
7470
4824
1115
-2670
-6189
-8028
-7643
-6592
-5471
-3838
-2075
-848
306
1327
1458
1042
803
1226
1935
2320
2666
3101
3589
3660
2607
930
-550
-1887
-3270
-4243
-4740
-5108
-4555
-2469
91
2010
3220
3989
4438
4567
4073
2682
745
-989
-1950
-2046
-1698
-1290
-800
54
1382
2602
3124
3092
2817
2534
2450
2468
2374
2165
2117
2489
2954
2984
2758
2589
2310
1990
1886
1770
1317
1204
2026
2795
3090
3534
3953
4114
4529
5256
5482
5294
5310
5863
6770
4642
-2230
-8865
-13030
-17892
-21939
-21413
-19323
-18180
-13473
-4341
3341
7376
10672
13547
13291
10482
7413
3988
464
-2195
-3885
-4429
-4143
-3931
-3420
-2190
-2122
-4269
-6838
-8511
-9268
-9019
-7990
-6684
-4558
-716
3954
7971
10828
11817
10587
8647
6769
3863
152
-3426
-6371
-7451
-6745
-5736
-4599
-2992
-1534
-531
412
925
611
132
73
310
686
1346
2130
3017
3924
3764
2408
996
-311
-1735
-2854
-3646
-4394
-4463
-3290
-1428
451
1953
2812
3154
3380
3407
2712
1442
129
-934
-1387
-1149
-646
-180
451
1252
1923
2437
2680
2441
2059
1971
2002
2052
2315
2636
2883
3138
3230
3016
2847
2779
2397
1950
1634
1197
972
1311
1904
2316
2614
3044
3407
3713
4258
4604
4239
3871
4186
4507
4757
5338
4008
-1089
-6907
-10800
-14711
-18824
-20018
-18716
-17343
-14042
-7010
217
4668
8106
11361
12119
10103
7502
4864
1729
-1188
-3089
-4107
-4574
-4398
-3505
-2525
-2606
-4094
-5919
-7220
-7908
-7856
-7301
-6474
-4677
-1320
2787
6384
8885
9928
9609
8595
6964
4405
1213
-2007
-4655
-5907
-5715
-5081
-4254
-2952
-1649
-702
29
435
229
-178
-138
-34
19
530
1150
1687
2489
3041
2523
1597
1214
646
-379
-982
-1427
-2111
-2158
-1263
-494
-113
519
1072
1320
1630
1712
1252
619
280
316
507
605
694
1047
1541
1981
2330
2399
2100
1651
1356
1238
1168
1160
1298
1635
2061
2411
2481
2442
2572
2560
2362
2249
2238
2183
2027
2131
2343
2209
2026
2101
2318
2248
1941
1890
1836
1639
1831
2614
3329
3771
4672
4978
2591
-1911
-6323
-10343
-14547
-17357
-17618
-16764
-14990
-10650
-4338
1194
5110
8168
9913
9567
7581
5061
2418
-291
-2512
-3802
-4135
-3907
-3296
-2218
-1402
-1705
-2979
-4415
-5607
-6409
-6528
-6185
-5347
-3399
-302
3148
5975
7856
8577
8037
6865
5221
2806
-134
-2839
-4573
-5210
-4961
-4133
-3016
-1821
-877
-144
310
261
82
-231
-799
-989
-560
-116
321
1364
2286
2219
2040
2118
1706
884
328
-175
-1066
-1534
-1027
-375
-1
492
1008
1149
1343
1685
1333
469
-96
-385
-507
-245
248
684
1182
1873
2584
2936
2831
2528
2062
1548
1206
1023
949
1140
1712
2254
2500
2678
2803
2705
2401
2119
1790
1274
977
1008
1094
1200
1348
1519
1740
1994
2129
2087
2020
1957
1956
2229
2671
3053
3479
4131
4810
4557
2671
-540
-4770
-9284
-12905
-15432
-16891
-16661
-14535
-11096
-6523
-1280
3102
6016
7834
8355
7272
5171
3025
920
-1150
-2536
-3114
-3197
-2871
-2241
-1751
-1899
-2725
-3933
-5013
-5663
-5927
-5723
-4929
-3411
-1137
1494
3966
5822
6662
6628
6000
4688
2910
865
-1293
-2960
-3883
-4035
-3492
-2686
-1777
-773
65
317
59
-356
-1015
-1762
-2102
-1808
-1135
-242
1184
2701
3656
4233
4538
4319
3399
2001
442
-1070
-2141
-2518
-2256
-1703
-1073
-264
606
1316
1668
1614
1314
806
364
271
409
712
1246
1912
2493
2859
2925
2701
2333
1738
998
492
280
311
642
1157
1562
1802
2061
2204
2098
1926
1650
1215
915
893
929
972
1200
1592
1944
2274
2594
2676
2479
2218
1962
1660
1301
958
870
1164
1621
2042
2424
2142
662
-1210
-3380
-6545
-9557
-11193
-12304
-12971
-11640
-8747
-5964
-2850
912
3703
4779
5243
5351
4167
2231
715
-693
-2229
-3106
-3127
-2949
-2801
-2559
-2424
-2615
-3009
-3313
-3570
-3887
-3847
-3105
-1896
-557
1023
2737
3927
4521
4886
4641
3393
1914
623
-950
-2240
-2606
-2584
-2289
-1401
-510
-328
-462
-541
-977
-1525
-1576
-1342
-1046
-248
1196
2597
3609
4385
4620
4085
2991
1608
68
-1500
-2589
-2922
-2735
-2098
-1004
318
1499
2309
2728
2727
2285
1604
951
355
-123
-219
87
560
1090
1557
1748
1731
1666
1426
969
520
265
256
534
1124
1781
2194
2381
2417
2184
1729
1266
765
255
33
112
362
825
1408
1973
2422
2606
2530
2351
2037
1469
829
312
-80
-229
-2
439
799
1071
1482
1941
2270
2362
1790
439
-1213
-2947
-5046
-7041
-8058
-8675
-9183
-8486
-6676
-4897
-3190
-1339
-271
-333
-552
-623
-779
-792
-548
-310
5
714
1375
1549
1386
644
-660
-1925
-3010
-3896
-4288
-4174
-3696
-2720
-1365
-61
1146
2235
2815
2771
2450
2057
1489
920
590
254
-14
190
332
-170
-658
-1031
-1865
-2403
-1992
-1539
-1482
-839
428
1253
1912
2916
3338
2783
2230
1926
1261
535
138
-251
-570
-515
-178
195
511
775
831
725
743
843
855
841
859
833
801
957
1194
1206
1014
771
530
350
273
359
424
346
559
1085
1529
1967
2456
2634
2298
1827
1439
908
349
-6
-245
-365
-124
515
1155
1600
1913
1949
1700
1388
1094
683
128
-283
-384
-304
-40
499
961
969
879
850
537
188
46
-152
-351
-264
55
300
487
620
271
-611
-1630
-2719
-3864
-4697
-5132
-5503
-5601
-5095
-4289
-3356
-2183
-1172
-732
-495
-213
-208
-397
-413
-426
-662
-816
-736
-724
-771
-783
-969
-1282
-1511
-1705
-1817
-1694
-1501
-1293
-874
-301
199
541
764
801
655
460
177
-161
-410
-591
-722
-630
-293
-2
246
637
943
1010
1040
1011
774
542
420
193
-35
-103
-158
-164
44
349
601
896
1226
1418
1478
1487
1393
1185
969
767
549
400
414
511
579
693
835
881
893
979
1107
1129
1117
1251
1418
1493
1586
1714
1667
1473
1398
1385
1253
1061
894
664
359
152
87
103
204
416
708
951
1198
1475
1579
1422
1123
806
413
81
6
-60
-210
-288
-259
-209
-158
-73
-81
-124
-125
-181
-214
-210
-203
-245
-380
-407
-337
-376
-423
-277
-128
-235
-402
-489
-715
-1229
-1807
-2232
-2756
-3267
-3307
-3141
-3124
-2904
-2352
-1881
-1507
-1010
-655
-710
-785
-587
-503
-629
-591
-514
-536
-413
-326
-520
-781
-1071
-1490
-1735
-1754
-1769
-1530
-955
-398
18
429
814
1009
1005
806
387
-26
-228
-301
-342
-305
-223
-142
26
228
255
149
-2
-168
-207
-76
169
510
910
1215
1327
1369
1303
1019
655
290
-85
-310
-251
-37
239
611
969
1259
1540
1694
1585
1378
1201
990
804
730
674
606
656
746
781
868
967
982
977
996
1018
1088
1251
1378
1368
1289
1166
1039
894
663
419
196
0
-74
12
128
172
264
427
525
566
602
554
401
284
195
52
-48
-61
-72
1
246
353
187
44
-71
-360
-661
-728
-776
-968
-991
-795
-709
-679
-508
-343
-314
-360
-494
-689
-738
-664
-685
-769
-804
-821
-808
-650
-510
-659
-920
-1052
-1148
-1287
-1394
-1420
-1397
-1328
-1210
-1116
-1110
-1120
-1064
-970
-916
-858
-740
-645
-602
-528
-464
-468
-412
-289
-332
-548
-678
-649
-591
-487
-297
-163
-119
-12
175
240
126
-9
-105
-220
-282
-145
20
67
198
366
361
330
418
419
228
101
85
83
163
286
360
418
536
700
807
866
938
974
978
985
969
904
838
823
793
701
630
622
659
714
732
727
778
861
913
951
1001
1079
1166
1172
1085
988
871
734
572
336
120
-21
-108
-74
6
25
132
401
651
734
736
781
762
592
350
85
-181
-328
-329
-346
-391
-360
-281
-187
-158
-331
-550
-655
-731
-787
-783
-716
-538
-210
109
217
256
356
347
138
-98
-271
-454
-607
-743
-924
-1040
-1014
-877
-712
-607
-613
-602
-447
-378
-514
-631
-617
-589
-532
-380
-242
-127
0
49
-61
-285
-483
-651
-820
-959
-1062
-1043
-848
-591
-408
-287
-162
-101
-105
-178
-386
-592
-706
-818
-909
-856
-669
-447
-191
1
120
322
514
553
498
397
206
35
11
-85
-262
-256
-141
-131
-148
-67
45
138
198
187
166
217
369
595
770
856
931
958
890
754
546
301
147
60
-21
-18
98
312
513
587
606
643
657
605
520
452
393
364
387
433
465
512
579
560
516
498
442
407
337
206
92
12
-13
-2
27
72
136
240
315
393
497
551
525
388
232
149
41
-136
-299
-397
-418
-353
-247
-192
-144
-20
95
83
-23
-91
-76
-20
-4
-74
-111
-35
55
90
33
-87
-154
-106
-59
-154
-265
-231
-163
-162
-205
-309
-451
-504
-523
-667
-791
-713
-519
-299
-83
58
167
315
403
375
288
189
18
-222
-413
-580
-709
-686
-577
-557
-566
-411
-191
-100
-119
-161
-169
-149
-144
-98
0
53
74
86
-20
-234
-360
-384
-473
-606
-611
-449
-218
-14
99
61
-15
-23
-96
-260
-351
-306
-180
-42
78
180
259
341
348
162
-73
-176
-205
-241
-211
-118
-26
141
348
422
354
317
337
270
124
24
-46
-96
-39
91
156
200
276
312
323
349
359
338
298
249
218
250
322
380
393
354
313
287
262
235
235
277
280
278
325
364
370
342
302
269
247
228
175
128
81
-18
-91
-95
-150
-260
-291
-263
-259
-199
-51
76
156
224
248
224
249
318
269
176
177
181
163
202
233
176
81
-8
-89
-135
-129
-89
-50
-55
-84
-116
-116
-80
-79
-87
-37
32
89
146
165
138
87
-3
-161
-336
-463
-537
-571
-600
-626
-582
-458
-320
-215
-102
-23
-9
15
15
-60
-171
-287
-372
-395
-392
-349
-242
-121
-16
64
81
64
42
-34
-121
-188
-240
-231
-174
-103
-99
-143
-115
-36
-24
-70
-84
-94
-139
-149
-128
-112
-107
-95
-78
-112
-120
-80
-89
-102
-65
-24
3
62
135
175
230
264
260
259
209
135
115
96
10
-26
36
42
5
30
45
5
12
46
11
-4
81
171
206
211
192
128
93
118
104
19
-5
78
154
225
312
326
245
180
149
63
-33
-30
6
1
26
115
200
257
274
235
164
129
149
168
199
244
280
301
312
289
219
138
48
-51
-118
-153
-168
-160
-149
-155
-153
-123
-90
-83
-83
-88
-81
-50
-25
-15
-7
-9
-40
-81
-96
-132
-214
-276
-328
-389
-364
-248
-154
-67
48
90
60
42
23
-39
-103
-125
-127
-115
-89
-44
27
56
7
-76
-142
-207
-313
-353
-274
-177
-109
-15
105
164
188
215
187
109
27
-43
-80
-87
-55
7
57
88
89
65
24
-36
-75
-122
-200
-237
-221
-207
-204
-129
-14
41
79
136
168
157
126
78
7
-43
-44
-8
49
96
96
63
54
33
-54
-132
-150
-140
-112
-63
-4
68
162
239
244
193
125
40
-47
-101
-157
-200
-160
-72
12
89
169
245
285
282
242
175
113
41
-47
-129
-188
-220
-239
-223
-188
-160
-116
-68
-11
71
127
155
217
270
250
228
247
242
181
94
6
-92
-193
-274
-342
-408
-425
-386
-323
-215
-86
25
146
272
339
334
320
291
215
118
27
-31
-75
-121
-125
-118
-124
-130
-117
-93
-89
-59
-8
28
56
86
134
151
134
102
47
19
7
-28
-60
-97
-141
-142
-104
-101
-145
-156
-139
-129
-107
-86
-70
-65
-56
-32
-28
-16
16
38
33
8
0
17
47
59
61
62
55
53
61
78
79
52
11
-24
-44
-33
0
31
50
83
140
165
149
127
103
57
-1
-22
-32
-44
11
92
111
123
142
100
38
-28
-113
-190
-211
-189
-164
-97
2
77
132
176
187
155
138
134
107
72
43
47
65
80
88
91
83
57
34
-2
-64
-112
-136
-170
-194
-137
-28
34
53
75
57
-3
-25
-24
-80
-133
-99
-46
-23
24
77
88
81
76
48
17
-10
-53
-79
-81
-94
-92
-59
-56
-80
-80
-53
-41
-24
7
-2
-42
-74
-100
-144
-195
-207
-210
-219
-189
-123
-56
6
59
60
5
-45
-92
-152
-191
-205
-202
-182
-133
-66
-17
36
93
111
104
87
52
28
29
30
24
26
36
36
34
26
24
43
34
26
31
44
69
85
