19
5
8
2
1
10
4
-1
6
4
-2
-8
-21
-16
-10
-10
-3
-3
-1
0
0
-3
-3
-8
-7
-7
-10
-10
-16
-20
-16
-13
-18
-15
-7
-9
-8
-9
-11
-15
-16
-17
-18
-16
-14
-7
-9
-7
-6
-18
-7
-15
-25
-16
-20
-17
-9
-15
-16
-14
-9
-8
-7
0
5
4
4
9
12
19
16
13
16
12
18
15
7
20
19
13
21
20
17
13
19
20
10
16
14
12
24
22
22
28
24
24
26
24
19
13
10
9
5
-3
-7
-4
-2
3
-1
-13
-21
-25
-19
-15
-23
-25
-18
-11
-7
-11
-12
-21
-30
-32
-34
-36
-33
-21
-18
-9
6
5
2
5
-4
-9
-15
-14
-1
-3
5
19
18
19
11
5
5
-7
-15
-15
-13
-5
1
7
17
30
33
29
27
23
16
2
-7
2
4
7
17
15
18
21
7
-2
-8
-18
-19
-18
-17
-13
-11
0
2
7
8
-2
-5
-17
-24
-36
-42
-38
-32
-22
-13
0
4
-1
-3
-7
-20
-23
-24
-30
-21
-17
-17
-11
-7
-9
-16
-17
-21
-27
-18
-12
-1
16
31
44
48
52
50
36
25
18
18
16
20
36
42
40
40
38
18
-2
-12
-34
-50
-51
-45
-38
-20
-1
6
18
24
13
3
2
-8
-19
-20
-23
-29
-32
-30
-25
-24
-20
-11
-7
-2
5
6
9
13
9
11
15
0
-3
3
-11
-10
-20
-33
-23
-25
-23
-19
-7
17
27
42
57
58
44
39
28
3
-6
-9
-16
-27
-27
-11
-1
18
47
58
71
78
75
57
18
-1
-25
-48
-43
-34
-16
8
34
45
47
51
35
-1
-38
-57
-76
-76
-46
-29
-7
24
38
33
21
4
-26
-63
-69
-70
-63
-25
20
56
89
125
118
99
85
47
14
-11
-25
-21
-18
-6
-5
-6
-3
-12
-9
1
15
29
45
67
82
81
77
65
27
-6
-40
-69
-95
-124
-123
-104
-80
-44
-9
0
-6
-13
-36
-63
-84
-117
-140
-143
-124
-89
-64
-43
-32
-38
-59
-94
-119
-117
-114
-88
-33
22
65
90
114
115
94
76
59
61
71
73
74
72
75
76
59
49
75
123
182
259
352
434
485
516
505
455
412
396
392
409
464
529
573
599
580
493
383
299
225
161
118
120
123
60
-103
-469
-987
-1494
-1924
-2216
-2300
-2124
-1726
-1144
-348
512
1161
1523
1641
1525
1146
593
21
-531
-1010
-1304
-1329
-1195
-1063
-917
-733
-555
-442
-404
-368
-245
-39
215
554
906
1122
1193
1164
983
575
-12
-593
-1047
-1371
-1501
-1386
-1107
-721
-218
333
770
1007
1040
884
635
355
78
-165
-384
-566
-675
-661
-572
-537
-526
-408
-211
-19
203
430
579
693
818
884
801
617
429
198
-26
-139
-215
-281
-226
-40
183
434
765
1114
1371
1538
1601
1526
1337
1061
742
516
491
596
750
1003
1376
1729
1919
1933
1869
1863
1952
2068
2212
2432
2524
2320
1909
943
-1508
-5250
-8426
-10040
-10817
-10818
-8970
-5514
-1738
2417
7070
10339
10573
8915
7081
4649
961
-2832
-5405
-6754
-7154
-6388
-4618
-2915
-2149
-1867
-1216
-509
-678
-1315
-989
511
2132
3522
5056
6191
5920
4566
3036
1045
-1991
-5298
-7428
-7909
-7328
-6089
-4012
-1197
1607
3780
5367
6319
6000
4400
2714
1706
765
-563
-1503
-1487
-1128
-1036
-1110
-1232
-1691
-2505
-2963
-2627
-1935
-1259
-235
1551
3595
4988
5510
5445
4725
3110
1013
-929
-2672
-4275
-5197
-4923
-3815
-2573
-1347
2
1248
2017
2282
2255
1991
1481
999
892
1032
954
637
274
-367
-1491
-2767
-3820
-4509
-4601
-3914
-2601
-871
1184
3230
4699
5362
5246
4244
2520
692
-939
-2463
-3555
-3722
-3094
-2135
-1009
232
1281
1891
2223
2399
2287
1964
1677
1505
1407
1290
1065
730
358
-36
-496
-923
-1174
-1285
-1206
-774
-4
903
1766
2546
3172
3535
3627
3360
2665
1735
809
15
-629
-1119
-1328
-1205
-810
-191
557
1188
1580
1871
2004
1510
-39
-2263
-4280
-5780
-6778
-7009
-6389
-5225
-3664
-1635
614
2361
3068
2964
2554
1964
1066
-40
-959
-1475
-1725
-1756
-1448
-1128
-1358
-1956
-2318
-2397
-2481
-2575
-2328
-1459
-181
1143
2400
3425
3863
3609
2909
2001
762
-899
-2401
-3075
-3065
-2780
-2163
-1119
-32
614
786
689
143
-985
-2142
-2720
-2657
-2075
-1041
387
1993
3197
3699
3705
3117
1700
-73
-1463
-2363
-2873
-2732
-1773
-444
742
1794
2626
2804
2386
1797
1149
549
260
379
859
1555
2250
2800
3140
3252
3079
2619
2203
2074
1935
1804
2264
3221
4055
4710
5153
5207
5194
5212
4798
4192
4084
3929
2872
1429
-1224
-7817
-16445
-20866
-20503
-20124
-19155
-13562
-5169
2576
10853
19230
22536
19254
14329
10437
5169
-2228
-9215
-13759
-15152
-13670
-10842
-7885
-5247
-3841
-3517
-2336
-395
-176
-1398
-594
3189
7067
9330
10850
11453
9988
6877
2971
-1846
-7498
-12958
-16330
-15911
-12499
-8662
-4944
60
5958
10314
12058
12141
10764
7528
3932
1823
507
-1391
-3238
-3641
-2624
-1695
-2126
-3566
-4966
-6011
-6756
-6783
-5600
-3673
-1899
304
3877
7283
8242
7481
6840
5580
2579
-737
-2936
-4841
-6650
-6636
-4708
-2931
-1792
-100
1921
3178
3717
3850
3451
2778
2443
2448
2378
2225
2073
1798
1569
1604
1427
765
437
897
1630
2638
4222
5743
6582
7086
7524
7390
6283
4695
3466
2784
2247
1879
2347
3402
3619
2913
1787
-2723
-12842
-22479
-24894
-23532
-23234
-20136
-11268
-1029
8467
18873
26672
26186
19543
13059
7506
107
-8770
-16135
-19501
-18230
-14203
-9800
-5658
-2698
-2183
-2366
-912
320
-1219
-3068
-1058
4161
8660
11170
12796
13006
10662
6430
1266
-4802
-11627
-17729
-20121
-17301
-12034
-7478
-2668
4151
10935
14514
14973
13696
10396
5566
1788
50
-1224
-2931
-4240
-3648
-1254
-979
-5838
-11712
-13985
-14900
-15352
-11055
-3421
1548
6486
16116
23807
22918
17900
12669
4869
-4315
-10371
-14125
-17677
-17901
-12510
-4855
1420
6044
9037
10023
10291
10471
8906
5652
3442
3142
3231
3479
3976
2925
334
-755
-44
-167
-853
-68
2031
4831
8265
11207
12481
12377
11645
10555
9351
7768
4670
716
-2598
-8511
-19995
-30363
-32290
-30198
-28905
-23278
-11608
-449
9481
21737
31419
31248
24522
18488
12361
3215
-6562
-14468
-20059
-21714
-19191
-15148
-11338
-8548
-7443
-6388
-3561
-687
-115
-22
3114
8619
13121
15936
17527
16487
12504
7192
925
-6601
-14640
-21550
-24655
-22456
-17181
-11653
-5597
2207
10127
15297
17637
18007
15453
10662
6817
4590
2195
-1304
-6452
-11841
-14344
-15107
-16980
-17665
-14964
-11657
-7430
1773
12478
17710
19218
21379
21510
16709
9956
2859
-5849
-13502
-16448
-15940
-14549
-11953
-7179
-1224
4552
9634
12755
13047
12411
12471
11611
8879
5996
3234
54
-1802
-2085
-3101
-4584
-4330
-2362
255
3265
6078
8099
9790
11635
13122
13453
12297
9853
7759
7357
6482
3017
-2167
-10834
-23323
-31730
-31830
-30157
-29456
-23579
-11884
538
13208
25767
32439
30141
24394
19916
13530
3112
-7734
-16174
-20959
-20830
-17506
-14243
-11848
-10055
-8447
-5909
-3042
-1930
-2424
-1317
3685
10143
14632
17387
18778
17574
14210
9424
2323
-6943
-16257
-22798
-24435
-22070
-18260
-13402
-6498
2081
10074
15231
17410
16981
14049
10535
8177
5494
210
-6486
-10768
-11882
-12594
-13430
-13086
-12759
-11956
-6985
644
6213
9994
13607
16436
18079
17818
14172
7494
142
-5871
-10047
-12962
-14720
-14615
-12152
-7047
-218
5709
9336
11628
13498
14500
13769
11339
7847
3889
799
-533
-1488
-3134
-4303
-4104
-2628
-123
2100
3282
4501
6330
8367
9676
9315
8333
8309
9010
9137
6583
1436
-2278
-5263
-13483
-23750
-27792
-28137
-28699
-24495
-14743
-6129
727
10904
22075
26130
23281
20209
16802
9723
1671
-4541
-10052
-14620
-16614
-15649
-12966
-11294
-11170
-10226
-7812
-5336
-3650
-2166
778
5039
8787
12450
16052
16800
14537
11251
6889
1283
-5359
-12338
-17262
-18936
-18081
-15196
-10853
-5482
485
5843
10223
13304
13572
11694
9321
5351
27
-4332
-7774
-10206
-10147
-8623
-7564
-6151
-3364
-483
1596
3706
5954
7148
7600
8759
9558
8427
6270
3804
746
-2678
-5702
-7757
-9005
-8882
-6394
-2483
1491
5590
9535
12055
12730
12105
10063
6674
3212
746
-718
-1684
-1927
-943
351
944
1427
2445
3338
3976
5019
5329
4330
4367
5697
5750
5284
6507
7385
6674
6824
5019
-4742
-18486
-26735
-29746
-32246
-31032
-23820
-14708
-3936
10647
23978
29191
27257
22923
17020
8742
-535
-9248
-16112
-18947
-16902
-12166
-7339
-4049
-3145
-3236
-2853
-3427
-5992
-8451
-8214
-4773
860
7392
13178
16541
17499
16961
14021
7781
-553
-9368
-16457
-19664
-19414
-17226
-13450
-7998
-1422
5065
9984
12306
11831
8798
4417
629
-2302
-5211
-7087
-6426
-4435
-2647
-386
1644
1599
836
1149
1399
910
1006
1993
3235
4790
6182
6431
5212
2952
511
-1793
-3913
-5310
-5470
-4208
-1520
2243
5932
8584
10356
10994
10091
8357
6133
3129
226
-1130
-1083
-454
873
2811
4580
5702
6227
6091
5120
4049
3542
3578
4260
5505
6702
7721
9020
9490
4182
-7936
-19399
-25610
-29596
-32534
-29867
-22157
-13640
-2158
13325
25186
28034
26157
23671
18100
8523
-1097
-8985
-15662
-18868
-16806
-12353
-8733
-6484
-5090
-3845
-3164
-4261
-6671
-8172
-6818
-2762
2615
8510
13770
16767
17615
17114
13925
7048
-1643
-9835
-15871
-18755
-18928
-17069
-13220
-7227
114
6736
11114
12838
12018
9121
4972
517
-3843
-7539
-9095
-7657
-4871
-2700
-420
2118
3191
3202
3273
2620
1132
504
1442
2773
3851
4692
4826
4002
2518
607
-1900
-4515
-6025
-5973
-4481
-1773
1706
5223
8071
10229
11408
10814
8617
5770
2937
511
-1031
-1587
-1438
-447
1401
3316
4568
5232
5423
4878
4259
4363
4494
4558
5551
6835
7169
7590
7560
1909
-10055
-20502
-25674
-29899
-32580
-28913
-21267
-12896
-485
14919
24643
25925
24472
22578
16879
7649
-1230
-8762
-14626
-16421
-14007
-10649
-8359
-6953
-6004
-5029
-4698
-6351
-8926
-9454
-6518
-1569
3923
9800
14748
17387
18299
17437
13250
5810
-2560
-9868
-15225
-18323
-18979
-16769
-12097
-6046
261
5415
8601
9664
9150
7746
4713
342
-2982
-4457
-4920
-4120
-2273
-1165
-505
911
1804
1412
689
171
-84
309
1730
3287
4124
4717
5136
4645
3036
898
-1447
-3663
-4723
-4349
-3051
-1145
1422
4516
7265
9160
9984
9380
7746
5831
4040
2186
401
-601
-679
62
1337
2684
3740
4283
4729
5062
4801
4320
4378
5022
5874
7347
8904
9185
7520
1010
-11202
-21785
-26646
-29985
-32563
-29743
-21755
-12312
-219
14138
24018
25647
23833
22268
17387
8150
-1150
-8564
-13948
-15868
-13996
-10679
-8343
-7177
-5956
-4370
-4068
-5958
-8594
-9472
-6932
-2361
2534
7950
12925
16124
17832
17767
14381
7485
-955
-8498
-13631
-16618
-17886
-16817
-13199
-7454
-836
4910
8780
10334
9937
7979
4599
776
-2733
-5467
-6096
-4330
-2406
-1214
659
2348
2581
2429
2131
956
-455
-573
658
1963
3057
4124
4759
4506
3453
1819
-500
-2913
-4394
-4526
-3483
-1698
823
3815
6474
8594
9869
9625
8154
6388
4539
2566
1018
235
183
849
1913
2875
3321
3233
3215
3531
3792
3933
4162
4772
6219
7943
8893
8181
2762
-8572
-19339
-24389
-27511
-30687
-29369
-22859
-14319
-3026
10875
21113
23587
22459
21550
17963
9983
1043
-6477
-11983
-14062
-12820
-10535
-8736
-7468
-6045
-4360
-3930
-5799
-8589
-9613
-7288
-2945
1423
5973
10731
14562
17264
18135
15263
8751
907
-6076
-11140
-14550
-16613
-16669
-13986
-8691
-2189
3305
6802
8551
8171
5889
3051
-202
-3846
-6015
-5335
-3030
-646
1894
4230
5210
5052
4302
2371
-606
-2909
-3658
-3232
-1707
449
2493
4266
5472
5634
4521
2330
-189
-2110
-2950
-2751
-1606
267
2654
5343
7611
8855
8895
7851
6239
4654
3348
2068
874
346
819
2018
3220
4079
4448
4357
4408
4590
4390
4072
4527
5749
6879
7289
3913
-5760
-16437
-22116
-25210
-28748
-29125
-24410
-17419
-7484
6143
17535
21717
21711
21746
19641
12964
4456
-3401
-9809
-13223
-13095
-11277
-9773
-8624
-7053
-5046
-4001
-5337
-8113
-9713
-8212
-4500
-563
3694
8414
12701
16262
18261
16773
11399
4163
-2796
-8314
-12379
-15469
-16880
-15412
-10829
-4599
1038
5041
7344
8188
7469
5034
1506
-2381
-5402
-5926
-3926
-1448
457
2663
4657
5430
5204
3720
957
-1884
-3295
-3062
-2150
-724
1245
3327
5078
5930
5391
3336
755
-1187
-2289
-2650
-2376
-1100
1296
4145
6838
8470
8622
7890
6792
5387
3710
2248
1293
1008
1692
2860
3752
4038
3916
3869
3937
3849
3619
3793
4733
6149
7679
8828
7374
-244
-12088
-20713
-24981
-29218
-31699
-28413
-21541
-12899
-245
13516
21314
22705
22608
21598
16243
7559
-620
-7392
-11896
-12806
-11427
-9706
-8098
-6428
-4753
-3775
-4853
-8017
-10877
-10997
-8042
-3953
80
5118
10765
15532
18838
19165
15361
8720
1375
-5169
-10350
-14380
-17075
-17173
-13853
-7979
-1839
2617
5623
7311
6713
4594
1956
-1525
-4682
-5333
-3564
-1152
1323
3952
5948
6750
6330
4423
1066
-2412
-4499
-5130
-4501
-2657
-172
2525
5078
6889
7184
5619
3134
793
-1162
-2465
-2656
-1752
79
2803
5711
7797
8680
8497
7630
6277
4738
3336
2059
1389
1798
2773
3536
3983
4185
3999
3828
3809
3586
3381
3784
5306
7397
8882
7607
199
-11311
-19829
-24071
-28027
-30825
-28630
-22583
-13992
-1302
12089
19774
21488
21733
21177
16378
7956
-264
-6843
-11117
-12227
-10971
-9273
-7841
-6071
-4043
-3008
-4505
-8043
-10812
-10825
-8311
-4884
-1243
3442
9099
14517
18320
18899
15451
9310
2754
-3091
-8199
-12838
-16356
-16917
-13820
-8398
-2851
1474
4467
5800
5404
3845
1202
-2123
-4355
-4066
-2122
372
3257
5751
7217
7507
6265
3421
-434
-3889
-5880
-6261
-5233
-3167
-202
3203
6135
7867
7900
6273
3712
1285
-491
-1737
-2212
-1622
142
2878
5598
7372
8030
7879
7221
6247
5126
3887
2797
2323
2507
3062
3677
3961
3748
3678
4093
4295
4486
5695
7432
8604
8752
4929
-5251
-16569
-22650
-26431
-31225
-32025
-26578
-19091
-9240
5129
17561
21942
22587
23863
21452
13200
4335
-2683
-9136
-13248
-13022
-10878
-9400
-7625
-5002
-3258
-3665
-6149
-9342
-11084
-10194
-7547
-4265
349
6455
12509
17464
20257
19128
14139
7624
1138
-5302
-11411
-16136
-18269
-17038
-12628
-6744
-1503
2522
5632
7804
8342
6319
2248
-1966
-4739
-5385
-3987
-1895
-323
1723
4604
6527
6505
4813
2036
-793
-2556
-3107
-3085
-2382
-538
2059
4439
5665
5313
3765
1885
333
-835
-1857
-2379
-1390
1365
4709
7277
8668
9101
8902
8338
7175
5259
3085
1379
936
1630
2582
3207
3413
3792
4435
4783
4673
4730
5612
6619
7518
7069
938
-10261
-19114
-22997
-26336
-29206
-27231
-21513
-14195
-3185
9706
17881
19790
20107
19832
15457
7785
397
-5734
-10146
-11605
-10584
-9069
-7531
-5523
-3541
-2781
-4385
-7716
-10524
-10860
-8692
-5842
-2740
1829
7723
13526
17888
19122
16142
10575
4682
-1031
-6583
-11704
-15492
-16567
-14184
-9158
-3847
94
2998
5414
6553
5566
2978
-359
-3468
-4815
-3815
-1867
-258
1789
4422
6060
6268
5346
3046
79
-1941
-2750
-3230
-3106
-1639
781
3166
4715
5085
4161
2570
1343
417
-632
-1442
-1160
665
3463
6128
7918
8653
8611
8297
7631
6224
4472
2868
1683
1448
2125
2695
2694
2983
3886
4746
5479
6528
7701
8183
8255
6790
-470
-12229
-20846
-24884
-28744
-30924
-27317
-20589
-12841
-1180
11937
19382
20592
20668
19934
14788
6795
-257
-6122
-10448
-11628
-10261
-8526
-7107
-5591
-4129
-3667
-5390
-8721
-11331
-11405
-9043
-5918
-2204
3189
9315
14660
18599
19660
16588
10865
4626
-1583
-7471
-12593
-16149
-16857
-14253
-9293
-4176
-232
2875
5168
6503
6702
4906
1283
-2033
-3484
-3502
-2695
-1418
-144
1255
2891
4155
4081
2550
877
-161
-865
-1164
-896
-192
1098
2867
4128
4120
3061
1647
413
-541
-1328
-1968
-1833
-39
3094
6138
8185
9282
9546
9168
8405
6923
4675
2393
989
973
1734
2358
2691
3224
4342
5688
6720
7430
8076
8350
8151
6379
-703
-12324
-21354
-25620
-28846
-30401
-26991
-20348
-12255
-759
11937
19536
21027
20842
19824
14833
6975
-171
-6042
-10210
-11413
-10360
-8907
-7560
-5954
-4452
-4050
-5754
-9022
-11553
-11486
-8921
-5621
-1958
3223
9337
14978
19089
19943
16683
10871
4589
-1540
-7472
-12833
-16570
-17315
-14692
-9650
-4302
-224
2892
5328
6686
6900
5700
2691
-1065
-3537
-4199
-3980
-3248
-1840
-206
1266
2824
3906
3578
2504
1821
1328
602
117
278
957
1974
2933
3159
2305
1048
231
-338
-982
-1477
-1298
129
2769
5908
8344
9438
9796
9901
9489
8230
6230
3903
1910
1014
1057
1338
1638
2234
3665
5776
7998
10032
11463
10895
5287
-5759
-16810
-23850
-28712
-32233
-31172
-25423
-17592
-6568
7310
18283
22592
23085
22500
18580
10656
2382
-4223
-9373
-12243
-12001
-9883
-7485
-5297
-3692
-3168
-4641
-8150
-11500
-12729
-11675
-9258
-5795
-404
6586
13468
18810
21306
19974
15445
9404
2725
-4205
-10761
-16026
-18529
-17425
-13356
-8095
-3335
670
4059
6332
7194
6739
5227
3217
1221
-505
-1583
-2000
-2331
-2482
-2180
-2045
-2379
-2479
-1672
-459
395
1468
3111
4520
5508
6257
6163
4906
3078
1087
-919
-2610
-3889
-4549
-4080
-2371
253
3108
5675
7960
9639
10344
10341
9686
8201
6206
4303
2835
1701
866
753
1564
2859
4183
5379
6610
8131
9425
9842
8157
1026
-10967
-20447
-24689
-28194
-30549
-27424
-20588
-12744
-1643
11282
19217
20736
20708
20002
15109
7179
326
-5002
-8982
-10207
-9240
-7931
-6572
-5036
-3974
-4221
-6535
-10290
-13051
-12958
-10403
-7081
-3269
2198
8824
14898
19310
20600
17794
12444
6601
578
-5588
-11235
-15483
-17142
-15406
-11073
-6388
-2677
489
3269
5161
5954
5648
4432
3385
3233
2610
801
-739
-1723
-3084
-4104
-4151
-4843
-5731
-4000
-679
1418
2990
5205
6759
7084
7188
6452
3929
1031
-816
-2107
-3327
-3956
-3838
-2978
-915
1957
4330
5727
6972
8436
9270
9157
8539
7407
5828
4613
3994
3201
2251
1754
1944
2853
3970
5004
6285
7802
9074
9845
9177
3422
-8173
-18826
-24332
-28267
-31501
-29694
-23166
-15237
-4292
9396
19220
22190
22330
21786
17574
9392
1264
-5042
-9690
-11765
-11202
-9544
-7695
-5652
-3896
-3330
-4981
-8740
-12222
-13049
-11110
-8099
-4701
331
7043
13736
18984
21304
19350
14119
7949
1582
-4894
-10934
-15825
-18213
-16971
-12559
-7179
-2776
725
3683
5718
6528
6094
4612
2980
2474
2698
2313
1041
-787
-2411
-3505
-4643
-6090
-7243
-6934
-4673
-1145
2430
5346
7819
9701
10448
9675
7124
3324
-478
-3214
-4836
-5905
-6374
-5610
-3161
453
3937
6433
8008
9146
9943
10182
9591
8036
6082
4566
3864
3555
2846
1880
1546
2209
3413
4651
5788
6941
8197
9235
9266
5587
-4101
-15469
-22506
-26273
-29430
-29545
-24817
-17480
-7860
4575
15577
20658
21393
21187
18770
12277
4279
-2546
-7595
-10219
-10428
-9389
-7947
-6199
-4443
-3506
-4439
-7617
-11438
-13349
-12193
-9213
-6023
-1865
4195
11072
17140
20657
20195
16149
10453
4437
-1754
-7983
-13609
-17232
-17421
-14169
-9281
-4960
-1556
1580
4131
5485
5517
4598
3255
2346
2821
3702
3059
1345
247
-641
-2326
-4075
-5744
-7456
-7363
-4835
-1913
447
3178
6250
8408
9316
8902
6676
3452
775
-1077
-2838
-4565
-5255
-4251
-1900
972
3499
5184
6312
7549
8656
8746
7777
6402
5307
4835
4583
4088
3334
2521
2288
3040
3916
4250
4753
5953
7528
8954
9531
7543
528
-10266
-19128
-23984
-27917
-30406
-27729
-20822
-12292
-1480
10448
18659
21416
21703
20600
15695
7467
-109
-5359
-8902
-10600
-10392
-8954
-6822
-4593
-3073
-3229
-5777
-9646
-12318
-12362
-10462
-7973
-4710
648
7778
14571
19264
20608
18185
13365
7588
1302
-5152
-11270
-15825
-17263
-15282
-11151
-6648
-2642
842
3623
5235
5409
4364
2848
1893
2051
3238
4398
3839
2385
1548
-723
-5147
-8550
-10331
-11744
-10528
-5858
-1443
2232
7642
12807
14648
14010
11732
7116
1790
-1858
-4684
-7646
-9086
-7948
-4948
-1003
2949
5877
7531
8601
9547
9840
8813
7184
6129
5408
4792
4609
4145
3153
2935
3647
4091
4437
5604
7110
8127
9031
8653
2830
-8400
-18213
-23549
-27837
-30940
-29068
-22987
-15148
-4320
8777
18438
21882
22578
22260
18099
10213
2266
-4208
-8829
-10796
-10754
-9643
-7603
-5416
-3923
-3480
-5175
-9141
-12804
-13621
-11828
-9161
-5842
-569
6653
14106
19952
22517
20958
16321
10264
3537
-3519
-10377
-16067
-19044
-18164
-14125
-9282
-5098
-1241
2282
4688
5686
5481
4490
3536
3477
4539
6359
7538
6679
4781
2580
-1742
-7903
-12518
-14820
-15987
-14287
-9108
-3387
2467
9473
15147
17133
16265
13355
8381
2854
-1631
-5468
-8719
-9780
-7924
-4570
-1105
2225
4913
6442
7269
7852
7760
6623
5486
5480
5844
5842
6042
6152
5549
4939
4608
4044
3709
4162
5007
6034
7118
7514
5509
-1115
-11044
-19224
-24096
-27790
-29182
-25747
-19021
-10803
-84
11536
19246
21852
22103
20436
14966
6930
-317
-5690
-9415
-11214
-11046
-9399
-7009
-4747
-3318
-3439
-5776
-9427
-11958
-12007
-10282
-7896
-4463
1135
8251
14901
19507
20915
18719
13897
7950
1580
-5018
-11246
-15986
-17823
-16259
-12443
-7996
-3833
-183
2655
4329
4886
4581
3880
3419
3712
4863
6343
7842
8703
7314
3849
-467
-6341
-12899
-16622
-17500
-17453
-14401
-7330
339
7420
14493
19001
19041
16427
12636
7227
939
-4453
-8409
-10517
-9874
-6976
-3482
-214
2789
5213
6714
7281
7192
6672
5739
5140
5626
6238
6160
6185
6318
5683
4719
4068
3506
3308
3898
4859
5867
6776
7097
6158
2018
-6850
-16824
-22949
-26055
-28106
-26761
-21091
-13689
-4672
6706
16599
21029
21349
20119
16504
9810
2548
-3262
-7638
-10291
-10783
-9564
-7453
-5247
-3694
-3379
-4847
-7956
-10997
-12130
-11022
-8596
-5585
-1129
5275
11996
17278
20020
19277
15354
9868
3837
-2514
-8604
-13730
-16854
-16750
-13626
-9140
-4887
-1282
1806
4096
5317
5447
4731
3727
3146
3481
4393
5173
5419
5206
4488
2480
-1163
-5553
-9344
-11883
-13292
-13200
-11125
-7273
-1876
4354
9712
12875
13981
13456
11369
8219
4262
-428
-4637
-6904
-7124
-6146
-4487
-2326
-22
2230
4309
5762
6265
6109
5849
5766
5795
5671
5417
5281
5139
4793
4242
3567
3030
2990
3472
4231
5137
6277
7582
8353
8069
5955
-500
-10935
-19514
-23599
-26472
-28207
-25408
-19019
-11485
-1652
9499
17021
19327
19357
18293
14290
7699
1255
-3779
-7058
-8395
-8318
-7271
-5678
-4350
-3812
-4252
-6370
-9974
-12805
-13035
-11035
-8286
-4921
334
7095
13515
18200
19931
18157
13897
8580
2727
-3347
-9122
-13794
-15870
-14625
-11058
-7001
-3575
-539
2059
3564
3906
3363
2328
1511
1707
3161
5308
7176
8569
9569
8225
3500
-2311
-8225
-14238
-17988
-18511
-17515
-14165
-6635
2347
9813
16023
19840
19466
16297
12208
6644
-253
-6081
-9562
-10921
-10006
-7159
-3685
-503
2452
5010
6394
6462
5959
5508
5017
4753
5262
5932
6267
6768
7135
6400
4928
3588
2249
1189
1150
1919
3107
4968
7275
8924
9147
6283
-1911
-12639
-20137
-24333
-28007
-29082
-25010
-17995
-9224
2335
13585
19809
21319
21145
18950
12936
5090
-1614
-6692
-9888
-10601
-9388
-7279
-4828
-2755
-1911
-2790
-5734
-9756
-12491
-12649
-10997
-8644
-4945
1153
8540
15102
19362
20316
17903
13316
7675
1432
-4929
-10830
-15153
-16333
-14143
-10160
-6227
-2831
376
2981
4274
4265
3368
2080
1218
1542
3023
5054
6810
8195
9391
8007
2275
-4614
-10129
-15200
-18523
-18024
-15729
-12201
-4525
5215
12354
16983
19520
18342
14245
9576
4142
-2492
-7827
-10015
-9930
-8493
-5763
-2320
697
3070
4924
5662
5163
4419
4494
5089
5391
5873
6691
7156
7441
7418
6078
3878
2209
1057
417
930
2001
3096
5071
7919
9908
10079
7904
1089
-9656
-18591
-23579
-27380
-29332
-26404
-19794
-11510
-761
10628
18095
20579
20581
18833
13711
6344
-151
-5019
-8215
-9137
-8296
-6683
-4534
-2419
-1663
-2758
-5653
-9778
-13051
-13788
-12346
-9940
-6396
-597
6779
13848
19090
21056
19366
15243
9853
3618
-2919
-9110
-14029
-16177
-15024
-11655
-7580
-3808
-594
1967
3521
3815
3066
1891
1100
1307
2608
4557
6144
6991
7561
6935
3871
-603
-5098
-9408
-12699
-13848
-13292
-11389
-7194
-1154
4729
9365
12403
13349
12322
10215
7197
2965
-1504
-4713
-6195
-6272
-5352
-3752
-1862
72
2020
3641
4344
4216
4063
4232
4588
5076
5530
5840
6094
6195
5733
4628
3383
2303
1414
810
841
1647
2936
4818
7224
9223
9887
8961
5434
-2613
-12934
-20433
-24966
-28406
-28504
-23629
-16496
-8079
2751
12889
18406
20099
19956
17111
10940
4144
-1294
-5469
-7719
-7913
-7016
-5304
-3156
-1831
-1998
-3727
-7332
-11559
-13979
-13819
-11894
-8960
-4436
2175
9501
15969
20354
21282
18630
13756
7802
1247
-5179
-10821
-14809
-15967
-14178
-10525
-6535
-2910
256
2300
3047
2957
2241
1298
876
1522
3063
4740
6029
7157
7735
6283
2797
-1366
-5678
-9611
-12066
-12767
-12171
-9975
-5554
145
5359
9308
11624
11882
10563
8526
5506
1441
-2229
-4427
-5257
-4939
-3706
-2145
-669
884
2405
3244
3230
3074
3233
3557
4197
5034
5557
6008
6595
6632
5792
4453
2912
1391
310
-71
-25
372
1677
3906
6251
8212
9413
9234
7419
2459
-6670
-15810
-21330
-25126
-27359
-25081
-19258
-12676
-4247
6103
14064
17412
18212
17487
13701
7611
2192
-1957
-5058
-6420
-6335
-5483
-4006
-2591
-2152
-2952
-5377
-9175
-12383
-13369
-12157
-9667
-6219
-1146
5308
11734
16806
19284
18429
14911
9949
4220
-1623
-6900
-11222
-13768
-13569
-10958
-7533
-4359
-1417
887
1913
2015
1665
983
475
718
1939
3824
5506
6786
7853
7799
5712
1983
-2472
-6794
-10053
-12010
-12815
-11838
-8831
-4299
1071
5995
9326
10893
11124
10168
7978
4796
1058
-2197
-4006
-4504
-4198
-3400
-2298
-1033
415
1861
2653
2759
2790
3101
3775
4610
5254
5626
5910
6079
5703
4578
2978
1401
261
-352
-441
-147
632
2332
4663
6830
8474
9472
9382
8398
6201
-282
-10692
-18804
-22614
-25283
-26006
-22202
-16351
-10123
-1105
8972
15074
16606
16521
15311
11247
5698
1033
-2655
-4962
-5379
-4718
-3788
-2722
-2021
-2240
-3462
-6376
-10468
-13302
-13509
-11518
-8599
-5063
-9
6196
12187
16775
18457
16658
12735
8019
2875
-2137
-6703
-10613
-12605
-11832
-9162
-6234
-3838
-1775
-189
646
909
737
359
421
1371
3181
5419
6955
7561
8017
7361
4575
536
-4007
-8361
-11238
-12346
-12277
-10784
-7527
-2971
2278
6904
9584
10443
10142
9042
7045
4046
623
-2298
-3878
-4045
-3498
-2792
-2042
-1197
-181
1038
1941
2089
2069
2534
3463
4421
5089
5642
6004
5874
5434
4633
3134
1501
415
-341
-750
-608
-23
1256
3266
5290
6812
7967
8787
8831
8181
7074
2999
-5999
-15004
-19525
-22388
-24776
-23295
-18696
-13768
-6570
3321
11146
14398
15398
15826
13892
9271
4650
901
-2256
-4017
-4429
-4426
-4050
-3372
-3135
-3611
-5432
-8802
-11855
-12805
-11510
-9125
-6442
-2570
2818
8583
13655
16646
16369
13601
9772
5423
920
-3573
-7843
-10777
-11295
-9601
-7055
-4917
-3103
-1316
-113
389
511
269
121
718
2203
4132
5505
6109
6612
6528
4766
1534
-2318
-6032
-8687
-9917
-10126
-9374
-7238
-3529
1166
5504
8313
9330
9132
8280
6735
4246
1031
-1988
-3881
-4370
-3924
-3205
-2442
-1505
-181
1303
2379
2818
2895
3116
3658
4326
4776
4890
4992
5033
4669
3911
2770
1563
825
332
-49
148
870
1775
3140
4912
6075
6501
6878
7143
6783
5950
5101
1603
-6421
-14108
-17906
-20553
-22818
-21716
-17866
-13544
-6841
2344
9691
13038
14425
15304
13727
9565
5209
1257
-1994
-3923
-4840
-5228
-5091
-4622
-4264
-4172
-5430
-8231
-10446
-10868
-9704
-7725
-5500
-2352
2070
7210
11889
14533
14475
12463
9561
5972
1993
-2055
-6148
-9150
-9980
-8918
-7190
-5639
-3987
-2335
-1113
-353
54
251
508
1300
2758
4543
5770
6225
6672
6466
4703
1763
-1865
-5391
-7827
-9001
-9308
-8522
-6343
-3148
762
4535
6917
7681
7439
6723
5307
2972
394
-1741
-3018
-3217
-2685
-2004
-1391
-571
552
1575
2080
2107
2182
2595
3304
4037
4276
4240
4436
4577
4245
3338
2064
921
271
134
248
437
929
1938
3347
4590
5294
5530
5462
5587
5842
5596
4758
4198
3461
-875
-8219
-13700
-17168
-20568
-21817
-19413
-16170
-12267
-4915
3719
9683
12801
14814
15214
12544
8585
4825
992
-2300
-4506
-5672
-6076
-5758
-4994
-4283
-4239
-5790
-8094
-9535
-9616
-8449
-6799
-4734
-1572
2765
7685
11761
13698
13399
11508
8517
4780
894
-3142
-7094
-9688
-10161
-8945
-7174
-5280
-3133
-1257
12
857
1439
1709
1897
2453
3188
3725
3987
4295
4511
3780
1919
-784
-3574
-5546
-6694
-7241
-7028
-5731
-3388
-222
3230
5812
7032
7303
6898
5707
3826
1578
-793
-2597
-3213
-2987
-2404
-1539
-454
741
1840
2563
2841
2836
2848
3064
3305
3221
2999
3233
3647
3637
3248
2541
1585
960
985
1013
687
701
1435
2526
3568
4304
4605
4573
4674
4961
4937
4550
4072
3921
2845
-1780
-8420
-13275
-16537
-19436
-20141
-18104
-15446
-11146
-3694
4064
9105
11829
13690
13651
10991
7449
3785
83
-2771
-4280
-5059
-5452
-5151
-4479
-3849
-4062
-5695
-7741
-9023
-8911
-7641
-6000
-3979
-989
3109
7524
10936
12323
11727
9795
6930
3686
382
-3212
-6498
-8244
-8074
-6769
-5387
-3907
-2134
-741
56
513
658
601
827
1486
2163
2743
3212
3633
3891
3394
1905
-463
-2863
-4340
-5138
-5554
-5123
-3603
-1493
981
3696
5523
5892
5588
5026
3884
2116
197
-1508
-2622
-2696
-2129
-1591
-970
-55
935
1800
2438
2582
2354
2403
2891
3306
3316
3125
2995
2964
2858
2418
1637
837
397
387
704
1148
1475
2011
2954
3865
4316
4302
4151
4019
3990
3952
3800
3680
3813
4340
3537
-759
-6904
-11903
-15750
-18833
-19631
-18278
-16021
-11514
-4123
3365
8558
11796
13709
13422
10795
7208
3316
-618
-3603
-5155
-5865
-6020
-5341
-4062
-2930
-2970
-4502
-6396
-7633
-7851
-7135
-6004
-4419
-1783
2170
6615
10011
11418
10947
9270
6787
3740
271
-3523
-6760
-8396
-8279
-7028
-5339
-3485
-1571
160
1351
1888
1910
1601
1280
1148
991
665
667
1338
2017
2063
1539
587
-341
-712
-908
-1422
-1953
-2001
-1281
152
1590
2389
2706
2844
2978
2903
2196
1082
-50
-885
-1128
-1000
-824
-605
-87
755
1543
1982
2167
2361
2453
2557
2755
2603
2332
2338
2469
2603
2590
2374
2138
2114
2147
1886
1467
1091
947
1208
1628
1924
2053
2347
2962
3546
3942
4112
4245
4615
4978
4265
1189
-3774
-8833
-13009
-16102
-17817
-17857
-16324
-12958
-7473
-1106
4261
8052
10602
11619
10643
8144
4989
1850
-776
-2616
-3814
-4628
-4891
-4329
-3450
-3335
-4339
-5807
-6877
-7086
-6503
-5538
-4469
-2719
323
3974
6989
8700
9049
8281
6828
4884
2301
-721
-3596
-5565
-6223
-5954
-5210
-4099
-2659
-1112
131
863
1163
1108
765
305
-145
-471
-355
373
1492
2437
2644
2352
2080
1751
1158
231
-1011
-2041
-2105
-1316
-376
416
1048
1571
2054
2429
2313
1473
467
-203
-602
-745
-630
-337
160
910
1687
2204
2509
2606
2576
2476
2258
2037
1858
1831
1996
2136
2106
1958
1909
1824
1527
1171
800
606
753
1134
1581
1896
2124
2480
3067
3616
3791
3755
3684
3725
3934
4139
3690
1650
-1647
-5458
-9461
-12782
-14803
-15641
-15256
-13067
-9255
-4620
299
4559
7516
8911
8767
7506
5351
2885
530
-1653
-3303
-4161
-4197
-3663
-2994
-2769
-3185
-3834
-4528
-5005
-5131
-5077
-4575
-3380
-1449
1080
3578
5439
6418
6536
5869
4560
2799
733
-1286
-2894
-3854
-4019
-3529
-2555
-1394
-390
359
538
-25
-896
-1641
-2263
-2684
-2365
-1194
335
1947
3477
4471
4627
4156
3225
1719
-163
-1846
-2771
-2790
-2165
-1071
278
1456
2324
2887
2887
2177
1058
-101
-1067
-1535
-1470
-1098
-435
486
1430
2185
2723
2949
2756
2375
1986
1636
1472
1525
1768
2094
2339
2427
2362
2236
1976
1448
838
403
227
357
787
1068
823
514
471
773
1526
2250
2602
2811
3035
3268
3472
3394
2926
2251
881
-1232
-3316
-5621
-8154
-9868
-10601
-10905
-10304
-8192
-5334
-2446
439
3001
4634
5281
5455
4792
3031
1089
-587
-2065
-3048
-3470
-3733
-3804
-3491
-3174
-3020
-2988
-3046
-3013
-2901
-2596
-1889
-881
262
1470
2629
3417
3696
3657
3241
2261
969
-227
-1258
-1979
-2135
-1971
-1690
-1071
-308
74
2
-438
-1195
-1806
-1833
-1525
-1101
-274
912
2131
3236
4016
4030
3131
1799
364
-985
-1939
-2453
-2497
-2005
-1055
57
1067
1886
2280
2168
1682
1029
440
-36
-191
-10
205
464
929
1451
1686
1620
1407
1061
781
759
935
1219
1590
2025
2441
2776
2855
2558
2021
1468
971
556
366
379
465
689
1093
1570
2000
2339
2473
2438
2395
2237
1939
1623
1390
1293
1261
1347
1330
603
-967
-2787
-4353
-5651
-6549
-6988
-7029
-6479
-5249
-3402
-1443
28
1058
1634
1586
1038
272
-519
-1254
-1875
-2368
-2636
-2596
-2202
-1670
-1528
-1741
-1937
-2091
-2107
-1902
-1768
-1776
-1496
-753
125
840
1225
1251
1157
1118
977
557
80
-170
-280
-261
-111
-40
-72
-99
-194
-433
-685
-874
-1004
-909
-641
-425
-87
562
1214
1538
1665
1581
1235
857
460
-52
-562
-823
-730
-353
109
446
761
1149
1501
1692
1635
1392
1108
907
775
636
509
456
473
517
554
498
455
542
621
689
865
1186
1634
2172
2624
2759
2638
2401
2086
1660
1118
607
237
114
259
494
795
1157
1461
1591
1553
1373
1000
699
609
512
419
524
822
1082
1286
1458
1382
1109
868
667
232
-551
-1447
-2353
-3235
-4011
-4579
-4925
-5178
-5217
-4839
-4167
-3455
-2626
-1592
-779
-302
191
591
664
582
429
-49
-733
-1199
-1502
-1841
-2107
-2292
-2433
-2383
-2066
-1713
-1552
-1414
-1153
-812
-406
6
312
500
791
1128
1249
1262
1190
928
522
145
-166
-555
-833
-868
-862
-879
-717
-320
-40
119
349
500
544
596
665
634
521
521
646
781
857
851
736
521
399
392
315
264
358
491
671
945
1172
1204
1156
1090
937
814
760
673
555
545
707
898
1129
1405
1567
1682
1868
2073
2156
2065
1867
1564
1258
1049
922
857
787
778
821
813
807
752
605
460
403
439
558
793
1037
1207
1355
1533
1646
1556
1281
841
316
-99
-370
-569
-736
-932
-1237
-1537
-1744
-2059
-2565
-3106
-3562
-3906
-3974
-3672
-3233
-2767
-2205
-1595
-1076
-683
-407
-348
-513
-781
-1098
-1436
-1628
-1625
-1632
-1638
-1531
-1345
-1124
-953
-909
-935
-951
-946
-867
-780
-713
-501
-179
144
418
544
503
380
267
153
-2
-206
-300
-277
-301
-199
82
257
294
324
284
169
84
3
-70
-111
-33
233
598
959
1210
1318
1359
1383
1308
1048
716
392
114
37
164
370
614
878
1108
1281
1410
1435
1330
1176
1028
910
866
975
1217
1444
1610
1795
1994
2033
1828
1518
1129
687
435
406
400
375
396
431
504
659
692
573
491
485
590
793
999
1147
1196
1235
1307
1298
1128
828
494
181
-96
-381
-635
-823
-1089
-1351
-1525
-1726
-1955
-2208
-2396
-2450
-2452
-2401
-2187
-1846
-1623
-1509
-1395
-1328
-1289
-1247
-1255
-1427
-1629
-1600
-1466
-1332
-1146
-1044
-1030
-870
-622
-560
-621
-694
-850
-1011
-1038
-953
-907
-940
-898
-739
-565
-419
-237
-21
34
-27
49
196
205
150
138
64
-13
35
66
-24
-95
-57
-2
99
275
359
378
515
706
832
982
1142
1199
1217
1188
1076
938
786
603
445
358
311
362
558
802
1036
1223
1393
1517
1489
1412
1336
1218
1097
1026
1035
1093
1177
1244
1266
1237
1141
969
681
375
164
27
-21
46
216
445
737
1058
1220
1163
1012
839
653
486
392
326
279
319
425
530
540
468
345
158
-65
-308
-568
-760
-816
-810
-793
-741
-737
-819
-954
-1176
-1518
-1911
-2240
-2463
-2546
-2487
-2347
-2139
-1820
-1400
-1048
-811
-623
-581
-704
-854
-982
-1155
-1317
-1383
-1327
-1167
-1002
-866
-762
-714
-708
-747
-805
-869
-917
-905
-793
-582
-342
-101
95
223
310
317
275
239
169
119
189
316
441
543
584
608
578
421
254
152
42
-3
115
295
480
717
929
1025
1051
1051
1002
890
750
648
594
584
631
700
780
860
930
1016
1089
1092
1056
1052
1071
1063
1047
1047
1059
1045
1024
1000
896
697
464
268
141
47
27
137
318
482
631
819
977
1061
1088
1059
978
877
806
737
671
608
509
409
321
218
44
-180
-339
-455
-556
-596
-551
-459
-388
-348
-358
-435
-621
-906
-1208
-1519
-1793
-1963
-1999
-1949
-1894
-1778
-1578
-1342
-1146
-1033
-972
-992
-1066
-1157
-1251
-1310
-1368
-1380
-1315
-1224
-1101
-942
-760
-632
-577
-539
-530
-549
-563
-523
-493
-511
-466
-370
-320
-301
-256
-198
-149
-28
148
248
296
364
432
441
388
319
241
171
161
207
232
254
341
425
444
439
414
386
380
381
370
385
453
545
685
848
954
984
1007
1059
1021
907
826
762
700
695
784
867
932
1012
1074
1142
1156
1096
1002
831
627
470
391
390
456
549
617
711
813
872
903
871
776
690
659
672
679
678
723
784
774
709
596
388
153
-6
-156
-353
-484
-535
-560
-567
-551
-531
-543
-569
-620
-744
-910
-1047
-1138
-1230
-1310
-1329
-1275
-1188
-1136
-1155
-1245
-1370
-1469
-1519
-1523
-1487
-1406
-1288
-1150
-1015
-879
-756
-711
-755
-813
-850
-895
-950
-938
-851
-790
-710
-522
-357
-311
-275
-217
-211
-190
-113
-94
-81
23
152
233
303
334
254
165
117
47
-53
-124
-101
-28
64
203
373
498
577
652
688
664
597
553
577
612
665
749
834
919
981
971
916
848
729
617
578
549
543
624
797
981
1112
1204
1256
1209
1087
933
722
480
314
250
249
317
425
510
602
693
745
743
697
662
613
565
560
541
492
434
371
278
174
74
-41
-109
-158
-220
-260
-269
-250
-229
-218
-232
-255
-272
-326
-423
-542
-685
-867
-1021
-1101
-1174
-1269
-1295
-1243
-1195
-1158
-1109
-1075
-1096
-1127
-1161
-1218
-1255
-1257
-1201
-1060
-896
-762
-641
-529
-456
-440
-501
-626
-726
-803
-862
-830
-736
-651
-557
-422
-306
-257
-229
-183
-160
-170
-133
-37
51
146
257
323
345
334
280
205
135
88
61
57
119
266
420
533
660
773
814
830
827
776
696
651
655
666
700
788
908
1021
1085
1089
1069
1031
958
881
794
696
634
638
672
712
756
785
789
787
776
742
701
698
695
669
658
651
624
584
531
456
372
284
195
122
60
-21
-107
-142
-128
-146
-178
-170
-191
-246
-286
-330
-407
-491
-542
-575
-599
-629
-681
-714
-736
-771
-810
-851
-895
-935
-948
-938
-936
-928
-924
-933
-961
-1031
-1115
-1176
-1199
-1210
-1215
-1142
-980
-789
-600
-421
-322
-298
-279
-302
-364
-436
-524
-559
-531
-472
-403
-328
-256
-196
-133
-85
-53
-25
-1
45
103
185
298
401
485
540
549
533
495
415
304
224
199
228
306
431
577
676
786
935
1015
1030
1029
988
891
779
705
668
654
625
591
555
512
503
511
500
497
494
508
579
633
661
701
720
747
767
741
688
618
538
457
369
273
181
93
12
-47
-83
-122
-172
-189
-164
-172
-207
-200
-188
-205
-221
-224
-260
-342
-408
-460
-522
-576
-618
-648
-669
-682
-677
-668
-665
-663
-643
-613
-607
-591
-592
-643
-687
-739
-812
-862
-880
-899
-883
-810
-743
-674
-575
-479
-427
-396
-364
-370
-394
-389
-402
-427
-407
-339
-261
-197
-147
-117
-83
-35
-8
-3
20
66
114
189
279
325
314
300
296
269
238
242
258
276
346
447
517
554
613
654
637
620
609
587
572
605
660
700
760
813
801
764
719
621
493
372
272
197
169
198
261
342
448
545
582
575
546
488
402
310
224
157
125
134
163
175
185
188
151
105
61
-28
-146
-215
-234
-244
-227
-189
-179
-182
-187
-188
-216
-292
-353
-402
-464
-494
-475
-436
-391
-341
-298
-292
-316
-359
-422
-490
-542
-577
-601
-601
-565
-520
-469
-419
-380
-354
-335
-320
-324
-332
-343
-355
-339
-307
-294
-292
-264
-236
-225
-210
-207
-214
-241
-265
-251
-224
-202
-174
-135
-100
-70
-45
-24
3
18
23
55
103
146
180
204
215
202
181
180
203
207
198
227
264
298
339
397
451
461
474
496
482
454
436
423
416
428
432
418
412
412
408
382
356
327
297
295
305
298
281
262
243
231
204
157
115
89
61
34
36
56
67
69
79
83
52
7
-47
-128
-218
-282
-294
-293
-301
-276
-236
-208
-184
-151
-143
-157
-160
-165
-175
-190
-199
-212
-255
-298
-329
-383
-432
-441
-437
-422
-382
-321
-255
-181
-119
-81
-50
-36
-23
-10
-39
-82
-116
-155
-198
-217
-228
-250
-237
-176
-133
-130
-117
-90
-70
-54
-40
-37
-32
-3
31
55
88
117
127
140
132
90
56
57
73
81
101
140
182
230
255
229
181
148
115
95
92
80
81
132
216
293
352
380
378
356
320
260
191
131
82
53
46
64
97
130
172
200
200
193
186
179
156
118
89
61
40
19
-7
-32
-69
-85
-77
-83
-93
-119
-156
-163
-149
-118
-95
-91
-80
-68
-62
-69
-107
-156
-198
-232
-259
-278
-289
-294
-273
-238
-193
-155
-123
-78
-50
-55
-50
-25
-22
-20
-16
-38
-70
-91
-92
-104
-123
-135
-145
-140
-131
-111
-83
-72
-44
7
61
112
147
168
160
131
100
54
-1
-47
-76
-100
-104
-75
-66
-67
-52
-31
-13
2
28
51
83
126
158
174
172
140
97
66
33
2
-13
-16
-9
6
38
84
110
124
148
152
137
122
119
121
116
112
116
126
140
144
120
74
29
-14
-59
-93
-101
-92
-64
-12
38
80
111
108
100
98
71
23
-14
-32
-54
-72
-55
-31
-30
-38
-35
-45
-76
-106
-123
-131
-140
-137
-115
-88
-68
-60
-47
-44
-63
-92
-123
-134
-134
-126
-93
-50
-15
26
55
59
50
13
