-2
-6
2
2
-1
3
10
14
14
5
2
12
11
15
15
9
9
5
3
0
-5
-3
-5
-4
-2
-4
-5
-1
-3
-1
1
3
7
-2
10
15
0
8
8
6
10
4
10
7
-1
9
-3
-1
11
3
3
-1
0
-1
0
3
-6
-4
7
11
3
5
7
0
0
4
3
-4
-6
1
0
2
6
5
-1
-11
-4
-4
-7
1
-5
5
7
-2
3
1
0
-5
-11
-8
-8
-5
-5
-2
-5
-7
-4
-12
-10
-7
-9
0
-3
-11
-5
-8
-13
-2
-2
-14
-9
-4
-1
-2
-11
-4
-7
-18
-11
-15
-17
-7
-6
-5
-4
-3
3
3
8
10
2
9
14
10
15
13
11
9
2
8
5
6
7
2
5
5
13
5
7
13
4
11
1
-3
2
2
3
-5
-1
1
-8
-2
1
-1
-7
-6
4
7
4
4
8
7
1
5
5
1
0
0
-1
-4
0
-2
-4
-4
-6
-5
-7
-1
-1
-4
-4
1
11
8
6
10
5
-1
-1
6
0
-8
-8
-6
-2
-10
-8
1
0
-1
0
1
-4
0
7
3
2
6
10
5
1
-4
-4
-2
2
2
-8
-6
5
6
1
-9
-7
4
-4
-5
-1
-7
-9
-4
4
7
-3
-10
-8
-6
-6
-6
-2
6
3
3
11
12
17
16
18
28
21
5
5
10
11
12
8
9
10
4
2
7
8
-3
2
11
17
20
14
21
23
20
14
6
3
-4
-4
-4
-6
-4
-19
-21
-11
-13
-14
-6
1
8
7
19
37
33
28
24
22
23
19
28
20
8
19
9
-2
-5
-5
-16
-34
-25
-18
-25
-29
-31
-28
-29
-28
-31
-43
-40
-32
-27
-15
-13
-20
-28
-40
-40
-31
-40
-48
-41
-46
-43
-29
-14
-21
-52
-43
-26
-39
-59
-64
-57
-72
-86
-70
-56
-70
-76
-55
-40
-34
-25
-11
-2
-17
-20
-4
3
-6
-11
8
19
18
29
43
47
38
35
45
41
38
33
32
50
66
81
98
114
123
111
99
112
113
82
87
101
95
92
98
118
113
75
82
116
118
119
136
156
165
150
169
183
166
153
138
150
155
135
139
148
141
118
114
129
127
98
67
84
95
71
70
99
122
114
137
216
269
261
225
207
165
39
-110
-237
-411
-663
-894
-1034
-1163
-1338
-1466
-1485
-1456
-1423
-1319
-1127
-916
-761
-604
-362
-148
-17
99
234
344
374
415
491
508
450
386
351
288
190
108
32
-70
-182
-251
-292
-326
-328
-293
-234
-164
-47
102
216
319
427
498
533
593
680
729
739
777
834
880
946
1043
1112
1119
1115
1156
1195
1187
1167
1140
1082
1018
997
1016
1004
904
761
663
631
631
608
598
709
839
901
969
1056
900
187
-695
-1353
-2104
-3150
-4121
-4605
-4881
-5250
-5141
-4232
-3275
-2745
-2079
-897
208
726
1125
1756
2064
1802
1623
1893
2115
1861
1526
1614
1876
1837
1559
1346
1110
470
-511
-1261
-1664
-2288
-3305
-4022
-3951
-3626
-3543
-3174
-2175
-1167
-583
83
1238
2179
2268
2069
2236
2404
2054
1503
1295
1276
945
539
579
844
753
226
-136
-82
-243
-883
-1434
-1570
-1716
-2155
-2310
-1786
-1236
-1104
-837
5
894
1236
1377
1807
2110
1864
1540
1571
1629
1303
878
909
1202
1247
1212
1448
1794
1883
1735
1736
1840
1611
1093
690
521
349
65
-43
177
412
462
561
923
1361
1457
1335
1494
1750
1653
1357
1283
1281
618
-599
-1426
-1935
-2932
-4242
-4990
-5173
-5601
-6112
-5694
-4615
-4022
-3789
-2946
-1565
-638
-274
419
1398
1776
1671
1926
2593
2900
2564
2347
2689
2892
2489
1942
1705
1386
396
-744
-1235
-1559
-2493
-3614
-3975
-3668
-3672
-3934
-3509
-2566
-2052
-1883
-1167
16
612
455
567
1222
1525
1205
1022
1388
1633
1289
1106
1577
1918
1541
1026
1086
1252
696
-122
-391
-449
-944
-1527
-1452
-995
-968
-1112
-620
268
789
927
1258
1834
2087
2001
2126
2419
2412
2116
1966
2166
2342
2210
2067
2130
2238
2236
2152
2111
1963
1506
1093
980
912
760
607
657
867
1058
1377
1568
989
-112
-1048
-2002
-3346
-4844
-5915
-6712
-7745
-8148
-7213
-5957
-5223
-4393
-2740
-897
213
1182
2531
3267
3003
2750
3109
3423
2948
2224
2055
2129
2034
1898
1835
1751
1206
212
-535
-917
-1575
-2925
-4364
-4933
-4949
-5242
-5343
-4590
-3553
-2940
-2224
-594
1156
1793
1791
2208
2772
2613
1920
1574
1464
853
116
154
758
983
681
680
1224
1511
1166
783
638
182
-745
-1407
-1386
-1358
-1797
-2039
-1505
-646
-59
448
1249
2019
2296
2410
2884
3359
3227
2700
2449
2601
2616
2356
2318
2508
2496
2331
2454
2915
3007
2434
1863
1643
1483
1069
528
294
241
69
121
689
1312
1089
-97
-1073
-1551
-2651
-4422
-5897
-6865
-8033
-9243
-9005
-7437
-6445
-6048
-4672
-2295
-333
840
2289
3828
4090
3572
3736
4295
4030
2889
2030
1980
1922
1608
1556
1627
1363
600
-150
-330
-647
-1886
-3529
-4615
-4980
-5366
-5879
-5669
-4875
-4333
-3722
-2239
-265
980
1354
1940
2876
3266
3022
2743
2465
1787
874
435
570
601
279
80
386
921
1186
1148
1054
873
373
-252
-553
-696
-1166
-1834
-2046
-1551
-935
-574
-54
727
1343
1754
2364
3176
3490
3118
2861
3024
3083
2875
2688
2696
2671
2517
2748
3285
3398
3075
2665
2513
2594
2349
1899
1599
1371
1193
1115
1378
1682
870
-889
-2112
-2862
-4184
-6064
-7443
-8114
-9243
-10232
-9336
-7517
-6705
-6303
-4640
-2070
-389
586
2317
3859
3863
3501
4133
5010
4669
3463
2980
3155
2907
2422
2212
2106
1516
317
-545
-687
-1218
-2820
-4585
-5346
-5407
-5942
-6493
-5928
-4978
-4661
-4173
-2409
-274
548
589
1461
2697
2957
2578
2632
2795
2064
1048
991
1481
1342
678
570
1103
1385
1240
1164
1204
865
102
-424
-473
-689
-1362
-1972
-1952
-1412
-1009
-694
-23
756
1325
1827
2576
3473
3759
3412
3382
3698
3816
3523
3116
3104
2992
2488
2280
2435
2279
1556
957
1399
2083
1811
1524
2031
2579
2594
2730
3658
3949
2032
-211
-1042
-2173
-4646
-7155
-8337
-9289
-11210
-11827
-9952
-8259
-8081
-7313
-4728
-2042
-931
95
2179
3234
2699
2603
3713
4524
3759
2749
3198
4011
3933
3683
3869
4049
3211
1749
1146
893
-633
-3152
-4986
-5561
-6129
-7370
-7768
-6866
-6159
-5858
-4666
-2263
-401
-20
438
1874
2934
2773
2410
2602
2530
1553
874
1283
1676
1248
795
1236
1958
2000
1731
1720
1589
936
72
-389
-621
-1296
-2151
-2566
-2325
-1819
-1564
-1190
-353
490
1069
1746
2722
3552
3565
3358
3782
4164
4021
3771
3795
3926
3703
3555
4014
4270
3895
3439
3236
3378
3206
2560
2165
2040
1824
1581
1639
1954
1490
-468
-2159
-2890
-4252
-6421
-8240
-9027
-10032
-11576
-11330
-9279
-8131
-7871
-6305
-3442
-1266
-269
1488
3735
4185
3721
4389
5482
5357
4185
3599
3895
3632
3034
2943
2885
2388
1315
344
-23
-662
-2282
-4210
-5475
-5970
-6658
-7621
-7513
-6650
-6235
-5772
-4168
-1885
-566
-165
940
2579
3215
3068
3254
3569
3009
1937
1674
1979
1708
959
779
1216
1382
1185
1195
1320
1006
339
-95
-189
-529
-1202
-1732
-1920
-1754
-1501
-1220
-663
39
659
1287
2073
3035
3665
3657
3841
4291
4465
4379
4203
4261
4207
3838
3873
4219
4093
3595
3129
2995
3058
2634
2112
1966
1796
1523
1364
1579
1713
371
-1768
-2936
-3977
-5850
-7940
-9131
-9788
-11292
-12104
-10515
-8544
-7981
-7139
-4640
-1945
-592
669
3040
4371
3842
3754
4832
5363
4442
3431
3511
3542
2894
2664
2872
2724
1815
734
270
-87
-1241
-3074
-4601
-5416
-6050
-6944
-7276
-6637
-6078
-5822
-4824
-2713
-888
-237
459
1902
2950
2998
2952
3371
3298
2270
1605
1833
1987
1408
937
1289
1720
1693
1643
1913
1916
1358
739
482
300
-398
-1301
-1823
-1920
-1851
-1777
-1437
-708
-72
462
1282
2401
3282
3568
3826
4327
4771
4788
4676
4795
4746
4478
4362
4580
4648
4211
3765
3785
3813
3343
2906
2808
2655
2206
1850
1836
973
-1297
-3332
-4712
-6491
-8719
-10427
-11158
-12202
-13310
-12501
-10379
-9043
-8137
-6053
-3198
-1164
131
2248
4238
4412
4189
4943
5809
5533
4531
4290
4500
4035
3550
3573
3493
2767
1524
630
214
-789
-2640
-4429
-5619
-6398
-7431
-8194
-7783
-7163
-6961
-6288
-4442
-2347
-1288
-543
989
2479
2873
2920
3453
3707
3008
2208
2287
2569
2055
1413
1503
1996
2075
1851
2013
2183
1716
864
465
406
-270
-1366
-2013
-2067
-2074
-2225
-1895
-1105
-471
62
991
2223
3097
3598
4007
4587
5127
5319
5440
5335
5242
5212
4991
4867
4769
4561
4165
3810
3757
3697
3366
2983
2896
2876
2596
1928
373
-1555
-3428
-5577
-7684
-9659
-11072
-12408
-13842
-13770
-12212
-10711
-9699
-7837
-4983
-2610
-998
1156
3723
4619
4379
5035
6138
6146
5079
4593
4889
4400
3649
3758
4006
3474
2270
1483
1150
313
-1352
-3120
-4510
-5773
-7023
-8173
-8385
-8075
-8034
-7575
-6113
-3957
-2451
-1513
54
1825
2770
3092
3690
4211
3752
2873
2637
2757
2308
1535
1363
1695
1862
1732
1882
2173
1961
1393
886
781
304
-812
-1682
-2097
-2223
-2452
-2463
-1887
-1178
-623
167
1406
2582
3364
3725
4258
5053
5318
5262
5264
5289
5303
4898
4771
5043
4719
4323
4188
4281
4251
3953
3886
3879
3691
3337
2780
977
-1304
-3142
-5485
-8085
-10489
-11989
-13407
-15294
-15349
-13515
-12106
-11236
-9060
-5664
-3088
-1502
1034
4027
4987
4735
5707
6996
6841
5728
5321
5759
5172
4296
4451
4697
4232
3014
2169
1792
844
-1011
-3082
-4638
-6042
-7653
-9208
-9616
-9253
-9382
-9103
-7439
-4974
-3258
-2219
-209
2072
3116
3441
4214
4999
4492
3435
3208
3368
2722
1672
1466
1848
1955
1714
1910
2398
2257
1676
1230
1124
642
-616
-1699
-2189
-2519
-2944
-3168
-2723
-1964
-1380
-539
847
2240
3261
3905
4562
5545
6069
6015
5979
6004
6043
5590
5112
5237
5032
4392
4122
4288
4293
3910
3693
3909
3909
3467
2996
1485
-965
-2981
-5088
-7590
-10149
-11975
-13299
-15166
-15750
-14059
-12337
-11543
-9789
-6474
-3548
-1781
486
3609
5044
4806
5523
6892
7031
5992
5378
5672
5350
4493
4440
4673
4329
3334
2428
2011
1319
-312
-2454
-4176
-5585
-7184
-8907
-9757
-9642
-9794
-9764
-8433
-6122
-4256
-3098
-1217
1181
2706
3391
4213
5167
5035
4168
3847
3898
3376
2278
1784
1954
1996
1747
1782
2139
2060
1670
1339
1239
903
-175
-1233
-1879
-2342
-2748
-3114
-3005
-2500
-2054
-1304
-12
1410
2560
3400
4213
5242
6000
6205
6364
6341
6224
6010
5543
5444
5170
4481
4134
4055
4081
3879
3559
3568
3571
3317
3062
2169
-30
-2212
-4212
-6583
-9030
-11235
-12630
-14306
-15688
-14818
-12974
-11888
-10662
-7978
-4780
-2555
-599
2387
4668
4882
5106
6343
7068
6415
5442
5354
5345
4483
4105
4399
4367
3749
2768
2350
2101
1018
-875
-2757
-4210
-5751
-7589
-8990
-9276
-9563
-10112
-9531
-7652
-5608
-4339
-2856
-458
1539
2631
3613
4818
5339
4731
4147
4156
3947
2972
2066
1927
2058
1920
1781
2133
2436
2182
1762
1630
1579
840
-369
-1243
-1780
-2331
-2970
-3222
-2891
-2541
-2125
-1158
285
1630
2561
3445
4612
5755
6301
6559
6763
6819
6655
6113
5919
5765
5066
4405
4165
4270
4044
3670
3708
3855
3734
3492
3057
1392
-988
-3054
-5262
-7809
-10394
-12207
-13844
-15732
-15903
-14342
-12939
-11955
-9874
-6553
-3872
-1860
914
3814
4905
4975
5991
7102
6906
5915
5473
5517
4901
4272
4394
4581
4286
3480
2914
2697
2033
447
-1610
-3241
-4767
-6663
-8513
-9420
-9717
-10420
-10553
-9222
-7211
-5727
-4447
-2248
137
1694
2776
4082
5112
5026
4525
4446
4401
3680
2591
2077
2053
1910
1708
1822
2166
2157
1832
1692
1705
1322
323
-658
-1323
-1937
-2629
-3167
-3199
-2964
-2688
-1998
-705
685
1821
2806
3962
5237
6091
6622
7045
7253
7143
6805
6498
6158
5547
4805
4441
4268
3927
3724
3713
3691
3674
3696
3630
2389
77
-1756
-3708
-6389
-9121
-11119
-12746
-15010
-16232
-15137
-13576
-12883
-11399
-8223
-5156
-3033
-566
2749
4760
4946
5592
6954
7315
6459
5664
5553
5228
4371
4125
4383
4390
3884
3165
2983
2903
1874
-25
-1713
-3027
-4719
-6879
-8334
-8857
-9736
-10616
-10117
-8413
-6948
-5944
-4191
-1698
273
1608
3089
4451
4946
4716
4642
4785
4391
3411
2574
2242
2136
1974
1879
2094
2230
2088
1935
1922
1845
1165
42
-896
-1547
-2291
-3107
-3644
-3714
-3574
-3312
-2369
-973
268
1306
2453
3938
5243
6022
6659
7158
7229
7098
6944
6751
6250
5392
4800
4585
4386
4048
3946
3949
3892
3950
4050
3982
2396
8
-1829
-4004
-6700
-9543
-11612
-13446
-15818
-16773
-15544
-14076
-13358
-11667
-8396
-5238
-2963
-281
3068
4879
5099
5935
7297
7620
6704
5784
5708
5289
4430
4282
4511
4528
3853
3156
3209
3158
1959
-11
-1588
-2965
-4820
-7014
-8364
-9035
-10268
-11116
-10457
-8745
-7381
-6385
-4437
-1963
-45
1445
3095
4533
4965
4804
4883
5082
4625
3549
2784
2481
2269
2026
1969
2216
2218
2024
2005
2118
2004
1220
208
-643
-1360
-2109
-2926
-3390
-3572
-3530
-3158
-2221
-808
310
1277
2504
3971
5313
6095
6745
7229
7254
7139
6993
6819
6239
5311
4651
4439
4352
3961
3797
3866
3924
4008
4046
4123
2716
202
-1720
-3698
-6212
-9174
-11436
-13177
-15547
-16768
-15678
-14100
-13432
-12082
-8951
-5682
-3388
-875
2525
4543
4765
5608
7145
7729
6806
5841
5864
5492
4644
4453
4730
4728
3999
3365
3444
3464
2374
450
-1164
-2451
-4132
-6380
-7872
-8585
-9845
-10969
-10649
-8937
-7650
-7015
-5290
-2750
-751
569
2235
4017
4584
4383
4619
5098
4751
3623
2856
2688
2489
2162
2147
2413
2428
2203
2194
2432
2351
1552
474
-442
-1148
-1923
-2848
-3463
-3758
-3836
-3630
-2814
-1417
-313
538
1718
3332
4798
5633
6315
6975
7185
7023
7022
7026
6549
5592
4875
4864
4756
4291
4121
4266
4304
4274
4420
4677
3419
774
-1078
-2944
-5594
-8681
-11114
-12915
-15565
-17178
-16308
-14844
-14330
-13183
-10136
-6836
-4418
-1878
1629
3912
4348
5310
6977
7772
7087
6137
6043
5776
4987
4791
4994
5001
4439
3729
3745
3858
2949
1034
-739
-2093
-3811
-6149
-7964
-8815
-10130
-11508
-11394
-9809
-8417
-7788
-6175
-3543
-1347
188
1995
3956
4726
4651
4925
5518
5365
4306
3476
3228
3035
2710
2603
2779
2824
2595
2526
2774
2750
1984
810
-177
-896
-1721
-2775
-3530
-3913
-4104
-4002
-3323
-1961
-795
35
1240
2892
4468
5423
6179
6941
7255
7202
7171
7248
6882
5954
5134
4908
4885
4417
4084
4184
4286
4283
4278
4605
3904
1535
-559
-2310
-4640
-7690
-10469
-12298
-14634
-16709
-16597
-15216
-14444
-13679
-11194
-7855
-5191
-2853
337
3131
4048
4854
6392
7481
7279
6372
6121
6026
5416
5097
5204
5259
4911
4259
4017
4163
3611
1966
88
-1474
-3036
-5249
-7386
-8557
-9838
-11339
-11797
-10762
-9353
-8599
-7402
-5032
-2608
-856
922
2934
4217
4507
4748
5447
5620
4741
3850
3514
3314
2937
2659
2847
2891
2602
2557
2735
2784
2196
1175
238
-613
-1451
-2409
-3272
-3782
-4113
-4218
-3758
-2661
-1436
-572
491
2096
3711
4862
5696
6599
7056
7027
7057
7268
7106
6177
5324
4848
4657
4358
3915
3875
3912
3892
3926
4166
4296
3052
689
-1108
-2684
-5206
-8263
-10591
-12237
-14546
-16227
-15530
-14040
-13600
-12812
-9983
-6642
-4384
-2216
1048
3492
4051
4834
6494
7504
6839
5879
5881
5924
5331
4927
5114
5172
4652
3932
3979
4221
3341
1489
-266
-1412
-2972
-5282
-7135
-8167
-9435
-10891
-11060
-9746
-8533
-8090
-6790
-4283
-2088
-631
966
2898
3916
3994
4418
5181
5149
4263
3537
3326
3198
2863
2762
2859
2796
2716
2659
2801
2805
2189
1174
173
-584
-1318
-2307
-3229
-3719
-4069
-4198
-3742
-2759
-1629
-799
213
1819
3351
4440
5325
6065
6574
6679
6697
6960
6714
5968
5228
4687
4596
4363
3975
3834
3832
3891
3917
4054
4168
3208
987
-870
-2384
-4713
-7628
-10094
-11770
-13813
-15594
-15296
-13949
-13443
-12765
-10364
-7146
-4714
-2682
353
2902
3745
4559
6124
7259
6868
5971
5928
6008
5443
5083
5185
5169
4712
4075
4060
4193
3462
1879
243
-984
-2403
-4468
-6394
-7572
-8901
-10346
-10719
-9817
-8756
-8338
-7259
-4980
-2859
-1320
316
2160
3325
3699
4234
5053
5173
4451
3865
3649
3474
3217
3003
3008
2934
2772
2807
2894
2817
2309
1383
513
-169
-873
-1792
-2758
-3452
-3839
-4025
-3799
-2988
-2058
-1255
-290
1147
2757
3908
4743
5573
6232
6500
6554
6748
6715
6124
5389
4911
4770
4529
4074
3790
3843
3938
3828
3870
4046
3581
1700
-306
-1504
-3386
-6225
-8937
-10551
-12235
-14542
-15102
-13861
-13107
-13035
-11432
-8216
-5595
-3879
-1367
1787
3298
3807
5219
6761
6973
6039
5612
5944
5668
4942
4734
4845
4701
4067
3668
3935
3762
2484
803
-318
-1302
-3078
-5263
-6707
-7626
-9119
-10247
-9934
-8908
-8380
-8000
-6316
-3968
-2305
-1012
748
2435
3178
3519
4235
4904
4638
3921
3607
3540
3362
3023
2850
2906
2858
2740
2735
2813
2651
1948
1055
370
-239
-1109
-2189
-3024
-3505
-3864
-4027
-3636
-2848
-2065
-1250
-111
1454
2832
3732
4653
5540
6139
6381
6418
6602
6431
5829
5361
4969
4715
4377
3945
3774
3801
3816
3697
3690
3697
3278
1733
-120
-1331
-3214
-5849
-8402
-10096
-11565
-13678
-14476
-13565
-12854
-12685
-11321
-8414
-5813
-4138
-1936
1089
2866
3486
4714
6230
6678
5997
5560
5856
5696
4918
4608
4623
4531
4030
3487
3570
3483
2488
978
-130
-971
-2416
-4461
-5964
-6750
-8025
-9214
-9226
-8387
-7844
-7642
-6390
-4273
-2665
-1581
-87
1565
2526
2958
3612
4390
4434
3891
3600
3670
3587
3229
2919
2940
2993
2831
2728
2786
2745
2137
1319
756
243
-536
-1604
-2355
-2770
-3203
-3521
-3354
-2728
-2075
-1467
-555
824
2050
2871
3723
4670
5394
5683
5827
6142
6204
5739
5302
4995
4763
4467
4001
3764
3812
3867
3716
3674
3755
3536
2210
323
-793
-2373
-4953
-7533
-9262
-10679
-12858
-14146
-13525
-12712
-12717
-11763
-9104
-6505
-4743
-2794
182
2385
3130
4241
5816
6572
6122
5544
5652
5669
4934
4366
4346
4298
3940
3373
3341
3541
2827
1402
343
-370
-1599
-3558
-5246
-6091
-7321
-8774
-9153
-8590
-8150
-8144
-7289
-5377
-3668
-2551
-1129
648
1848
2524
3244
4183
4558
4211
3966
3962
3944
3666
3299
3175
3173
3102
2959
2846
2822
2493
1725
1045
604
47
-974
-1982
-2460
-2796
-3244
-3361
-2870
-2273
-1857
-1215
65
1430
2263
3098
4099
4904
5362
5611
6016
6214
5864
5525
5241
4959
4757
4379
4011
3908
3972
3841
3628
3602
3619
2581
612
-509
-1764
-4149
-6821
-8645
-9864
-12101
-13850
-13471
-12683
-12920
-12418
-9970
-7382
-5723
-3935
-909
1524
2359
3582
5367
6347
6131
5651
5774
5849
5239
4706
4579
4481
4220
3665
3478
3781
3431
2144
1077
568
-316
-2155
-4013
-4890
-6090
-7838
-8680
-8464
-8272
-8590
-8135
-6498
-4831
-3768
-2391
-504
886
1899
2832
3911
4619
4557
4460
4489
4450
4209
3776
3442
3343
3174
2863
2644
2525
2271
1595
882
490
12
-892
-1800
-2336
-2713
-3180
-3481
-3216
-2820
-2513
-1948
-905
341
1245
2123
3182
4097
4795
5355
5834
6163
6173
6040
5853
5489
5277
5032
4492
4152
4167
4020
3664
3480
3580
3073
1264
-100
-946
-2873
-5412
-7474
-8801
-10724
-12930
-13400
-12738
-12859
-13026
-11411
-8944
-7038
-5441
-2952
-38
1472
2565
4387
5963
6389
5989
5943
6328
6055
5226
4881
4865
4567
3918
3495
3782
3753
2656
1590
1162
513
-982
-2797
-3914
-4983
-6794
-8188
-8442
-8440
-8906
-8930
-7844
-6251
-5002
-3845
-1990
-208
1129
2297
3496
4679
5078
5022
5083
5274
5162
4543
4029
3778
3563
3052
2651
2631
2382
1779
1136
860
591
-174
-1072
-1660
-2066
-2675
-3235
-3338
-3159
-3094
-2915
-2134
-1040
-142
611
1663
2901
3845
4571
5307
5904
6176
6188
6152
6055
5633
5119
4661
4200
3805
3533
3305
2999
2889
2879
2604
1531
254
-638
-2211
-4309
-6215
-7661
-9351
-11483
-12459
-12254
-12213
-12457
-11486
-9388
-7573
-6014
-3858
-1044
843
1895
3468
5152
5975
5840
5723
5986
5858
5165
4687
4653
4492
3935
3468
3637
3890
3328
2326
1805
1364
219
-1448
-2773
-3818
-5497
-7209
-8005
-8217
-8683
-9129
-8581
-7301
-6048
-4874
-3259
-1407
125
1461
2769
4041
4834
5052
5102
5159
5184
4824
4139
3646
3383
3011
2557
2358
2354
2080
1512
1141
1015
579
-312
-1158
-1763
-2356
-3078
-3632
-3718
-3716
-3690
-3251
-2279
-1117
-134
905
2147
3465
4547
5355
6096
6522
6711
6653
6430
6212
5613
4912
4377
3926
3538
3155
2958
2819
2680
2584
2552
1907
543
-481
-1752
-3637
-5647
-7362
-8788
-10828
-12377
-12388
-12104
-12273
-11775
-9916
-7915
-6369
-4482
-1728
549
1629
3028
4815
5860
5925
5655
5798
5789
5147
4587
4388
4193
3716
3171
3123
3458
3230
2267
1623
1290
469
-978
-2419
-3308
-4611
-6402
-7428
-7658
-7901
-8381
-8206
-7071
-5741
-4648
-3272
-1400
216
1451
2573
3751
4699
4928
4831
4797
4736
4418
3794
3222
2946
2693
2319
2118
2191
2173
1801
1403
1243
1002
243
-754
-1492
-2101
-2831
-3518
-3776
-3770
-3735
-3452
-2668
-1491
-448
559
1723
2911
4032
4817
5414
5891
6052
6000
5821
5534
5208
4677
4013
3685
3544
3243
2982
2992
3087
3012
2845
2903
2474
987
-300
-1360
-3062
-5190
-6978
-8232
-9978
-11645
-11796
-11216
-11275
-11072
-9423
-7411
-5892
-4290
-1875
336
1261
2338
3994
5036
5127
4900
4992
5022
4623
4190
4083
3958
3635
3330
3187
3454
3393
2550
1807
1391
758
-561
-2059
-3017
-4146
-5768
-6873
-7094
-7303
-7845
-7818
-6874
-5697
-4721
-3507
-1894
-580
484
1627
2731
3565
3872
3941
3943
3933
3881
3549
3093
2780
2639
2401
2203
2244
2191
1834
1362
1164
948
290
-517
-1172
-1706
-2315
-2862
-3084
-3159
-3241
-3075
-2449
-1553
-649
213
1172
2233
3167
4001
4740
5203
5445
5515
5478
5439
5233
4877
4361
3819
3628
3505
3142
2827
2842
2800
2565
2510
2620
2224
737
-506
-1191
-2637
-4623
-6289
-7399
-8956
-10646
-10950
-10368
-10352
-10527
-9310
-7403
-5973
-4638
-2677
-493
627
1474
2996
4304
4691
4492
4476
4662
4576
4168
3896
3791
3533
3166
2917
3129
3349
2743
1855
1496
1245
332
-1037
-2035
-2837
-4166
-5496
-5944
-6110
-6709
-7099
-6653
-5620
-4727
-3922
-2655
-1319
-161
973
2037
2971
3560
3756
3795
3867
3905
3631
3010
2526
2393
2157
1762
1583
1587
1420
1023
876
981
708
48
-556
-909
-1305
-1936
-2403
-2623
-2822
-2955
-2788
-2183
-1430
-803
-76
947
2002
2877
3635
4282
4824
5112
5193
5292
5228
4976
4553
4009
3726
3613
3312
2903
2778
2903
2811
2573
2684
2841
1936
388
-466
-1330
-3104
-5166
-6531
-7613
-9456
-10844
-10688
-10266
-10570
-10399
-8772
-6910
-5630
-4198
-1987
-27
904
1986
3507
4531
4626
4380
4558
4753
4461
3935
3707
3681
3434
3130
3102
3450
3396
2605
2075
1946
1443
199
-1153
-2087
-3207
-4698
-5759
-6122
-6614
-7248
-7233
-6507
-5498
-4638
-3628
-2285
-1006
235
1395
2336
3079
3513
3578
3586
3685
3563
3102
2564
2351
2362
2149
1961
2047
2048
1868
1718
1680
1553
1015
275
-319
-851
-1455
-2079
-2606
-2936
-3093
-3143
-2819
-2162
-1488
-782
17
1077
2171
2920
3562
4181
4563
4732
4794
4819
4729
4389
4037
3808
3627
3543
3406
3158
3072
3200
3117
2921
2891
2822
2055
526
-462
-1340
-3158
-5216
-6610
-7609
-9312
-10732
-10708
-10240
-10460
-10401
-8759
-6939
-5771
-4434
-2363
-345
591
1560
3066
4139
4333
4224
4505
4814
4662
4214
4084
4205
4047
3729
3560
3764
3703
2879
2189
1940
1377
103
-1283
-2146
-3068
-4445
-5531
-5863
-6163
-6709
-6729
-6078
-5193
-4484
-3701
-2484
-1302
-252
719
1555
2294
2791
3048
3198
3412
3505
3291
2946
2803
2876
2637
2263
2127
2034
1794
1392
1167
1016
493
-235
-747
-1039
-1485
-2089
-2513
-2662
-2745
-2824
-2584
-2026
-1502
-1002
-311
626
1566
2274
2887
3524
4082
4477
4745
4930
4988
4874
4634
4439
4302
4051
3742
3403
3040
2885
2729
2460
2225
2004
1726
851
-353
-1198
-2206
-3844
-5536
-6633
-7647
-9061
-10073
-9978
-9573
-9702
-9265
-7694
-6104
-4939
-3642
-1663
162
1087
2055
3396
4334
4445
4320
4538
4742
4447
3890
3767
3779
3427
3001
2854
3064
2863
2126
1651
1446
920
-162
-1188
-1883
-2741
-3951
-4908
-5206
-5568
-6094
-6136
-5564
-4749
-4130
-3286
-2065
-928
61
999
1901
2543
3003
3240
3298
3393
3287
2986
2496
2180
2147
1841
1466
1380
1461
1291
985
959
935
573
-29
-366
-570
-1125
-1706
-2071
-2282
-2462
-2571
-2331
-1904
-1491
-973
-241
610
1471
2291
2915
3487
4020
4344
4509
4491
4476
4348
3958
3675
3465
3175
2824
2552
2376
2277
2240
2082
1978
1884
1755
1225
124
-665
-1508
-2976
-4617
-5781
-6656
-8046
-9180
-9236
-8823
-8911
-8792
-7450
-5897
-4775
-3638
-1846
-52
819
1608
2776
3727
3886
3704
3832
4014
3887
3436
3235
3324
3230
3004
2887
3136
3231
2678
2110
1892
1535
517
-721
-1538
-2329
-3497
-4571
-5001
-5283
-5789
-5934
-5473
-4673
-4007
-3326
-2309
-1298
-371
457
1135
1702
2096
2295
2322
2413
2523
2423
2105
1916
2081
2073
1839
1773
1849
1819
1534
1379
1378
1072
460
-95
-397
-774
-1338
-1809
-2013
-2075
-2172
-2040
-1659
-1235
-805
-298
449
1227
1893
2443
2841
3273
3687
3880
3878
3883
3889
3699
3437
3352
3281
2969
2617
2524
2470
2247
2086
1970
1814
1608
1431
1062
194
-607
-1353
-2496
-3785
-4778
-5567
-6775
-7845
-8020
-7810
-7968
-8027
-7063
-5873
-5076
-4107
-2548
-974
-222
531
1794
2814
3135
3150
3456
3704
3626
3386
3295
3354
3143
2831
2684
2845
2891
2334
1765
1586
1324
474
-481
-1048
-1746
-2844
-3806
-4147
-4408
-5010
-5308
-4978
-4424
-4016
-3543
-2719
-1831
-1113
-433
383
1084
1433
1701
1973
2245
2348
2257
2182
2047
1984
2006
1962
1855
1773
1759
1595
1394
1279
1114
680
101
-148
-351
-805
-1261
-1495
-1603
-1807
-1846
-1606
-1301
-1055
-704
-91
514
1073
1581
2016
2445
2839
3165
3291
3339
3432
3431
3278
3184
3214
2992
2626
2522
2600
2507
2286
2330
2413
2265
2127
2136
1766
811
-1
-737
-1891
-3266
-4363
-5329
-6660
-7686
-7861
-7805
-8072
-7947
-6913
-5850
-4985
-3818
-2232
-909
-193
763
1973
2715
2881
3002
3283
3366
3235
3099
3127
3116
2966
2945
3043
3241
3227
2812
2463
2235
1778
928
-45
-887
-1859
-3014
-3926
-4417
-4977
-5610
-5769
-5487
-5003
-4510
-3828
-2927
-2153
-1329
-406
354
880
1314
1714
1949
2114
2284
2381
2233
2056
2187
2298
2230
2137
2157
2209
1999
1787
1723
1498
955
345
-37
-408
-956
-1533
-1888
-2103
-2371
-2442
-2263
-1980
-1692
-1341
-732
-31
637
1264
1818
2365
2885
3287
3496
3633
3761
3730
3591
3528
3512
3300
2967
2867
2890
2759
2583
2563
2537
2323
2104
1917
1360
440
-415
-1297
-2505
-3799
-4835
-5869
-7062
-7855
-7947
-7964
-8178
-7843
-6862
-5924
-5090
-3833
-2262
-1145
-351
792
2023
2733
2992
3322
3685
3773
3701
3695
3734
3603
3394
3291
3309
3351
3096
2616
2248
1950
1377
469
-373
-1116
-2080
-3150
-3887
-4330
-4892
-5416
-5476
-5118
-4692
-4284
-3625
-2779
-1988
-1193
-341
490
1118
1545
1901
2222
2510
2645
2654
2577
2532
2553
2462
2388
2295
2143
1944
1700
1533
1286
874
354
-111
-503
-921
-1358
-1796
-2067
-2239
-2336
-2250
-2067
-1811
-1548
-1150
-523
144
726
1268
1856
2364
2821
3237
3533
3713
3734
3776
3816
3731
3596
3363
3046
2785
2629
2464
2203
1972
1831
1685
1493
1365
1201
603
-178
-791
-1489
-2466
-3582
-4484
-5368
-6387
-7063
-7221
-7283
-7458
-7207
-6400
-5465
-4574
-3510
-2134
-974
-59
992
2028
2729
3010
3215
3477
3600
3492
3307
3194
3031
2843
2693
2674
2690
2416
2029
1761
1528
1085
358
-367
-1054
-1884
-2740
-3346
-3817
-4384
-4842
-4934
-4681
-4342
-3969
-3370
-2651
-1920
-1141
-343
361
875
1261
1626
1977
2205
2286
2251
2148
2101
2091
2021
1924
1828
1716
1591
1461
1354
1199
877
494
183
-95
-457
-875
-1208
-1466
-1698
-1866
-1875
-1794
-1707
-1499
-1149
-695
-189
307
798
1317
1895
2439
2849
3182
3496
3677
3695
3743
3808
3683
3388
3112
2941
2734
2444
2236
2071
1868
1668
1536
1433
1233
934
424
-212
-803
-1484
-2375
-3386
-4212
-4969
-5811
-6451
-6664
-6667
-6773
-6560
-5802
-4896
-4105
-3233
-1998
-861
-20
845
1738
2384
2614
2758
2966
3048
2906
2677
2546
2420
2308
2177
2076
2081
1954
1714
1477
1308
1022
410
-231
-741
-1295
-2023
-2687
-3132
-3559
-3947
-4116
-3941
-3634
-3403
-3039
-2476
-1814
-1211
-656
-67
433
768
1014
1304
1538
1641
1665
1654
1713
1790
1821
1821
1787
1794
1763
1643
1556
1466
1230
843
504
286
-21
-471
-853
-1092
-1355
-1613
-1682
-1604
-1536
-1477
-1219
-813
-417
4
461
943
1403
1874
2324
2692
2983
3189
3321
3356
3390
3376
3184
2956
2790
2657
2447
2206
2057
1874
1639
1480
1404
1246
965
645
221
-312
-897
-1524
-2281
-3124
-3833
-4485
-5133
-5627
-5849
-5919
-5979
-5752
-5139
-4464
-3849
-3053
-2035
-1128
-395
362
1143
1655
1861
2083
2339
2418
2291
2181
2171
2116
1982
1889
1898
1868
1729
1566
1474
1363
1053
602
157
-271
-795
-1422
-1976
-2424
-2886
-3302
-3490
-3480
-3400
-3270
-2991
-2530
-2022
-1531
-1015
-486
5
414
751
1070
1338
1497
1590
1677
1773
1846
1856
1826
1821
1803
1745
1629
1507
1374
1133
846
583
343
42
-327
-639
-880
-1093
-1295
-1374
-1347
-1293
-1165
-949
-625
-281
42
410
838
1286
1657
1985
2313
2608
2828
2974
3123
3164
3070
2931
2801
2685
2465
2226
2038
1842
1623
1437
1329
1175
995
805
644
469
112
-314
-787
-1329
-1930
-2587
-3197
-3814
-4437
-4950
-5234
-5368
-5438
-5285
-4939
-4428
-3835
-3119
-2251
-1482
-757
-29
656
1209
1560
1837
2027
2100
2056
1990
1913
1762
1651
1568
1523
1518
1462
1392
1300
1207
1052
765
414
45
-380
-915
-1418
-1831
-2242
-2626
-2917
-2991
-2973
-2944
-2758
-2434
-2039
-1647
-1225
-763
-349
10
328
646
893
1060
1184
1271
1373
1436
1475
1502
1504
1517
1520
1538
1523
1448
1340
1198
1022
805
596
352
71
-182
-356
-479
-629
-717
-725
-691
-627
-498
-283
-88
99
345
643
951
1228
1500
1738
1938
2121
2270
2360
2405
2425
2378
2293
2233
2140
1994
1848
1734
1614
1457
1320
1223
1114
966
843
656
327
-55
-496
-1007
-1597
-2213
-2806
-3435
-3996
-4400
-4670
-4884
-4982
-4835
-4554
-4173
-3646
-2983
-2300
-1671
-973
-293
257
672
1014
1284
1424
1505
1531
1526
1490
1441
1438
1463
1489
1472
1435
1431
1434
1370
1211
1023
767
418
32
-355
-774
-1266
-1739
-2094
-2369
-2603
-2737
-2777
-2732
-2577
-2337
-2005
-1639
-1268
-895
-529
-131
264
569
791
1025
1245
1383
1487
1602
1688
1655
1610
1649
1637
1531
1389
1279
1160
999
848
729
570
344
170
41
-99
-254
-419
-526
-599
-643
-619
-571
-502
-398
-225
-7
241
527
821
1108
1380
1674
1955
2133
2256
2353
2416
2414
2333
2243
2133
1978
1816
1689
1596
1472
1335
1233
1180
1114
978
770
489
143
-316
-851
-1415
-2034
-2694
-3376
-3953
-4406
-4785
-5057
-5151
-5028
-4743
-4326
-3787
-3113
-2397
-1728
-1030
-342
276
750
1082
1361
1562
1666
1668
1669
1665
1604
1536
1499
1554
1582
1549
1540
1535
1504
1364
1160
912
579
153
-337
-777
-1240
-1738
-2183
-2515
-2711
-2876
-2944
-2863
-2663
-2405
-2115
-1712
-1245
-806
-427
-12
432
755
994
1200
1415
1546
1572
1649
1715
1742
1713
1684
1708
1673
1580
1479
1397
1285
1121
953
776
583
339
72
-168
-403
-624
-828
-972
-1036
-1073
-1080
-1004
-830
-633
-416
-116
248
628
995
1380
1749
2036
2279
2448
2542
2568
2511
2415
2286
2131
1961
1784
1595
1428
1298
1147
1024
933
810
652
426
172
-176
-669
-1172
-1688
-2258
-2873
-3443
-3915
-4325
-4631
-4798
-4781
-4660
-4444
-4013
-3446
-2817
-2167
-1480
-774
-145
403
877
1276
1544
1706
1808
1845
1861
1800
1690
1609
1560
1534
1470
1423
1402
1309
1174
1037
877
613
259
-124
-505
-908
-1369
-1777
-2126
-2453
-2684
-2812
-2824
-2728
-2545
-2272
-1912
-1490
-1043
-575
-139
300
725
1054
1343
1576
1748
1844
1873
1901
1901
1842
1747
1668
1583
1468
1335
1199
1069
888
677
489
290
51
-211
-448
-660
-867
-1069
-1214
-1286
-1324
-1309
-1221
-1042
-799
-541
-252
103
491
852
1190
1536
1873
2142
2335
2493
2617
2646
2583
2519
2430
2266
2064
1872
1698
1501
1280
1098
945
761
580
440
277
35
-255
-552
-906
-1335
-1761
-2191
-2659
-3117
-3482
-3754
-3978
-4128
-4117
-3955
-3738
-3400
-2924
-2385
-1839
-1303
-718
-155
310
679
983
1230
1379
1446
1453
1431
1393
1294
1203
1166
1148
1088
1007
1013
1011
918
788
670
503
226
-62
-332
-629
-994
-1334
-1564
-1791
-1975
-2067
-2076
-2010
-1875
-1646
-1360
-1040
-708
-360
-22
301
611
838
1007
1142
1243
1300
1312
1342
1334
1280
1221
1180
1150
1064
984
895
782
661
513
371
210
40
-131
-285
-411
-530
-627
-696
-703
-663
-596
-473
-303
-100
116
340
576
805
1004
1196
1385
1525
1629
1694
1733
1741
1696
1633
1544
1455
1350
1243
1152
1061
995
914
843
760
657
569
457
348
224
72
-119
-351
-599
-915
-1246
-1574
-1912
-2253
-2590
-2834
-3013
-3159
-3238
-3206
-3079
-2929
-2698
-2358
-1970
-1605
-1225
-778
-382
-58
232
490
702
836
955
1052
1092
1089
1090
1107
1089
1070
1046
1005
961
911
847
736
610
455
257
43
-194
-438
-703
-942
-1144
-1322
-1456
-1577
-1633
-1636
-1597
-1483
-1343
-1168
-982
-777
-545
-304
-66
138
336
526
706
845
942
1042
1102
1133
1160
1168
1146
1087
1014
935
858
757
624
500
366
238
125
20
-62
-146
-223
-271
-294
-293
-286
-269
-209
-119
-27
76
216
387
560
737
948
1180
1365
1528
1694
1844
1954
1996
2003
2000
1959
1863
1750
1645
1513
1352
1178
1040
920
761
598
447
270
28
-250
-527
-853
-1245
-1645
-2014
-2394
-2779
-3088
-3320
-3499
-3612
-3584
-3454
-3277
-3001
-2626
-2205
-1784
-1324
-840
-415
-52
290
609
828
981
1130
1231
1276
1291
1303
1307
1293
1271
1241
1200
1135
1044
918
756
578
355
72
-219
-486
-786
-1101
-1346
-1560
-1759
-1910
-1984
-1968
-1923
-1839
-1669
-1443
-1204
-941
-654
-361
-75
183
441
677
879
1057
1182
1278
1349
1389
1393
1368
1324
1244
1146
1038
940
821
666
528
405
295
167
30
-86
-174
-265
-344
-357
-359
-361
-339
-277
-157
-38
90
237
401
590
783
983
1176
1356
1485
1587
1696
1771
1796
1757
1715
1677
1571
1430
1308
1178
1000
834
712
587
435
271
144
31
-117
-286
-461
-657
-896
-1157
-1419
-1690
-1974
-2254
-2479
-2653
-2790
-2883
-2894
-2795
-2657
-2471
-2188
-1848
-1510
-1177
-795
-399
-76
182
440
661
785
859
938
991
988
952
933
912
855
794
752
716
648
549
454
352
205
33
-142
-334
-539
-753
-954
-1123
-1275
-1397
-1473
-1498
-1466
-1395
-1286
-1129
-941
-746
-535
-301
-74
131
303
472
641
771
880
964
1027
1074
1099
1090
1079
1060
1000
929
851
777
695
586
489
411
323
229
160
107
49
4
-9
4
4
-5
11
28
68
136
203
273
350
453
552
650
774
898
996
1082
1188
1275
1315
1329
1340
1334
1272
1190
1112
1005
863
738
631
509
396
274
156
54
-69
-198
-346
-509
-688
-908
-1146
-1390
-1613
-1842
-2065
-2246
-2386
-2482
-2543
-2523
-2422
-2282
-2090
-1840
-1544
-1254
-958
-638
-343
-73
159
349
498
600
675
725
748
743
744
739
719
718
710
693
661
625
590
516
418
319
202
50
-112
-272
-452
-641
-821
-959
-1059
-1147
-1187
-1180
-1142
-1075
-959
-802
-640
-469
-283
-90
92
259
406
528
632
710
769
813
834
844
855
867
873
871
863
836
804
776
747
709
653
604
536
447
375
316
241
154
84
42
-1
-36
-37
-23
-4
30
84
154
221
300
393
484
573
654
721
767
792
808
811
795
771
736
679
617
570
522
454
389
340
277
193
116
24
-90
-223
-374
-542
-740
-930
-1122
-1336
-1523
-1676
-1806
-1899
-1952
-1939
-1878
-1793
-1646
-1450
-1246
-1032
-808
-591
-390
-203
-41
92
183
246
295
313
324
330
341
358
376
395
423
466
480
472
469
446
385
290
190
69
-85
-232
-362
-492
-638
-745
-785
-794
-794
-742
-640
-546
-420
-267
-121
21
149
270
369
452
513
548
571
592
601
591
586
589
588
576
580
590
586
566
543
523
500
468
427
377
324
254
188
143
96
65
46
40
66
90
127
185
244
316
390
458
513
556
595
610
624
638
632
605
568
555
534
500
482
463
438
393
350
304
243
166
70
-32
-153
-301
-472
-654
-815
-978
-1148
-1285
-1389
-1462
-1519
-1531
-1483
-1417
-1337
-1225
-1078
-922
-777
-624
-458
-313
-201
-114
-24
55
94
123
159
190
205
207
218
235
233
223
218
212
182
139
102
51
-14
-84
-153
-228
-302
-371
-429
-449
-462
-469
-445
-402
-338
-271
-186
-90
11
118
205
290
371
437
495
537
562
571
574
569
557
539
521
509
481
456
433
404
377
356
327
285
255
224
176
132
89
53
18
-1
5
12
21
48
99
157
225
289
351
409
458
510
548
575
582
569
550
522
492
445
402
369
325
288
257
231
189
140
107
58
-1
-72
-158
-256
-374
-494
-606
-723
-846
-956
-1036
-1095
-1129
-1133
-1119
-1078
-1003
-917
-820
-704
-581
-472
-367
-255
-156
-87
-29
24
61
91
109
129
148
142
135
145
150
132
105
82
66
31
-26
-65
-108
-168
-237
-291
-332
-393
-439
-461
-469
-469
-454
-405
-357
-299
-225
-150
-69
19
110
189
274
354
414
469
504
521
530
532
526
497
472
439
413
391
353
340
328
301
289
279
275
255
231
223
214
205
190
173
163
150
161
184
198
221
263
305
341
392
439
478
504
525
542
533
520
493
454
410
352
307
259
199
156
119
86
40
-2
-36
-97
-155
-211
-279
-361
-455
-543
-642
-745
-815
-884
-947
-974
-977
-959
-938
-884
-802
-730
-650
-565
-468
-379
-310
-227
-150
-102
-60
-11
27
37
51
63
75
99
93
85
86
68
44
13
-17
-54
-112
-155
-189
-218
-250
-283
-297
-304
-307
-309
-298
-270
-235
-194
-154
-114
-63
-16
19
75
136
183
235
279
323
363
395
434
451
465
472
458
451
438
418
385
356
330
289
254
233
218
197
187
196
197
191
193
197
205
215
210
217
238
246
246
270
304
323
342
371
404
426
436
458
471
469
457
432
402
348
288
233
169
107
36
-31
-93
-160
-223
-279
-331
-379
-421
-454
-491
-514
-535
-565
-584
-596
-609
-616
-614
-601
-584
-549
-517
-481
-431
-384
-330
-285
-231
-174
-124
-77
-39
-4
20
32
35
34
37
23
9
-1
-21
-32
-47
-68
-86
-108
-133
-155
-171
-179
-197
-221
-226
-232
-243
-252
-258
-252
-248
-232
-200
-163
-128
-84
-11
53
103
176
240
304
364
404
455
504
523
540
555
553
536
516
499
473
434
400
375
345
303
268
241
202
168
138
112
97
87
83
73
78
85
84
87
94
109
114
128
149
161
157
161
179
178
172
165
159
155
137
116
95
61
23
-25
-88
-145
-208
-282
-340
-392
-457
-510
-561
-609
-629
-643
-651
-635
-603
-577
-541
-499
-456
-414
-385
-337
-291
-264
-232
-191
-153
-125
-96
-60
-22
12
37
63
87
112
133
138
138
123
98
72
50
19
-24
-59
-80
-92
-109
-123
-115
-106
-94
-77
-61
-33
-22
-16
7
14
16
17
18
29
46
61
90
125
162
207
257
310
365
418
457
494
524
534
535
519
494
456
408
367
307
258
219
174
138
112
106
95
90
99
107
112
113
120
128
123
111
107
106
105
91
82
83
77
80
87
94
105
108
110
107
94
71
47
17
-27
-66
-113
-163
-214
-269
-321
-369
-408
-450
-480
-496
-517
-525
-518
-505
-494
-479
-457
-442
-414
-384
-358
-323
-287
-257
-213
-168
-145
-119
-85
-64
-49
-28
-16
-14
-9
-7
-7
-19
-37
-48
-69
-82
-90
-98
-109
-119
-119
-127
-128
-118
-110
-91
-70
-45
-14
14
47
81
115
139
168
200
209
226
250
254
258
268
269
271
275
282
292
297
313
315
309
317
327
324
304
292
276
249
229
191
160
136
111
91
67
51
36
33
37
44
58
65
76
85
96
102
97
98
96
92
95
84
77
72
58
53
37
22
17
-5
-23
-44
-68
-88
-120
-151
-185
-218
-246
-270
-284
-299
-309
-305
-304
-299
-287
-275
-259
-242
-229
-213
-198
-193
-184
-168
-162
-155
-144
-133
-121
-103
-84
-72
-52
-30
-20
-14
-12
-12
-14
-24
-35
-46
-60
-76
-93
-109
-115
-125
-124
-103
-91
-68
-29
9
50
82
115
148
175
202
221
230
244
249
246
242
233
230
218
209
205
200
196
185
179
182
176
173
159
146
140
122
107
99
90
70
56
48
38
23
7
5
3
-1
-6
-10
-9
-17
-22
-22
-25
-29
-36
-36
-38
-48
-50
-45
-38
-45
-47
-41
-36
-25
-21
-24
-12
-9
-14
-10
-11
-11
-19
-27
-36
-48
-64
-83
-99
-116
-130
-140
-155
-164
-171
-176
-169
-170
-164
-157
-157
-148
-143
-138
-134
-138
-142
-142
-148
-162
-161
-155
-162
-157
-144
-134
-115
-102
-87
-68
-47
-27
-12
3
10
17
16
14
20
16
19
29
41
63
82
102
130
154
181
212
240
251
255
272
272
262
250
232
219
199
173
164
150
137
137
132
133
134
136
148
153
147
149
149
142
130
119
107
91
83
71
59
46
35
30
21
11
6
-5
-19
-30
-45
-57
-78
-100
-111
-132
-147
-147
-157
-160
-155
-156
-149
-135
-127
-114
-97
-87
