-3
6
3
-5
-4
2
1
-2
2
6
5
8
6
-5
-3
4
0
5
-2
-6
10
11
6
7
11
15
20
15
18
15
5
6
4
9
7
2
4
-4
-1
3
3
9
3
4
12
13
12
16
18
10
13
15
7
4
2
2
-2
-9
-13
-17
-16
-17
-13
-10
-8
-3
-8
-2
1
-6
-12
-10
-7
-7
-11
-8
-3
-8
-13
-12
-15
-13
-17
-18
-14
-13
-11
-5
-7
-10
-2
-4
-1
5
-5
-9
-4
2
1
0
1
3
1
7
16
10
4
7
2
-2
2
-3
-9
-7
-6
-7
-2
7
6
0
2
6
10
12
14
15
15
16
20
16
1
0
7
4
-2
4
2
-5
2
8
6
3
12
12
5
10
7
9
18
14
6
-1
-1
1
-4
-2
-4
-4
3
-5
-4
-4
-8
-5
-7
-10
-12
-8
-5
-11
-12
-10
-14
-7
1
-3
-3
-2
-4
-3
-5
-8
-2
-2
4
1
-7
0
-3
-6
-8
-10
-3
-1
4
1
-3
0
7
4
-3
1
-6
-7
-5
-12
-12
-12
-10
-4
-8
-8
-4
-8
-8
-3
-1
-1
4
5
7
10
10
12
11
11
11
13
7
3
10
12
11
6
8
3
-6
-6
-2
9
12
14
7
4
16
17
12
16
14
11
9
8
9
1
0
4
7
8
1
4
6
2
0
-5
-6
-11
-10
-16
-20
-20
-33
-34
-23
-22
-26
-26
-20
-13
-16
-21
-15
-12
-19
-19
-19
-24
-28
-24
-20
-18
-9
-5
-6
4
8
9
17
16
12
11
7
2
-3
-6
-1
-5
-11
-3
-1
5
2
0
2
2
8
5
-2
3
9
12
22
21
9
2
-2
5
4
-4
-5
-8
-10
-7
-7
-19
-16
-7
-8
-3
0
8
11
6
11
11
15
16
16
18
18
20
18
22
26
28
38
37
33
36
41
39
25
19
16
6
-3
-5
-1
2
1
7
14
8
10
15
18
19
14
16
22
27
24
7
3
7
-5
-4
-4
-3
2
-4
0
-2
-4
-11
-19
-21
-36
-44
-39
-50
-61
-71
-71
-62
-70
-76
-71
-65
-64
-66
-61
-55
-51
-40
-32
-24
-10
-5
1
14
21
31
42
52
62
57
55
60
56
54
51
41
37
26
13
10
12
15
18
20
28
41
51
46
54
66
53
55
51
30
28
19
7
-2
-17
-28
-25
-22
-32
-26
-15
-20
-19
-14
-13
-19
-24
-26
-33
-37
-36
-36
-38
-41
-28
-13
-5
7
20
30
36
39
40
38
24
18
18
9
3
-11
-6
0
7
29
29
36
50
48
64
79
75
68
78
88
81
76
80
75
62
65
67
53
39
29
28
22
7
6
5
4
7
9
22
24
27
37
42
45
45
39
26
26
15
-9
-15
-22
-37
-52
-60
-69
-89
-102
-101
-111
-121
-114
-102
-105
-115
-112
-114
-129
-150
-180
-208
-236
-274
-309
-338
-368
-382
-385
-380
-365
-338
-300
-256
-225
-178
-114
-76
-42
6
37
50
68
95
109
118
128
143
153
158
173
170
173
187
184
180
193
204
207
229
279
331
374
451
558
634
701
787
851
872
879
876
843
800
756
730
730
743
762
806
888
952
952
906
864
699
300
-121
-489
-1042
-1743
-2244
-2593
-3076
-3455
-3417
-3209
-3101
-2789
-2081
-1419
-985
-370
411
886
1083
1393
1718
1687
1520
1550
1530
1289
1105
1109
1066
904
826
800
665
459
251
3
-316
-669
-1042
-1412
-1686
-1899
-2093
-2127
-1971
-1753
-1491
-1062
-511
-53
362
865
1297
1513
1657
1826
1830
1638
1489
1389
1180
918
769
671
516
398
375
332
217
99
-22
-206
-438
-676
-938
-1206
-1437
-1640
-1777
-1798
-1735
-1594
-1354
-1016
-629
-245
169
576
883
1103
1256
1311
1258
1138
947
693
454
229
17
-147
-249
-299
-326
-302
-228
-170
-134
-99
-77
-97
-142
-194
-240
-282
-312
-289
-205
-60
123
346
608
893
1175
1432
1674
1854
1927
1929
1876
1772
1611
1398
1188
1017
879
772
734
784
839
838
844
846
693
315
-168
-705
-1425
-2299
-3064
-3681
-4315
-4852
-5012
-4825
-4560
-4122
-3287
-2298
-1457
-593
427
1288
1799
2175
2527
2629
2439
2239
2078
1786
1408
1150
1016
879
746
653
570
464
258
-38
-329
-665
-1160
-1722
-2123
-2407
-2730
-2929
-2801
-2521
-2242
-1747
-963
-210
400
1076
1760
2154
2310
2461
2449
2097
1661
1286
784
208
-200
-502
-852
-1102
-1124
-1113
-1138
-1019
-820
-747
-715
-573
-444
-455
-450
-315
-234
-224
-50
256
498
707
1077
1496
1733
1949
2303
2554
2565
2583
2678
2606
2390
2275
2204
1964
1688
1549
1425
1309
1353
1464
1501
1654
1929
1988
1904
1977
1785
862
-132
-759
-1856
-3534
-4665
-5212
-6252
-7348
-7172
-6338
-6124
-5723
-4114
-2452
-1696
-659
1152
2292
2393
2729
3451
3479
2900
2683
2665
2191
1590
1391
1404
1315
1101
855
753
700
296
-335
-716
-1117
-2074
-3061
-3368
-3572
-4231
-4517
-3990
-3544
-3323
-2433
-1073
-233
391
1490
2415
2626
2853
3305
3097
2390
2134
1931
1133
454
393
100
-651
-867
-612
-884
-1420
-1368
-1238
-1717
-2074
-1824
-1743
-2065
-1976
-1430
-1163
-970
-266
536
923
1350
2085
2560
2664
2906
3174
2993
2651
2600
2533
2184
1970
2053
1987
1782
1910
2192
2176
2079
2191
2144
1799
1685
1772
1527
1162
1206
1331
1065
919
1215
1112
245
-439
-699
-1581
-3034
-3886
-4386
-5530
-6689
-6716
-6236
-6279
-6104
-4906
-3612
-2881
-1811
-129
1081
1561
2131
2890
3205
3089
3017
2907
2537
2107
1830
1675
1593
1477
1194
959
920
730
266
-183
-641
-1371
-2217
-2785
-3165
-3637
-4018
-4098
-3979
-3659
-3052
-2345
-1699
-974
-210
370
879
1482
1866
1801
1701
1808
1742
1382
1128
1029
700
234
77
109
-75
-367
-450
-430
-538
-599
-499
-459
-543
-537
-374
-204
-9
298
587
807
1158
1641
2010
2266
2593
2902
2992
3042
3250
3367
3227
3116
3136
3000
2710
2545
2441
2223
2121
2231
2288
2376
2696
2960
2994
3122
3097
2228
948
-66
-1513
-3727
-5548
-6872
-8836
-10724
-10994
-10607
-10715
-9920
-7669
-5842
-4556
-1954
1106
2497
3335
5047
5947
5238
5009
5448
4462
2695
2238
2162
1103
486
1078
1116
355
483
1139
800
21
-252
-923
-2456
-3611
-4126
-5028
-6107
-6403
-6201
-6030
-5288
-3737
-2223
-992
499
2125
3249
3984
4639
4774
4168
3414
2745
1777
630
-221
-907
-1674
-2073
-1873
-1615
-1447
-969
-347
-38
178
591
761
405
31
-119
-434
-851
-873
-644
-564
-317
436
1280
1916
2671
3507
3967
4196
4585
4804
4492
4075
3788
3253
2565
2258
2107
1642
1207
1184
1275
1356
1736
2252
2530
2817
3302
3608
3735
3870
3398
1983
543
-669
-2569
-4833
-6334
-7636
-9531
-10769
-10353
-9626
-9396
-8328
-6225
-4663
-3537
-1498
720
1646
1975
2763
3268
2958
2750
2866
2459
1709
1532
1735
1774
1944
2345
2428
2212
2262
2349
1852
969
96
-1034
-2487
-3678
-4402
-5109
-5889
-6224
-5933
-5316
-4476
-3277
-1882
-681
270
1222
2143
2657
2680
2438
1990
1316
611
73
-354
-712
-861
-729
-387
168
853
1420
1806
2109
2268
2137
1752
1226
540
-284
-999
-1428
-1646
-1710
-1515
-1006
-263
675
1747
2779
3641
4325
4798
4992
5014
4877
4439
3819
3242
2705
2150
1718
1489
1370
1456
1813
2228
2693
3393
4017
4219
4402
4677
4086
2436
915
-497
-2941
-5690
-7311
-8700
-10885
-12261
-11728
-10972
-10733
-9366
-6834
-5063
-3875
-1668
777
1817
2222
3131
3643
3155
2833
3017
2628
1845
1758
2075
2069
2247
2913
3093
2596
2503
2692
1958
691
-84
-1094
-2934
-4347
-4699
-5237
-6288
-6544
-5871
-5333
-4698
-3154
-1435
-449
412
1621
2496
2759
2874
2708
1881
930
391
-119
-750
-996
-856
-787
-517
442
1546
2082
2403
2925
3132
2748
2320
1909
981
-259
-1092
-1520
-1889
-2009
-1674
-1149
-477
627
1984
3121
4034
4876
5376
5418
5356
5245
4681
3746
3028
2555
1984
1482
1358
1353
1335
1673
2312
2871
3422
4042
4337
4363
4590
4374
2877
1015
-447
-2588
-5499
-7477
-8593
-10505
-12422
-12354
-11281
-10902
-10017
-7607
-5490
-4444
-2682
-115
1341
1732
2442
3112
2852
2452
2604
2483
1836
1576
1832
2006
2252
2870
3282
3135
2998
3053
2663
1675
642
-460
-2049
-3686
-4716
-5441
-6289
-6836
-6683
-6142
-5378
-4152
-2606
-1176
108
1357
2290
2790
3064
2892
2156
1396
814
72
-679
-931
-807
-709
-334
604
1543
2112
2669
3249
3422
3175
2826
2251
1207
58
-814
-1583
-2248
-2431
-2209
-1904
-1271
-71
1275
2398
3516
4621
5268
5496
5665
5617
5075
4319
3656
2993
2363
1969
1752
1567
1528
1791
2282
2759
3189
3707
4165
4321
4355
4535
4283
2821
916
-566
-2536
-5279
-7308
-8509
-10349
-12318
-12516
-11480
-11000
-10332
-8235
-6136
-5074
-3494
-979
700
1228
1879
2663
2712
2454
2645
2689
2164
1845
2047
2273
2516
3007
3335
3165
2931
2939
2675
1755
658
-416
-1910
-3560
-4652
-5347
-6171
-6864
-6922
-6439
-5714
-4675
-3293
-1883
-573
630
1519
2197
2709
2569
1917
1484
1153
472
-164
-197
19
55
442
1433
2291
2743
3224
3658
3691
3361
2840
2093
1011
-125
-1034
-1817
-2355
-2379
-2136
-1777
-949
344
1624
2705
3837
4934
5514
5683
5864
5783
5149
4373
3750
3147
2578
2209
2041
1918
1900
2211
2708
3104
3505
4034
4383
4395
4424
4560
3980
2181
302
-1189
-3527
-6409
-8167
-9368
-11459
-13211
-12923
-11863
-11567
-10630
-8179
-6200
-5184
-3224
-570
851
1302
2117
2892
2801
2588
2880
2837
2255
2085
2383
2574
2844
3337
3545
3287
3085
3097
2641
1524
402
-758
-2411
-4018
-4963
-5660
-6555
-7181
-7017
-6379
-5617
-4469
-2941
-1544
-316
964
2066
2767
3034
2791
2157
1494
917
282
-346
-630
-536
-348
130
1111
2113
2733
3153
3584
3822
3590
3038
2327
1270
-9
-1027
-1711
-2214
-2451
-2341
-1915
-1147
35
1463
2735
3827
4873
5613
5904
6038
6016
5513
4655
3881
3324
2742
2165
1914
1828
1717
1971
2605
3094
3497
4143
4669
4753
4900
5159
4312
2188
365
-1300
-4175
-7109
-8660
-10246
-12771
-14138
-13358
-12533
-12275
-10585
-7825
-6221
-4951
-2341
172
1130
1723
2749
3139
2721
2708
2963
2493
1917
2076
2374
2506
3024
3680
3759
3562
3658
3678
2973
1784
671
-724
-2608
-4220
-5244
-6208
-7309
-7937
-7693
-7050
-6287
-4995
-3295
-1800
-408
1062
2261
2987
3222
3006
2479
1868
1345
752
121
-109
24
224
765
1753
2624
3138
3534
3904
4033
3673
2985
2126
939
-377
-1425
-2187
-2686
-2867
-2758
-2248
-1272
27
1468
2808
4019
5124
5831
6172
6397
6266
5658
4874
4164
3610
3055
2531
2277
2112
1949
2198
2729
3099
3483
4018
4388
4448
4547
4650
3663
1540
-263
-2045
-4907
-7585
-9026
-10627
-12882
-13919
-13120
-12324
-11916
-10194
-7627
-6099
-4733
-2237
61
1052
1665
2536
2945
2702
2665
2868
2527
2055
2172
2441
2691
3244
3751
3804
3663
3679
3593
2861
1710
587
-898
-2774
-4259
-5243
-6237
-7237
-7760
-7557
-6958
-6160
-4870
-3274
-1843
-454
882
1931
2714
3011
2732
2267
1823
1312
683
215
191
300
404
1016
1990
2667
3124
3565
3850
3813
3410
2798
1912
672
-512
-1429
-2221
-2654
-2655
-2494
-2021
-1041
280
1633
2847
4054
5128
5704
5996
6230
6114
5582
4887
4218
3712
3231
2721
2461
2331
2177
2312
2730
3134
3498
3908
4262
4365
4418
4499
3652
1682
-110
-1868
-4596
-7267
-8820
-10371
-12611
-13885
-13256
-12429
-12117
-10626
-8065
-6405
-5143
-2750
-240
933
1452
2376
3055
2825
2702
3061
2859
2274
2283
2647
2901
3316
3875
4042
3807
3785
3861
3199
2035
1001
-397
-2302
-3872
-4894
-5907
-7076
-7802
-7665
-7152
-6542
-5373
-3777
-2370
-1147
113
1368
2205
2326
2213
2052
1576
1093
833
595
468
613
985
1577
2358
3167
3715
3912
4083
4153
3673
2834
1951
816
-523
-1646
-2331
-2666
-2874
-2795
-2140
-1144
-24
1308
2669
3839
4754
5405
5866
6034
5859
5485
4907
4271
3870
3499
2998
2711
2621
2555
2682
3004
3371
3707
4006
4255
4355
4413
4170
2837
867
-808
-2911
-5755
-7991
-9433
-11362
-13457
-13970
-13139
-12666
-12070
-10036
-7760
-6438
-4709
-2002
57
919
1740
2775
3100
2870
3082
3292
2824
2467
2707
2958
3147
3652
4108
4059
3925
4097
3959
3066
2018
974
-613
-2423
-3735
-4739
-5917
-7075
-7603
-7440
-7068
-6442
-5227
-3781
-2532
-1352
-41
1209
1888
2033
2109
2003
1609
1278
1087
883
780
932
1318
1887
2584
3243
3642
3825
4016
3986
3446
2654
1777
644
-615
-1576
-2114
-2490
-2789
-2641
-1962
-1111
-67
1254
2521
3536
4398
5140
5649
5834
5778
5495
4926
4383
4027
3557
3041
2742
2556
2438
2557
2863
3190
3527
3898
4159
4293
4451
4051
2508
738
-825
-3194
-6042
-7996
-9551
-11841
-13746
-13795
-13127
-12966
-12008
-9645
-7677
-6381
-4151
-1360
360
1226
2322
3284
3375
3248
3513
3437
2841
2603
2773
2869
3097
3586
3856
3775
3847
4079
3787
2948
2112
1001
-694
-2334
-3551
-4733
-6096
-7258
-7759
-7715
-7437
-6740
-5494
-4113
-2876
-1638
-204
1082
1704
1936
2101
1968
1593
1332
1158
952
877
1029
1410
2020
2753
3383
3738
4006
4257
4105
3536
2870
1969
712
-535
-1424
-2026
-2565
-2896
-2692
-2087
-1331
-251
1108
2367
3379
4259
5088
5641
5780
5748
5517
4956
4425
4063
3572
3043
2742
2601
2535
2695
3126
3545
3881
4289
4587
4688
4666
3897
2152
380
-1460
-4112
-6806
-8668
-10504
-12851
-14270
-13938
-13401
-13163
-11697
-9262
-7527
-5991
-3410
-752
637
1424
2590
3437
3349
3280
3544
3266
2609
2449
2696
2893
3179
3671
3965
3980
4207
4477
4092
3265
2438
1184
-578
-2152
-3360
-4716
-6296
-7403
-7743
-7792
-7621
-6799
-5512
-4263
-3025
-1605
-81
1071
1604
1940
2179
2104
1846
1621
1470
1312
1201
1371
1841
2414
2968
3416
3745
4058
4206
3951
3430
2728
1721
531
-535
-1344
-1990
-2572
-2879
-2672
-2108
-1304
-247
950
2163
3186
4040
4904
5549
5727
5634
5425
5061
4606
4114
3646
3227
2792
2519
2572
2799
3024
3287
3773
4261
4436
4636
4799
3916
2110
574
-1113
-3825
-6487
-8244
-10227
-12797
-14136
-13732
-13476
-13467
-11950
-9567
-8034
-6470
-3680
-1030
185
1069
2511
3393
3255
3320
3655
3266
2571
2473
2719
2823
3027
3499
3765
3835
4206
4520
4159
3473
2747
1519
-128
-1567
-2792
-4275
-5933
-7079
-7522
-7733
-7699
-7005
-5862
-4744
-3641
-2228
-597
532
1051
1587
2031
1988
1810
1809
1730
1464
1359
1616
2031
2493
3055
3497
3734
4031
4242
4029
3538
2894
1952
771
-300
-1050
-1719
-2430
-2797
-2618
-2164
-1507
-493
733
1871
2820
3812
4824
5436
5655
5729
5558
5164
4766
4334
3839
3348
2916
2651
2672
2930
3196
3438
3892
4391
4572
4749
4901
4040
2281
707
-1036
-3689
-6357
-8229
-10243
-12776
-14160
-13894
-13701
-13666
-12205
-9916
-8343
-6676
-3886
-1253
54
1046
2543
3432
3355
3493
3769
3314
2635
2530
2707
2743
2957
3405
3612
3734
4213
4556
4240
3695
3055
1855
282
-1062
-2284
-3854
-5580
-6777
-7373
-7829
-8006
-7505
-6608
-5760
-4771
-3258
-1584
-439
352
1278
1953
2134
2343
2615
2541
2269
2232
2396
2559
2839
3233
3413
3468
3703
3855
3654
3288
2795
1966
937
110
-515
-1222
-1931
-2297
-2301
-2120
-1649
-761
237
1090
1980
3037
4033
4705
5142
5423
5390
5130
4937
4706
4251
3734
3269
2866
2680
2794
2934
2942
3134
3530
3753
3896
4238
4065
2726
1149
-138
-2080
-4658
-6711
-8406
-10744
-12917
-13464
-13220
-13419
-12999
-11218
-9458
-8149
-5969
-3080
-1101
-14
1406
2875
3400
3555
4019
4043
3380
2956
3026
3053
2990
3134
3328
3368
3575
4025
4153
3793
3268
2487
1307
38
-1100
-2388
-4047
-5606
-6573
-7170
-7672
-7717
-7145
-6488
-5798
-4534
-2843
-1491
-540
478
1373
1831
2216
2680
2793
2564
2481
2552
2611
2840
3155
3264
3297
3485
3688
3659
3440
3094
2442
1542
769
153
-559
-1309
-1843
-2087
-2081
-1806
-1159
-306
421
1177
2180
3162
3935
4533
4940
5114
5075
4999
4965
4728
4266
3819
3405
3136
3114
3121
3099
3176
3357
3571
3772
4056
4087
3117
1591
349
-1275
-3640
-5793
-7529
-9705
-12098
-13258
-13219
-13381
-13437
-12189
-10452
-9167
-7343
-4594
-2222
-824
495
2102
3115
3458
3914
4172
3730
3191
3087
3137
3072
3078
3219
3284
3399
3845
4239
4120
3701
3139
2237
1065
-54
-1221
-2784
-4480
-5731
-6540
-7181
-7455
-7186
-6718
-6103
-4967
-3497
-2286
-1253
-204
448
795
1351
1812
1750
1605
1837
2040
2059
2539
3296
3545
3637
4140
4611
4603
4361
4092
3464
2349
1353
645
-267
-1290
-1981
-2312
-2411
-2217
-1575
-671
88
878
1986
3029
3800
4451
4899
5033
4888
4728
4653
4306
3771
3400
3034
2697
2718
2942
3051
3148
3502
3972
4195
4396
4705
4170
2655
1296
-85
-2336
-4855
-6796
-8706
-11142
-12953
-13244
-13193
-13443
-12748
-10997
-9478
-8052
-5793
-3224
-1518
-433
1005
2343
2827
3099
3538
3538
3078
2851
3041
3183
3187
3399
3722
3878
4150
4607
4705
4325
3756
2995
1917
624
-654
-2007
-3655
-5237
-6274
-6937
-7475
-7617
-7204
-6539
-5738
-4556
-3043
-1784
-935
-53
776
1188
1442
1740
1804
1642
1642
1941
2271
2540
2981
3461
3745
4072
4485
4601
4318
3822
3162
2279
1295
432
-426
-1391
-2090
-2345
-2393
-2159
-1534
-770
-27
828
1900
2938
3669
4230
4689
4817
4714
4641
4535
4241
3768
3365
3133
2885
2729
2864
3030
3081
3310
3747
4110
4276
4329
4130
3162
1716
378
-1386
-3791
-6025
-7899
-9970
-11977
-12925
-13002
-13186
-13046
-11697
-9984
-8680
-6878
-4375
-2353
-1120
250
1861
2687
2842
3296
3664
3288
2832
2922
3104
2995
2993
3386
3783
3926
4177
4514
4434
3957
3335
2522
1457
169
-1243
-2670
-4095
-5356
-6277
-6879
-7094
-6951
-6557
-5801
-4708
-3532
-2420
-1364
-431
279
794
1186
1485
1573
1512
1563
1726
1947
2236
2600
3043
3452
3769
4112
4339
4206
3834
3293
2551
1729
840
-55
-863
-1565
-2019
-2168
-2046
-1597
-1008
-377
499
1449
2256
3033
3718
4159
4354
4400
4453
4385
4108
3842
3571
3252
3034
2905
2889
3019
3109
3195
3497
3881
4123
4207
4224
3968
2959
1554
239
-1525
-3836
-5956
-7782
-9737
-11585
-12528
-12678
-12826
-12596
-11336
-9815
-8535
-6762
-4479
-2626
-1362
15
1456
2182
2455
2969
3240
2913
2656
2779
2925
2960
3146
3552
3876
4089
4416
4670
4613
4261
3585
2708
1695
413
-1009
-2434
-3852
-5123
-6116
-6699
-6896
-6872
-6551
-5839
-4890
-3793
-2567
-1433
-544
151
726
1119
1226
1259
1291
1119
979
1240
1647
1926
2319
2951
3468
3702
3983
4266
4049
3441
2880
2285
1406
477
-219
-870
-1562
-1936
-1837
-1553
-1201
-574
284
1074
1817
2703
3505
3955
4253
4518
4554
4349
4120
3910
3552
3121
2910
2831
2665
2644
2888
3080
3214
3583
4031
4165
4099
4086
3624
2352
1000
-309
-2337
-4718
-6601
-8329
-10390
-11965
-12385
-12480
-12688
-12073
-10510
-9115
-7824
-5789
-3568
-2066
-941
431
1604
2029
2280
2724
2804
2463
2341
2560
2756
2887
3182
3642
4030
4332
4655
4826
4616
4070
3277
2281
1105
-265
-1736
-3196
-4528
-5556
-6236
-6609
-6615
-6266
-5718
-4897
-3695
-2362
-1224
-313
512
1104
1291
1371
1438
1203
758
496
538
703
963
1436
2008
2510
3022
3602
4093
4282
4096
3654
3052
2294
1441
574
-291
-1107
-1790
-2162
-2102
-1734
-1225
-602
231
1244
2211
3063
3871
4457
4616
4536
4469
4344
3946
3383
3028
2774
2389
2204
2350
2490
2547
2723
3074
3439
3682
3870
3916
3719
3369
2556
1231
-88
-1647
-3786
-5827
-7335
-8827
-10501
-11515
-11517
-11459
-11426
-10374
-8692
-7490
-6280
-4382
-2533
-1437
-568
620
1456
1546
1718
2127
2131
1868
1913
2243
2532
2816
3285
3814
4157
4422
4612
4536
4231
3641
2698
1615
489
-776
-2136
-3377
-4374
-5160
-5737
-5907
-5660
-5278
-4747
-3943
-2998
-2111
-1374
-750
-259
24
123
135
138
140
129
174
477
1017
1501
1999
2689
3369
3804
4074
4323
4342
3891
3232
2635
1894
942
81
-574
-1099
-1485
-1595
-1341
-927
-465
168
917
1675
2377
2898
3291
3584
3677
3635
3534
3378
3171
2872
2658
2666
2677
2674
2753
2882
3094
3258
3342
3505
3625
3513
3262
3064
2834
2119
898
-238
-1410
-3113
-4864
-6146
-7394
-8977
-10207
-10459
-10408
-10558
-10135
-8935
-7871
-6979
-5528
-3724
-2420
-1634
-622
491
1030
1313
1815
2171
2143
2119
2453
2909
3152
3368
3706
3964
4118
4236
4208
3937
3401
2628
1729
812
-124
-1208
-2403
-3379
-4072
-4663
-5009
-4967
-4741
-4492
-4047
-3248
-2401
-1796
-1275
-783
-503
-363
-186
-14
28
32
183
454
843
1392
1928
2375
2894
3418
3776
4009
4099
3914
3399
2748
2159
1468
636
-107
-715
-1198
-1466
-1428
-1113
-706
-264
329
1009
1654
2244
2699
2974
3112
3151
3156
3132
3056
2922
2720
2597
2674
2787
2852
2981
3096
3059
3046
3194
3254
3050
2817
2663
2324
1892
1673
1302
347
-758
-1660
-2797
-4207
-5337
-6270
-7528
-8762
-9219
-9210
-9369
-9249
-8448
-7623
-6994
-5872
-4254
-3008
-2239
-1258
-130
552
1008
1705
2230
2219
2186
2502
2870
2995
3083
3286
3373
3364
3466
3587
3484
3046
2421
1786
1128
371
-457
-1349
-2274
-3118
-3762
-4114
-4262
-4335
-4294
-4089
-3670
-3045
-2384
-1818
-1378
-1018
-700
-483
-272
-22
50
-13
115
523
953
1308
1804
2381
2744
3030
3494
3842
3750
3428
3116
2699
2051
1369
795
122
-619
-1085
-1234
-1209
-1040
-751
-346
188
785
1401
1980
2430
2696
2773
2845
2984
2997
2851
2694
2574
2492
2462
2534
2681
2756
2726
2736
2890
3089
3105
2951
2865
2754
2455
2215
2131
1837
989
-69
-875
-1838
-3210
-4434
-5386
-6593
-7928
-8602
-8620
-8745
-8898
-8397
-7550
-6944
-6102
-4696
-3397
-2632
-1888
-804
104
608
1162
1756
1950
1944
2217
2676
2997
3165
3369
3597
3697
3774
3866
3739
3325
2726
2032
1347
614
-248
-1209
-2185
-3046
-3718
-4182
-4446
-4560
-4556
-4391
-4010
-3423
-2720
-2127
-1740
-1362
-952
-705
-558
-319
-140
-195
-177
253
804
1132
1541
2186
2685
3000
3459
3943
4026
3721
3385
3033
2437
1707
1061
366
-399
-968
-1216
-1199
-1051
-810
-412
67
610
1229
1773
2136
2393
2548
2604
2650
2713
2734
2581
2385
2415
2505
2526
2673
2897
2981
2946
2994
3149
3145
2899
2656
2464
2188
1861
1594
1411
1079
372
-387
-947
-1737
-2909
-3984
-4837
-5867
-7037
-7707
-7851
-8147
-8467
-8151
-7453
-6922
-6252
-5066
-3827
-3000
-2183
-1025
-23
577
1139
1722
2069
2191
2374
2665
2839
2863
2890
2950
3026
3082
3014
2869
2653
2255
1739
1230
703
31
-786
-1565
-2223
-2821
-3354
-3747
-3998
-4115
-4077
-3851
-3412
-2881
-2387
-1934
-1484
-996
-582
-360
-174
35
144
189
385
770
1070
1233
1575
2104
2476
2696
3026
3314
3275
3053
2910
2681
2105
1398
841
282
-346
-771
-948
-1055
-1066
-881
-494
-7
506
1027
1506
1931
2324
2606
2757
2889
2959
2883
2787
2769
2738
2642
2552
2558
2593
2573
2589
2629
2608
2583
2511
2375
2269
2144
1918
1658
1446
1213
715
-11
-616
-1324
-2422
-3454
-4217
-5150
-6270
-7027
-7277
-7546
-7870
-7652
-7013
-6543
-5981
-4894
-3728
-2902
-2142
-1163
-277
231
693
1224
1514
1570
1668
1879
2044
2101
2144
2242
2360
2442
2483
2472
2373
2119
1723
1322
918
378
-276
-941
-1548
-2092
-2601
-3025
-3284
-3423
-3504
-3430
-3089
-2601
-2204
-1819
-1314
-855
-583
-405
-145
3
-94
-90
101
245
310
526
920
1266
1591
2049
2514
2772
2918
3052
3035
2835
2516
2092
1546
949
435
-9
-383
-591
-642
-593
-388
43
550
992
1448
1962
2362
2593
2824
3012
2959
2777
2669
2548
2303
2075
1966
1865
1766
1792
1910
1995
2042
2087
2105
2091
2036
1905
1714
1515
1267
949
678
438
-30
-662
-1186
-1757
-2531
-3290
-3893
-4580
-5399
-5947
-6153
-6401
-6647
-6494
-6108
-5815
-5351
-4541
-3733
-3129
-2489
-1659
-949
-470
46
526
753
904
1168
1451
1656
1805
1970
2121
2224
2361
2460
2432
2346
2183
1918
1631
1307
870
314
-276
-799
-1311
-1832
-2250
-2579
-2883
-3050
-3015
-2850
-2625
-2371
-2077
-1777
-1480
-1144
-855
-652
-443
-286
-175
36
331
563
745
1028
1385
1667
1929
2288
2556
2605
2604
2639
2567
2295
1947
1610
1175
669
293
46
-183
-381
-435
-338
-161
110
465
831
1158
1478
1789
2047
2276
2448
2471
2443
2479
2498
2415
2340
2341
2271
2139
2141
2237
2219
2116
2070
2019
1896
1772
1667
1501
1265
1040
853
709
616
436
47
-360
-718
-1234
-1892
-2499
-3093
-3912
-4766
-5233
-5534
-5997
-6313
-6223
-6039
-5905
-5457
-4680
-4005
-3509
-2833
-1980
-1337
-834
-236
258
519
747
1053
1310
1423
1497
1604
1688
1802
1991
2095
2116
2125
2042
1880
1700
1482
1104
598
126
-338
-855
-1382
-1825
-2218
-2578
-2796
-2860
-2801
-2667
-2493
-2225
-1843
-1407
-1052
-791
-487
-216
-128
-30
191
309
248
291
554
756
857
1118
1463
1644
1790
2091
2364
2405
2340
2288
2163
1921
1648
1355
1004
638
345
164
77
65
112
232
463
777
1099
1378
1618
1829
1980
2078
2178
2254
2213
2096
2032
2000
1933
1837
1754
1701
1635
1594
1618
1635
1587
1508
1465
1451
1420
1323
1170
1038
887
702
568
389
26
-452
-935
-1445
-2035
-2648
-3247
-3905
-4540
-4943
-5177
-5406
-5520
-5445
-5346
-5176
-4723
-4112
-3633
-3187
-2567
-1937
-1439
-902
-293
75
233
515
874
1072
1174
1354
1507
1528
1607
1822
1948
1893
1810
1732
1590
1416
1200
885
475
32
-363
-725
-1074
-1399
-1734
-2038
-2189
-2193
-2156
-2082
-1926
-1732
-1553
-1342
-1043
-812
-750
-693
-569
-450
-347
-180
33
214
444
793
1193
1562
1890
2167
2376
2556
2698
2715
2592
2401
2130
1768
1406
1091
754
354
59
-41
-98
-131
-33
173
367
557
838
1150
1345
1455
1598
1722
1780
1805
1803
1785
1737
1695
1692
1700
1711
1696
1661
1701
1795
1837
1840
1851
1841
1779
1669
1556
1427
1195
913
708
558
353
34
-309
-636
-1078
-1614
-2107
-2602
-3217
-3890
-4417
-4764
-5094
-5406
-5503
-5446
-5391
-5211
-4790
-4271
-3836
-3396
-2771
-2121
-1604
-1095
-562
-159
122
414
752
1018
1158
1291
1445
1558
1672
1806
1869
1876
1853
1764
1655
1530
1336
1039
681
367
63
-312
-675
-958
-1252
-1545
-1700
-1739
-1741
-1737
-1680
-1570
-1445
-1290
-1157
-1037
-882
-739
-625
-432
-140
99
275
546
903
1171
1370
1653
1924
2012
2029
2110
2136
1993
1799
1644
1423
1115
861
686
498
323
215
167
175
233
332
459
601
760
896
1004
1134
1256
1312
1328
1371
1434
1442
1444
1541
1647
1676
1716
1825
1931
1937
1911
1939
1906
1767
1628
1499
1313
1071
835
647
462
282
140
24
-49
-96
-170
-313
-466
-646
-959
-1347
-1716
-2119
-2667
-3237
-3632
-3994
-4421
-4715
-4757
-4735
-4729
-4507
-4034
-3590
-3249
-2749
-2114
-1653
-1301
-865
-458
-284
-214
-12
170
188
214
346
446
518
694
931
1111
1247
1405
1539
1603
1644
1631
1497
1296
1095
847
528
216
-59
-370
-691
-899
-1005
-1139
-1279
-1300
-1245
-1233
-1224
-1120
-990
-968
-945
-791
-641
-577
-481
-297
-118
17
224
507
736
902
1110
1347
1514
1626
1715
1764
1757
1709
1655
1585
1478
1363
1242
1144
1094
1035
970
913
877
867
853
863
910
924
901
897
923
950
960
985
1045
1100
1128
1196
1295
1347
1372
1407
1438
1426
1375
1355
1301
1193
1108
1014
898
804
699
592
529
491
452
396
362
330
184
-25
-216
-514
-946
-1377
-1825
-2374
-2934
-3400
-3813
-4209
-4484
-4596
-4648
-4613
-4407
-4126
-3831
-3449
-3009
-2602
-2216
-1795
-1411
-1137
-885
-616
-424
-300
-103
114
251
397
636
887
1053
1232
1462
1602
1662
1752
1817
1760
1635
1511
1336
1069
786
523
213
-129
-399
-618
-843
-1003
-1075
-1127
-1180
-1178
-1113
-1083
-1081
-998
-907
-874
-806
-641
-461
-324
-117
180
447
689
992
1319
1551
1726
1934
2094
2162
2166
2146
2083
1943
1783
1642
1482
1288
1101
952
816
677
577
520
454
372
336
341
341
354
401
434
443
505
583
620
660
727
778
786
838
938
992
1003
1047
1093
1075
1041
1027
982
870
730
628
530
397
275
184
86
-10
-66
-92
-123
-164
-219
-299
-401
-511
-676
-921
-1184
-1462
-1809
-2174
-2477
-2745
-3055
-3317
-3423
-3472
-3528
-3461
-3239
-3031
-2838
-2524
-2141
-1842
-1606
-1292
-988
-840
-709
-509
-370
-327
-252
-109
-15
44
207
409
544
708
935
1136
1278
1416
1549
1577
1533
1488
1378
1162
929
740
515
241
23
-120
-274
-445
-537
-546
-601
-695
-682
-590
-564
-555
-429
-293
-232
-133
59
216
298
437
620
744
836
965
1112
1173
1198
1274
1313
1285
1280
1290
1258
1202
1171
1151
1079
1001
953
879
783
721
675
584
488
458
419
340
294
283
248
211
214
240
253
265
307
354
384
433
511
566
581
607
657
680
684
712
724
690
657
647
619
562
513
460
377
305
263
212
126
38
-50
-168
-311
-452
-606
-819
-1072
-1311
-1549
-1825
-2101
-2319
-2542
-2786
-2946
-3013
-3073
-3112
-3052
-2914
-2772
-2594
-2328
-2030
-1775
-1513
-1201
-922
-702
-493
-294
-143
-39
85
219
323
416
517
637
749
861
996
1097
1166
1234
1280
1287
1265
1217
1114
977
837
680
506
327
154
-17
-174
-277
-344
-402
-430
-429
-401
-348
-275
-190
-92
-3
79
180
291
381
452
513
556
590
621
657
688
697
701
724
749
766
786
801
790
774
775
773
758
729
693
663
616
555
507
437
345
277
250
227
209
232
294
355
411
504
605
676
742
809
869
898
908
917
898
844
793
733
655
563
475
384
298
230
149
67
-1
-70
-143
-217
-272
-328
-410
-482
-526
-595
-704
-797
-888
-1007
-1142
-1275
-1410
-1584
-1751
-1879
-2003
-2104
-2167
-2201
-2225
-2195
-2100
-2004
-1896
-1758
-1603
-1472
-1330
-1136
-991
-899
-777
-641
-553
-481
-354
-222
-142
-31
156
332
475
655
846
975
1084
1222
1334
1366
1359
1362
1308
1201
1117
1023
867
693
560
430
279
143
43
-51
-174
-273
-319
-387
-478
-528
-549
-598
-626
-582
-538
-516
-450
-314
-178
-75
72
239
363
460
581
700
764
808
862
902
914
932
950
935
904
883
874
861
843
830
804
773
740
699
652
589
515
449
383
310
265
238
187
151
159
172
172
196
246
293
317
347
408
444
446
456
459
420
382
372
335
278
230
183
121
64
26
-26
-90
-150
-212
-278
-357
-439
-529
-642
-760
-865
-983
-1122
-1248
-1347
-1457
-1585
-1664
-1703
-1752
-1786
-1759
-1712
-1686
-1626
-1512
-1410
-1335
-1228
-1089
-963
-867
-742
-594
-471
-353
-224
-85
38
145
269
398
491
563
650
725
761
787
824
833
805
775
741
684
608
537
478
400
314
256
196
105
27
-31
-115
-201
-263
-318
-368
-396
-397
-379
-343
-298
-250
-189
-112
-31
50
130
203
278
352
432
507
547
584
618
628
641
669
682
667
669
685
676
673
675
657
614
580
574
544
491
458
425
356
297
282
265
234
218
230
244
256
286
324
343
334
328
335
321
277
242
220
185
148
141
152
148
145
168
188
192
200
200
187
159
119
73
18
-44
-122
-211
-298
-384
-484
-584
-664
-748
-835
-916
-992
-1067
-1147
-1225
-1298
-1363
-1405
-1435
-1448
-1428
-1382
-1340
-1280
-1188
-1088
-991
-887
-754
-633
-533
-411
-271
-159
-76
23
127
208
278
359
431
482
540
596
638
668
673
673
654
607
555
497
421
334
249
166
91
35
-14
-66
-85
-83
-84
-79
-51
-5
14
27
71
126
154
164
219
260
260
305
380
430
464
511
570
614
642
680
715
713
695
688
662
617
562
493
421
331
258
198
119
59
30
6
-17
-19
17
46
59
97
144
158
165
202
215
191
184
204
199
162
164
186
176
174
197
224
221
215
233
230
195
167
141
87
14
-58
-139
-233
-332
-414
-497
-583
-652
-719
-780
-828
-882
-927
-972
-1014
-1032
-1049
-1066
-1081
-1073
-1052
-1044
-1010
-951
-901
-861
-783
-686
-608
-521
-428
-327
-250
-174
-69
9
64
133
204
257
299
355
399
409
414
423
414
393
384
372
338
302
284
265
229
212
200
174
144
137
145
139
144
165
197
232
260
305
342
366
391
418
443
451
460
467
462
455
449
445
438
427
416
395
385
386
369
364
360
349
340
327
310
276
243
221
189
154
109
69
34
-11
-42
-68
-97
-116
-127
-136
-124
-90
-62
-41
-2
31
60
86
107
131
118
99
95
74
29
-5
-33
-81
-128
-153
-181
-226
-258
-282
-311
-343
-368
-379
-396
-429
-467
-496
-530
-570
-604
-654
-702
-723
-750
-764
-762
-761
-751
-737
-695
-655
-629
-569
-507
-453
-404
-337
-264
-222
-175
-114
-63
-26
27
85
122
158
208
258
287
317
348
370
384
393
401
403
392
387
375
354
340
324
293
258
239
225
210
200
206
218
221
244
288
318
333
353
396
425
442
466
488
496
483
490
503
471
449
446
417
376
357
360
341
304
291
291
266
235
218
189
149
115
89
60
16
-27
-61
-96
-137
-166
-180
-203
-222
-220
-227
-240
-237
-223
-227
-235
-225
-209
-205
-214
-204
-190
-189
-185
-176
-171
-176
-180
-178
-169
-175
-195
-198
-210
-246
-265
-281
-311
-340
-372
-376
-375
-384
-375
-361
-353
-347
-332
-323
-332
-340
-342
-361
-382
-387
-404
-420
-415
-406
-384
-357
-324
-278
-233
-180
-117
-54
-11
31
83
103
119
141
156
163
159
169
192
202
208
229
247
267
285
299
315
321
319
320
310
296
296
293
279
277
283
279
284
308
329
335
354
385
402
417
430
431
424
416
406
398
371
344
326
299
279
246
216
207
183
155
135
121
110
93
85
71
48
33
16
2
-17
-42
-50
-62
-77
-72
-75
-83
-74
-76
-98
-110
-117
-144
-183
-210
-231
-250
-281
-303
-308
-331
-348
-338
-330
-321
-304
-290
-273
-267
-253
-223
-211
-206
-199
-187
-174
-171
-172
-167
-156
-153
-142
-124
-119
-108
-106
-108
-100
-94
-99
-108
-115
-122
-137
-150
-145
-151
-155
-157
-159
-141
-129
-118
-104
-92
-73
-59
-51
-43
-44
-44
-34
-25
-17
3
28
56
74
93
122
149
167
185
201
209
206
214
222
210
198
197
191
192
186
178
184
179
183
188
192
204
209
213
216
212
213
219
221
218
218
224
217
216
233
238
235
233
238
238
225
221
218
199
175
153
126
90
52
12
-32
-72
-109
-136
-161
-195
-210
-212
-223
-238
-244
-237
-236
-242
-247
-245
-247
-256
-255
-261
-277
-276
-267
-260
-248
-229
-206
-194
-168
-129
-103
-84
-64
-33
-15
-20
-17
-15
-28
-42
-48
-52
-64
-70
-64
-58
-58
-46
-25
-14
-15
-4
14
9
-5
-10
-19
-37
-55
-59
-65
-81
-85
-69
-61
-48
-27
-9
5
27
53
56
60
70
78
79
74
76
72
60
60
65
55
43
46
49
46
51
58
62
53
52
70
66
59
71
80
83
88
103
118
117
121
137
144
134
142
145
128
119
113
106
98
88
83
68
56
56
64
63
55
79
81
72
88
89
87
75
57
43
22
-5
-23
-31
-51
-65
-63
-60
-60
-66
-53
-35
-34
-24
-11
-7
-15
-18
-18
-25
-39
-57
-68
-86
-96
-89
-100
-111
-111
-116
-124
-126
-118
-119
-123
-120
-126
-134
-128
-116
-112
-116
-113
-93
-91
-96
-81
-75
-71
-59
-44
-30
-37
-29
-13
-15
-11
-6
2
4
3
17
19
26
28
19
15
9
7
4
-12
-22
-24
-40
-50
-47
-49
-57
-57
-52
-42
-36
-24
-9
-1
13
22
37
51
58
65
69
72
74
74
64
60
55
48
51
46
53
58
55
62
73
88
97
99
104
107
110
105
102
104
102
88
81
83
75
73
75
75
75
74
86
88
86
98
102
101
107
109
111
110
112
107
106
102
86
81
73
52
42
39
30
10
-5
-19
-42
-57
-59
-80
-96
-100
-116
-122
-132
-155
-162
-180
-197
-197
-211
-225
-235
-235
-228
-231
-224
-204
-189
-179
-165
-148
-137
-117
-102
-94
-88
-82
-74
-62
-62
-71
-65
-52
-54
-46
-27
-21
-5
12
19
31
29
36
38
29
40
32
26
24
12
15
5
-5
0
1
-6
-5
2
1
14
27
35
46
49
46
56
66
58
69
86
84
93
99
109
114
109
126
131
127
132
132
133
136
133
130
133
133
133
135
125
124
125
115
113
110
102
95
82
82
67
54
59
42
34
28
20
19
8
-3
-8
-15
-20
-27
-35
-39
-46
-32
-19
-21
-11
2
11
15
17
16
13
5
-4
-11
-25
-43
-57
-74
-92
-104
-118
-137
-148
-156
-162
-165
-171
-169
-172
-174
-170
-169
-169
-179
-175
-164
-156
-148
-142
-126
-107
-86
-60
-30
-8
15
39
59
73
83
96
110
114
108
94
87
74
56
49
40
26
25
21
12
12
4
-1
-7
-11
-10
-16
-16
-23
-22
-14
-18
-5
0
1
16
22
27
38
43
48
56
66
65
65
67
63
68
67
64
71
71
72
76
71
77
83
77
68
64
62
57
49
41
36
30
20
23
24
15
6
11
15
7
17
20
19
18
14
18
18
12
3
3
3
-8
-12
-13
-19
-22
-19
-22
-29
-32
-32
-47
-51
-46
-53
-59
-69
-79
-85
-89
-88
-96
-104
-106
-100
-91
-85
-74
-60
-50
-52
-43
-33
-27
-25
-26
-27
-27
-17
-21
-26
-26
-18
0
10
12
16
25
27
41
52
54
63
69
63
55
55
56
57
53
50
58
58
55
56
56
51
48
54
50
39
37
33
29
29
26
27
26
21
31
38
35
37
45
47
42
50
46
36
27
21
10
1
2
-11
-13
-7
-8
-2
-9
-9
2
-1
6
6
-1
3
-11
-15
-9
-25
-35
-42
-54
-54
-63
-63
-58
-60
-55
-55
-58
-54
-52
-49
-54
-49
-39
-34
-33
-37
-38
-33
-30
-30
-29
-27
-38
-42
-32
-34
-37
-31
-32
-33
-31
-34
-29
-26
-31
-29
-27
-27
-22
-15
-19
-17
-12
-16
-16
-16
-19
-22
-22
-20
-14
-15
-20
-11
-9
-10
5
11
9
23
26
30
34
30
37
36
34
40
39
41
42
43
48
52
62
66
68
71
78
78
84
89
80
78
79
76
71
61
58
51
39
37
29
22
20
15
15
19
21
14
11
10
-1
-3
4
-11
-14
-15
-35
-31
-36
-46
-37
-41
-38
-34
-44
-43
-44
-45
-43
-44
-41
-50
-56
-54
-58
-53
-48
-47
-31
-20
-17
-10
1
2
4
13
10
3
6
4
-5
-10
-19
-30
-27
-27
-28
-23
-24
-20
-19
-9
-1
3
18
16
12
19
23
18
17
29
28
30
34
26
23
30
35
36
39
36
40
46
45
41
42
38
35
27
20
14
7
7
4
3
-2
-12
-9
-9
-8
-9
-9
-11
-15
-13
-12
-11
-14
-15
-6
-6
-10
-7
-7
0
1
3
10
14
20
32
32
27
29
27
29
25
23
23
9
13
11
-1
-1
-12
-7
-7
-14
-18
-30
-34
-44
-42
-45
-67
-73
-71
-80
-80
-80
-82
-82
-82
-70
-59
-54
-52
-46
-37
-27
-21
-17
-16
-14
-3
0
1
2
7
12
11
17
24
28
23
23
33
33
36
29
22
21
18
10
0
-3
-5
-4
-13
