-7
-7
-4
0
1
8
8
2
5
2
-2
1
0
2
1
2
3
4
16
16
10
8
8
11
12
9
8
11
7
6
13
7
10
15
12
16
16
16
17
15
14
12
13
21
18
14
21
23
27
21
17
18
15
12
8
16
20
13
9
13
13
11
12
14
13
9
4
10
6
5
15
9
-6
-10
-8
-2
-9
-8
-2
-3
2
-11
-21
-11
-15
-16
-18
-17
-8
-7
-5
-4
-6
-14
-15
-16
-23
-22
-18
-19
-14
-6
-10
-10
-7
-11
-5
-7
-8
1
-10
-8
1
-8
-10
-6
-9
-4
-6
-9
5
6
-6
-9
-12
-7
3
-1
-5
5
9
8
6
0
-2
-1
1
5
1
6
3
-1
9
9
11
13
13
12
7
14
11
10
16
5
5
5
1
6
4
9
9
3
13
17
15
13
14
15
12
12
12
14
14
4
4
4
-5
0
5
0
-4
-7
-3
-4
-4
-9
-16
-16
-14
-11
-17
-19
-16
-15
-13
-18
-18
-13
-12
-14
-10
-7
1
-1
-11
-3
-5
-12
-10
-14
-18
-15
-14
-16
-13
-9
-8
-8
-8
-10
-9
-13
-12
-8
-7
-7
-9
-5
-4
-4
-1
-8
-12
-14
-9
-4
-13
-9
3
2
3
4
3
5
9
5
1
6
7
4
6
5
3
4
5
2
3
-2
-3
2
1
2
5
6
6
5
6
5
-2
-6
6
10
5
11
5
-2
6
9
9
12
17
18
16
14
19
19
11
10
5
-1
1
-10
-15
-11
-6
-5
-9
-6
-8
-6
-8
-10
-9
-15
-13
-8
-7
-4
8
10
6
13
7
5
3
-9
-9
-10
-18
-16
-12
-10
-11
-4
-2
0
14
20
21
17
20
18
13
20
16
15
18
20
23
26
35
35
32
36
30
25
19
9
-8
-14
-13
-25
-23
-24
-25
-17
-22
-24
-18
-17
-20
-13
-14
-15
-8
-19
-21
-23
-41
-48
-51
-51
-55
-64
-66
-68
-69
-62
-61
-59
-56
-45
-38
-32
-34
-37
-29
-28
-24
-17
-15
-12
-4
3
3
16
31
34
47
58
53
57
64
62
63
61
59
69
68
65
69
73
74
75
79
81
81
83
84
85
94
104
105
104
113
104
96
102
90
77
70
62
56
49
35
21
20
6
-14
-20
-26
-38
-52
-49
-48
-57
-52
-44
-38
-25
-24
-26
-19
-22
-28
-29
-35
-50
-66
-80
-91
-104
-106
-110
-126
-125
-140
-155
-161
-187
-207
-229
-247
-260
-272
-268
-266
-256
-241
-231
-206
-178
-154
-136
-118
-101
-90
-82
-82
-79
-73
-75
-56
-50
-46
-22
-16
-1
15
24
47
65
78
103
137
161
198
240
282
321
353
398
428
450
469
480
487
494
485
476
476
462
449
443
435
422
409
392
387
377
350
346
344
320
301
301
297
250
213
195
127
2
-140
-271
-439
-639
-814
-962
-1106
-1229
-1278
-1262
-1223
-1144
-998
-820
-658
-481
-283
-112
21
140
253
319
351
393
417
410
400
393
374
326
255
180
76
-56
-196
-340
-487
-621
-725
-802
-842
-832
-784
-698
-579
-437
-272
-103
60
201
316
414
486
518
523
505
467
422
353
262
172
93
13
-67
-135
-183
-218
-258
-256
-219
-191
-155
-90
-4
64
126
222
312
372
433
504
555
575
602
654
689
702
756
828
886
952
1033
1111
1155
1187
1200
1156
1077
1010
906
754
664
621
568
533
570
649
643
584
549
420
56
-395
-784
-1299
-1962
-2502
-2839
-3159
-3444
-3373
-3006
-2673
-2286
-1624
-870
-354
55
585
982
1045
1018
1125
1149
935
807
902
919
802
815
952
914
667
468
296
-114
-661
-1086
-1444
-1887
-2261
-2356
-2274
-2164
-1914
-1434
-897
-416
65
555
937
1146
1255
1328
1317
1188
1048
964
892
825
812
853
893
892
843
771
638
398
99
-209
-538
-876
-1166
-1330
-1375
-1363
-1242
-979
-646
-313
41
407
709
884
996
1083
1060
942
827
746
643
532
514
548
549
541
576
593
496
335
177
-40
-356
-668
-874
-1075
-1310
-1401
-1333
-1266
-1210
-1029
-752
-599
-530
-347
-197
-237
-279
-220
-189
-262
-251
-70
60
133
339
600
736
785
883
952
831
641
527
367
107
-77
-123
-187
-254
-176
22
173
289
514
759
872
966
1127
1224
1231
1248
1292
1315
1285
1266
1282
1240
1174
1150
1132
1119
1111
1094
1115
1138
1092
1001
847
612
206
-424
-1048
-1647
-2462
-3266
-3786
-4177
-4550
-4693
-4366
-3831
-3428
-2836
-1845
-1006
-526
90
845
1200
1175
1321
1638
1594
1320
1407
1636
1503
1338
1487
1573
1281
860
608
259
-458
-1154
-1607
-2150
-2769
-3121
-3170
-3077
-2929
-2570
-1934
-1285
-694
-18
655
1161
1495
1722
1919
2002
1911
1827
1798
1726
1643
1595
1643
1686
1562
1395
1286
1036
564
48
-416
-930
-1599
-2170
-2400
-2627
-2929
-2884
-2547
-2274
-2067
-1649
-1019
-612
-367
156
687
861
1070
1517
1840
1924
2055
2310
2351
2178
2166
2156
1846
1497
1288
1052
749
560
604
657
604
804
1240
1495
1625
1881
2113
2054
1872
1982
2142
1896
1710
2000
2199
1989
1878
2029
1698
469
-633
-1184
-2455
-4427
-5592
-6056
-7008
-7985
-7587
-6292
-5745
-5397
-3617
-1496
-705
-86
1489
2651
2364
2000
2736
3161
2231
1668
2274
2424
1802
1777
2451
2527
1700
1213
1263
582
-767
-1729
-2465
-3518
-4580
-5092
-5036
-4942
-4839
-4186
-3099
-2001
-915
107
1090
1944
2348
2564
2909
2990
2640
2269
2172
2201
1972
1788
2073
2203
1861
1736
1903
1651
846
91
-406
-1228
-2391
-3076
-3392
-3994
-4490
-4287
-3694
-3218
-2691
-1758
-771
-158
399
1059
1420
1434
1391
1390
1335
1218
1220
1330
1407
1585
1925
2168
2228
2290
2286
2005
1582
1248
875
300
-174
-281
-215
-138
138
773
1465
1980
2550
3213
3575
3531
3404
3374
3234
2765
2369
2372
2267
1868
1698
1809
1494
352
-805
-1448
-2651
-4682
-6094
-6727
-7818
-9086
-9020
-7781
-7098
-6851
-5195
-2731
-1475
-685
1156
2937
3134
2828
3601
4395
3685
2775
3063
3255
2527
2099
2517
2724
2010
1248
1132
777
-360
-1563
-2504
-3475
-4548
-5463
-5819
-5721
-5635
-5378
-4524
-3174
-1792
-701
417
1761
2711
3096
3550
4051
3991
3464
3164
3190
2872
2263
2123
2149
1667
1150
1088
847
-61
-1026
-1582
-2399
-3741
-4682
-5051
-5663
-6296
-6001
-5007
-4230
-3412
-1770
79
1225
2320
3817
4726
4710
4668
4807
4379
3439
2925
2723
2090
1575
1897
2345
2435
2810
3568
3961
3849
3922
4109
3550
2578
2037
1435
475
-32
18
0
-2
538
1354
1724
1950
2441
2024
349
-893
-1770
-3849
-6314
-7484
-8031
-9297
-10048
-8495
-6401
-5853
-4786
-1761
601
1126
2013
3889
4439
3002
2262
2975
2538
797
271
866
827
441
940
2073
2414
1833
1601
1621
955
-284
-1791
-3207
-4233
-5353
-6393
-6495
-5930
-5454
-4963
-3684
-1530
125
844
2002
3438
3756
3377
3430
3598
2899
1654
1231
1421
982
481
842
1216
995
869
1096
952
35
-982
-1785
-3025
-4436
-5131
-5554
-6167
-6149
-5111
-3843
-2680
-972
1174
2662
3542
4734
5763
5665
5018
4666
4147
3067
2277
2215
2105
1829
2146
3043
3784
4263
4900
5343
5066
4620
4328
3593
2371
1218
410
-183
-659
-659
-139
332
674
1273
2021
2464
1972
534
-757
-2030
-4267
-6610
-7955
-8939
-10326
-11161
-9921
-7663
-6542
-5375
-2495
265
1418
2408
4230
5312
4244
2903
3194
3225
1664
482
661
937
616
622
1770
2793
2407
1729
1687
1499
437
-1441
-3163
-4202
-5510
-7039
-7453
-6802
-6208
-5960
-4941
-2459
-179
814
1985
3714
4555
4309
4130
4376
3876
2182
968
853
464
-294
-462
-234
-260
-467
-297
-55
-629
-1547
-2139
-2942
-3871
-4201
-4245
-4515
-4515
-3501
-1952
-861
315
2174
3580
4095
4827
5869
6083
5347
4829
4776
4179
3311
3194
3293
2993
2953
3506
4048
4193
4353
4624
4377
3775
3433
2951
2118
1475
1059
700
535
607
702
659
652
304
-1035
-2387
-3130
-4706
-7095
-8499
-8955
-9990
-11199
-10471
-8334
-7478
-7045
-4412
-1180
109
892
3053
5034
4778
3905
4694
5355
3975
2555
2624
2818
2135
1418
1704
2243
1771
940
633
463
-169
-1672
-3375
-4124
-4683
-6070
-7118
-6724
-5868
-5805
-5646
-3680
-1138
-204
408
2395
4196
4322
4098
4909
5365
3901
2296
2173
1800
346
-609
-848
-1569
-2549
-2659
-2366
-2682
-2974
-2696
-2761
-3055
-2373
-1482
-1722
-2014
-1117
-143
-37
395
1791
2673
2513
2962
4416
5151
4850
4923
5437
5374
4949
5037
5315
4879
4139
3943
3854
3441
3248
3201
2628
1922
1853
2111
1961
1566
1615
1692
1026
521
1051
1389
300
-1440
-2446
-3056
-4676
-6613
-7304
-7798
-9343
-10474
-9569
-7717
-7019
-6844
-5161
-2773
-1531
-663
1074
2690
2745
2066
2556
3741
3707
2724
2382
2755
2889
2594
2640
3189
3080
1931
992
937
786
-619
-2664
-3803
-4305
-5386
-6518
-6507
-5894
-5934
-6111
-4802
-2478
-1177
-790
275
1901
2847
3094
3628
4221
3704
2536
2042
2050
1588
376
-875
-1494
-1820
-2053
-1938
-1813
-1882
-1811
-1521
-990
-251
291
171
-395
-317
490
743
403
534
970
1042
1296
2398
3627
3945
3905
4614
5608
6071
6193
6199
5947
5393
4901
4710
4364
3668
2957
2275
1755
1664
1779
1712
1435
1333
1673
2067
2251
2522
2771
2412
1042
-830
-2175
-3566
-6118
-8699
-10048
-11088
-12635
-13419
-12100
-10107
-9302
-8172
-5176
-2252
-861
425
2567
4073
3733
3251
4084
4500
3494
2713
2918
3252
3174
3120
3650
4094
3795
3283
2754
2125
1242
-583
-2836
-4286
-5416
-6992
-8381
-8690
-8144
-7920
-7614
-5716
-3298
-1959
-764
1162
2960
3752
4051
4697
4825
3764
2830
2165
923
-165
-791
-1600
-2209
-1933
-1202
-966
-802
323
1238
901
909
1604
1325
111
-600
-534
-811
-1632
-1671
-909
-517
-90
1113
2518
3555
4344
5250
6094
6375
6461
6495
5954
5297
4945
4387
3589
3046
2948
2849
2411
2389
2918
2918
2665
3064
3517
3414
3210
3398
3602
3159
2437
1559
-360
-2725
-4468
-6440
-8910
-10796
-11933
-12978
-13728
-12955
-11021
-9891
-8998
-6610
-3933
-2395
-1025
921
2279
2189
2114
3150
3742
3217
3052
3485
3706
3876
4385
5006
5122
4729
4327
3679
2651
1550
-56
-2274
-4184
-5529
-6827
-8070
-8620
-8367
-8076
-7679
-6206
-4153
-2719
-1611
-217
1238
2329
2965
3504
3965
3903
3317
2615
2237
1860
677
-504
-723
-914
-1447
-1399
-785
-492
-538
-53
767
923
823
984
749
246
172
199
-148
-446
-202
189
411
1089
2242
2982
3493
4505
5596
6207
6561
6885
7035
6790
6334
5974
5488
4774
4129
3593
3156
2787
2387
2234
2347
2305
2286
2611
3040
3266
3246
3322
3033
1069
-1605
-3308
-5259
-8393
-11098
-12411
-13667
-15487
-15590
-13280
-11526
-10826
-8586
-5121
-2819
-1442
719
2908
3200
2612
3141
3843
3343
2639
2621
2689
2762
3348
4192
4752
5029
5152
4830
4118
3525
2413
19
-2540
-4272
-5886
-7799
-9171
-9460
-9461
-9548
-8557
-6320
-4271
-2820
-1260
607
2217
3174
3882
4498
4363
3274
2140
1569
790
-543
-1348
-1481
-1689
-1394
-134
970
1442
2257
3446
3760
3444
3577
3232
1597
152
-290
-896
-2072
-2591
-2128
-1784
-1430
-32
1783
2991
4060
5442
6584
7134
7472
7705
7363
6543
5929
5425
4528
3715
3408
3144
2715
2516
2822
3245
3275
3297
3753
4140
4103
3877
3732
3577
2156
-761
-3061
-4661
-7388
-10621
-12545
-13423
-14909
-16276
-15026
-12446
-11409
-10422
-7518
-4421
-2729
-1359
867
2528
2299
2096
3085
3577
3135
2939
3168
3506
4063
4871
5606
5984
6166
6038
5224
4351
3665
1894
-929
-3197
-4734
-6482
-8365
-9393
-9434
-9548
-9517
-8009
-5703
-4066
-2800
-1121
721
2014
2840
3682
3910
3057
2205
1739
999
246
-155
-626
-1107
-642
770
1678
1974
2859
3826
3816
3558
3758
3391
1735
52
-694
-1361
-2375
-2914
-2764
-2451
-1925
-644
1129
2566
3723
4921
5899
6582
7149
7435
7114
6370
5860
5581
4924
4189
4023
3891
3349
3143
3594
3971
3889
3816
4120
4371
4272
4209
4095
3691
2805
640
-2078
-3951
-6057
-9221
-11961
-13400
-14594
-16240
-16523
-14482
-12746
-12151
-10199
-6855
-4354
-2825
-791
1598
2534
2303
2965
4037
3973
3483
3530
3810
4108
4578
5217
5710
5867
5908
5630
4915
4291
3229
936
-1568
-3312
-4937
-6994
-8799
-9582
-9873
-10225
-9671
-7887
-6140
-4787
-3180
-1225
651
2076
3094
3596
3493
3162
2571
1817
1478
1115
186
-363
205
1166
1731
2362
3403
3989
4044
4319
4467
3864
2721
1439
153
-929
-1674
-2365
-3013
-3054
-2379
-1441
-255
1307
2795
3866
4803
5872
6779
7111
6949
6605
6220
5787
5277
4772
4455
4144
3690
3555
3765
3883
3929
3924
3860
3893
4011
4074
3842
3480
3136
1536
-1383
-3492
-5139
-8054
-11232
-13109
-14249
-15939
-17028
-15611
-13538
-12829
-11505
-8376
-5374
-3540
-1683
841
2478
2566
2996
4152
4438
3919
3682
3823
4075
4395
4861
5379
5676
5842
5837
5354
4818
4151
2358
-126
-2114
-3765
-5776
-7923
-9220
-9704
-10330
-10472
-9207
-7540
-6220
-4725
-2767
-661
1020
2343
3451
3715
3463
3285
2658
1855
1404
755
-132
-367
557
1621
1930
2657
4049
4638
4596
4899
5044
4108
2433
1115
112
-1217
-2471
-3196
-3595
-3602
-2917
-1649
-194
1336
2930
4280
5411
6585
7459
7574
7215
6890
6478
5757
4957
4385
3969
3450
3097
3267
3550
3597
3689
3855
4029
4251
4385
4297
3931
3532
2626
240
-2412
-4189
-6609
-9908
-12359
-13651
-14996
-16537
-16313
-14253
-12939
-12087
-9624
-6453
-4280
-2647
-449
1646
2266
2375
3279
3938
3728
3485
3549
3774
4132
4645
5219
5668
6023
6221
5946
5397
4882
3718
1515
-701
-2414
-4276
-6464
-8262
-9184
-9814
-10403
-9935
-8434
-7048
-5755
-4027
-2012
-183
1231
2478
3226
3101
2901
2675
1925
1321
1009
432
-115
235
1448
2283
2729
3828
4952
5192
5183
5367
5012
3585
1856
616
-555
-1941
-3067
-3674
-3876
-3639
-2689
-1226
269
1782
3294
4579
5718
6774
7409
7343
6893
6601
6263
5483
4684
4294
3965
3411
3163
3536
3862
3826
3938
4320
4593
4606
4581
4459
4004
3123
1208
-1497
-3767
-6053
-9098
-11931
-13755
-15064
-16496
-17026
-15557
-13782
-12790
-10964
-7968
-5265
-3347
-1370
923
2265
2492
3101
3996
4144
3907
3835
3980
4351
4812
5360
5910
6264
6498
6401
5902
5415
4549
2666
356
-1584
-3371
-5480
-7573
-8919
-9666
-10346
-10410
-9340
-7929
-6688
-5224
-3313
-1236
435
1708
2772
3102
2880
2758
2386
1717
1206
765
330
307
1155
2307
2853
3467
4665
5396
5377
5353
5259
4301
2500
982
-19
-1340
-2815
-3667
-3944
-3879
-3236
-1897
-349
1088
2589
4068
5364
6496
7258
7414
7063
6634
6304
5693
4834
4234
3838
3406
3132
3317
3822
4077
4141
4505
4989
5223
5209
5032
4799
4012
1876
-886
-3162
-5590
-8870
-11962
-13907
-15468
-17171
-17657
-16210
-14547
-13529
-11616
-8461
-5679
-3689
-1508
833
2121
2393
3045
3978
4098
3746
3656
3822
4185
4714
5391
6099
6618
6979
7047
6766
6413
5569
3646
1259
-794
-2780
-5174
-7496
-9004
-10045
-11025
-11159
-10085
-8727
-7537
-5986
-3901
-1787
-34
1505
2860
3469
3371
3266
2994
2284
1586
1027
431
146
720
1709
2238
2848
4118
5040
5178
5344
5517
4741
3091
1667
593
-856
-2488
-3549
-4089
-4408
-4153
-3084
-1689
-300
1259
2925
4417
5736
6883
7500
7458
7258
7079
6513
5573
4776
4270
3677
3058
3022
3379
3518
3609
4015
4603
5009
5154
5181
5021
4614
3467
1012
-1725
-3951
-6786
-10285
-12924
-14493
-16147
-17712
-17381
-15371
-13942
-12789
-10131
-6802
-4447
-2594
-164
1981
2611
2758
3575
4162
3859
3519
3542
3657
3983
4607
5326
5983
6556
6911
6813
6485
6115
4993
2818
524
-1432
-3594
-6064
-8141
-9431
-10467
-11262
-10986
-9755
-8404
-7025
-5263
-3140
-1071
641
2148
3385
3900
3768
3483
3091
2373
1559
889
291
63
584
1432
2039
2742
3884
4716
4863
5022
5120
4310
2729
1348
323
-1048
-2626
-3551
-3922
-4144
-3819
-2696
-1226
215
1726
3373
4890
6183
7195
7669
7706
7549
7194
6588
5757
5007
4408
3727
3222
3115
3219
3388
3508
3746
4276
4726
4869
4814
4775
4550
2984
269
-1943
-4065
-7296
-10656
-12858
-14477
-16492
-17744
-16730
-14991
-14108
-12632
-9620
-6575
-4443
-2305
277
2035
2461
2955
3902
4173
3765
3470
3392
3509
3909
4487
5142
5770
6313
6605
6497
6389
6079
4665
2489
527
-1364
-3668
-6099
-7984
-9295
-10549
-11250
-10734
-9626
-8441
-7020
-5192
-2994
-932
770
2357
3489
3827
3758
3602
3187
2386
1546
874
285
186
809
1468
1921
2739
3839
4477
4678
4986
4962
3877
2360
1295
231
-1322
-2734
-3517
-3987
-4172
-3642
-2468
-1145
231
1768
3306
4792
6188
7146
7583
7720
7627
7271
6600
5812
5189
4515
3775
3378
3321
3397
3492
3630
4021
4501
4778
4920
4929
4859
4120
1866
-764
-2789
-5385
-8825
-11786
-13731
-15530
-17453
-17734
-16032
-14649
-13710
-11387
-7994
-5155
-3026
-547
1914
2930
3166
3983
4664
4402
3810
3485
3436
3542
3928
4612
5240
5775
6335
6573
6510
6485
5823
3990
1818
-65
-2088
-4638
-7073
-8709
-10113
-11411
-11589
-10678
-9549
-8276
-6606
-4479
-2172
-146
1621
3087
3985
4289
4034
3590
3134
2218
1057
349
174
270
606
1381
2439
3324
4144
5000
5459
5397
4908
3871
2425
977
-391
-1873
-3311
-4183
-4396
-4266
-3706
-2433
-790
716
2208
3954
5668
6784
7375
7864
7952
7422
6742
6097
5341
4459
3695
3275
2946
2784
3138
3515
3702
4202
4841
5149
5123
5162
5029
3376
539
-1652
-3813
-7179
-10549
-12797
-14613
-16749
-17932
-16822
-15139
-14253
-12555
-9445
-6422
-4094
-1727
848
2481
2901
3480
4352
4529
4152
3718
3419
3478
3792
4253
4892
5516
6054
6411
6467
6549
6296
4902
2855
942
-983
-3274
-5740
-7705
-9163
-10585
-11315
-10820
-9834
-8736
-7365
-5643
-3553
-1448
336
1820
2902
3526
3738
3602
3472
3192
2354
1522
1281
1443
1674
1981
2607
3353
3855
4350
4829
4814
4268
3331
2123
880
-339
-1588
-2844
-3846
-4263
-4185
-3762
-2853
-1514
-103
1229
2685
4332
5710
6468
6938
7283
7256
6944
6549
6064
5443
4747
4182
3836
3664
3707
3795
3775
3972
4431
4723
4735
4707
4694
3795
1466
-856
-2643
-5328
-8756
-11393
-13214
-15279
-17178
-17132
-15620
-14749
-13856
-11326
-8127
-5602
-3313
-604
1735
2730
3294
4361
5032
4843
4430
4076
3909
4019
4269
4664
5129
5587
5974
6070
6152
6264
5521
3796
2015
410
-1592
-4057
-6273
-7928
-9574
-10982
-11184
-10565
-9901
-8903
-7309
-5285
-3099
-1022
840
2326
3422
4211
4364
4055
3720
2942
1704
802
511
425
255
485
1372
2237
2949
3836
4523
4652
4340
3744
2884
1810
568
-861
-2283
-3266
-3733
-3928
-3714
-2843
-1584
-249
1291
3111
4875
6143
6950
7666
8128
8003
7506
6880
6155
5262
4279
3590
3131
2667
2505
2684
2982
3486
4107
4610
4868
5064
5102
3909
1530
-627
-2871
-6155
-9596
-12119
-14209
-16564
-18011
-17306
-15895
-14991
-13261
-10129
-6980
-4468
-1848
1010
2908
3558
4197
5004
5122
4618
4035
3574
3344
3361
3644
4199
4846
5463
5903
6190
6579
6611
5581
3870
2124
217
-2110
-4598
-6719
-8510
-10246
-11311
-11213
-10523
-9615
-8323
-6536
-4340
-2169
-244
1499
2825
3622
4029
4096
3909
3420
2562
1692
1153
993
1115
1315
1682
2394
3178
3820
4331
4601
4439
3710
2634
1624
536
-891
-2314
-3387
-4097
-4408
-4250
-3582
-2588
-1427
18
1624
3208
4741
5889
6523
6959
7269
7247
6822
6260
5811
5184
4376
3942
3741
3355
3095
3230
3494
3690
3994
4416
4555
4446
4350
3472
1366
-803
-2765
-5498
-8703
-11177
-12974
-15053
-16749
-16492
-15171
-14402
-13207
-10513
-7535
-5293
-2983
-160
1952
2784
3521
4552
4934
4607
4278
4031
3732
3642
3896
4271
4635
5068
5445
5549
5668
5781
5073
3513
1934
418
-1531
-3811
-5778
-7347
-8992
-10313
-10539
-10064
-9450
-8516
-7070
-5224
-3301
-1487
230
1588
2494
3148
3453
3454
3288
2787
2077
1541
1416
1604
1769
2021
2634
3377
3983
4449
4765
4781
4227
3238
2306
1365
88
-1300
-2444
-3238
-3666
-3723
-3348
-2598
-1601
-374
996
2434
3937
5208
5927
6377
6827
6967
6595
6030
5616
5099
4268
3696
3596
3415
3140
3219
3592
3899
4142
4502
4790
4803
4755
4326
2809
676
-1285
-3587
-6627
-9447
-11489
-13556
-15754
-16601
-15794
-14950
-14308
-12518
-9724
-7253
-5126
-2472
208
1728
2499
3524
4478
4685
4412
4167
3952
3779
3864
4151
4499
4971
5395
5505
5602
5951
5855
4726
3208
1891
295
-1878
-3983
-5685
-7430
-9185
-10157
-10148
-9762
-9224
-8244
-6703
-4783
-2771
-858
873
2325
3387
4014
4346
4412
3883
2847
1861
1091
579
360
232
231
671
1565
2458
3117
3806
4264
3954
3341
3015
2435
1100
-378
-1422
-2315
-3119
-3360
-3061
-2686
-2097
-868
694
2170
3710
5133
6028
6696
7417
7794
7498
6833
6236
5537
4554
3797
3398
2868
2296
2170
2487
2879
3216
3653
4100
4334
4491
4244
2882
919
-965
-3377
-6468
-9238
-11362
-13630
-15957
-16786
-15994
-15282
-14536
-12360
-9379
-6967
-4677
-1688
1132
2595
3342
4403
5110
4914
4511
4118
3542
3058
2907
3092
3497
3987
4469
4761
5093
5692
5781
4870
3664
2456
796
-1334
-3382
-5122
-7002
-8948
-10003
-10060
-9846
-9378
-8315
-6707
-4836
-2936
-934
1008
2389
3310
3989
4279
4222
3793
3013
2151
1391
981
895
864
1067
1572
2156
2805
3459
3993
4206
3870
3258
2671
1868
703
-578
-1684
-2554
-3263
-3538
-3239
-2731
-2064
-1019
336
1793
3182
4346
5199
5830
6330
6563
6372
5974
5543
4828
4065
3734
3541
3158
2820
2777
2977
3223
3518
3864
4061
4126
4134
3957
3705
3047
1287
-940
-2795
-4767
-7200
-9531
-11281
-12842
-14420
-14857
-13863
-12904
-12189
-10615
-8337
-6203
-4205
-1947
105
1178
1817
2807
3632
3833
3766
3557
3290
3292
3600
4007
4309
4530
4781
4912
5050
5365
5182
4082
2761
1634
294
-1431
-3150
-4661
-6274
-7841
-8521
-8378
-8229
-7987
-7189
-5934
-4471
-2868
-1157
375
1461
2364
3226
3804
4040
3760
2919
2051
1435
903
433
174
60
-42
212
1082
2002
2497
2838
3123
3083
2879
2724
2240
1193
63
-707
-1341
-1904
-2086
-2015
-1929
-1485
-357
1034
2201
3274
4395
5297
5934
6565
6970
6761
6146
5568
5090
4521
3908
3362
2727
2080
1922
2265
2510
2567
2830
3230
3429
3620
3974
3560
1773
-182
-1633
-3600
-6280
-8644
-10560
-12733
-14631
-14926
-14087
-13570
-12982
-11232
-8863
-6644
-4286
-1691
392
1585
2532
3632
4387
4502
4183
3571
2998
2859
2951
3002
3128
3388
3631
3865
4403
5103
5082
4157
3205
2450
1265
-383
-2018
-3625
-5422
-7049
-7856
-8025
-8132
-8084
-7526
-6424
-4901
-3187
-1565
-154
1047
2020
2746
3274
3548
3265
2459
1740
1406
1134
757
573
702
951
1375
2109
2930
3426
3518
3503
3438
3166
2641
1791
664
-450
-1330
-1979
-2470
-2747
-2734
-2509
-1991
-913
495
1678
2582
3490
4392
5056
5461
5755
5795
5363
4806
4508
4290
3889
3410
3064
2798
2580
2630
2903
3008
2966
3113
3347
3409
3408
3422
2929
1507
-140
-1419
-3060
-5392
-7535
-9164
-10917
-12658
-13255
-12735
-12356
-12108
-10852
-8763
-6877
-5086
-2916
-880
378
1259
2379
3345
3619
3453
3222
3027
2973
3059
3154
3285
3504
3757
3988
4347
4850
4909
4245
3496
2948
2061
657
-847
-2261
-3805
-5376
-6406
-6862
-7251
-7595
-7449
-6719
-5641
-4414
-3165
-1927
-789
203
1115
1817
2200
2271
2010
1685
1558
1511
1375
1218
1292
1676
2120
2550
3103
3556
3680
3657
3628
3456
2946
2125
1207
291
-600
-1374
-2032
-2550
-2766
-2652
-2283
-1607
-645
333
1175
2033
3018
3920
4507
4861
5116
5126
4914
4760
4636
4379
4018
3667
3431
3272
3133
3039
2986
2972
2994
3027
3085
3135
3071
2854
2298
1196
-140
-1449
-3080
-5101
-7014
-8661
-10330
-11836
-12467
-12291
-12121
-11825
-10608
-8770
-7104
-5403
-3314
-1361
-71
943
2179
3164
3411
3368
3360
3227
3087
3079
3146
3233
3310
3483
3766
4106
4478
4551
4093
3517
3000
2160
928
-426
-1785
-3252
-4730
-5804
-6430
-7042
-7558
-7500
-6928
-6105
-5060
-3855
-2633
-1501
-392
708
1523
1984
2244
2197
1926
1794
1781
1592
1320
1297
1541
1885
2285
2776
3212
3418
3498
3577
3519
3150
2444
1534
632
-228
-1036
-1696
-2224
-2597
-2674
-2412
-1869
-1053
-77
852
1763
2769
3767
4468
4823
5125
5317
5148
4924
4847
4601
4135
3709
3420
3212
2959
2762
2724
2668
2617
2693
2800
2879
2851
2705
2513
1907
751
-423
-1675
-3381
-5247
-6914
-8448
-10035
-11326
-11712
-11624
-11636
-11106
-9698
-8114
-6631
-4861
-2841
-1162
-15
1135
2341
2985
3169
3321
3319
3165
3041
2988
3009
3047
3157
3393
3648
3963
4295
4248
3851
3461
2896
1921
682
-606
-1933
-3465
-4913
-5864
-6573
-7259
-7597
-7418
-6848
-6033
-4993
-3716
-2443
-1315
-194
840
1634
2161
2381
2338
2177
1996
1798
1554
1333
1257
1332
1527
1867
2290
2648
2864
2996
3107
3068
2720
2134
1473
748
-35
-787
-1450
-2011
-2420
-2582
-2440
-1986
-1299
-520
304
1254
2305
3232
3971
4584
5056
5266
5279
5271
5143
4788
4308
3880
3577
3266
2908
2601
2364
2236
2223
2273
2384
2483
2481
2433
2421
2347
1891
880
-310
-1439
-2846
-4556
-6150
-7584
-9096
-10426
-10978
-10861
-10699
-10387
-9418
-7974
-6488
-4870
-3043
-1369
-142
834
1878
2765
3168
3229
3165
3017
2867
2786
2778
2766
2683
2689
2883
3164
3442
3493
3216
2823
2379
1753
868
-238
-1455
-2744
-4007
-4959
-5583
-6152
-6590
-6646
-6268
-5552
-4652
-3608
-2507
-1512
-523
520
1365
1825
1985
1991
1866
1656
1478
1328
1051
789
887
1230
1570
1935
2326
2640
2835
3017
3196
3067
2554
1930
1299
611
-78
-717
-1308
-1789
-2034
-1985
-1692
-1212
-607
48
801
1706
2633
3390
3910
4286
4573
4713
4727
4629
4374
3974
3532
3216
3064
2884
2601
2362
2251
2267
2374
2479
2523
2491
2397
2306
2249
2100
1490
333
-881
-1971
-3333
-4961
-6429
-7741
-9102
-10188
-10462
-10173
-9969
-9625
-8607
-7201
-5842
-4373
-2717
-1281
-300
595
1640
2454
2757
2782
2718
2583
2469
2421
2410
2350
2250
2280
2472
2779
3086
3085
2762
2426
2085
1552
783
-169
-1239
-2407
-3518
-4284
-4824
-5377
-5773
-5808
-5453
-4797
-4019
-3142
-2242
-1441
-607
258
930
1335
1478
1431
1344
1281
1273
1208
1014
975
1229
1586
1970
2422
2828
3063
3166
3286
3363
3103
2522
1874
1193
469
-207
-818
-1385
-1861
-2139
-2110
-1809
-1337
-773
-205
476
1347
2202
2901
3456
3847
4087
4211
4274
4286
4124
3778
3451
3226
3071
2948
2779
2592
2462
2404
2447
2483
2421
2324
2174
1989
1878
1792
1513
824
-147
-1046
-1953
-3115
-4399
-5592
-6753
-7925
-8726
-8899
-8832
-8858
-8634
-7824
-6731
-5657
-4469
-3154
-2020
-1138
-204
836
1607
1941
2053
2122
2172
2211
2235
2220
2152
2079
2138
2353
2634
2826
2776
2536
2309
2103
1701
1020
178
-729
-1668
-2550
-3226
-3777
-4386
-4893
-5036
-4843
-4442
-3933
-3381
-2765
-2071
-1322
-569
51
478
727
826
916
1029
1067
1030
983
1047
1287
1588
1883
2191
2454
2627
2775
2912
2927
2707
2267
1763
1266
739
202
-343
-853
-1217
-1430
-1467
-1284
-971
-631
-219
360
1064
1736
2300
2812
3247
3551
3783
3942
3966
3870
3665
3423
3224
3039
2838
2579
2311
2150
2028
1870
1756
1721
1638
1431
1315
1375
1341
1126
947
806
391
-332
-1018
-1670
-2621
-3789
-4764
-5596
-6577
-7415
-7775
-7894
-8009
-7868
-7194
-6330
-5528
-4506
-3290
-2204
-1275
-312
611
1229
1583
1863
2061
2092
2054
2038
1975
1925
1946
2015
2156
2305
2416
2465
2421
2338
2149
1712
1141
501
-277
-1121
-1918
-2635
-3297
-3906
-4320
-4456
-4425
-4225
-3833
-3377
-2797
-2056
-1327
-632
32
547
865
1084
1321
1442
1313
1191
1224
1190
1123
1256
1468
1564
1642
1847
2083
2163
2141
2112
1921
1562
1267
967
514
33
-356
-684
-970
-1112
-1062
-947
-834
-536
-26
493
984
1527
2067
2510
2871
3207
3484
3571
3486
3382
3292
3132
2908
2692
2480
2254
2083
1989
1899
1745
1602
1524
1441
1402
1433
1395
1281
1208
1189
1103
757
188
-409
-1115
-2023
-2961
-3858
-4838
-5873
-6697
-7112
-7297
-7466
-7417
-6986
-6369
-5661
-4761
-3702
-2713
-1922
-1118
-206
524
974
1282
1484
1599
1642
1685
1757
1764
1699
1698
1851
2051
2228
2313
2275
2198
2048
1804
1468
956
301
-408
-1130
-1791
-2399
-3000
-3535
-3919
-4056
-3948
-3728
-3429
-2977
-2422
-1835
-1209
-571
-32
324
554
798
1024
1105
1114
1151
1160
1140
1196
1367
1525
1622
1798
2041
2196
2286
2370
2334
2143
1931
1716
1395
959
518
143
-240
-599
-772
-821
-879
-837
-588
-218
157
560
1077
1583
1966
2351
2750
2984
3053
3106
3127
3024
2841
2678
2480
2193
1969
1874
1754
1612
1571
1593
1607
1635
1748
1869
1857
1797
1773
1664
1389
909
258
-509
-1417
-2421
-3430
-4456
-5491
-6430
-7135
-7528
-7684
-7685
-7451
-6939
-6229
-5394
-4444
-3436
-2476
-1635
-845
-60
580
997
1272
1478
1628
1723
1794
1856
1882
1907
2002
2164
2368
2522
2542
2472
2378
2215
1897
1406
764
26
-794
-1608
-2298
-2936
-3563
-4052
-4285
-4268
-4080
-3755
-3301
-2809
-2229
-1490
-766
-173
342
753
1010
1188
1390
1508
1390
1217
1218
1293
1317
1430
1648
1771
1870
2095
2371
2490
2410
2280
2070
1733
1361
950
434
-139
-633
-1003
-1282
-1446
-1471
-1433
-1314
-990
-508
-7
494
1044
1613
2139
2632
3079
3395
3543
3594
3626
3607
3481
3263
3014
2755
2498
2307
2145
1956
1771
1611
1512
1472
1428
1355
1243
1157
1099
988
817
548
51
-597
-1231
-1905
-2715
-3608
-4454
-5227
-5945
-6446
-6639
-6731
-6788
-6579
-6067
-5429
-4735
-3928
-3040
-2231
-1508
-728
27
533
830
1054
1221
1321
1353
1362
1344
1267
1228
1312
1451
1593
1673
1659
1662
1675
1590
1398
1081
658
190
-323
-838
-1332
-1862
-2377
-2763
-2967
-2984
-2889
-2739
-2452
-2013
-1517
-980
-434
64
453
718
971
1203
1270
1196
1125
1035
889
765
720
710
669
673
802
943
1032
1135
1189
1163
1125
1084
963
743
513
308
101
-79
-160
-184
-241
-217
-24
237
479
733
1047
1367
1655
1932
2216
2430
2521
2585
2666
2687
2610
2503
2386
2208
2018
1888
1745
1543
1375
1267
1163
1062
1002
947
861
785
749
741
707
649
612
580
526
384
117
-240
-660
-1171
-1785
-2424
-3055
-3762
-4478
-5014
-5359
-5661
-5908
-5873
-5593
-5253
-4788
-4103
-3353
-2703
-2040
-1264
-546
-46
331
677
900
989
1063
1127
1103
1015
990
1075
1210
1362
1534
1675
1789
1919
1992
1964
1821
1547
1180
744
262
-255
-831
-1429
-1937
-2328
-2593
-2739
-2794
-2718
-2497
-2169
-1756
-1321
-916
-540
-200
112
388
550
602
596
565
527
467
418
407
405
463
639
857
1063
1292
1516
1686
1828
1942
1954
1849
1673
1474
1223
923
642
384
117
-104
-200
-216
-195
-105
64
294
562
862
1154
1410
1643
1838
1987
2087
2116
2081
2020
1940
1856
1772
1662
1545
1459
1403
1346
1298
1261
1212
1150
1109
1081
1038
959
843
749
674
552
372
99
-279
-717
-1194
-1713
-2286
-2913
-3535
-4102
-4592
-4945
-5181
-5351
-5407
-5277
-4968
-4532
-4019
-3443
-2818
-2192
-1538
-862
-259
229
596
906
1184
1383
1499
1543
1524
1493
1483
1495
1511
1511
1471
1423
1412
1406
1332
1173
949
694
393
29
-348
-753
-1206
-1626
-1960
-2187
-2336
-2438
-2434
-2309
-2064
-1721
-1339
-925
-506
-132
224
556
816
970
1034
1060
1066
1056
992
909
860
821
799
812
874
937
973
1037
1145
1244
1277
1252
1200
1101
968
809
627
437
232
51
-68
-122
-116
-91
-21
141
351
567
786
1022
1256
1430
1577
1735
1871
1943
1933
1905
1871
1782
1641
1498
1364
1182
981
829
723
633
530
442
381
318
276
275
280
282
299
327
353
376
395
344
184
-36
-280
-605
-1036
-1531
-2044
-2578
-3144
-3637
-4004
-4311
-4574
-4711
-4660
-4494
-4243
-3882
-3443
-2963
-2466
-1949
-1409
-925
-532
-216
46
291
497
621
711
807
890
993
1157
1356
1524
1656
1811
1968
2066
2084
2010
1822
1551
1251
880
437
-32
-509
-970
-1377
-1693
-1908
-2067
-2150
-2070
-1873
-1641
-1340
-994
-658
-323
0
294
531
687
806
892
927
942
947
924
885
896
942
992
1046
1111
1182
1216
1257
1309
1285
1196
1082
938
748
512
270
55
-165
-374
-478
-508
-513
-480
-392
-231
-43
150
356
555
727
896
1057
1187
1298
1376
1426
1472
1502
1509
1495
1467
1449
1432
1397
1349
1311
1264
1216
1175
1137
1096
1021
928
853
772
676
574
460
348
232
98
-43
-245
-507
-806
-1173
-1564
-1975
-2429
-2908
-3356
-3717
-4016
-4242
-4353
-4349
-4233
-4025
-3706
-3281
-2822
-2355
-1844
-1320
-830
-390
-20
279
507
659
771
853
871
851
845
881
924
968
1041
1111
1164
1214
1246
1244
1165
1020
858
641
369
67
-268
-592
-895
-1154
-1330
-1435
-1489
-1494
-1405
-1195
-938
-677
-391
-79
225
478
700
892
989
1004
994
985
939
825
705
605
510
432
394
380
346
330
350
380
413
430
407
359
322
303
256
188
143
107
68
57
103
179
226
293
426
575
698
817
948
1041
1104
1161
1228
1270
1247
1239
1242
1230
1231
1242
1256
1249
1235
1244
1247
1206
1162
1121
1033
934
855
759
624
486
368
274
202
144
108
88
80
95
116
114
69
-59
-266
-510
-819
-1198
-1625
-2082
-2537
-2975
-3359
-3651
-3872
-4005
-4027
-3922
-3715
-3424
-3037
-2616
-2180
-1717
-1265
-867
-531
-233
-4
126
224
331
399
414
457
558
674
782
935
1141
1305
1434
1570
1673
1695
1612
1482
1315
1058
740
393
22
-371
-736
-1036
-1272
-1441
-1544
-1557
-1472
-1315
-1103
-858
-600
-336
-83
145
341
484
561
606
624
629
610
570
538
519
524
570
634
708
778
850
915
962
998
988
923
843
741
600
440
289
166
38
-74
-99
-79
-52
18
141
276
401
542
688
790
859
913
962
978
941
904
873
827
776
752
751
760
789
833
887
939
978
1001
1000
984
933
845
730
587
445
297
130
-19
-149
-254
-332
-377
-409
-439
-444
-439
-453
-501
-584
-713
-903
-1117
-1344
-1613
-1914
-2223
-2485
-2699
-2874
-2979
-3002
-2952
-2833
-2611
-2301
-1955
-1602
-1243
-877
-537
-240
22
224
346
415
476
515
523
528
546
574
620
707
827
944
1040
1135
1228
1275
1277
1247
1150
1001
810
582
345
89
-177
-418
-623
-793
-911
-972
-983
-943
-879
-773
-618
-461
-311
-160
-27
90
189
239
261
262
242
224
201
199
218
254
312
392
494
608
723
825
913
973
1004
1005
967
914
834
735
643
540
441
358
293
249
202
183
191
206
234
261
292
314
327
337
323
292
254
218
198
178
178
202
242
306
379
463
554
634
717
780
817
840
831
789
716
632
542
426
316
224
126
20
-62
-111
-167
-229
-279
-327
-378
-460
-578
-702
-875
-1095
-1303
-1511
-1735
-1962
-2145
-2285
-2389
-2446
-2429
-2337
-2223
-2060
-1828
-1572
-1303
-1035
-766
-513
-302
-110
68
216
314
386
460
514
553
586
630
685
735
793
856
929
974
980
973
949
886
775
648
505
332
155
-19
-179
-322
-437
-519
-579
-598
-577
-535
-478
-412
-316
-217
-146
-58
38
97
152
216
282
338
386
462
541
602
682
761
823
874
916
928
907
864
804
716
609
500
386
269
163
89
29
-32
-48
-40
-22
11
57
119
163
184
206
244
255
240
237
215
192
187
198
213
233
261
291
333
395
461
506
536
567
601
613
604
583
536
462
378
305
233
138
38
-37
-95
-138
-177
-202
-216
-243
-286
-325
-371
-455
-580
-729
-877
-1045
-1230
-1403
-1569
-1714
-1836
-1926
-1971
-1986
-1964
-1903
-1783
-1608
-1412
-1210
-996
-776
-559
-362
-182
-27
95
200
285
370
441
492
540
585
654
719
766
822
850
874
898
897
879
827
740
636
518
405
277
132
-13
-133
-209
-272
-320
-323
-295
-246
-174
-70
55
160
259
378
487
578
650
702
731
727
709
686
652
603
548
503
454
420
394
362
340
313
286
252
210
160
104
38
-30
-78
-133
-182
-205
-208
-188
-158
-112
-29
56
144
248
346
452
552
633
697
747
773
764
753
704
639
591
508
427
361
282
213
152
83
35
-6
-54
-95
-145
-191
-238
-303
-382
-463
-551
-665
-782
-888
-1004
-1120
-1227
-1310
-1368
-1407
-1410
-1381
-1350
-1301
-1217
-1123
-1018
-907
-795
-675
-568
-469
-374
-287
-222
-172
-123
-73
-31
-4
22
49
73
98
130
172
208
225
255
287
297
294
282
269
240
199
158
128
108
66
27
28
37
39
62
95
126
154
190
234
264
288
308
323
332
339
350
347
345
356
362
365
375
398
415
422
435
451
470
457
435
433
413
377
347
316
278
240
207
201
200
195
196
201
226
239
255
284
302
310
312
322
331
336
333
327
331
343
365
375
379
387
398
398
385
386
379
349
309
272
236
184
127
63
-7
-72
-140
-205
-266
-327
-393
-454
-503
-549
-589
-653
-726
-771
-814
-860
-909
-947
-974
-993
-1001
-993
-969
-936
-897
-849
-790
-730
-668
-615
-564
-511
-471
-433
-387
-349
-325
-290
-248
-209
-167
-125
-84
-36
3
40
80
103
123
144
151
148
156
161
149
131
124
119
106
92
96
113
130
153
185
225
268
299
344
394
428
460
478
494
510
512
499
493
494
496
506
517
526
535
552
572
592
616
625
629
628
606
583
540
472
409
337
263
192
136
102
56
26
28
49
79
109
146
179
199
231
256
265
266
247
230
213
187
166
125
72
41
22
-14
-55
-80
-99
-131
-176
-209
-251
-328
-405
-483
-563
-656
-761
-849
-929
-1002
-1062
-1105
-1130
-1148
-1133
-1102
-1066
-1007
-933
-850
-772
-694
-603
-518
-449
-386
-329
-266
-224
-191
-148
-111
-82
-57
-13
37
74
98
121
159
188
193
181
178
169
137
111
82
43
7
-35
-57
-41
-33
-26
12
62
123
197
273
354
438
515
586
653
706
745
760
766
778
766
740
711
680
642
601
574
550
524
495
477
474
471
468
465
454
441
428
409
379
355
316
268
225
182
163
129
91
82
76
74
72
76
84
89
100
103
104
108
98
84
67
45
15
-17
-52
-97
-137
-171
-206
-249
-278
-311
-347
-369
-387
-401
-425
-459
-484
-503
-527
-556
-587
-610
-635
-663
-671
-677
-674
-657
-644
-617
-588
-558
-519
-491
-467
-438
-408
-391
-382
-367
-366
-374
-372
-371
-368
-361
-352
-333
-306
-276
-231
-187
-146
-99
-64
-35
0
27
38
44
54
65
74
80
101
130
153
185
231
277
315
355
393
425
464
485
499
518
521
526
532
522
525
533
520
519
527
533
543
542
550
568
565
560
551
543
522
500
488
466
448
414
379
350
327
305
274
249
227
208
185
166
143
114
90
59
32
6
-15
-44
-77
-94
-113
-129
-141
-151
-160
-174
-180
-182
-185
-204
-227
-245
-254
-273
-297
-320
-345
-373
-399
-427
-449
-465
-489
-511
-528
-535
-547
-564
-577
-577
-567
-564
-557
-538
-518
-499
-474
-450
-421
-388
-360
-328
-290
-261
-238
-210
-187
-165
-145
-130
-110
-87
-69
-60
-43
-18
-8
9
22
29
45
56
74
89
103
118
128
145
161
179
188
198
223
250
271
290
316
345
378
405
437
470
497
529
551
575
599
602
612
613
605
596
571
546
526
500
476
448
431
418
400
381
369
363
346
330
325
309
289
270
245
214
183
141
99
60
12
-33
-84
-128
-167
-207
-241
-272
-289
-298
-307
-309
-308
-300
-296
-301
-301
-296
-302
-320
-335
-338
-341
-363
-392
-404
-419
-436
-449
-464
-468
-477
-488
-477
-472
-481
-471
-464
-455
-442
-431
-419
-406
-395
-375
-351
-328
-297
-271
-235
-203
-165
-114
-69
-28
11
53
91
118
138
148
152
162
173
177
168
161
152
137
124
106
103
98
92
98
100
107
118
133
150
156
164
183
200
203
210
228
244
257
275
301
326
349
373
392
419
445
463
483
497
510
512
510
505
492
475
444
408
377
343
298
258
225
183
147
128
107
94
80
60
48
33
21
8
-9
-25
-45
-61
-78
-96
-113
-122
-137
-152
-157
-162
-170
-182
-184
-191
-200
-211
-228
-249
-273
-302
-345
-380
-411
-449
-486
-519
-545
-573
-594
-603
-607
-602
-600
-586
-551
-527
-495
-450
-416
-389
-357
-321
-286
-249
-214
-177
-136
-108
-79
-51
-32
-1
24
42
60
79
106
126
137
149
162
171
175
180
170
170
172
164
164
167
178
189
199
222
238
257
289
313
334
353
373
386
399
415
421
426
429
430
432
432
428
412
399
387
364
353
341
312
290
272
259
238
215
200
171
146
130
101
82
64
38
17
4
-14
-28
-34
-51
-59
-69
-83
-86
-94
-100
-109
-125
-130
-142
-157
-166
-175
-186
-203
-222
-242
-251
-265
-282
-289
-294
-294
-295
-291
-279
-262
-251
-245
-239
-230
-226
-225
-232
-245
-252
-265
-283
-289
-293
-307
-314
-318
-313
-304
-303
-287
-268
-246
-217
-198
-179
-157
-143
-125
-106
-91
-76
-65
-55
-42
-22
8
30
55
84
116
148
170
194
210
228
241
243
263
267
270
282
278
282
290
289
293
295
290
295
304
300
292
297
300
293
295
293
274
266
255
240
234
223
204
194
185
177
177
166
150
134
127
120
102
88
77
59
39
26
19
11
-8
-17
-33
-47
-55
-74
-91
-107
-124
-145
-165
-185
-200
-216
-232
-247
-254
-252
-259
-258
-249
-242
-228
-216
-194
-174
-160
-143
-135
-118
-108
-109
-108
-112
-106
-108
-115
-119
-123
-128
-132
-137
-143
-137
-129
-127
-121
-117
-112
-102
-91
-86
-78
-77
-73
-66
-68
-64
-56
-52
-49
-42
-32
-24
-11
-8
5
21
28
31
40
52
66
78
82
84
94
104
113
125
124
133
145
153
163
169
175
179
181
184
185
184
181
173
164
160
154
144
145
139
136
136
130
129
129
130
133
132
130
123
120
115
107
100
86
75
63
49
31
12
1
-10
-22
-39
-45
-54
-58
-62
-81
-93
-100
-109
-124
-134
-146
-157
-162
-175
-177
-179
-180
-179
-178
-170
-157
-149
-137
-127
-119
-105
-90
-71
-56
-48
-42
-37
-25
-19
-16
-21
-30
-35
-46
-58
-63
-75
-81
-87
-100
-101
-104
-103
-101
-94
-86
-79
-62
-52
-36
-19
-8
11
22
35
47
57
68
72
81
94
97
106
119
120
130
143
144
143
139
129
118
107
93
75
63
43
30
18
2
-2
-16
-15
-9
-16
-10
-6
0
15
29
30
42
56
55
61
61
58
54
46
48
48
48
52
56
64
67
66
60
58
58
44
29
11
-7
-16
-31
-58
-72
-80
-92
-104
-118
-116
-116
-115
-109
-104
-92
-84
-75
-73
-65
-53
-48
-46
-42
-43
-46
-42
-48
-44
-46
-45
-34
-31
-27
-20
-11
-8
-1
3
5
8
12
13
13
27
29
27
40
34
30
39
30
31
37
36
45
41
42
45
32
31
33
31
30
31
35
38
42
41
38
40
49
58
60
71
78
75
76
79
71
64
59
46
41
41
24
19
18
5
-3
-14
-28
-34
-38
-37
-44
-45
-46
-58
-61
-63
-62
-69
-75
-73
-73
-71
-67
-65
-60
-48
-47
-49
-48
-42
-33
-28
-23
-25
-19
-19
-17
-21
-27
-21
-25
-14
-11
-17
-10
-17
-22
-18
-24
-22
-7
-2
-4
7
10
7
14
10
7
18
19
23
23
32
43
37
39
28
19
26
26
21
18
12
13
20
11
13
16
12
26
30
31
38
46
50
44
50
54
49
57
56
58
67
72
72
71
76
76
72
71
72
69
63
59
53
40
34
24
8
7
-4
-15
-14
-16
-12
-8
-5
-1
6
9
15
20
24
34
35
26
25
23
9
1
-16
-20
-22
-36
-37
-49
-60
-63
-79
-91
-95
-102
-100
-101
-109
-109
-115
-123
-118
-122
-118
-115
-120
-109
-102
-98
-90
-87
-82
-75
-67
-52
-49
-41
-42
-39
-29
-29
-27
-24
-18
-10
-5
-2
3
5
9
3
1
6
3
7
-1
6
13
13
30
35
45
52
56
66
74
90
87
89
99
106
108
99
93
86
85
84
66
59
59
50
44
36
31
32
32
31
29
33
30
15
16
9
-1
3
-6
-12
-9
-15
-10
-12
-18
-19
-24
-12
-6
-5
3
4
9
11
7
8
8
5
6
1
-6
-2
-15
-25
-20
-18
-20
-22
-16
-18
-12
-7
-21
-16
-13
-28
-28
-36
-43
-43
-51
-56
-56
-59
-61
-70
-76
-77
-70
-68
-65
-53
-52
-53
-42
-42
-44
-39
-38
-33
-22
-20
-20
-14
-9
-6
-4
5
14
21
26
34
43
44
52
46
47
57
46
49
46
42
51
42
40
44
36
38
37
36
41
39
42
45
55
60
62
66
66
75
75
76
88
87
85
83
78
72
67
64
53
50
48
33
24
17
17
10
0
-1
-8
-9
-10
-13
-20
-21
-27
-41
-39
-41
-46
-50
-51
-52
-61
-55
-62
-69
-55
