-9
-15
-15
-1
-1
-5
1
-11
-10
-3
-9
-5
-5
-5
2
0
-10
-12
-8
-6
-9
-13
-5
-10
-10
-2
-4
0
0
1
8
14
9
10
14
4
5
4
4
13
11
12
11
8
14
11
12
11
5
11
11
6
3
4
1
-9
-4
-2
-6
-5
-10
-4
2
-2
1
5
-6
-2
10
9
11
7
7
8
0
4
8
3
-3
-7
-12
-17
-12
-14
-17
-14
-13
-12
-8
-4
2
-7
-12
-12
-15
-12
-13
-16
-10
-6
-5
-1
-6
-9
-7
-11
-11
-9
-3
-7
-11
-3
2
9
16
16
20
20
12
22
26
20
21
12
15
8
-4
-2
-6
-9
-7
0
3
5
8
14
12
9
19
17
18
19
18
16
12
15
9
0
0
-10
-13
-11
-19
-31
-35
-31
-25
-20
-13
-3
-4
15
29
29
34
31
31
28
31
33
25
24
16
5
2
-12
-20
-25
-38
-43
-49
-60
-60
-62
-66
-61
-50
-36
-32
-16
3
8
27
32
36
43
37
38
39
36
41
49
49
44
49
47
44
33
22
15
8
3
-6
-19
-34
-48
-49
-46
-52
-49
-50
-51
-39
-39
-37
-31
-26
-26
-32
-34
-36
-40
-43
-38
-24
-17
-1
18
31
50
69
73
64
63
54
29
14
-6
-28
-33
-48
-59
-61
-48
-31
-16
2
16
39
64
90
108
114
134
142
148
160
163
164
175
185
180
170
141
90
31
-47
-131
-216
-289
-348
-397
-426
-422
-394
-348
-279
-198
-116
-35
49
117
166
202
226
232
230
227
214
200
184
165
137
109
82
44
4
-55
-115
-165
-224
-261
-287
-302
-285
-239
-182
-111
-26
58
136
198
247
282
285
274
251
208
165
120
73
29
-7
-40
-68
-76
-85
-98
-111
-127
-146
-176
-187
-193
-204
-196
-176
-150
-107
-44
19
82
149
203
251
273
265
251
230
190
144
92
29
-9
-39
-65
-75
-75
-69
-61
-60
-55
-55
-67
-70
-86
-106
-116
-126
-118
-101
-84
-52
-13
23
64
106
139
152
154
149
131
107
71
31
5
-26
-51
-59
-68
-76
-77
-71
-78
-88
-102
-111
-115
-129
-131
-131
-123
-104
-81
-44
-10
32
76
112
142
155
163
163
153
127
84
38
-1
-34
-60
-85
-96
-96
-92
-75
-52
-41
-25
-8
5
14
17
23
21
24
35
40
61
73
77
86
82
69
52
24
-6
-36
-76
-115
-136
-158
-169
-168
-156
-124
-92
-62
-20
26
61
91
121
143
157
165
165
171
177
181
195
209
213
223
221
212
204
181
154
104
51
6
-51
-94
-129
-165
-193
-206
-203
-201
-192
-189
-198
-202
-214
-248
-273
-297
-328
-342
-336
-307
-254
-168
-64
36
147
252
328
379
407
397
352
300
236
169
112
75
63
75
110
162
229
292
349
387
409
415
382
346
312
278
251
234
236
244
242
240
219
143
24
-114
-295
-511
-724
-930
-1116
-1251
-1316
-1308
-1230
-1081
-881
-647
-398
-142
97
291
434
525
571
573
540
497
441
376
320
284
263
232
205
172
103
23
-59
-170
-290
-411
-521
-590
-625
-615
-546
-445
-302
-125
68
258
425
561
639
668
654
597
511
391
269
150
38
-26
-69
-94
-86
-83
-71
-50
-46
-69
-110
-163
-228
-283
-314
-317
-294
-226
-107
27
181
357
519
642
715
763
755
677
561
407
240
68
-98
-221
-325
-403
-438
-448
-437
-429
-427
-434
-475
-532
-596
-655
-720
-774
-787
-751
-663
-532
-347
-122
108
338
561
744
883
986
1009
969
902
797
673
547
437
360
309
299
338
389
435
499
554
569
559
539
486
394
289
208
175
157
179
268
373
471
580
681
720
639
443
199
-127
-558
-1002
-1409
-1800
-2153
-2378
-2438
-2401
-2278
-2006
-1635
-1266
-884
-464
-87
182
379
548
659
690
697
730
750
735
756
826
855
834
790
710
546
303
38
-257
-600
-943
-1216
-1406
-1535
-1559
-1463
-1275
-1033
-732
-377
-32
257
507
709
835
891
894
884
838
768
736
724
716
715
732
744
701
618
492
305
67
-222
-525
-819
-1095
-1317
-1462
-1513
-1464
-1334
-1126
-844
-541
-240
62
322
521
639
696
710
656
559
466
385
314
260
253
293
335
375
442
512
538
540
542
526
478
438
462
508
556
651
800
955
1079
1214
1362
1448
1470
1477
1471
1412
1312
1228
1160
1037
877
730
540
231
-148
-531
-984
-1517
-2015
-2464
-2889
-3249
-3456
-3480
-3390
-3188
-2818
-2328
-1806
-1244
-627
-37
454
857
1216
1493
1631
1711
1756
1709
1593
1474
1357
1190
967
739
496
185
-166
-485
-813
-1190
-1538
-1783
-1962
-2079
-2073
-1928
-1702
-1435
-1054
-563
-98
313
741
1127
1381
1534
1652
1704
1602
1409
1247
1066
814
576
389
184
-72
-293
-449
-634
-858
-1070
-1261
-1445
-1588
-1656
-1663
-1619
-1508
-1311
-1037
-697
-324
30
376
699
971
1193
1362
1466
1469
1398
1318
1234
1123
995
877
774
672
599
609
648
657
681
750
833
890
951
1034
1090
1084
1090
1203
1365
1471
1602
1858
2103
2205
2288
2400
2254
1672
956
292
-644
-1877
-2935
-3745
-4643
-5480
-5736
-5487
-5260
-4966
-4136
-3050
-2230
-1450
-397
531
944
1199
1677
2030
1968
1873
2018
2094
1916
1853
2072
2149
1873
1584
1438
1094
429
-218
-776
-1526
-2402
-3013
-3299
-3557
-3779
-3645
-3185
-2687
-2105
-1264
-374
255
754
1338
1829
2011
2054
2131
2056
1808
1689
1744
1729
1603
1580
1643
1589
1437
1276
986
432
-247
-904
-1552
-2210
-2815
-3302
-3611
-3674
-3479
-3064
-2493
-1811
-1092
-396
342
1054
1562
1828
1979
2062
1988
1843
1759
1650
1443
1265
1250
1315
1314
1283
1269
1199
1035
892
822
688
450
284
291
373
468
676
1003
1251
1426
1777
2256
2555
2664
2884
3142
3057
2814
2705
2430
1526
332
-509
-1447
-2921
-4241
-4959
-5659
-6618
-6970
-6407
-5877
-5691
-4977
-3578
-2539
-1971
-946
360
984
1064
1597
2446
2637
2416
2678
3124
2968
2606
2758
2953
2469
1720
1370
1033
160
-834
-1463
-2077
-3011
-3781
-3973
-3970
-4113
-4084
-3552
-2837
-2251
-1551
-604
231
729
1213
1844
2282
2392
2471
2622
2607
2452
2423
2467
2304
1981
1756
1527
1081
556
66
-557
-1337
-2010
-2500
-2987
-3425
-3621
-3614
-3523
-3212
-2586
-1878
-1216
-482
338
1059
1640
2198
2624
2747
2742
2778
2739
2537
2354
2252
2058
1833
1797
1883
1836
1716
1734
1788
1708
1614
1612
1556
1335
1109
1056
1122
1169
1170
1321
1648
1851
1872
1963
2078
1694
713
-165
-859
-2115
-3714
-4728
-5311
-6238
-7066
-6741
-5848
-5492
-5066
-3636
-2040
-1317
-628
767
1815
1762
1673
2354
2714
2093
1664
2026
2130
1552
1379
1905
2016
1381
977
1091
785
-194
-998
-1410
-2103
-3166
-3807
-3819
-3899
-4185
-4023
-3247
-2460
-1867
-1017
108
939
1360
1888
2531
2726
2504
2348
2248
1861
1392
1188
1012
620
309
268
180
-76
-250
-411
-829
-1324
-1627
-1900
-2319
-2647
-2710
-2658
-2532
-2152
-1553
-955
-358
341
1079
1711
2231
2628
2806
2839
2852
2802
2622
2404
2253
2109
1961
1967
2125
2194
2171
2273
2435
2451
2394
2386
2248
1924
1694
1650
1541
1351
1382
1480
1327
1176
1258
1037
91
-866
-1485
-2562
-4097
-5073
-5497
-6346
-7297
-7064
-6077
-5656
-5291
-3842
-2087
-1242
-517
1073
2451
2554
2438
3142
3626
3029
2424
2600
2596
1780
1218
1525
1641
949
351
415
331
-461
-1263
-1549
-1973
-2986
-3804
-3842
-3770
-4098
-4174
-3479
-2598
-2033
-1290
-53
997
1478
1992
2737
3105
2932
2685
2488
2022
1378
903
535
58
-366
-579
-748
-910
-959
-1036
-1285
-1526
-1605
-1759
-2076
-2210
-2126
-2119
-2086
-1706
-1101
-591
-82
671
1476
2035
2502
3010
3347
3395
3324
3253
3052
2735
2450
2243
2051
1918
1929
1995
2094
2257
2427
2536
2518
2491
2554
2466
2225
2127
2153
1988
1605
1379
1237
553
-622
-1443
-2115
-3458
-4911
-5615
-6046
-6949
-7620
-7104
-6273
-6081
-5567
-3959
-2416
-1674
-689
1016
2288
2478
2784
3800
4219
3657
3338
3599
3422
2545
2028
2156
1857
879
238
149
-283
-1280
-2096
-2421
-2909
-3850
-4419
-4277
-4190
-4423
-4277
-3426
-2550
-2052
-1309
-69
866
1285
1901
2708
3056
2918
2827
2810
2428
1872
1524
1182
643
175
-115
-432
-746
-970
-1215
-1557
-1845
-1965
-2131
-2348
-2364
-2227
-2130
-1901
-1330
-660
-95
546
1342
2056
2612
3175
3650
3825
3798
3770
3663
3387
3112
2882
2568
2293
2234
2282
2256
2240
2295
2237
2145
2242
2341
2213
2090
2152
2095
1818
1625
1437
695
-615
-1625
-2426
-3865
-5399
-6219
-6814
-7811
-8400
-7712
-6787
-6551
-5918
-4165
-2627
-1901
-760
1010
2078
2098
2501
3654
4055
3511
3405
3817
3626
2883
2682
2988
2658
1625
1052
976
379
-712
-1563
-2121
-2913
-3959
-4530
-4526
-4638
-4907
-4793
-4174
-3322
-2570
-1845
-804
245
935
1529
2259
2936
3097
2803
2712
2796
2482
1903
1553
1322
851
233
-63
-83
-473
-1122
-1444
-1567
-1845
-2220
-2407
-2402
-2491
-2541
-2196
-1619
-1093
-534
99
825
1647
2359
2933
3406
3706
3869
3937
3960
3988
3830
3506
3305
3219
3168
3123
2988
2831
2694
2473
2366
2429
2340
2155
2052
2039
1996
1815
1621
1162
48
-1175
-2066
-3292
-4862
-6050
-6879
-7806
-8620
-8450
-7579
-7096
-6597
-5167
-3446
-2253
-1061
594
2007
2463
2692
3545
4166
3843
3414
3442
3343
2769
2338
2472
2416
1677
1037
863
580
-137
-1059
-1824
-2529
-3470
-4331
-4666
-4742
-4994
-5185
-4769
-3790
-2947
-2292
-1251
-95
678
1341
2150
2849
3019
2788
2636
2534
2238
1800
1362
990
686
351
109
89
-34
-386
-762
-962
-1041
-1317
-1730
-1995
-2088
-2151
-2096
-1728
-1160
-662
-224
520
1494
2267
2828
3291
3659
3854
3915
3979
3967
3738
3368
3090
2979
3010
2985
2824
2751
2698
2653
2749
2835
2760
2588
2491
2410
2289
2237
2027
1121
-242
-1222
-2251
-3925
-5476
-6476
-7499
-8788
-9310
-8583
-7917
-7740
-6881
-5152
-3663
-2587
-1092
721
1799
2030
2629
3710
4079
3716
3549
3723
3619
3134
2993
3239
2988
2189
1627
1442
1045
54
-1123
-1937
-2737
-3869
-4765
-5080
-5244
-5623
-5743
-4980
-3868
-3118
-2375
-1208
-44
772
1529
2360
2962
3007
2794
2749
2684
2402
1933
1465
1188
971
698
482
369
171
-252
-704
-939
-1111
-1595
-2196
-2468
-2557
-2660
-2610
-2193
-1597
-1109
-460
506
1500
2292
2917
3487
3912
4170
4274
4232
4117
3886
3560
3289
3195
3141
3011
2888
2848
2882
2810
2675
2646
2583
2362
2137
2156
2214
2002
1768
1657
1111
-112
-1153
-2017
-3536
-5212
-6292
-7072
-8221
-9077
-8673
-8034
-7884
-7169
-5514
-4063
-3134
-1739
126
1383
1775
2448
3530
3833
3596
3693
3931
3659
3081
2991
3069
2633
2002
1611
1017
193
-404
-1170
-2085
-2804
-3421
-4110
-4771
-4748
-4477
-4675
-4521
-3529
-2623
-2206
-1366
-36
868
1186
1705
2625
2889
2554
2545
2655
2383
1841
1591
1558
1202
725
521
423
124
-158
-381
-702
-958
-1197
-1468
-1763
-1885
-1795
-1824
-1746
-1284
-690
-303
135
979
1776
2252
2660
3210
3609
3621
3683
3845
3820
3552
3336
3300
3207
3138
3037
2870
2721
2550
2475
2463
2459
2473
2499
2551
2638
2736
2660
2165
987
-331
-1456
-3163
-5086
-6512
-7747
-9145
-10185
-9947
-9159
-8742
-7923
-6158
-4379
-3021
-1326
555
1878
2489
2962
3752
4121
3883
3618
3411
3175
2831
2601
2666
2603
2161
1736
1482
1089
485
-461
-1587
-2553
-3547
-4508
-5259
-5689
-5880
-6054
-5739
-4709
-3573
-2672
-1595
-269
852
1752
2527
3159
3391
3177
2969
2769
2476
2039
1517
1201
1021
878
758
661
548
308
26
-236
-511
-897
-1419
-1922
-2206
-2245
-2245
-2098
-1688
-1152
-498
235
1126
2039
2675
3164
3621
3948
4095
4039
3847
3639
3350
3041
2914
2857
2853
2897
2857
2874
2904
2819
2770
2716
2612
2553
2483
2448
2502
2499
2324
1730
588
-498
-1671
-3408
-4983
-6225
-7569
-8954
-9735
-9465
-9021
-8759
-7800
-6187
-4822
-3501
-1702
88
1291
1907
2631
3587
3935
3863
3878
3803
3541
3142
2989
3079
2776
2150
1713
1379
872
172
-743
-1707
-2654
-3690
-4527
-5118
-5526
-5806
-5980
-5559
-4612
-3708
-2823
-1711
-518
506
1416
2278
2975
3224
3129
3074
2992
2786
2401
1969
1717
1473
1223
1050
911
699
341
10
-270
-601
-1077
-1631
-2063
-2374
-2499
-2511
-2372
-2020
-1586
-943
-157
699
1557
2244
2858
3393
3834
4153
4266
4205
4076
3942
3737
3611
3530
3402
3294
3116
3036
2972
2779
2667
2575
2438
2320
2347
2439
2412
2380
2304
1801
628
-576
-1635
-3293
-5119
-6430
-7548
-8891
-9888
-9713
-9085
-8750
-7991
-6381
-4754
-3514
-1982
-141
1256
1932
2507
3403
3928
3829
3720
3774
3680
3326
3128
3224
3135
2664
2183
1872
1396
628
-347
-1426
-2448
-3513
-4537
-5305
-5830
-6169
-6349
-6081
-5250
-4240
-3311
-2302
-1109
27
998
1807
2477
2937
2986
2857
2805
2731
2461
2006
1716
1604
1388
1141
1050
965
663
316
30
-308
-781
-1356
-1775
-2069
-2267
-2277
-2176
-1853
-1365
-762
-8
765
1529
2218
2822
3331
3727
3988
4058
4007
3890
3862
3810
3628
3598
3606
3571
3542
3490
3464
3245
2947
2831
2707
2477
2326
2329
2266
2194
2165
1933
1107
-227
-1345
-2665
-4469
-5975
-7173
-8455
-9740
-10218
-9730
-9247
-8780
-7591
-5950
-4604
-3176
-1344
344
1448
2054
2896
3775
3967
3922
3981
3963
3699
3392
3417
3412
2986
2475
2183
1732
1042
259
-805
-1871
-2898
-3935
-4769
-5492
-5914
-6152
-6181
-5603
-4713
-3832
-2863
-1706
-559
558
1549
2248
2832
3073
3037
2960
2823
2652
2189
1744
1622
1440
1177
1025
897
615
311
36
-320
-748
-1310
-1814
-2201
-2447
-2469
-2476
-2280
-1827
-1277
-554
281
1119
1869
2563
3170
3683
4094
4250
4250
4182
4113
3987
3780
3714
3634
3493
3474
3500
3443
3230
3050
2941
2789
2612
2445
2402
2369
2294
2307
2325
1902
715
-524
-1590
-3138
-4896
-6283
-7427
-8829
-9950
-9882
-9328
-8991
-8323
-6920
-5370
-4025
-2453
-654
798
1584
2254
3148
3740
3865
3756
3711
3663
3366
3183
3221
3054
2592
2126
1791
1393
756
-157
-1178
-2176
-3177
-4092
-4902
-5484
-5879
-6172
-5989
-5317
-4471
-3579
-2576
-1413
-252
820
1704
2388
2834
2957
2916
2813
2670
2354
1920
1681
1529
1328
1169
1068
886
631
476
250
-135
-592
-1081
-1562
-1988
-2178
-2236
-2308
-2157
-1718
-1105
-368
466
1277
1984
2642
3228
3733
4053
4146
4132
3991
3880
3839
3731
3626
3545
3509
3518
3494
3433
3319
3093
2847
2728
2549
2281
2152
2068
1999
2008
2027
1677
572
-654
-1695
-3182
-4863
-6184
-7367
-8788
-9904
-9946
-9442
-9092
-8467
-7121
-5618
-4283
-2680
-863
616
1472
2163
3067
3689
3816
3750
3720
3662
3437
3290
3333
3217
2817
2402
2089
1709
1094
212
-767
-1752
-2735
-3668
-4531
-5173
-5641
-5974
-5849
-5259
-4481
-3660
-2695
-1512
-336
727
1694
2434
2823
3021
3076
2948
2771
2430
2035
1711
1433
1306
1141
918
729
523
340
72
-307
-716
-1192
-1741
-2148
-2306
-2430
-2480
-2305
-1867
-1252
-574
267
1116
1814
2510
3145
3642
3982
4086
4058
4009
3950
3906
3791
3636
3545
3462
3479
3546
3490
3338
3064
2802
2680
2533
2261
2035
1994
1993
2009
2127
2122
1357
-12
-1017
-2096
-3761
-5338
-6593
-7893
-9364
-10040
-9617
-9254
-9022
-8128
-6628
-5167
-3724
-1936
-170
999
1675
2547
3481
3824
3745
3608
3575
3418
3115
3101
3093
2750
2308
2007
1785
1345
610
-281
-1203
-2137
-3061
-3951
-4773
-5372
-5807
-5967
-5631
-4962
-4178
-3324
-2250
-1006
197
1231
2026
2610
2941
3063
3028
2892
2672
2251
1848
1633
1522
1370
1176
1077
937
797
662
400
61
-440
-957
-1403
-1763
-1925
-2109
-2188
-1965
-1532
-948
-280
496
1222
1856
2470
3037
3477
3653
3770
3816
3732
3728
3629
3489
3401
3303
3358
3373
3320
3271
3066
2875
2822
2755
2553
2377
2380
2413
2414
2482
2506
1754
328
-736
-1869
-3609
-5343
-6665
-7962
-9578
-10428
-10019
-9605
-9426
-8539
-6939
-5449
-4058
-2267
-402
830
1522
2439
3448
3876
3831
3735
3767
3671
3395
3377
3446
3145
2687
2415
2219
1789
1042
130
-841
-1839
-2779
-3718
-4632
-5305
-5781
-6028
-5787
-5106
-4328
-3528
-2475
-1186
31
1035
1899
2539
2842
2949
2929
2779
2474
2012
1592
1336
1198
1077
953
865
749
648
561
330
-33
-478
-983
-1467
-1813
-1980
-2110
-2193
-1990
-1492
-897
-242
530
1284
1907
2511
3078
3515
3748
3756
3743
3734
3702
3634
3495
3435
3356
3256
3309
3350
3278
3059
2808
2681
2598
2424
2160
2080
2110
2074
2103
2257
2151
1104
-173
-1006
-2279
-4039
-5572
-6762
-8177
-9662
-10017
-9536
-9311
-9018
-7894
-6302
-4895
-3385
-1571
81
1073
1754
2743
3545
3722
3582
3459
3435
3231
2994
3046
2999
2642
2346
2207
2013
1568
832
-23
-973
-1943
-2834
-3831
-4762
-5400
-5842
-5960
-5602
-4906
-4112
-3222
-2070
-748
423
1356
2158
2688
2974
3123
3032
2800
2429
1970
1635
1394
1276
1165
944
807
750
696
564
302
-18
-420
-895
-1309
-1544
-1739
-1958
-1991
-1753
-1285
-776
-202
527
1138
1709
2285
2757
3161
3286
3272
3352
3391
3380
3328
3322
3378
3354
3376
3510
3549
3414
3225
3039
2909
2826
2564
2273
2200
2195
2139
2126
2292
2041
845
-302
-1105
-2525
-4363
-5819
-6978
-8471
-9838
-10004
-9538
-9397
-8974
-7616
-5978
-4556
-2979
-1138
490
1441
2170
3163
3832
3869
3672
3585
3559
3260
2978
3024
2901
2514
2300
2205
1955
1446
717
-113
-1051
-1998
-2903
-3908
-4803
-5391
-5769
-5840
-5468
-4818
-4072
-3139
-2012
-789
358
1230
1910
2410
2706
2750
2547
2314
1947
1463
1104
896
741
525
403
399
417
474
427
268
69
-187
-518
-808
-965
-1163
-1356
-1357
-1124
-750
-370
133
693
1221
1805
2298
2738
3124
3250
3252
3351
3458
3435
3338
3289
3305
3215
3136
3249
3222
3038
2847
2632
2585
2555
2354
2207
2253
2333
2329
2399
2624
2341
1081
-69
-915
-2472
-4319
-5730
-6918
-8444
-9798
-9875
-9372
-9200
-8665
-7310
-5784
-4421
-2889
-1147
355
1192
1834
2734
3320
3399
3251
3161
3174
2929
2739
2864
2809
2535
2378
2310
2088
1592
839
-47
-1026
-2026
-2955
-3984
-4896
-5463
-5842
-5845
-5397
-4714
-3896
-2978
-1903
-681
444
1285
1953
2450
2725
2736
2582
2465
2154
1708
1467
1343
1194
1030
938
891
829
756
611
355
26
-328
-732
-1063
-1287
-1538
-1698
-1674
-1439
-1052
-603
-56
510
1054
1626
2158
2610
2967
3121
3156
3269
3328
3323
3337
3319
3314
3259
3277
3403
3339
3194
3070
2862
2729
2696
2511
2290
2265
2299
2291
2315
2475
2126
825
-273
-1098
-2649
-4425
-5733
-6898
-8440
-9625
-9523
-9025
-8913
-8362
-6955
-5486
-4141
-2573
-851
578
1300
1972
2916
3484
3521
3273
3145
3115
2813
2583
2674
2572
2226
2071
2013
1827
1339
556
-239
-1122
-1996
-2821
-3828
-4642
-5159
-5544
-5545
-5131
-4494
-3792
-2984
-1947
-753
279
1000
1636
2100
2356
2370
2211
2115
1742
1271
1081
991
867
692
654
670
691
757
746
624
378
146
-152
-450
-645
-906
-1099
-1165
-1024
-700
-375
28
488
999
1520
1990
2434
2798
2985
3040
3196
3341
3344
3302
3227
3221
3139
3070
3163
3064
2872
2697
2535
2509
2497
2418
2277
2299
2393
2420
2499
2612
2249
970
-134
-1038
-2669
-4402
-5755
-6951
-8464
-9571
-9425
-9027
-8867
-8224
-6831
-5413
-4103
-2539
-928
419
1165
1795
2644
3134
3162
2949
2897
2929
2638
2475
2631
2594
2326
2198
2178
1967
1465
753
-1
-861
-1763
-2606
-3574
-4394
-4948
-5334
-5343
-4989
-4397
-3694
-2886
-1904
-790
224
954
1559
2033
2334
2337
2179
2102
1799
1410
1174
1080
1031
890
865
909
981
1045
966
841
657
377
-31
-380
-632
-983
-1299
-1440
-1331
-1112
-860
-428
76
600
1151
1685
2234
2685
2940
3118
3340
3506
3522
3458
3398
3359
3252
3186
3219
3123
2943
2765
2597
2550
2550
2409
2208
2192
2234
2208
2215
2327
2061
864
-260
-1086
-2522
-4188
-5528
-6625
-7986
-9131
-9169
-8739
-8501
-8008
-6786
-5423
-4153
-2717
-1247
146
971
1554
2380
2956
3125
2947
2821
2872
2669
2464
2533
2535
2262
2051
1992
1828
1442
793
117
-656
-1537
-2270
-3158
-4008
-4570
-4985
-5106
-4907
-4415
-3795
-3127
-2293
-1283
-344
324
943
1417
1734
1887
1803
1776
1605
1337
1172
1054
1023
924
878
944
1067
1161
1154
1107
958
807
509
138
-112
-468
-790
-976
-992
-892
-816
-574
-173
265
733
1228
1689
2080
2454
2706
2926
3146
3233
3270
3233
3268
3277
3110
3107
3123
2977
2822
2715
2628
2540
2528
2417
2323
2358
2370
2354
2341
2399
1790
472
-474
-1477
-3079
-4696
-5898
-7079
-8569
-9401
-9176
-8836
-8638
-7919
-6597
-5253
-3930
-2447
-880
364
1054
1750
2566
3055
3062
2839
2823
2786
2536
2454
2540
2456
2223
2136
2125
1980
1604
1006
312
-454
-1214
-2074
-3007
-3731
-4318
-4751
-4866
-4613
-4151
-3648
-2965
-2095
-1151
-316
357
977
1476
1796
1900
1912
1894
1669
1414
1285
1171
1077
1003
996
1029
1104
1214
1162
1018
918
742
368
11
-222
-568
-913
-1072
-1037
-974
-902
-577
-174
257
752
1233
1720
2141
2541
2823
3042
3262
3330
3350
3309
3301
3213
3004
2952
2850
2754
2638
2462
2418
2346
2291
2173
2146
2250
2151
2139
2220
2122
1353
224
-556
-1759
-3367
-4750
-5920
-7231
-8617
-9076
-8895
-8783
-8484
-7619
-6329
-5191
-3850
-2267
-907
121
839
1693
2443
2744
2788
2735
2735
2639
2504
2479
2508
2389
2199
2234
2215
2001
1565
948
362
-360
-1137
-1923
-2785
-3537
-4122
-4461
-4547
-4372
-4048
-3599
-2926
-2158
-1221
-410
188
823
1307
1678
1807
1822
1856
1664
1439
1291
1264
1185
1026
1006
1058
1170
1134
1081
1103
952
770
505
209
-74
-462
-801
-1042
-1122
-1121
-1108
-947
-575
-72
327
779
1337
1789
2223
2530
2827
3127
3165
3134
3185
3299
3239
3000
2923
2946
2859
2686
2646
2588
2300
2097
2031
1965
1881
1835
1831
1793
1819
1797
1283
369
-377
-1315
-2739
-4015
-5027
-6174
-7446
-8121
-8062
-7982
-7900
-7300
-6224
-5163
-4048
-2748
-1422
-266
461
1204
2071
2517
2544
2475
2590
2593
2359
2312
2366
2227
2047
2098
2131
1959
1675
1219
710
150
-441
-1098
-1979
-2741
-3300
-3784
-4069
-4136
-4034
-3841
-3469
-2855
-2041
-1252
-649
-13
609
1147
1499
1666
1868
1847
1673
1615
1554
1443
1249
1080
1030
1059
1098
1046
950
869
766
557
337
163
-187
-582
-839
-994
-1044
-1099
-1083
-881
-574
-164
276
724
1215
1622
1963
2349
2685
2855
2913
2954
3062
3132
3052
3025
2975
2870
2834
2751
2647
2450
2156
1924
1812
1751
1644
1625
1633
1588
1499
1506
1414
601
-255
-828
-1886
-3265
-4413
-5281
-6467
-7631
-7868
-7705
-7762
-7636
-6755
-5630
-4651
-3446
-2109
-805
92
717
1614
2351
2595
2500
2462
2574
2390
2127
2158
2204
1973
1804
1906
1936
1807
1514
1152
745
186
-406
-1150
-1960
-2616
-3258
-3795
-4024
-4049
-4013
-3762
-3238
-2539
-1731
-993
-292
375
977
1494
1724
1857
1939
1762
1542
1448
1345
1138
938
827
833
903
928
918
875
838
734
505
359
150
-294
-672
-861
-969
-1059
-1102
-979
-691
-329
103
592
1033
1421
1766
2118
2560
2857
2937
2956
2976
3074
3088
3004
2983
2878
2673
2556
2554
2453
2168
1858
1663
1575
1435
1287
1246
1236
1246
1305
1500
1631
1161
431
-92
-865
-2041
-3213
-4194
-5353
-6589
-7217
-7328
-7416
-7467
-6971
-6044
-5112
-3996
-2771
-1554
-570
175
1009
1698
2081
2138
2079
2123
2095
1982
1897
1934
1893
1798
1937
2067
2045
1868
1562
1205
736
219
-474
-1344
-2119
-2764
-3343
-3770
-3910
-3941
-3892
-3554
-2971
-2239
-1567
-964
-296
341
839
1163
1431
1563
1496
1378
1318
1295
1092
923
895
858
938
997
1005
1007
954
894
786
625
380
62
-286
-522
-634
-792
-896
-944
-887
-651
-393
-58
345
719
1097
1501
1935
2362
2648
2783
2975
3145
3143
3115
3047
2965
2817
2606
2565
2463
2181
1936
1737
1612
1532
1436
1385
1457
1549
1597
1700
1790
1749
1235
482
-13
-848
-2090
-3191
-4185
-5285
-6397
-6996
-7148
-7291
-7318
-6860
-6007
-5123
-4103
-2979
-1852
-826
-67
720
1478
1894
2032
2105
2228
2247
2157
2113
2088
1981
1887
1918
1902
1808
1638
1331
984
587
108
-493
-1194
-1861
-2437
-2914
-3317
-3557
-3654
-3590
-3309
-2897
-2277
-1622
-1072
-485
149
743
1114
1349
1529
1576
1495
1368
1298
1131
894
729
639
675
696
671
686
727
746
689
619
498
305
69
-194
-342
-474
-659
-773
-765
-584
-430
-288
46
437
767
1107
1557
1953
2196
2375
2540
2732
2792
2749
2729
2667
2585
2461
2379
2377
2316
2172
2050
2005
1940
1879
1831
1767
1745
1710
1720
1745
1741
1723
1336
642
65
-630
-1683
-2806
-3764
-4767
-5876
-6667
-6935
-7050
-7183
-6907
-6226
-5439
-4507
-3453
-2301
-1226
-367
461
1278
1874
2165
2302
2371
2404
2319
2148
2056
1906
1772
1718
1650
1610
1519
1330
1049
718
356
-146
-809
-1486
-2054
-2610
-3158
-3486
-3635
-3664
-3550
-3243
-2704
-2124
-1544
-906
-244
393
863
1174
1417
1571
1569
1458
1354
1202
994
796
686
697
720
733
780
888
1001
1008
946
868
734
514
271
50
-175
-419
-675
-811
-756
-665
-598
-430
-97
238
520
904
1364
1711
1953
2244
2533
2683
2743
2783
2822
2824
2779
2714
2624
2534
2403
2230
2082
1940
1788
1673
1611
1570
1563
1576
1556
1546
1579
1445
904
230
-379
-1283
-2431
-3430
-4318
-5394
-6402
-6849
-6961
-7035
-6905
-6335
-5531
-4726
-3717
-2548
-1457
-567
204
982
1619
1989
2120
2159
2133
1962
1796
1684
1570
1430
1351
1396
1400
1360
1297
1135
866
580
267
-224
-818
-1389
-1895
-2372
-2813
-3052
-3182
-3235
-3080
-2724
-2234
-1730
-1208
-678
-132
376
721
971
1132
1229
1208
1124
1138
1077
933
858
892
964
991
1048
1116
1190
1229
1196
1120
949
720
394
61
-191
-478
-753
-974
-1055
-968
-833
-627
-332
46
445
829
1280
1743
2095
2331
2561
2771
2868
2888
2847
2772
2690
2578
2484
2424
2383
2330
2221
2123
2059
1926
1770
1647
1489
1346
1216
1059
952
925
842
444
-134
-614
-1237
-2122
-2919
-3552
-4351
-5238
-5751
-5866
-5898
-5938
-5666
-5075
-4493
-3790
-2885
-1925
-1075
-441
188
882
1389
1572
1647
1741
1698
1545
1415
1358
1223
993
937
979
956
910
797
651
485
265
-38
-475
-939
-1382
-1829
-2213
-2496
-2714
-2884
-2899
-2720
-2417
-2049
-1644
-1170
-677
-204
230
599
873
1047
1147
1169
1165
1132
1054
957
900
907
902
869
849
864
848
788
738
620
440
227
-5
-188
-365
-552
-699
-768
-723
-580
-383
-108
239
558
889
1294
1674
1980
2243
2500
2710
2807
2873
2919
2901
2847
2739
2581
2437
2308
2156
1999
1850
1646
1405
1223
1130
1004
828
785
794
748
833
1012
1012
729
330
-57
-615
-1359
-2073
-2811
-3710
-4554
-5075
-5359
-5557
-5636
-5451
-5021
-4495
-3804
-2951
-2120
-1399
-736
-59
554
953
1157
1283
1338
1305
1247
1196
1127
1049
1025
1097
1163
1161
1144
1072
956
813
592
271
-152
-626
-1058
-1450
-1841
-2198
-2493
-2663
-2675
-2555
-2271
-1905
-1558
-1174
-718
-271
76
354
569
711
796
839
861
819
771
744
712
751
792
780
773
822
892
871
810
722
568
388
232
111
-62
-218
-323
-394
-350
-217
-50
134
380
694
994
1288
1587
1865
2068
2189
2308
2372
2355
2274
2170
2085
1951
1824
1743
1688
1636
1567
1509
1414
1287
1191
1131
1088
1016
945
935
964
1027
1134
1228
1102
742
358
-77
-690
-1431
-2156
-2925
-3814
-4539
-4957
-5228
-5435
-5482
-5242
-4812
-4284
-3582
-2762
-1973
-1284
-627
34
578
909
1093
1224
1247
1193
1145
1076
1027
994
983
1007
1032
1060
1061
1010
947
843
610
285
-65
-453
-838
-1241
-1642
-1958
-2230
-2430
-2476
-2372
-2186
-1972
-1686
-1306
-912
-566
-204
135
349
534
693
785
836
860
887
889
895
945
978
971
972
1006
1029
1019
975
911
839
717
601
504
372
244
126
50
46
65
117
208
348
518
692
879
1082
1275
1420
1569
1731
1840
1903
1934
1975
1989
1971
1983
1975
1942
1902
1849
1757
1620
1501
1397
1288
1178
1105
1074
1040
1061
1173
1273
1266
1064
743
350
-212
-879
-1606
-2388
-3245
-4101
-4736
-5166
-5500
-5732
-5719
-5449
-5046
-4468
-3718
-2898
-2128
-1417
-683
-4
518
866
1102
1284
1375
1400
1399
1412
1381
1286
1275
1327
1329
1293
1267
1208
1060
876
630
273
-144
-554
-1001
-1489
-1904
-2273
-2612
-2817
-2857
-2769
-2622
-2374
-2014
-1626
-1206
-735
-291
58
382
641
825
1008
1101
1124
1124
1136
1173
1157
1149
1160
1148
1158
1181
1187
1159
1101
990
857
746
586
402
213
41
-110
-255
-304
-292
-267
-186
-41
178
416
649
886
1135
1377
1591
1787
1964
2115
2206
2269
2348
2386
2350
2280
2210
2101
1961
1827
1667
1498
1325
1180
1068
962
892
854
848
853
879
885
737
443
62
-395
-978
-1678
-2380
-3090
-3829
-4471
-4891
-5154
-5352
-5345
-5088
-4667
-4110
-3427
-2637
-1870
-1172
-499
119
628
973
1180
1287
1326
1293
1206
1130
1020
914
871
869
878
860
852
810
698
599
454
169
-187
-533
-895
-1302
-1692
-2005
-2244
-2440
-2492
-2368
-2197
-1952
-1617
-1243
-812
-386
19
373
658
918
1123
1243
1296
1311
1271
1207
1168
1131
1080
1014
983
998
1024
1024
969
892
784
638
478
315
135
-88
-296
-447
-549
-601
-642
-632
-529
-365
-147
121
428
733
1016
1324
1661
1958
2176
2342
2484
2581
2611
2585
2530
2416
2234
2044
1861
1653
1428
1229
1068
905
772
683
618
613
659
740
815
852
825
650
370
1
-499
-1103
-1776
-2469
-3165
-3795
-4297
-4692
-4958
-5032
-4900
-4598
-4136
-3568
-2937
-2257
-1577
-913
-327
161
520
727
888
994
990
942
897
829
742
707
724
741
756
781
836
852
784
683
525
284
-14
-345
-705
-1076
-1449
-1768
-1958
-2060
-2085
-2014
-1849
-1600
-1319
-989
-617
-280
2
240
453
608
681
706
694
663
617
592
588
598
642
698
766
847
911
932
918
858
773
667
505
332
157
-10
-145
-261
-325
-315
-269
-166
18
261
537
834
1143
1460
1747
1980
2172
2329
2410
2407
2361
2299
2193
2012
1838
1700
1522
1328
1198
1110
1020
935
870
845
802
745
733
747
773
776
761
777
714
486
185
-153
-596
-1136
-1711
-2284
-2862
-3435
-3885
-4165
-4358
-4461
-4425
-4246
-3935
-3519
-3024
-2480
-1956
-1486
-1005
-544
-184
95
298
416
485
546
603
622
616
641
710
783
874
981
1030
1027
1004
947
832
631
364
59
-269
-597
-930
-1222
-1472
-1687
-1806
-1821
-1737
-1613
-1457
-1227
-968
-701
-440
-190
32
212
373
504
596
654
694
730
780
858
930
991
1058
1116
1162
1178
1157
1090
979
831
648
473
317
139
-28
-125
-181
-226
-224
-158
-35
108
288
523
750
955
1160
1364
1554
1710
1834
1920
1974
2015
2032
2021
1993
1957
1897
1824
1773
1704
1605
1493
1362
1229
1100
959
835
751
675
610
582
550
488
339
103
-184
-563
-1030
-1557
-2100
-2660
-3236
-3736
-4154
-4478
-4690
-4769
-4668
-4440
-4114
-3660
-3111
-2529
-1943
-1337
-776
-298
95
402
659
829
932
986
988
977
962
959
967
981
989
983
971
922
859
754
564
342
85
-202
-504
-807
-1085
-1340
-1557
-1703
-1769
-1791
-1772
-1661
-1488
-1269
-1005
-711
-412
-129
153
408
622
804
952
1060
1146
1228
1275
1273
1258
1252
1224
1167
1104
1010
881
737
603
468
321
176
47
-41
-92
-115
-100
-50
35
144
294
476
641
795
973
1159
1324
1482
1625
1725
1786
1840
1900
1933
1924
1885
1832
1767
1681
1591
1486
1346
1195
1039
886
739
600
455
331
280
241
204
196
181
157
72
-75
-236
-499
-882
-1280
-1691
-2165
-2654
-3085
-3460
-3764
-3963
-4036
-3987
-3833
-3569
-3196
-2733
-2227
-1719
-1229
-772
-365
-19
245
429
538
577
584
572
544
534
519
500
527
581
631
666
682
672
613
512
378
194
-26
-263
-506
-738
-960
-1163
-1326
-1449
-1497
-1484
-1422
-1298
-1132
-913
-663
-403
-128
130
343
525
683
797
858
865
865
875
863
835
818
807
764
719
700
664
617
573
522
473
418
380
361
338
341
374
411
466
544
639
763
895
1025
1168
1305
1428
1541
1661
1770
1828
1854
1873
1870
1833
1758
1668
1562
1414
1258
1119
977
831
679
552
476
413
361
355
375
385
399
421
421
348
195
-4
-294
-672
-1098
-1576
-2077
-2577
-3020
-3402
-3716
-3918
-4011
-3985
-3849
-3597
-3242
-2826
-2358
-1865
-1366
-888
-461
-94
195
397
524
609
659
658
622
589
578
572
579
608
637
654
647
623
599
524
386
234
63
-142
-362
-584
-804
-1017
-1210
-1352
-1441
-1484
-1484
-1438
-1340
-1183
-989
-774
-536
-295
-68
132
307
458
571
651
712
763
799
826
825
820
833
824
815
803
785
758
718
702
701
696
688
688
689
685
695
709
730
765
819
881
939
1014
1095
1180
1262
1342
1424
1470
1497
1536
1558
1550
1518
1486
1434
1349
1270
1182
1078
961
827
710
614
524
462
430
415
403
403
410
389
291
132
-83
-392
-772
-1190
-1637
-2112
-2585
-2987
-3321
-3583
-3751
-3792
-3715
-3547
-3261
-2888
-2456
-1986
-1509
-1048
-624
-250
52
279
430
513
548
529
502
467
426
413
408
434
483
518
555
580
584
560
490
384
245
70
-133
-350
-578
-801
-1016
-1206
-1358
-1470
-1521
-1518
-1461
-1347
-1177
-971
-752
-498
-244
-27
194
405
568
694
795
872
910
930
931
917
893
851
830
810
774
740
704
669
642
617
585
547
507
473
444
433
426
409
413
432
482
566
654
755
885
1032
1170
1306
1448
1558
1638
1695
1733
1741
1705
1635
1543
1411
1275
1147
1003
865
752
673
616
571
553
553
565
563
524
439
277
39
-269
-631
-1037
-1500
-1991
-2449
-2868
-3236
-3502
-3661
-3728
-3692
-3527
-3241
-2876
-2442
-1961
-1467
-990
-552
-159
171
413
558
625
638
619
556
464
394
336
297
295
319
362
401
430
452
447
398
305
175
11
-171
-375
-606
-836
-1044
-1229
-1383
-1483
-1519
-1508
-1454
-1327
-1141
-924
-678
-426
-167
86
295
493
664
777
864
913
920
905
862
808
749
689
639
595
564
550
548
548
558
579
589
598
610
616
617
604
593
594
587
584
593
623
675
738
821
929
1048
1142
1229
1317
1385
1430
1460
1472
1443
1383
1299
1201
1081
953
829
697
581
483
417
376
355
351
351
350
324
258
150
-4
-226
-504
-813
-1161
-1546
-1920
-2261
-2579
-2832
-2994
-3070
-3071
-2977
-2770
-2494
-2170
-1809
-1415
-1019
-658
-314
-20
207
364
446
502
507
456
392
321
253
205
174
170
183
194
221
251
268
272
235
172
85
-46
-206
-393
-596
-806
-1012
-1191
-1337
-1455
-1521
-1520
-1449
-1330
-1162
-950
-717
-472
-218
35
269
468
619
731
820
879
894
879
847
794
739
691
659
643
624
628
645
670
714
741
755
758
748
736
704
649
596
538
480
436
409
416
438
477
568
688
813
956
1095
1226
1353
1448
1523
1562
1552
1517
1448
1361
1249
1118
984
842
709
604
528
483
449
436
445
443
408
347
250
85
-125
-383
-688
-1032
-1403
-1763
-2101
-2409
-2665
-2850
-2950
-2968
-2898
-2738
-2504
-2220
-1907
-1559
-1209
-875
-569
-324
-126
23
117
169
179
159
119
74
34
13
11
21
39
72
117
160
185
197
176
115
33
-73
-216
-389
-574
-758
-945
-1109
-1228
-1310
-1345
-1320
-1235
-1086
-900
-681
-433
-177
83
324
546
740
886
992
1059
1081
1076
1040
985
917
848
782
716
679
652
626
633
643
653
666
662
653
636
617
576
529
484
428
392
366
358
374
405
462
546
646
769
913
1051
1176
1288
1354
1394
1430
1424
1374
1285
1178
1070
919
774
650
525
434
356
302
277
260
262
258
228
177
92
-30
-190
-400
-647
-923
-1210
-1501
-1784
-2037
-2239
-2376
-2455
-2471
-2417
-2289
-2100
-1880
-1631
-1365
-1096
-848
-642
-451
-302
-220
-179
-171
-198
-253
-321
-394
-453
-476
-492
-492
-468
-414
-349
-280
-208
-151
-107
-94
-106
-132
-194
-276
-362
-454
-536
-605
-647
-657
-639
-582
-483
-344
-178
-8
169
350
533
699
827
927
980
1007
1012
970
914
848
761
686
616
567
523
474
469
475
493
519
539
575
606
636
650
650
650
648
632
605
593
586
592
605
619
663
728
804
886
961
1028
1091
1146
1187
1189
1164
1111
1030
936
833
712
575
442
312
202
131
66
15
-20
-45
-64
-102
-139
-199
-290
-393
-529
-692
-871
-1056
-1240
-1424
-1582
-1719
-1817
-1870
-1893
-1871
-1798
-1694
-1562
-1410
-1253
-1090
-925
-782
-662
-573
-508
-470
-478
-496
-526
-563
-592
-622
-640
-639
-616
-569
-503
-422
-336
-250
-166
-84
-27
21
50
52
41
7
-31
-71
-111
-135
-138
-124
-89
-34
31
107
194
295
393
470
544
617
670
711
732
742
733
700
676
650
615
583
549
524
504
478
461
467
480
487
497
527
558
586
633
682
724
768
815
859
897
932
964
986
996
1002
985
955
921
868
816
765
694
625
565
499
442
392
330
272
216
149
99
43
-16
-74
-143
-209
-275
-346
-429
-520
-623
-736
-848
-962
-1075
-1178
-1270
-1338
-1392
-1430
-1448
-1438
-1401
-1350
-1282
-1196
-1108
-1017
-927
-844
-771
-703
-642
-604
-580
-559
-539
-529
-513
-493
-477
-449
-406
-357
-307
-249
-188
-131
-66
-32
0
40
52
50
42
33
17
-8
-31
-46
-50
-42
-23
-4
40
97
158
236
303
378
447
506
552
586
611
620
616
607
581
545
525
498
469
442
421
415
406
415
438
466
501
541
590
643
692
738
781
817
844
870
884
886
880
863
845
816
787
764
732
697
662
630
597
560
519
474
441
401
356
312
262
197
123
56
-14
-101
-186
-279
-369
-446
-529
-600
-681
-757
-837
-916
-971
-1043
-1120
-1180
-1240
-1283
-1312
-1333
-1342
-1327
-1303
-1270
-1217
-1159
-1093
-1017
-939
-865
-784
-705
-630
-567
-518
-462
-410
-360
-318
-281
-240
-207
-176
-143
-124
-105
-84
-76
-72
-62
-65
-71
-67
-72
-74
-61
-65
-65
-47
-26
6
33
63
102
138
182
235
292
348
398
461
522
569
618
661
687
709
719
721
723
710
693
676
659
641
620
608
607
608
621
639
659
685
700
731
759
780
801
805
802
784
761
732
689
650
609
565
528
494
465
433
414
398
368
350
322
275
236
187
118
53
-29
-130
-231
-329
-427
-527
-619
-697
-762
-811
-846
-882
-903
-912
-914
-904
-908
-915
-916
-919
-930
-943
-948
-965
-977
-977
-979
-972
-957
-932
-894
-849
-797
-729
-663
-593
-520
-452
-385
-321
-263
-212
-162
-126
-100
-68
-48
-32
-16
-12
-7
0
5
7
9
13
20
31
43
55
81
110
134
161
192
222
248
281
316
351
382
407
428
454
479
491
502
506
511
510
504
505
510
514
512
513
512
515
531
540
553
561
570
581
588
605
614
624
629
618
614
605
585
571
559
541
521
503
486
462
436
415
390
367
338
294
251
201
143
87
21
-54
-123
-196
-274
-333
-385
-438
-481
-525
-552
-567
-585
-592
-599
-603
-608
-613
-616
-628
-638
-646
-650
-663
-676
-683
-689
-688
-694
-702
-702
-703
-702
-706
-712
-706
-692
-690
-679
-660
-646
-610
-572
-534
-479
-426
-376
-313
-256
-199
-140
-90
-44
-9
27
61
77
101
122
127
151
164
173
203
222
248
277
302
324
345
363
373
383
396
400
403
412
415
405
410
412
413
417
419
431
436
444
456
470
489
499
515
532
534
538
539
535
525
520
513
502
489
475
470
462
452
445
427
408
397
377
363
339
303
273
237
195
154
109
59
14
-37
-88
-128
-175
-226
-266
-297
-330
-359
-385
-408
-414
-421
-438
-439
-440
-445
-444
-450
-452
-455
-461
-467
-476
-485
-491
-487
-493
-489
-476
-476
-461
-449
-444
-433
-436
-432
-430
-440
-439
-452
-456
-449
-450
-431
-414
-393
-363
-331
-286
-237
-186
-146
-95
-45
-13
20
46
67
91
103
108
123
129
137
155
164
177
194
214
234
254
264
281
301
304
307
308
305
305
304
297
284
277
283
293
298
304
315
327
344
361
373
378
386
392
390
383
368
353
336
319
303
284
269
256
250
242
236
234
235
242
245
247
252
248
241
231
213
189
166
139
100
62
24
-8
-40
-80
-111
-137
-161
-181
-202
-215
-219
-229
-225
-224
-227
-228
-234
-238
-249
-258
-271
-286
-295
-302
-305
-315
-321
-320
-313
-307
-306
-301
-297
-292
-282
-285
-292
-295
-308
-321
-328
-343
-356
-367
-383
-387
-379
-374
-356
-338
-316
-279
-241
-197
-156
-117
-75
-41
-9
13
26
44
54
62
81
84
84
92
92
105
125
137
154
167
175
191
205
212
221
224
225
226
221
219
218
213
216
211
208
212
208
205
202
198
192
183
173
158
152
148
149
148
147
150
158
174
185
199
217
232
252
267
271
278
283
281
281
274
264
250
230
211
191
175
149
123
110
95
73
57
40
15
2
-10
-36
-42
-54
-79
-96
-119
-136
-148
-165
-178
-183
-185
-188
-194
-199
-196
-193
-195
-191
-195
-199
-199
-201
-202
-213
-223
-239
-253
-260
-268
-281
-287
-295
-308
-310
-314
-308
-298
-296
-284
-276
-260
-236
-223
-196
-167
-146
-110
-80
-58
-37
-21
0
18
31
36
34
45
56
58
59
56
57
64
69
71
74
81
89
96
108
114
114
118
124
127
131
128
126
122
125
131
127
127
128
124
130
135
130
129
134
136
152
168
175
190
198
214
231
238
245
249
258
269
264
253
253
245
235
226
210
195
175
150
126
103
87
69
50
26
6
-4
-14
-26
-39
-58
-69
-78
-89
-92
-102
-112
-116
-119
-123
-126
-128
-129
-129
-123
-126
-130
-136
-144
-144
-147
-154
-159
-172
-180
-184
-196
-201
-206
-214
-211
-217
-222
-215
-218
-220
-213
-204
-200
-189
-176
-165
-145
-121
-104
-85
-64
-47
-22
-6
8
22
28
36
39
36
24
18
8
-6
-11
-25
-31
-23
-26
-24
-18
-10
-6
2
13
23
35
41
39
35
32
29
29
33
32
23
16
25
31
38
48
47
70
90
94
108
119
131
147
152
152
156
159
156
158
161
159
162
160
153
156
162
161
159
162
158
156
154
131
118
96
66
54
30
12
-5
-27
-39
-49
-58
-59
-63
-63
-63
-64
-57
-55
-55
-54
-52
-45
-40
-48
-57
-61
-65
-66
-78
-95
-103
-106
-110
-116
-121
-122
-126
-125
-123
-125
-120
-118
-116
-103
-95
-88
-83
-79
-79
-74
-65
-57
-46
-38
-34
-20
-12
-13
-6
-2
6
15
17
12
9
9
1
-4
-4
-2
-5
-4
-7
-9
3
0
-3
-2
0
4
2
4
-1
-3
-5
-9
-8
-5
-5
-1
2
7
16
8
17
30
31
47
48
45
57
60
70
76
75
84
88
95
103
107
111
117
128
134
139
142
149
150
157
162
155
153
147
131
125
116
100
89
74
55
45
28
11
1
-8
-14
-25
-34
-38
-47
-51
-56
-63
-60
-67
-79
-82
-83
-84
-84
-87
-93
-98
-98
-101
-106
-115
-119
-125
-126
-127
-132
-134
-133
-129
-125
-122
-121
-112
-107
-105
-94
-96
-87
-83
-84
-77
-78
-70
-71
-73
-65
-66
-56
-52
-50
-41
-36
-28
-18
-11
-5
0
3
8
16
14
11
6
6
6
9
11
4
10
11
16
25
27
39
41
51
60
56
53
56
51
49
49
34
28
30
25
20
27
34
35
43
46
52
69
80
88
99
109
125
131
135
146
142
144
143
138
135
127
122
112
105
99
84
72
61
41
32
23
8
0
-16
-28
-34
-43
-49
-54
-55
-54
-55
-56
-59
-51
-44
-40
-25
-20
-18
-11
-18
-10
-1
-3
-3
-10
-13
-17
-29
-43
-49
-54
-60
-61
-69
-71
-74
-69
-64
-62
-51
-51
-46
-39
-40
-41
-42
-52
-50
-49
-56
-51
-55
-56
-50
-53
-44
-38
-29
-23
-14
4
5
8
13
12
18
14
14
9
2
-2
-7
-12
-13
-8
-7
-3
-2
5
5
5
11
9
14
18
13
9
9
12
10
7
9
12
19
23
28
30
32
40
44
46
54
61
65
76
77
78
82
81
88
94
93
91
87
83
77
75
63
55
57
41
34
20
6
5
-8
-17
-24
-36
-34
-40
-47
-49
-54
-49
-47
-52
-50
-53
-51
-48
-52
-47
-37
-33
-32
-39
-45
-43
-41
-43
-44
-46
-46
-45
-56
-58
-65
-64
-53
-63
-59
-56
-58
-45
-49
-49
-46
-48
-44
-43
-41
-36
-35
-37
-34
-34
-22
-9
-10
1
9
11
20
23
23
27
27
28
23
28
30
16
16
12
3
1
-4
-8
-10
-7
-9
-11
1
9
14
24
33
39
51
58
59
69
79
80
78
78
74
77
79
74
74
70
71
69
59
64
60
62
67
65
71
72
68
66
65
63
64
59
50
45
41
36
25
14
6
1
-3
-10
-15
-17
-26
-29
-32
-34
-33
-40
-45
-43
-44
-51
-55
-53
-50
-47
-48
-55
-48
-43
-43
-45
-41
-29
-35
-33
-29
-30
-26
-29
-42
-43
-39
-47
-48
-52
-56
-54
-60
-57
-55
-53
-52
-52
-42
-36
-37
-37
-36
-31
-28
-27
-24
-18
-12
-14
-16
-11
-11
-6
-11
-11
-8
-15
-14
-20
-22
-15
-17
-22
-22
-26
-23
-17
-19
-15
-14
-12
5
8
13
24
27
38
48
51
59
66
68
66
62
59
59
60
57
59
59
58
63
63
63
67
65
67
74
66
60
65
62
69
71
57
55
61
57
53
50
45
42
43
40
31
32
23
14
16
6
-6
-17
-33
-36
-36
-44
-47
-50
-50
-50
-52
-52
-53
-46
-44
-37
-26
-28
-24
-25
-29
-28
-26
-29
-33
-24
-25
-24
-21
-24
-28
-28
-21
-21
-23
-20
-16
-16
-14
-15
-23
-25
-25
-28
-39
-38
-33
-38
-35
-34
-37
-32
-36
-41
-28
-26
-24
-16
-22
-20
-17
-25
-29
-27
-27
-29
-29
-26
-17
-13
-14
-10
-8
-2
4
7
17
31
36
38
39
42
48
43
44
