-11
-14
-10
-7
-3
-10
-14
-10
-4
3
4
2
3
3
3
1
-1
-2
-1
-2
1
1
0
5
2
1
2
1
0
-2
6
5
11
14
7
15
9
6
19
12
12
14
3
4
9
4
1
3
-2
-5
1
4
1
3
7
-3
-7
-3
2
5
2
12
7
2
10
-3
-7
2
-2
-2
-2
1
2
-3
-10
-14
-11
-6
2
2
5
3
1
5
3
-1
-2
1
0
6
3
-8
-7
-7
0
6
4
3
-1
4
2
-3
4
6
2
11
8
2
1
0
-2
-13
-21
-16
-11
-16
1
7
1
9
5
4
-1
-7
-1
-8
-10
-16
-20
-18
-24
-18
-23
-24
-23
-32
-29
-27
-26
-29
-26
-25
-22
-16
-22
-23
-22
-26
-23
-15
-13
-15
-3
7
9
12
19
28
33
33
41
45
41
40
35
26
30
42
53
62
70
73
67
70
79
79
70
66
69
57
47
46
47
40
34
36
38
40
34
31
28
31
35
40
50
45
34
20
4
-9
-23
-37
-55
-67
-75
-85
-98
-112
-123
-139
-149
-147
-147
-147
-138
-128
-116
-103
-89
-67
-46
-22
-11
-5
5
10
16
13
22
28
19
9
0
-9
-26
-30
-37
-42
-39
-39
-31
-24
-24
-25
-13
-1
13
34
45
52
54
55
50
41
34
22
12
-4
-16
-26
-34
-36
-50
-74
-90
-104
-112
-118
-117
-104
-74
-42
-8
29
67
111
143
168
201
220
226
227
224
218
224
218
203
205
191
166
146
128
123
120
126
138
148
156
158
164
164
146
116
65
-9
-95
-196
-298
-378
-442
-488
-497
-474
-430
-371
-298
-209
-129
-51
29
76
111
141
146
138
113
89
76
47
23
0
-22
-35
-62
-81
-107
-131
-145
-165
-172
-167
-158
-150
-138
-121
-96
-49
16
92
164
221
246
249
236
211
195
196
195
177
136
72
-26
-122
-183
-212
-197
-139
-60
10
71
122
148
154
142
95
33
-80
-283
-475
-584
-602
-489
-244
68
333
525
646
652
564
405
197
-3
-188
-352
-441
-450
-377
-229
-28
196
399
534
568
522
411
241
39
-155
-319
-450
-512
-499
-403
-247
-60
142
327
474
537
520
441
301
137
-49
-231
-363
-435
-440
-375
-236
-49
140
303
405
434
385
278
139
-27
-190
-337
-453
-522
-525
-452
-318
-149
33
201
317
365
351
275
156
14
-123
-244
-344
-396
-394
-335
-227
-94
60
199
287
332
316
232
106
-44
-196
-315
-379
-393
-353
-253
-116
30
176
305
392
424
402
328
193
32
-132
-268
-366
-410
-362
-257
-129
21
179
301
355
391
387
313
196
65
-62
-214
-330
-352
-357
-349
-308
-257
-244
-290
-340
-391
-459
-511
-514
-478
-423
-322
-159
40
238
433
624
762
844
868
846
797
702
588
485
392
313
260
257
304
364
430
526
629
709
778
866
951
980
958
902
757
446
35
-352
-783
-1278
-1673
-1920
-2121
-2262
-2191
-1943
-1669
-1346
-907
-438
-104
177
509
747
843
918
1005
1022
958
887
848
759
607
470
331
131
-134
-417
-700
-993
-1249
-1426
-1509
-1499
-1420
-1261
-999
-667
-305
79
470
813
1037
1172
1258
1240
1110
960
820
624
402
245
145
20
-105
-154
-183
-266
-351
-383
-437
-552
-628
-620
-602
-595
-521
-356
-182
-7
249
531
748
908
1031
1086
1032
920
805
651
452
267
106
-48
-177
-241
-259
-267
-253
-217
-189
-183
-189
-208
-253
-272
-254
-220
-155
-56
64
179
295
426
519
546
564
543
423
266
105
-70
-260
-403
-477
-534
-585
-573
-517
-481
-444
-351
-254
-203
-146
-76
-34
-36
-28
19
44
68
138
196
220
241
283
302
261
243
237
153
38
-54
-135
-253
-347
-328
-307
-316
-250
-132
-64
-14
127
278
339
378
391
269
-38
-348
-590
-944
-1267
-1385
-1457
-1540
-1483
-1212
-913
-641
-264
117
362
548
735
829
830
839
794
683
626
645
661
662
753
903
984
1035
1160
1266
1210
1106
1050
952
778
653
637
594
544
675
934
1152
1369
1609
1630
1286
799
285
-458
-1387
-2128
-2700
-3339
-3858
-3910
-3641
-3342
-2865
-2086
-1251
-591
4
656
1147
1353
1424
1439
1401
1302
1148
1020
961
903
786
711
736
687
409
40
-275
-719
-1304
-1789
-2111
-2396
-2626
-2577
-2268
-1841
-1277
-590
81
647
1149
1554
1780
1852
1809
1613
1291
991
757
520
307
195
147
80
60
101
77
-46
-220
-406
-628
-873
-1042
-1132
-1177
-1132
-922
-560
-131
331
800
1198
1485
1667
1741
1674
1405
920
275
-441
-1085
-1633
-2041
-2137
-2027
-1867
-1518
-907
-268
221
717
1183
1328
1221
1137
1019
668
315
156
2
-172
-166
45
246
397
666
977
1156
1257
1396
1455
1345
1212
1147
1116
1064
1092
1316
1548
1715
2009
2474
2843
2930
2907
2782
2123
747
-642
-1691
-3174
-4935
-5895
-6185
-6702
-7110
-6319
-4838
-3893
-3086
-1503
174
852
1176
2055
2790
2610
2097
2107
2383
2176
1723
1794
2257
2202
1589
1355
1546
1111
-148
-1120
-1479
-2308
-3701
-4363
-4148
-4183
-4509
-4004
-2635
-1536
-836
274
1648
2418
2593
2870
3226
3072
2476
1981
1713
1373
892
618
676
720
515
371
518
425
-123
-592
-882
-1376
-2089
-2454
-2382
-2419
-2449
-1978
-1184
-744
-536
7
424
361
247
342
405
90
-163
-67
23
62
233
570
838
1005
1120
1140
1231
1167
788
438
234
2
-367
-517
-267
-26
120
563
1362
1984
2313
2755
3192
3232
2979
2830
2722
2420
2109
1986
1967
2026
2259
2442
2495
2580
2419
1420
-116
-1156
-2375
-4519
-6192
-6716
-7321
-8470
-8491
-6928
-5618
-4842
-3266
-855
753
1334
2371
3703
4195
3700
3160
3275
3239
2510
1808
1949
2298
1687
892
1032
1421
566
-1112
-1718
-1902
-3349
-5037
-5258
-4868
-5477
-6009
-4948
-3246
-2243
-1416
252
2036
2839
3150
3804
4487
4317
3428
2798
2603
2104
1222
765
914
856
302
145
536
359
-765
-1837
-2382
-3533
-5060
-5508
-5402
-5666
-5667
-4503
-2913
-1648
53
2028
3433
4236
4843
5243
5038
4426
3467
2288
1218
180
-601
-968
-868
-529
-203
524
1546
2424
2962
3303
3646
3510
2884
2357
2083
1654
1050
1052
1498
1740
2263
3296
4025
4105
4149
3966
2491
288
-1345
-3173
-5978
-8202
-8886
-9474
-10422
-9921
-7742
-5747
-4356
-2297
483
2327
2934
3625
4613
4819
3782
2664
2474
2442
1657
909
1444
2393
2139
1428
1859
2602
1573
-483
-1295
-1732
-3728
-5995
-6499
-6169
-6713
-7197
-5960
-3768
-2244
-1114
797
2944
3955
4046
4226
4686
4465
3174
2147
1923
1632
828
347
961
1399
590
-286
-98
-475
-2409
-3460
-3660
-4930
-6284
-6309
-5547
-5187
-4299
-2298
-612
771
2549
4226
5072
5522
5717
5064
4113
3136
2032
949
40
-357
-538
-427
293
1264
2123
2905
3753
4227
4211
3981
3674
3055
1968
1372
1271
911
821
1558
2586
3067
3354
4011
4204
2721
514
-738
-2614
-5892
-8280
-9237
-10230
-11581
-11559
-9582
-7365
-5821
-3820
-632
1942
3007
3882
5238
6137
5219
3647
3390
3488
2303
889
1140
2076
1718
772
1254
2468
1724
-327
-1082
-1194
-2909
-5477
-6443
-6218
-6825
-7849
-7144
-4825
-3119
-2217
-440
2270
4059
4355
4799
5835
5978
4663
3293
3069
2619
755
-747
-750
-1030
-2322
-2700
-2031
-2147
-2765
-2812
-2612
-2772
-3001
-2777
-2636
-2587
-2028
-1302
-587
409
1571
2401
2978
3591
3966
4135
4036
3616
3133
2517
1981
1576
1190
1092
1213
1275
1329
1817
2565
2889
2987
3292
3480
3185
2875
2971
2924
2462
2299
2514
2252
1799
1959
1649
-141
-1628
-2147
-3795
-6234
-7280
-7363
-8470
-9878
-9104
-7154
-6346
-5782
-3728
-1138
51
658
2184
4066
4669
3734
3511
4394
4232
2893
2299
3005
2977
1483
731
1556
1671
-116
-1503
-1391
-1922
-3843
-5158
-4951
-4947
-6008
-6358
-5050
-3608
-2964
-2067
-247
1440
2150
2740
3779
4363
3930
3219
2753
2083
1216
462
-233
-793
-1164
-1333
-1443
-1462
-1271
-1236
-1387
-1510
-1530
-1371
-1367
-1618
-1577
-1087
-694
-430
264
1246
1868
2106
2525
3222
3559
3340
3128
3058
2858
2452
2058
2094
2272
2072
1943
2441
3050
3195
3283
3559
3690
3529
3327
3240
2965
2609
2332
1775
1181
945
225
-1526
-2998
-3818
-5165
-6896
-7751
-7764
-8357
-9128
-8385
-6689
-5489
-4541
-2833
-905
283
1243
2525
3854
4385
4064
3849
3938
3914
3362
2725
2672
2416
1437
660
673
397
-867
-1964
-2493
-3257
-4344
-5066
-5175
-5349
-5680
-5383
-4460
-3415
-2389
-1208
142
1291
2318
3346
4147
4595
4601
4403
3954
3210
2340
1216
127
-1014
-2146
-2733
-3056
-3312
-3436
-3133
-2515
-2144
-1533
-615
21
317
600
1046
1299
1361
1371
1379
1415
1302
1335
1660
1921
2043
2180
2410
2704
2943
3083
3182
3136
2971
2745
2602
2581
2369
2133
2000
2018
2233
2445
2854
3275
3760
4402
4849
5205
5074
4061
1990
-425
-2491
-5189
-7850
-9609
-11110
-12413
-12997
-11956
-10031
-8318
-6345
-3899
-1531
49
1585
3327
4225
4262
3727
3446
3519
3188
2900
2969
3200
3171
2982
3288
3668
3247
1914
522
-712
-2436
-4381
-5840
-6816
-7906
-8754
-8423
-7206
-5765
-4114
-2201
-278
1493
2984
4225
5160
5419
5107
4254
3171
2323
1236
39
-726
-1223
-1580
-1554
-1169
-794
-397
-190
-261
-259
-355
-568
-985
-1493
-1643
-1699
-1676
-1268
-492
276
837
1570
2457
3184
3577
3702
3701
3429
2968
2564
2330
2126
1857
1764
1957
2341
2870
3435
3781
3989
4106
4054
4038
3871
3538
3196
2868
2857
2998
3138
3250
2621
865
-921
-2224
-4327
-6764
-8257
-9572
-11332
-12659
-12149
-10500
-9455
-8237
-5834
-3240
-1450
318
2744
4703
5240
4881
4998
5481
5036
4102
3679
3537
2874
1911
1837
2345
1954
621
-339
-868
-2006
-3583
-4788
-5638
-6762
-7903
-8095
-7336
-6290
-5279
-3972
-2130
-206
1440
3042
4550
5212
5125
4813
4190
3298
2254
1212
58
-998
-1356
-1318
-1274
-1048
-465
-43
3
268
557
550
153
-520
-936
-1208
-1483
-1597
-1359
-842
-393
140
1056
2244
3055
3421
3806
4042
3975
3696
3425
3185
2704
2181
2022
2235
2511
2848
3228
3494
3736
3984
4298
4397
4147
3879
3654
3533
3491
3515
3464
2629
649
-1384
-2721
-4711
-7249
-8852
-9974
-11481
-12854
-12476
-10671
-9508
-8590
-6494
-3840
-1954
-394
1753
3817
4659
4341
4572
5502
5494
4715
4245
4292
3934
2981
2728
3132
2756
1238
6
-587
-1695
-3273
-4710
-5713
-6702
-7849
-8116
-7450
-6526
-5531
-4398
-2879
-1075
649
2135
3429
4266
4641
4577
3827
3210
2615
1214
-7
-666
-1156
-1372
-1419
-1077
-508
-136
242
629
897
1008
723
170
-136
-443
-949
-1203
-1210
-1046
-736
-308
437
1356
2102
2696
3295
3740
3956
4036
3940
3699
3389
3103
2865
2721
2856
3095
3183
3313
3647
3856
3964
4179
4079
3873
3837
3802
3886
3807
3659
3170
1308
-951
-2442
-4368
-7107
-9068
-10127
-11501
-12942
-12945
-11298
-9857
-8931
-6954
-4296
-2232
-688
1108
3235
4461
4255
4275
5167
5331
4582
4123
4267
4221
3427
3033
3484
3268
1923
697
-24
-1185
-2891
-4491
-5645
-6745
-7970
-8334
-7922
-7293
-6194
-4917
-3461
-1636
201
1794
3061
3952
4556
4762
4072
3236
2774
1527
52
-608
-966
-1340
-1612
-1322
-714
-391
22
559
895
1039
890
540
355
86
-463
-741
-778
-812
-621
-170
488
1183
1819
2543
3187
3573
3852
3965
3879
3691
3397
3176
2923
2620
2582
2665
2791
3019
3300
3567
3663
3805
4001
3981
3817
3769
3926
3865
3592
3543
3110
1319
-918
-2432
-4396
-7058
-9010
-10237
-11532
-12943
-13142
-11707
-10253
-9204
-7475
-4909
-2666
-1149
679
2953
4255
4136
4240
5110
5338
4711
4304
4490
4333
3556
3249
3586
3356
2088
921
190
-952
-2551
-4070
-5284
-6545
-7705
-8167
-7978
-7329
-6398
-5315
-3955
-2179
-334
1173
2432
3349
3914
3930
3491
3221
2622
1616
758
62
-272
-371
-340
-152
108
460
642
747
920
870
436
-75
-412
-775
-1091
-1293
-1318
-1144
-802
-141
576
1339
2159
2731
3206
3622
3920
4010
3833
3633
3490
3310
3119
3151
3278
3313
3530
3834
4021
4126
4116
4028
3854
3580
3310
3196
3196
3145
3039
3038
2822
1461
-468
-1827
-3621
-6207
-8265
-9584
-10925
-12549
-13150
-11932
-10647
-9931
-8226
-5513
-3248
-1669
299
2769
4171
4093
4273
5138
5246
4450
3950
4040
3822
2961
2615
3160
3085
2010
1170
674
-256
-1741
-3212
-4353
-5675
-7062
-7789
-7873
-7541
-6910
-6102
-4887
-3156
-1396
205
1680
2811
3664
3845
3501
3408
2845
1762
948
266
-196
-401
-351
-63
260
709
1107
1338
1551
1609
1271
715
203
-403
-975
-1426
-1776
-1786
-1527
-1061
-371
542
1551
2374
3091
3732
4248
4587
4590
4419
4268
3991
3570
3326
3356
3374
3319
3466
3704
3785
3942
4210
4240
4014
3918
3952
3831
3596
3468
3283
1961
-265
-1786
-3336
-5902
-8222
-9546
-10676
-12297
-13210
-12198
-10722
-10008
-8758
-6234
-3770
-2117
-466
1849
3756
3974
3970
4989
5560
5001
4364
4396
4452
3727
3146
3449
3412
2389
1401
774
-79
-1406
-2957
-4328
-5665
-6956
-7787
-8148
-8043
-7508
-6803
-5791
-4203
-2434
-844
614
1825
2873
3683
3941
3836
3627
3186
2355
1570
1254
1039
556
225
426
681
788
911
1037
1107
714
156
-76
-403
-990
-1591
-1856
-1808
-1725
-1376
-628
186
850
1637
2592
3414
3998
4339
4569
4626
4472
4413
4339
4040
3769
3661
3620
3670
3813
3905
3780
3550
3492
3495
3314
3036
2894
2829
2709
2645
2730
2532
1072
-914
-2161
-3831
-6142
-7967
-9279
-10639
-12351
-12835
-11522
-10411
-9735
-8166
-5700
-3574
-2001
92
2516
3738
3633
4052
5087
5162
4454
4041
4048
3633
2883
2848
3223
2890
1900
1224
842
70
-1127
-2436
-3692
-5096
-6376
-7050
-7352
-7417
-7163
-6642
-5696
-4235
-2546
-947
161
978
2146
2903
2916
3142
3288
2779
1934
1590
1873
1715
1227
1243
1522
1591
1563
1781
2021
1718
944
423
229
-305
-1094
-1658
-1970
-2178
-2169
-1653
-933
-297
393
1144
2049
2979
3619
3965
4133
4199
4223
4241
4184
4074
3973
3823
3772
3962
4174
4128
3857
3671
3643
3515
3237
3005
2862
2718
2518
2374
2431
1890
118
-1629
-2853
-4570
-6703
-8373
-9465
-10878
-12382
-12240
-10851
-9947
-9145
-7338
-4968
-3102
-1424
852
2946
3687
3719
4423
5279
5124
4488
4242
4129
3471
2775
2972
3184
2443
1540
1147
757
-145
-1261
-2268
-3470
-4923
-6026
-6530
-6856
-7064
-6911
-6406
-5456
-4134
-2750
-1383
-249
676
1639
2351
2774
3073
3031
2709
2322
2114
2143
2005
1792
1748
1770
1832
1864
1868
1777
1399
799
264
-116
-584
-1204
-1767
-2049
-2085
-1952
-1473
-807
-188
485
1271
2158
2986
3606
3989
4202
4352
4445
4504
4414
4205
4040
3863
3816
3907
3902
3797
3580
3426
3449
3326
3115
3070
3004
2828
2678
2644
2107
367
-1456
-2802
-4818
-7094
-8628
-9826
-11387
-12794
-12588
-11266
-10446
-9493
-7390
-5015
-3241
-1509
876
3067
3733
3775
4643
5410
5052
4455
4433
4309
3479
2868
3166
3328
2623
1883
1556
1070
167
-906
-1960
-3198
-4655
-5797
-6527
-6991
-7110
-7054
-6720
-5757
-4432
-3221
-2037
-819
257
1171
1873
2456
2845
2832
2642
2490
2502
2578
2457
2348
2360
2373
2378
2358
2329
2079
1543
1004
447
-102
-648
-1302
-1821
-2155
-2273
-2078
-1721
-1196
-542
165
962
1837
2678
3337
3815
4143
4392
4634
4699
4628
4578
4469
4337
4263
4240
4197
3947
3641
3595
3548
3212
2950
2969
2886
2628
2555
2690
2100
308
-1293
-2487
-4495
-6783
-8403
-9604
-11205
-12793
-12628
-11330
-10655
-9859
-7813
-5321
-3530
-1881
582
2804
3404
3551
4595
5338
4930
4356
4251
4077
3303
2747
3023
3107
2470
1880
1652
1314
579
-436
-1499
-2697
-4146
-5382
-6210
-6858
-7280
-7385
-7084
-6204
-4946
-3688
-2446
-1202
28
1113
1905
2603
3033
3009
2847
2717
2661
2529
2266
2085
1975
1937
2013
2103
2119
2006
1692
1308
961
512
-37
-703
-1364
-1756
-1966
-2024
-1809
-1374
-857
-211
686
1665
2492
3121
3665
4125
4398
4618
4721
4605
4422
4193
4036
3996
3912
3794
3568
3333
3369
3454
3351
3261
3277
3291
3197
3058
3086
2676
988
-947
-2251
-4050
-6448
-8343
-9631
-11051
-12704
-12995
-11675
-10738
-10072
-8304
-5854
-3775
-2084
61
2376
3453
3584
4302
5214
5136
4515
4177
4032
3539
2960
3041
3206
2755
2221
1899
1598
1143
261
-887
-2099
-3464
-4670
-5623
-6478
-7011
-7250
-7212
-6581
-5436
-4220
-3092
-1945
-734
476
1425
2166
2762
2866
2765
2763
2715
2677
2482
2227
2152
2092
2170
2372
2384
2232
1988
1674
1324
837
224
-457
-1209
-1788
-2080
-2205
-2110
-1836
-1431
-754
148
1138
2070
2805
3454
4023
4411
4748
4935
4828
4594
4347
4134
4001
3863
3688
3424
3181
3248
3417
3387
3354
3383
3364
3302
3228
3287
2935
1363
-583
-2007
-3742
-6099
-8131
-9527
-11000
-12636
-13052
-11945
-10953
-10283
-8758
-6499
-4383
-2620
-620
1661
2950
3212
3898
4857
5010
4499
4104
3978
3592
3079
3137
3333
2959
2456
2167
1888
1498
717
-424
-1657
-3005
-4248
-5256
-6174
-6873
-7295
-7422
-6917
-5897
-4804
-3661
-2527
-1330
-12
1125
2077
2743
2952
2986
3015
3011
2966
2741
2428
2239
2134
2237
2452
2455
2359
2213
1954
1693
1335
790
72
-736
-1353
-1769
-2062
-2136
-2046
-1792
-1275
-501
492
1469
2244
2951
3661
4245
4660
4960
5057
4841
4536
4370
4203
3965
3765
3603
3342
3143
3277
3428
3350
3269
3289
3331
3238
3128
3088
2439
804
-945
-2352
-4122
-6329
-8161
-9498
-10962
-12272
-12276
-11279
-10551
-9807
-8227
-6146
-4286
-2553
-456
1430
2304
2837
3731
4437
4428
4065
3846
3599
3178
2992
3117
3045
2621
2292
2126
1870
1462
723
-310
-1496
-2719
-3743
-4696
-5659
-6449
-7024
-7185
-6728
-5899
-4996
-4029
-2935
-1706
-497
624
1671
2279
2439
2629
2855
2894
2765
2631
2493
2304
2263
2469
2660
2640
2536
2406
2198
1950
1562
906
127
-593
-1248
-1740
-2034
-2208
-2165
-1916
-1443
-630
338
1213
1972
2755
3553
4163
4547
4827
4969
4792
4511
4423
4340
4136
3872
3676
3581
3394
3260
3360
3373
3153
3054
3123
3090
2906
2663
2285
1158
-560
-1915
-3365
-5421
-7350
-8794
-10053
-11373
-12035
-11432
-10657
-10224
-9023
-7030
-5201
-3568
-1685
359
1755
2388
3303
4358
4563
4266
4165
4063
3658
3264
3245
3219
2766
2366
2263
2004
1568
1005
162
-840
-1871
-2870
-3820
-4779
-5632
-6284
-6651
-6488
-5901
-5260
-4501
-3482
-2384
-1320
-222
832
1583
1984
2341
2762
2955
2928
2924
2849
2687
2612
2660
2744
2670
2478
2393
2288
2000
1615
1176
584
-117
-736
-1192
-1575
-1926
-2079
-1951
-1630
-1151
-515
232
1001
1701
2410
3156
3728
4054
4307
4512
4555
4519
4514
4464
4257
4020
3917
3786
3516
3404
3434
3225
2971
3001
3046
2869
2620
2515
2009
533
-994
-2180
-3957
-6138
-7817
-9083
-10536
-11863
-11995
-11230
-10765
-10122
-8444
-6463
-4837
-3101
-932
989
1958
2667
3812
4500
4344
4185
4140
3792
3291
3065
3156
3039
2641
2504
2478
2213
1826
1241
381
-639
-1758
-2834
-3864
-4940
-5894
-6594
-6937
-6745
-6233
-5599
-4718
-3693
-2604
-1378
-167
877
1613
2090
2519
2809
2976
3076
2985
2808
2701
2681
2705
2729
2726
2653
2537
2411
2234
1927
1373
684
36
-614
-1227
-1695
-2012
-2184
-2153
-1813
-1204
-463
335
1157
2008
2821
3537
4086
4483
4792
4856
4719
4618
4474
4194
3864
3645
3523
3279
3080
3193
3306
3209
3206
3361
3420
3265
3126
2934
1927
251
-1173
-2713
-4818
-6807
-8329
-9798
-11332
-12135
-11749
-11133
-10691
-9504
-7601
-5851
-4210
-2186
-66
1278
1986
3003
4023
4225
4018
4017
3914
3450
3098
3200
3296
2970
2735
2834
2764
2471
2049
1340
381
-738
-1886
-2999
-4177
-5312
-6253
-6941
-7112
-6796
-6310
-5604
-4657
-3534
-2232
-949
250
1292
1976
2410
2794
3128
3218
3014
2786
2645
2491
2391
2425
2448
2392
2334
2335
2373
2240
1820
1252
638
-6
-688
-1317
-1844
-2331
-2641
-2576
-2203
-1667
-988
-237
580
1516
2459
3294
3943
4390
4724
4905
4906
4859
4711
4381
4009
3741
3588
3342
3007
2947
3009
2863
2819
3038
3167
3003
2819
2763
2147
652
-801
-2078
-3924
-5991
-7586
-8892
-10355
-11543
-11548
-10864
-10442
-9655
-7953
-6119
-4566
-2770
-639
1037
1873
2654
3696
4157
4004
3952
3896
3493
3051
2983
3106
2992
2770
2789
2811
2623
2357
1840
968
-64
-1178
-2347
-3486
-4541
-5530
-6401
-6864
-6721
-6301
-5808
-4921
-3757
-2695
-1563
-260
935
1705
2161
2665
2999
2972
2955
2957
2698
2398
2322
2378
2398
2411
2537
2596
2446
2321
2197
1736
1045
410
-232
-978
-1677
-2156
-2475
-2701
-2596
-2077
-1427
-762
80
1064
1961
2790
3603
4207
4567
4769
4830
4811
4656
4397
4109
3757
3477
3244
2931
2770
2825
2756
2645
2782
2988
3015
2888
2859
2615
1429
-98
-1285
-2893
-5052
-6903
-8318
-9811
-11337
-11921
-11432
-11064
-10696
-9284
-7379
-5822
-4151
-1973
35
1126
1891
3132
4015
3982
3954
4131
3893
3424
3336
3592
3558
3194
3188
3362
3154
2853
2484
1705
667
-427
-1543
-2693
-3932
-5078
-6008
-6736
-6932
-6674
-6343
-5715
-4717
-3615
-2410
-1133
119
1172
1823
2345
2870
3101
3104
3063
2941
2771
2627
2609
2690
2692
2660
2679
2651
2545
2368
1990
1450
870
238
-446
-1125
-1700
-2162
-2514
-2570
-2295
-1856
-1274
-514
366
1278
2191
3058
3755
4270
4651
4867
4922
4833
4639
4359
3983
3600
3315
3034
2700
2524
2525
2476
2433
2599
2846
2877
2788
2777
2256
916
-457
-1759
-3539
-5566
-7261
-8650
-10193
-11455
-11561
-11068
-10769
-10070
-8444
-6598
-5065
-3291
-1115
572
1427
2373
3634
4201
4042
4017
4117
3844
3455
3467
3605
3362
3046
3118
3226
3014
2656
2167
1377
395
-594
-1661
-2869
-4089
-5161
-6045
-6642
-6749
-6561
-6275
-5602
-4509
-3301
-2132
-944
276
1176
1733
2324
2814
2892
2733
2706
2706
2524
2371
2412
2459
2374
2410
2642
2730
2595
2392
2077
1568
948
318
-375
-1206
-1972
-2474
-2796
-2935
-2745
-2325
-1823
-1126
-113
976
1906
2774
3596
4217
4628
4946
5089
4948
4637
4292
3967
3605
3239
2913
2580
2408
2469
2561
2641
2823
3035
3097
3060
3077
2702
1461
-5
-1289
-2982
-5053
-6836
-8285
-9855
-11254
-11591
-11124
-10798
-10299
-8869
-7040
-5467
-3722
-1558
309
1357
2248
3481
4241
4206
4165
4279
4059
3610
3500
3660
3490
3122
3139
3305
3150
2846
2478
1816
876
-136
-1131
-2261
-3532
-4701
-5670
-6393
-6727
-6699
-6440
-5903
-5037
-3907
-2654
-1396
-171
857
1635
2291
2810
3049
3031
2936
2780
2553
2395
2322
2254
2163
2155
2300
2408
2367
2264
2023
1565
1049
534
-92
-836
-1571
-2129
-2486
-2682
-2587
-2266
-1896
-1307
-410
596
1554
2428
3229
3843
4259
4640
4858
4726
4440
4163
3823
3482
3216
2923
2575
2340
2400
2564
2579
2672
2925
3018
2962
3034
2920
2005
541
-755
-2100
-3982
-5891
-7348
-8815
-10416
-11292
-11107
-10713
-10443
-9554
-7912
-6268
-4710
-2730
-658
720
1595
2711
3812
4172
4124
4204
4103
3667
3382
3419
3357
3051
2880
2989
3046
2933
2714
2243
1497
632
-303
-1338
-2526
-3781
-4925
-5907
-6543
-6686
-6605
-6364
-5713
-4696
-3468
-2166
-859
368
1239
1864
2501
2926
3036
2949
2701
2489
2348
2225
2205
2183
2158
2268
2382
2506
2637
2472
2070
1657
1176
602
-121
-934
-1581
-2119
-2553
-2617
-2444
-2227
-1834
-1166
-194
830
1672
2500
3247
3721
4181
4605
4703
4600
4362
4033
3772
3496
3225
2940
2578
2469
2578
2592
2660
2844
2958
2953
2906
2893
2520
1330
-24
-1172
-2757
-4646
-6244
-7673
-9228
-10576
-11002
-10711
-10501
-10064
-8806
-7232
-5746
-3978
-1928
-178
949
1936
3141
3939
4090
4158
4160
3783
3353
3249
3271
3081
2798
2794
2914
2888
2854
2700
2166
1405
628
-227
-1265
-2470
-3677
-4775
-5700
-6226
-6352
-6327
-6088
-5449
-4458
-3237
-1950
-719
355
1164
1828
2459
2862
2932
2783
2514
2264
2121
2003
1906
1838
1777
1827
2004
2202
2277
2108
1781
1446
1061
547
-64
-746
-1418
-1945
-2284
-2362
-2259
-2113
-1777
-1135
-266
664
1537
2331
3013
3552
4046
4510
4684
4533
4252
3933
3655
3398
3124
2844
2486
2224
2289
2431
2487
2608
2711
2710
2653
2633
2486
1649
326
-834
-2135
-3834
-5474
-6852
-8276
-9720
-10484
-10334
-10003
-9744
-8870
-7390
-5945
-4434
-2550
-709
499
1348
2452
3447
3770
3795
3858
3659
3257
3123
3235
3166
2886
2803
2954
3002
2978
2915
2498
1748
1001
284
-617
-1749
-2920
-4002
-5008
-5710
-5929
-5971
-5952
-5562
-4734
-3674
-2522
-1354
-242
652
1321
2021
2603
2761
2648
2412
2147
1983
1854
1757
1666
1535
1534
1707
1929
2120
2117
1873
1621
1365
961
457
-147
-825
-1454
-1919
-2110
-2142
-2160
-2010
-1564
-874
-19
847
1660
2417
3045
3626
4216
4573
4585
4375
4110
3905
3668
3344
3012
2625
2223
2092
2219
2316
2335
2373
2471
2558
2582
2589
2194
1109
-85
-1186
-2582
-4198
-5703
-7086
-8532
-9679
-9940
-9693
-9560
-9131
-7961
-6526
-5148
-3525
-1706
-276
598
1533
2690
3358
3434
3476
3493
3208
2906
2949
3051
2838
2607
2731
2926
2940
2935
2782
2284
1647
1019
270
-716
-1864
-3001
-4066
-4940
-5425
-5675
-5826
-5695
-5193
-4371
-3338
-2222
-1096
-109
693
1438
2072
2410
2441
2269
2027
1806
1604
1429
1298
1167
1128
1264
1517
1802
1937
1886
1791
1678
1459
1074
582
14
-652
-1264
-1650
-1884
-2096
-2175
-1982
-1510
-856
-102
723
1535
2244
2895
3534
4042
4294
4277
4115
3949
3739
3446
3112
2769
2434
2128
2022
2165
2255
2197
2259
2467
2570
2584
2598
2351
1544
440
-550
-1686
-3232
-4799
-6131
-7430
-8623
-9230
-9197
-9055
-8861
-8067
-6747
-5458
-4109
-2500
-1029
19
940
2004
2841
3122
3216
3318
3194
2973
2921
2923
2759
2536
2525
2654
2660
2597
2480
2102
1554
1033
436
-372
-1338
-2293
-3178
-3963
-4504
-4831
-5063
-5105
-4814
-4229
-3445
-2544
-1645
-817
-49
678
1266
1634
1805
1812
1696
1550
1476
1419
1269
1164
1230
1387
1573
1768
1950
2021
1956
1897
1818
1540
1076
554
11
-506
-964
-1350
-1620
-1784
-1784
-1515
-1026
-400
284
957
1671
2386
2987
3482
3845
3981
3954
3876
3731
3491
3154
2810
2496
2195
2041
2041
1991
1937
2070
2300
2480
2605
2654
2382
1597
654
-264
-1537
-3152
-4666
-6060
-7496
-8682
-9214
-9298
-9362
-9125
-8184
-6926
-5680
-4202
-2529
-1094
-6
1102
2281
3030
3268
3417
3465
3235
2991
2921
2841
2602
2415
2490
2615
2676
2747
2678
2380
1991
1575
1002
191
-743
-1721
-2715
-3608
-4271
-4782
-5227
-5411
-5211
-4719
-4020
-3175
-2259
-1374
-521
338
1079
1558
1812
1878
1795
1691
1601
1447
1222
1056
1053
1164
1329
1556
1766
1839
1850
1930
1958
1749
1353
887
365
-198
-725
-1150
-1554
-1926
-2070
-1890
-1477
-951
-344
349
1066
1763
2486
3160
3589
3781
3868
3900
3849
3670
3411
3102
2705
2404
2339
2324
2252
2235
2364
2556
2705
2882
2965
2583
1777
914
-42
-1367
-2936
-4450
-5912
-7382
-8515
-9015
-9219
-9371
-9093
-8180
-6973
-5690
-4185
-2561
-1198
-73
1136
2285
2961
3207
3323
3318
3125
2923
2806
2608
2303
2144
2257
2461
2610
2700
2673
2480
2228
1940
1447
676
-256
-1234
-2219
-3123
-3863
-4506
-5067
-5360
-5262
-4879
-4310
-3572
-2740
-1855
-954
-44
795
1346
1621
1764
1801
1750
1649
1479
1269
1083
1010
1117
1303
1486
1675
1821
1937
2096
2155
2002
1670
1200
686
132
-436
-931
-1422
-1884
-2097
-2004
-1689
-1242
-709
-39
677
1367
2134
2836
3281
3547
3724
3809
3782
3638
3409
3090
2691
2412
2309
2228
2152
2138
2229
2397
2581
2771
2825
2473
1768
985
61
-1212
-2666
-4088
-5543
-7003
-8101
-8637
-8960
-9202
-8955
-8157
-7144
-5972
-4499
-2925
-1612
-469
787
1966
2674
3025
3293
3362
3183
2999
2920
2772
2477
2331
2467
2619
2710
2825
2855
2705
2493
2253
1835
1148
255
-709
-1691
-2636
-3475
-4233
-4908
-5364
-5474
-5259
-4816
-4201
-3436
-2583
-1680
-711
205
904
1369
1649
1799
1838
1780
1631
1416
1208
1084
1121
1256
1396
1547
1688
1860
2034
2103
2056
1835
1439
995
508
-28
-573
-1150
-1675
-2004
-2101
-1973
-1696
-1287
-702
-34
684
1495
2275
2858
3275
3642
3940
4067
4022
3909
3693
3316
2981
2781
2590
2360
2176
2166
2273
2361
2495
2622
2430
1910
1291
541
-514
-1836
-3217
-4601
-6005
-7212
-7998
-8515
-8879
-8873
-8380
-7533
-6469
-5191
-3723
-2318
-1043
249
1443
2332
2885
3183
3293
3228
3049
2849
2628
2354
2153
2115
2189
2314
2422
2488
2506
2461
2322
2039
1541
839
22
-894
-1831
-2728
-3601
-4383
-4989
-5344
-5396
-5185
-4767
-4165
-3394
-2496
-1523
-561
296
990
1475
1795
2001
2058
1969
1812
1623
1457
1364
1332
1380
1467
1567
1710
1851
1956
1987
1875
1632
1317
899
384
-159
-708
-1230
-1684
-1974
-2004
-1876
-1615
-1141
-520
178
945
1741
2489
3102
3561
3924
4151
4184
4116
3921
3546
3160
2811
2474
2183
1966
1889
1915
1981
2171
2355
2252
1933
1511
876
-44
-1182
-2401
-3730
-5168
-6423
-7331
-8038
-8581
-8749
-8454
-7821
-6936
-5777
-4384
-3007
-1715
-358
943
1969
2661
3103
3363
3418
3312
3162
2980
2679
2375
2239
2258
2327
2361
2397
2442
2402
2286
2114
1758
1165
418
-421
-1295
-2209
-3152
-4014
-4747
-5277
-5490
-5435
-5165
-4671
-3981
-3140
-2196
-1203
-244
563
1171
1657
2018
2180
2180
2092
1936
1729
1548
1477
1464
1427
1424
1530
1655
1733
1770
1723
1570
1283
920
535
72
-452
-956
-1383
-1689
-1826
-1792
-1623
-1304
-825
-212
477
1204
1930
2543
3021
3425
3725
3853
3826
3716
3524
3218
2887
2640
2409
2167
2025
2026
2094
2167
2261
2292
2106
1745
1237
535
-412
-1542
-2750
-4059
-5340
-6418
-7269
-7925
-8322
-8329
-7990
-7373
-6476
-5320
-4046
-2773
-1457
-154
978
1843
2485
2941
3150
3174
3104
2976
2757
2500
2355
2307
2301
2321
2383
2467
2496
2474
2379
2132
1686
1077
380
-402
-1271
-2191
-3068
-3829
-4467
-4890
-5027
-4940
-4674
-4220
-3555
-2735
-1876
-1023
-177
543
1093
1533
1845
2011
2001
1891
1789
1651
1480
1385
1371
1346
1354
1456
1573
1640
1649
1616
1495
1246
947
616
199
-264
-694
-1060
-1339
-1503
-1528
-1408
-1168
-778
-261
312
947
1576
2124
2593
2991
3312
3487
3530
3487
3341
3106
2857
2643
2423
2211
2089
2064
2068
2092
2143
2121
1944
1629
1179
543
-295
-1296
-2399
-3553
-4685
-5692
-6533
-7204
-7635
-7749
-7569
-7117
-6395
-5460
-4388
-3244
-2043
-855
197
1083
1814
2354
2697
2883
2964
2923
2783
2632
2504
2401
2324
2289
2300
2302
2271
2232
2134
1908
1544
1092
545
-129
-878
-1631
-2384
-3116
-3725
-4152
-4406
-4517
-4430
-4109
-3648
-3076
-2371
-1605
-888
-227
410
956
1343
1581
1714
1728
1638
1542
1453
1352
1271
1249
1285
1359
1466
1564
1621
1622
1596
1512
1330
1089
771
390
-4
-382
-693
-963
-1168
-1233
-1170
-979
-642
-178
336
868
1431
1987
2468
2850
3155
3342
3385
3343
3228
3024
2772
2532
2305
2102
1949
1872
1858
1837
1844
1818
1645
1361
929
339
-402
-1295
-2260
-3288
-4311
-5230
-6008
-6620
-7025
-7139
-7006
-6607
-5944
-5089
-4097
-3053
-1966
-891
78
921
1620
2117
2433
2623
2678
2635
2519
2381
2262
2152
2106
2119
2133
2144
2179
2183
2097
1925
1654
1268
723
77
-594
-1333
-2103
-2823
-3441
-3938
-4299
-4441
-4364
-4122
-3737
-3206
-2566
-1882
-1171
-488
113
614
974
1231
1399
1450
1441
1401
1333
1279
1274
1290
1353
1443
1526
1646
1747
1797
1779
1676
1506
1248
918
549
161
-260
-645
-942
-1166
-1256
-1217
-1037
-710
-295
211
773
1319
1828
2287
2671
2964
3140
3202
3157
3024
2836
2609
2369
2144
1970
1868
1812
1827
1891
1927
1897
1783
1589
1223
679
19
-781
-1720
-2727
-3679
-4579
-5404
-6090
-6551
-6761
-6784
-6529
-6014
-5330
-4511
-3598
-2589
-1572
-640
193
918
1491
1873
2136
2294
2348
2313
2209
2126
2069
2021
2009
2038
2082
2115
2127
2108
2027
1812
1464
1025
495
-126
-819
-1533
-2216
-2869
-3429
-3818
-4038
-4123
-4049
-3792
-3367
-2833
-2241
-1580
-941
-377
149
610
972
1210
1341
1409
1406
1361
1332
1311
1278
1278
1365
1474
1576
1686
1775
1805
1756
1665
1515
1265
926
569
208
-177
-524
-781
-964
-1072
-1059
-897
-627
-281
134
623
1125
1601
2061
2443
2726
2912
2998
2989
2903
2767
2580
2379
2195
2056
1955
1880
1859
1860
1855
1799
1669
1460
1075
538
-88
-831
-1691
-2616
-3513
-4364
-5154
-5803
-6237
-6462
-6525
-6336
-5888
-5271
-4509
-3627
-2668
-1723
-842
-12
719
1284
1686
1973
2139
2196
2183
2139
2080
2007
1978
1986
2017
2063
2112
2142
2098
2004
1831
1536
1121
591
5
-662
-1377
-2046
-2661
-3204
-3632
-3894
-3976
-3912
-3706
-3333
-2838
-2297
-1710
-1093
-487
33
464
839
1100
1253
1344
1411
1431
1407
1402
1441
1505
1563
1660
1788
1864
1902
1917
1871
1744
1543
1281
946
569
183
-197
-558
-876
-1090
-1204
-1214
-1085
-830
-486
-69
424
935
1421
1869
2250
2549
2729
2821
2840
2777
2663
2512
2363
2224
2114
2042
2008
2003
1991
1947
1824
1624
1332
886
320
-351
-1138
-2014
-2922
-3791
-4592
-5314
-5878
-6216
-6371
-6338
-6056
-5557
-4889
-4109
-3238
-2300
-1389
-549
220
880
1390
1749
2005
2169
2226
2221
2185
2127
2081
2063
2067
2092
2127
2145
2129
2065
1935
1697
1352
915
392
-183
-809
-1439
-2042
-2601
-3044
-3350
-3523
-3565
-3473
-3240
-2895
-2447
-1932
-1387
-853
-348
131
537
859
1124
1316
1433
1518
1599
1674
1734
1793
1876
1941
1980
2016
2015
1954
1815
1628
1394
1074
716
334
-69
-473
-831
-1117
-1330
-1444
-1451
-1339
-1122
-802
-394
57
512
949
1376
1747
2045
2284
2437
2504
2495
2458
2404
2327
2244
2164
2106
2058
2030
2002
1935
1815
1609
1332
958
450
-157
-858
-1651
-2462
-3240
-3981
-4663
-5239
-5636
-5846
-5869
-5680
-5318
-4825
-4201
-3458
-2648
-1827
-1052
-327
339
887
1333
1700
1954
2094
2167
2211
2244
2245
2233
2239
2228
2209
2189
2147
2044
1877
1653
1361
1008
579
101
-423
-976
-1494
-1981
-2409
-2752
-3012
-3160
-3190
-3112
-2915
-2636
-2300
-1887
-1438
-980
-515
-69
326
676
988
1259
1482
1650
1782
1883
1950
1986
1991
1963
1903
1808
1681
1523
1309
1070
817
536
251
-23
-285
-518
-719
-876
-961
-982
-936
-810
-622
-381
-97
217
552
889
1211
1505
1772
1990
2162
2300
2392
2446
2463
2446
2417
2364
2286
2193
2083
1941
1734
1482
1190
818
362
-159
-725
-1334
-1988
-2631
-3222
-3780
-4282
-4654
-4885
-5011
-5002
-4827
-4516
-4098
-3583
-2969
-2304
-1634
-973
-321
283
803
1255
1616
1883
2061
2162
2210
2210
2169
2098
2009
1911
1811
1700
1557
1401
1211
985
740
455
141
-218
-613
-996
-1367
-1731
-2065
-2351
-2587
-2736
-2794
-2756
-2612
-2395
-2102
-1735
-1312
-846
-373
77
498
881
1218
1486
1694
1845
1916
1927
1893
1818
1704
1548
1380
1213
1044
883
729
583
434
276
142
-2
-157
-292
-415
-516
-600
-658
-676
-642
-568
-444
-252
-11
271
587
918
1251
1585
1897
2150
2335
2468
2542
2540
2487
2378
2225
2044
1825
1599
1372
1120
851
568
282
-30
-364
-715
-1086
-1490
-1922
-2337
-2725
-3112
-3473
-3746
-3929
-4029
-4017
-3882
-3640
-3325
-2914
-2405
-1848
-1270
-695
-129
388
825
1209
1501
1695
1808
1845
1817
1741
1639
1520
1374
1222
1094
978
867
759
650
543
415
271
103
-108
-353
-618
-891
-1172
-1450
-1696
-1893
-2035
-2103
-2086
-1976
-1785
-1529
-1205
-837
-445
-50
324
666
961
1199
1368
1473
1514
1483
1408
1304
1170
1026
880
759
670
586
520
465
424
392
351
304
235
150
54
-49
-141
-224
-286
-323
-309
-243
-135
37
262
508
781
1068
1343
1592
1788
1954
2056
2093
2081
2016
1905
1742
1559
1378
1180
983
792
597
401
196
-4
-207
-444
-704
-983
-1290
-1619
-1945
-2262
-2566
-2831
-3034
-3167
-3224
-3193
-3079
-2881
-2607
-2266
-1872
-1460
-1028
-597
-197
161
471
721
890
997
1058
1074
1036
963
896
812
719
656
606
544
494
457
422
373
307
216
84
-70
-250
-444
-641
-850
-1032
-1178
-1277
-1312
-1308
-1246
-1119
-959
-746
-498
-239
30
277
514
717
866
977
1038
1052
1021
960
889
822
735
653
594
531
497
474
460
458
446
438
420
386
336
285
218
140
80
36
18
27
76
168
284
431
609
794
967
1139
1291
1403
1480
1526
1529
1481
1398
1298
1177
1023
873
732
585
445
321
208
88
-49
-189
-327
-500
-699
-905
-1132
-1366
-1593
-1794
-1970
-2125
-2235
-2276
-2265
-2215
-2097
-1919
-1717
-1489
-1221
-947
-691
-447
-234
-54
78
179
243
251
245
222
194
170
137
126
125
130
149
174
196
210
223
218
195
161
106
29
-58
-149
-240
-317
-374
-413
-428
-409
-367
-295
-201
-95
24
139
232
321
397
453
490
499
495
477
452
430
401
367
332
324
333
340
351
360
374
374
369
363
343
326
297
275
261
261
279
308
361
428
510
612
712
810
901
975
1031
1065
1075
1064
1023
964
889
804
714
615
515
410
313
226
141
39
-77
-187
-323
-473
-623
-792
-963
-1130
-1290
-1417
-1524
-1610
-1654
-1659
-1615
-1534
-1419
-1279
-1128
-961
-794
-623
-456
-329
-226
-140
-79
-49
-38
-31
-35
-39
-37
-25
-4
12
38
68
89
111
122
120
105
62
7
-54
-126
-194
-264
-319
-355
-379
-375
-351
-305
-224
-131
-25
96
206
312
406
476
529
545
550
541
505
460
414
374
330
296
280
269
258
264
285
294
299
311
314
297
277
271
263
245
231
238
250
261
299
353
401
455
515
583
645
679
711
744
757
753
744
717
670
616
564
510
453
395
333
270
203
140
64
-25
-127
-238
-356
-483
-610
-742
-866
-976
-1065
-1131
-1181
-1202
-1197
-1165
-1105
-1020
-914
-798
-682
-576
-477
-390
-322
-272
-247
-229
-222
-228
-221
-222
-231
-228
-211
-177
-144
-105
-52
1
43
73
99
103
88
60
20
-29
-82
-134
-180
-216
-249
-265
-259
-237
-205
-152
-94
-32
41
115
178
227
271
299
317
316
308
296
277
275
270
262
268
271
288
301
313
335
354
371
382
388
394
399
410
410
411
429
439
454
464
458
462
467
466
472
462
447
445
438
431
425
424
422
412
404
395
382
349
312
275
216
157
91
18
-66
-151
-230
-313
-385
-458
-513
-559
-604
-619
-621
-622
-613
-590
-563
-537
-508
-482
-471
-458
-444
-439
-437
-435
-433
-435
-436
-429
-409
-390
-368
-337
-300
-250
-211
-164
-115
-79
-39
-10
7
10
9
-1
-13
-40
-64
-77
-111
-134
-148
-167
-172
-173
-165
-154
-142
-123
-92
-65
-49
-22
2
12
22
29
28
25
28
28
42
57
81
117
148
188
230
271
319
363
406
452
498
524
548
570
572
573
557
538
529
509
478
444
425
398
370
354
337
339
342
344
355
373
381
383
380
358
333
301
263
203
135
78
15
-52
-114
-164
-208
-250
-274
-293
-300
-294
-294
-288
-277
-270
-267
-263
-279
-308
-320
-345
-386
-413
-430
-460
-485
-504
-514
-513
-509
-496
-475
-453
-430
-399
-374
-354
-334
-311
-280
-258
-233
-208
-193
-177
-164
-146
-121
-109
-95
-80
-68
-54
-55
-51
-44
-46
-35
-33
-28
-27
-28
-16
-7
10
23
32
40
45
64
73
78
96
105
125
149
174
206
227
259
298
333
372
403
432
461
476
488
493
490
475
451
435
409
383
358
324
287
261
245
231
223
222
224
228
236
243
251
252
251
238
219
197
165
129
76
31
-6
-44
-78
-110
-129
-147
-153
-150
-157
-150
-148
-154
-155
-164
-178
-196
-221
-256
-292
-328
-370
-395
-410
-427
-426
-416
-406
-380
-357
-327
-292
-259
-230
-204
-185
-176
-171
-163
-163
-169
-166
-168
-174
-169
-158
-137
-117
-93
-68
-47
-22
-8
12
22
19
27
20
2
-15
-42
-72
-92
-106
-122
-138
-145
-142
-129
-108
-88
-60
-24
6
39
72
108
144
173
205
230
249
269
287
300
311
317
324
320
316
310
295
282
264
253
246
232
217
203
192
188
180
174
167
160
160
163
158
156
149
139
136
118
104
84
61
48
33
21
14
10
8
14
14
18
25
29
29
23
17
-1
-19
-48
-89
-119
-153
-194
-222
-250
-270
-274
-271
-271
-258
-237
-220
-194
-179
-170
-142
-137
-141
-136
-141
-143
-146
-150
-155
-158
-144
-133
-117
-94
-70
-39
-4
22
40
62
74
85
90
83
75
60
45
24
-1
-25
-55
-74
-91
-113
-125
-131
-126
-120
-111
-95
-79
-66
-54
-32
-5
11
33
52
62
76
87
93
89
80
76
69
54
43
33
25
18
16
24
29
34
43
56
62
64
78
87
85
86
87
85
80
84
84
81
78
84
92
94
102
104
110
117
120
132
130
129
125
118
115
104
90
63
42
26
5
-10
-33
-50
-62
-70
-85
-90
-83
-87
-76
-61
-60
-48
-39
-26
-15
-17
-9
-3
2
2
-6
-3
-3
5
10
13
14
12
27
26
28
34
30
32
21
14
9
-5
-14
-30
-39
-49
-66
-76
-92
-99
-102
-106
-110
-116
-121
-118
-111
-114
-107
-94
-87
-83
-69
-51
-47
-31
-17
-10
0
4
1
-8
-22
-35
-53
-81
-95
-114
-128
-129
-133
-123
-111
-92
-69
-45
-12
14
41
69
83
100
110
111
114
111
109
110
105
107
106
111
124
130
147
161
165
175
180
168
167
156
132
114
86
57
25
-5
-31
-57
-69
-80
-81
-79
-80
-69
-64
-56
-43
-36
-33
-34
-29
-38
-52
-57
-66
-71
-75
-75
-79
-73
-55
-43
-31
-11
9
27
43
57
58
61
56
39
24
9
-2
-20
-37
-45
-57
-69
-80
-89
-87
-78
-69
-65
-64
-57
-57
-63
-70
-79
-83
-86
-90
-98
-100
-88
-84
-72
-48
-35
-10
19
26
45
62
62
58
45
26
10
7
-1
-17
-23
-27
-31
-23
-12
-4
24
49
78
102
108
120
124
124
136
135
127
132
126
112
112
105
101
111
127
137
136
147
152
152
158
147
127
117
111
90
70
39
8
-9
-25
-39
-45
