10
4
3
6
0
1
5
4
0
1
-1
-1
4
0
-5
-5
-3
1
6
8
-3
-1
1
-2
0
-2
6
3
-2
-1
-3
2
2
4
10
2
7
6
2
6
0
5
9
9
9
11
13
13
12
10
13
9
-1
-2
-2
-6
-2
2
1
5
8
2
4
4
2
-3
-2
6
-2
0
1
-4
-9
-15
-6
-2
-10
-8
-6
-6
-1
-3
-4
5
4
2
3
1
2
0
-4
0
-3
-8
-4
0
9
5
-5
1
2
3
2
-3
-3
-3
0
5
10
6
2
7
6
10
9
7
8
-1
-5
10
7
-4
-1
-3
-8
-8
-12
-14
-15
-5
2
-9
-8
-8
-5
-5
-13
-12
-11
-17
-18
-15
-13
-8
-11
-15
-9
-10
-13
-6
-6
-3
-6
-9
-5
-11
-14
-7
-6
-5
-8
-13
-17
-13
-11
-15
-8
-1
-6
-7
-3
-5
-2
4
0
1
10
7
5
11
-1
-4
4
7
6
9
13
6
13
14
10
15
9
18
13
14
15
7
12
13
12
13
12
10
18
19
12
14
8
13
12
12
18
7
6
11
12
13
10
0
3
4
-2
-1
-1
1
4
6
5
-1
2
0
-7
-12
-10
-3
-6
-5
4
5
1
2
2
1
7
3
1
-2
2
12
12
13
12
6
2
8
5
6
9
5
8
4
0
2
7
7
4
-2
-9
-15
-13
-14
-21
-22
-19
-11
-12
-11
-8
-12
-15
-9
0
-4
-13
-11
5
3
-18
-8
-3
-18
-24
-23
-13
-25
-26
-12
-24
-19
-15
-17
-9
-13
-8
-1
-4
-3
-2
-6
-8
-6
-5
-10
-11
-8
-6
-8
-4
7
9
9
8
5
7
2
-1
6
4
0
-2
-8
-5
-5
-3
12
15
8
14
16
2
-5
-1
-5
-11
-17
-12
-19
-27
-20
-28
-45
-44
-37
-43
-45
-37
-24
-17
-18
-4
10
3
6
19
24
18
14
27
18
13
24
22
23
20
25
39
37
32
29
30
18
11
16
8
-1
9
19
25
27
28
42
42
25
34
44
39
36
45
58
54
60
72
74
55
44
31
14
16
0
-11
-12
-21
-30
-34
-24
-37
-36
-23
-20
-17
-29
-19
-5
-23
-23
-12
-21
-35
-37
-27
-42
-58
-47
-44
-42
-27
-6
12
10
6
-3
-12
-16
-38
-50
-42
-36
-34
-14
13
17
-3
7
26
7
-6
-1
2
-5
1
23
21
5
4
9
7
10
21
24
27
35
19
19
51
52
26
52
111
103
55
44
36
-106
-269
-279
-358
-554
-600
-541
-615
-712
-663
-619
-699
-734
-608
-511
-495
-373
-154
1
138
389
623
729
835
947
967
944
918
816
649
533
452
321
247
273
254
199
251
355
370
354
394
404
372
415
512
586
664
792
980
1253
1564
1803
2011
2234
2274
2038
1705
1252
338
-860
-1782
-2630
-3747
-4569
-4763
-4877
-5046
-4577
-3522
-2813
-2303
-1281
-242
139
455
1144
1452
1189
1206
1634
1774
1700
1992
2406
2470
2441
2562
2480
1974
1239
452
-372
-1268
-2194
-2966
-3464
-3819
-3997
-3712
-3044
-2419
-1849
-997
-40
590
1092
1675
1952
1817
1764
1935
1921
1765
1834
1939
1875
1974
2254
2247
1988
1770
1379
709
65
-599
-1719
-3016
-3891
-4615
-5285
-5374
-5026
-4678
-4015
-2680
-1193
28
1258
2359
2938
3246
3567
3604
3151
2557
2080
1592
1197
1112
1152
1041
994
1241
1523
1661
1740
1682
1350
986
816
671
471
361
347
392
706
1360
1959
2420
2948
3438
3754
3934
3951
3498
2407
921
-651
-2190
-3837
-5493
-6779
-7568
-8019
-7995
-7143
-5857
-4866
-3912
-2456
-983
-164
393
1158
1498
1144
1101
1739
2107
1915
2109
2900
3361
3410
3781
4127
3563
2392
1505
734
-651
-2373
-3644
-4545
-5477
-6052
-5769
-5075
-4609
-4018
-2747
-1290
-298
478
1324
1826
1806
1834
2144
2223
1935
1825
2131
2485
2711
3092
3515
3482
3111
2868
2518
1440
-70
-1428
-2991
-4759
-6005
-6679
-7247
-7501
-6888
-5654
-4254
-2585
-688
1000
2297
3348
4202
4643
4541
4102
3648
3186
2636
2243
2164
2184
2166
2347
2752
3035
3074
3004
2889
2539
1970
1457
1047
579
132
-5
114
209
451
1102
1789
2216
2740
3447
3703
3445
3250
2776
1333
-554
-2011
-3450
-5412
-7011
-7584
-7960
-8469
-8042
-6482
-5139
-4409
-3161
-1383
-330
-27
644
1489
1360
733
934
1681
1791
1525
2030
3010
3318
3240
3742
4195
3387
1921
1145
516
-1174
-3130
-4126
-4810
-5937
-6533
-5842
-4930
-4599
-3920
-2321
-778
46
722
1584
1976
1703
1611
1977
2074
1747
1709
2183
2598
2771
3008
3060
2559
1800
1001
25
-1204
-2641
-4084
-5189
-5759
-5919
-5723
-5047
-4058
-2909
-1383
368
1820
2861
3583
3938
3980
3911
3687
3148
2508
2090
1932
2030
2382
2828
3249
3628
4019
4435
4650
4460
3915
3212
2521
1876
1362
1016
698
490
546
886
1523
2133
2395
2603
2968
3108
2812
2410
1765
99
-2175
-3767
-5050
-6946
-8658
-9294
-9564
-9928
-9270
-7266
-5560
-4767
-3481
-1492
-180
325
1057
1884
1706
1002
1268
2136
2280
1940
2273
3157
3539
3513
3968
4388
3517
1915
1048
513
-1120
-3300
-4464
-5142
-6352
-7073
-6401
-5442
-5114
-4499
-2838
-1074
-97
582
1524
2239
2158
1957
2430
2839
2376
1930
2180
2225
1637
1205
1088
508
-433
-1029
-1454
-2001
-2508
-2918
-3157
-3083
-2806
-2457
-1924
-1170
-474
97
808
1579
2123
2382
2478
2623
2807
2796
2725
2895
3134
3190
3301
3756
4199
4254
4225
4414
4545
4291
3876
3716
3536
2919
2383
2341
2188
1571
1199
1448
1549
1287
1378
1813
1934
1637
1454
1391
500
-1441
-3175
-4368
-6165
-8410
-9637
-9940
-10666
-11188
-9862
-7726
-6658
-5672
-3385
-1104
-177
537
2090
3051
2421
1943
2761
3344
2643
2163
2992
3662
3225
3205
4219
4387
2973
1778
1614
803
-1397
-3291
-4095
-5161
-6805
-7477
-6731
-6103
-6177
-5460
-3402
-1488
-568
369
1972
3094
3020
2984
3685
3681
2255
1004
878
569
-593
-1208
-809
-666
-979
-631
397
927
638
403
584
550
15
-522
-735
-952
-1351
-1359
-713
6
487
1021
1845
2842
3639
4098
4391
4583
4542
4232
3961
3888
3648
3094
2752
2963
3317
3366
3340
3605
3801
3596
3342
3221
2817
1855
946
651
433
-44
-181
53
208
390
787
703
-465
-1772
-2894
-4740
-6770
-7926
-9032
-10832
-11806
-10843
-9547
-9048
-7657
-4928
-2994
-1967
128
2877
3838
3216
3536
4647
4296
3078
3038
3524
2813
1761
2443
3808
3453
2317
2411
2696
1531
-56
-731
-1642
-3893
-5858
-6355
-6603
-7277
-7581
-6972
-5812
-4541
-3063
-1400
21
1011
1423
1582
2020
2108
1257
227
-67
30
-254
-328
560
1485
1715
2176
3373
4289
3993
3222
2948
2480
1062
-382
-1033
-1686
-2809
-3334
-2592
-1624
-1106
-222
1280
2600
3413
4127
4797
5024
4735
4305
3993
3696
3257
2749
2573
2843
3147
3398
3865
4435
4796
4820
4652
4431
3841
2814
1810
1106
420
-355
-628
-354
-72
350
1034
1024
77
-759
-1758
-3797
-6001
-7482
-9254
-11676
-12849
-12143
-11585
-11547
-10005
-7266
-5616
-4527
-1880
1057
1737
1589
3003
4378
3783
3129
4000
4435
3339
2989
4346
5135
4385
4030
4707
4517
3044
2001
1429
-331
-2935
-4581
-5429
-6732
-8026
-8233
-7890
-7555
-6539
-4806
-3242
-1889
-367
867
1432
1942
2331
1650
546
101
-280
-1076
-1396
-769
-19
491
1505
3155
4438
4880
5091
5447
5237
3990
2651
1730
335
-1561
-2640
-2780
-2964
-3108
-2370
-951
248
1415
2976
4273
4870
5177
5370
5250
4786
4223
3693
3166
2949
3020
3093
3385
3941
4491
4937
5283
5507
5384
4758
4124
3661
2880
1813
1110
920
632
389
693
532
-895
-2355
-3345
-5034
-7407
-9207
-10646
-12687
-14243
-13969
-12998
-12629
-11662
-9302
-6918
-4980
-2509
466
2403
2994
3854
5249
5726
5170
4840
4942
4467
3594
3799
4570
4283
3447
3307
3438
2736
1601
724
-581
-2649
-4521
-5763
-6901
-8059
-8851
-9095
-8707
-7597
-6110
-4554
-2821
-967
500
1554
2639
3151
2635
1825
1254
763
171
-202
-173
173
909
1937
3168
4482
5235
5302
5303
5109
4260
2850
1297
-258
-1917
-3208
-3784
-3951
-3747
-3103
-2039
-424
1347
2883
4191
5145
5791
6029
5895
5680
5143
4325
3679
3391
3473
3644
3858
4362
4914
5307
5727
6052
5875
5158
4201
3403
2638
1458
375
-189
-551
-784
-570
331
441
-1074
-2105
-2509
-4224
-6697
-8273
-9523
-12058
-14298
-13800
-12557
-12665
-12104
-9498
-6751
-5180
-3065
522
2822
2695
3129
5013
5600
4244
3474
3943
3353
1803
2080
3538
3479
2535
2824
3826
3659
2677
2161
1313
-744
-2883
-4264
-5420
-6821
-8228
-8920
-8674
-7883
-6672
-5123
-3355
-1490
45
1372
2495
2964
2816
1905
832
410
-27
-830
-1191
-571
374
1047
2295
4248
5400
5537
5764
6181
5749
4196
2562
1238
-436
-2410
-3535
-3652
-3762
-3894
-3061
-1175
575
1924
3551
5068
5825
6068
6227
6235
5656
4691
3969
3548
3322
3162
3221
3628
4083
4609
5279
5734
5777
5518
4911
4183
3548
2624
1366
429
67
-262
-465
-60
-283
-1834
-2933
-3487
-5055
-7191
-8623
-9943
-12237
-13885
-13386
-12607
-12809
-12176
-9813
-7472
-5932
-3621
-231
1789
1945
2954
5037
5517
4414
4168
4766
4067
2660
3096
4240
3710
2696
3064
3905
3430
2388
2102
1438
-516
-2485
-3573
-4568
-6138
-7650
-8211
-8066
-7729
-6958
-5613
-4124
-2860
-1779
-682
321
856
900
579
320
460
455
323
670
1476
2250
2859
3967
5418
6021
5853
5827
5837
5046
3473
2182
1147
-493
-2165
-2819
-2773
-2894
-2904
-2035
-591
598
1619
2901
4052
4577
4619
4804
5083
4742
4101
3850
3859
3840
3890
4329
4944
5236
5559
5982
6065
5900
5365
4651
4088
3228
2102
1273
796
361
-72
-7
25
-1380
-3030
-3719
-5079
-7471
-9337
-10474
-12289
-14503
-14799
-13552
-13303
-13190
-11160
-8304
-6397
-4755
-1652
1380
2080
2385
4192
5580
4907
4001
4546
4812
3505
2953
4120
4569
3652
3366
4268
4493
3389
2527
2138
718
-1474
-3109
-4245
-5567
-7238
-8273
-8300
-8056
-7496
-6482
-5141
-3646
-2409
-1309
-220
473
854
790
426
495
671
557
515
1146
2306
3045
3686
5083
6288
6388
6183
6295
6049
4629
2891
1814
616
-1175
-2620
-3014
-3000
-3226
-2966
-1562
-24
924
1988
3405
4460
4715
4794
5041
4924
4339
3845
3719
3740
3701
3781
4290
4856
5241
5601
5860
5965
5686
5161
4668
3905
2844
1937
1281
797
360
188
-15
-1400
-2974
-3744
-5064
-7316
-9248
-10417
-12086
-14290
-14788
-13677
-13483
-13678
-11999
-9081
-7158
-5794
-2830
388
1336
1649
3660
5507
5007
4029
4644
5211
4005
3206
4245
4779
3738
3263
4289
4775
3703
2852
2806
1766
-300
-1835
-2861
-4640
-6907
-8073
-8509
-9022
-8804
-7771
-6886
-5875
-3964
-2058
-1209
-338
1186
1601
1007
1436
2436
2144
1244
1862
3245
3362
3144
4392
5813
5612
5078
5873
6488
5054
3244
2852
2238
65
-1698
-1783
-2048
-3230
-3407
-1990
-905
-593
483
2233
3293
3785
4539
5216
5298
5042
4956
4926
4730
4584
4465
4341
4442
4840
5075
4971
4963
5173
5081
4538
4200
4090
3495
2541
2088
2070
1332
-758
-2776
-3933
-5841
-8517
-10354
-11330
-12947
-15085
-15310
-13777
-13068
-12914
-11261
-8517
-6654
-5496
-3062
-217
638
669
2025
3763
3897
3267
3838
4735
4416
4085
5056
5984
5614
4948
5188
5461
4561
3274
2308
972
-991
-2920
-4292
-5356
-6667
-7822
-8159
-7850
-7250
-6575
-5606
-4336
-3374
-2606
-1829
-1287
-898
-819
-1015
-887
-382
66
400
1212
2679
3836
4575
5795
7021
7386
7140
6903
6576
5390
3588
2129
924
-576
-2125
-2851
-2754
-2758
-2643
-1680
-320
697
1517
2655
3724
4192
4310
4388
4451
4293
3955
3816
3944
4101
4222
4542
5102
5650
6002
6053
6017
5965
5632
5002
4216
3645
3073
2133
1503
1408
1014
-447
-2280
-3337
-4645
-7060
-9119
-10216
-11734
-13993
-15029
-14193
-13653
-13854
-12714
-10155
-8164
-6823
-4408
-1293
327
764
2233
4187
4581
4071
4443
5163
4763
4097
4697
5450
5006
4434
4696
4982
4389
3434
2780
1774
32
-1724
-3099
-4406
-5863
-7167
-7841
-7950
-7815
-7437
-6823
-5906
-4733
-3799
-3030
-1995
-1101
-749
-525
122
887
1099
1331
2204
3190
3861
4488
5431
6275
6405
6241
6336
6097
4986
3609
2561
1495
51
-1192
-1774
-2144
-2461
-2295
-1591
-676
138
832
1768
2767
3411
3764
4057
4378
4393
4213
4324
4545
4633
4663
4825
5230
5566
5609
5597
5620
5475
5137
4721
4294
3866
3338
2802
2344
1980
1434
-57
-1992
-3401
-5078
-7514
-9719
-11135
-12621
-14600
-15410
-14515
-13819
-13670
-12412
-9890
-7763
-6328
-4009
-1059
429
837
2166
3987
4434
3916
4229
4995
4735
4192
4857
5707
5328
4644
4845
5179
4467
3346
2634
1592
-228
-2029
-3295
-4500
-6061
-7480
-8158
-8381
-8420
-8115
-7460
-6586
-5667
-4709
-3582
-2402
-1336
-485
162
978
1932
2665
3266
3914
4675
5241
5512
5953
6418
6396
5926
5433
5012
4158
2890
1843
1025
58
-955
-1490
-1480
-1536
-1624
-1179
-352
273
729
1504
2421
2951
3208
3678
4258
4512
4598
4829
5192
5385
5374
5630
5989
5980
5757
5575
5593
5473
4985
4718
4602
4168
3540
3070
2684
1301
-943
-2731
-4608
-7324
-9943
-11741
-13427
-15482
-16563
-15920
-15169
-14760
-13233
-10675
-8503
-6754
-4244
-1354
209
857
2297
3841
4065
3807
4325
4921
4516
4244
5153
5883
5617
5502
6041
6189
5430
4572
3926
2551
486
-1274
-2778
-4511
-6389
-7834
-8685
-9287
-9455
-9028
-8372
-7412
-6124
-4893
-3696
-2451
-1293
-484
129
1017
1808
2171
2654
3467
4265
4834
5353
6083
6593
6576
6506
6495
6057
5009
3837
2805
1619
230
-880
-1543
-2128
-2556
-2489
-1994
-1377
-740
94
1077
1926
2649
3316
3849
4272
4515
4618
4789
4981
5030
5049
5206
5416
5463
5364
5520
5750
5624
5421
5478
5488
5005
4337
3915
3003
841
-1449
-3271
-5750
-8885
-11374
-12982
-14874
-16760
-16940
-15887
-15317
-14566
-12317
-9557
-7650
-5861
-3043
-521
392
1220
2922
4046
3875
3816
4725
5233
4787
5058
6207
6670
6375
6525
7116
6834
5725
4870
3939
2140
-13
-1875
-3631
-5515
-7283
-8536
-9354
-9748
-9606
-9158
-8354
-7150
-5971
-4854
-3533
-2138
-950
-194
541
1564
2373
2919
3601
4570
5414
5792
6295
7117
7441
7140
6892
6693
5953
4642
3415
2360
1023
-419
-1447
-2002
-2370
-2658
-2563
-1909
-1141
-495
299
1311
2218
2732
3196
3846
4310
4424
4504
4762
4994
5030
5052
5273
5473
5447
5528
5842
6043
6064
6097
6134
5932
5436
4691
3150
885
-1337
-3790
-6774
-9666
-12011
-14228
-16468
-17606
-17264
-16697
-16228
-14745
-12241
-10006
-8133
-5562
-2694
-1035
-242
1269
3008
3525
3464
4084
4906
4938
4911
5939
7028
7107
7010
7505
7890
7315
6282
5416
4069
1925
-228
-2007
-3765
-5727
-7622
-8990
-9761
-10130
-10189
-9846
-8919
-7818
-6995
-5843
-4138
-2717
-1821
-865
487
1725
2495
3429
4645
5540
6058
6582
7372
7945
7780
7421
7261
6764
5717
4583
3586
2390
897
-356
-1133
-1757
-2298
-2575
-2490
-2055
-1552
-1020
-249
663
1495
2127
2843
3762
4359
4579
4896
5405
5724
5724
5891
6174
6068
5826
5849
6002
5922
5586
5490
5513
5190
4756
4267
3044
946
-1221
-3342
-6046
-8971
-11266
-13412
-15778
-17098
-16938
-16548
-16282
-14990
-12564
-10402
-8560
-5879
-2957
-1305
-383
1247
3003
3399
3227
3922
4594
4330
4263
5282
6236
6157
6212
7100
7572
7126
6601
6138
5027
3087
1154
-475
-2379
-4511
-6405
-7888
-8935
-9683
-10080
-9861
-9169
-8291
-7410
-6349
-4796
-3398
-2555
-1540
-180
824
1345
2206
3590
4533
4987
5874
6977
7495
7556
7787
8063
7591
6516
5662
4847
3449
1828
648
-274
-1414
-2355
-2542
-2472
-2532
-2286
-1620
-870
-167
584
1443
2117
2625
3264
3807
4184
4573
4939
5150
5280
5634
6028
6009
5965
6366
6566
6233
6096
6312
6089
5257
4719
4398
2870
352
-1617
-3504
-6389
-9421
-11468
-13164
-15459
-17072
-16783
-16081
-15925
-14920
-12522
-10181
-8520
-6236
-3176
-1187
-330
1121
2981
3759
3736
4253
5005
4941
4750
5505
6343
6369
6319
6751
7055
6670
6087
5569
4444
2712
1019
-592
-2389
-4299
-6000
-7453
-8709
-9427
-9605
-9577
-9171
-8303
-7345
-6370
-5158
-3747
-2537
-1655
-570
675
1568
2343
3354
4406
5131
5625
6376
7139
7339
7338
7422
7224
6503
5519
4662
3620
2161
802
-173
-1035
-1878
-2385
-2428
-2331
-2171
-1664
-933
-247
467
1214
1892
2528
3182
3735
4070
4410
4868
5088
5186
5573
5926
5868
5730
6016
6367
6101
5787
6003
5940
5217
4659
4533
3561
1205
-872
-2350
-4841
-7974
-10130
-11713
-14044
-16180
-16351
-15595
-15621
-15205
-13063
-10698
-9197
-7256
-4210
-1850
-1051
107
2148
3207
3123
3530
4459
4528
4063
4603
5637
5762
5582
6074
6631
6448
5980
5782
5127
3599
2040
706
-934
-2835
-4591
-6113
-7526
-8617
-9084
-9243
-9242
-8762
-7927
-6929
-5761
-4471
-3084
-1984
-1123
53
1207
1955
2632
3547
4430
4881
5389
6267
6826
6900
7041
7266
7101
6397
5595
4897
3813
2367
1186
302
-674
-1640
-2101
-2103
-2141
-2061
-1493
-771
-154
511
1336
2166
2765
3306
3887
4250
4451
4731
4985
5126
5275
5451
5484
5376
5559
5831
5625
5382
5474
5331
4759
4327
4072
2941
757
-1140
-2809
-5316
-8114
-10159
-11884
-14103
-15830
-15872
-15328
-15280
-14575
-12513
-10435
-8898
-6731
-3848
-1876
-971
420
2183
2949
3041
3580
4199
4089
3889
4519
5279
5344
5327
5765
6138
5994
5752
5571
4822
3410
2027
781
-782
-2570
-4180
-5639
-7118
-8192
-8544
-8697
-8780
-8330
-7459
-6549
-5550
-4241
-2829
-1853
-1036
143
1260
1917
2490
3379
4200
4540
4981
5859
6409
6386
6479
6743
6557
5848
5197
4652
3626
2227
1139
321
-659
-1611
-2067
-2116
-2229
-2199
-1610
-847
-212
480
1336
2159
2759
3363
4013
4369
4546
4779
4933
4998
5088
5222
5242
5113
5169
5395
5391
5239
5199
5147
4837
4333
4007
3473
1901
-157
-1841
-3751
-6317
-8682
-10329
-12076
-14168
-15148
-14717
-14388
-14233
-12979
-10895
-9246
-7751
-5337
-2814
-1586
-762
827
2183
2466
2652
3400
3784
3457
3648
4550
4936
4800
5092
5665
5743
5489
5466
5157
4042
2769
1716
405
-1272
-2832
-4176
-5647
-6974
-7583
-7825
-8150
-8069
-7353
-6563
-5906
-4872
-3454
-2425
-1771
-716
471
1059
1457
2312
3248
3669
4045
4944
5701
5858
6070
6578
6707
6196
5659
5301
4491
3194
2081
1183
75
-1065
-1721
-2023
-2356
-2479
-2086
-1479
-902
-152
755
1505
2133
2849
3491
3880
4166
4436
4567
4566
4633
4822
4899
4781
4772
4929
5012
5020
5092
5143
4958
4623
4318
3974
3337
2091
335
-1435
-3256
-5516
-7780
-9569
-11327
-13219
-14390
-14343
-13947
-13741
-12902
-11139
-9391
-7914
-5903
-3469
-1825
-999
226
1760
2465
2567
3065
3688
3645
3493
4076
4792
4842
4772
5187
5574
5409
5117
4987
4398
3158
1931
880
-462
-2081
-3528
-4779
-6070
-7107
-7509
-7656
-7790
-7496
-6741
-5980
-5201
-3957
-2564
-1714
-1029
70
1019
1385
1891
2831
3427
3498
3894
4786
5280
5292
5611
6067
5881
5274
5002
4774
3790
2473
1630
866
-302
-1273
-1625
-1913
-2354
-2316
-1650
-1000
-497
294
1243
1938
2540
3332
4030
4325
4501
4781
4875
4763
4776
4841
4714
4480
4419
4482
4399
4341
4416
4339
4105
3877
3643
3292
2640
1576
122
-1568
-3344
-5294
-7309
-9090
-10738
-12297
-13338
-13556
-13307
-12972
-12218
-10800
-9190
-7634
-5788
-3748
-2157
-1079
53
1283
2048
2346
2701
3064
3107
3097
3429
3894
4048
4075
4376
4692
4716
4621
4463
3964
3064
2072
1105
-94
-1445
-2688
-3864
-4941
-5791
-6327
-6587
-6685
-6523
-5994
-5244
-4406
-3517
-2523
-1527
-826
-170
691
1336
1661
2100
2744
3212
3496
4018
4712
5074
5169
5420
5638
5399
4884
4454
3900
2897
1785
959
129
-872
-1594
-1882
-2079
-2218
-1931
-1294
-711
-112
762
1667
2297
2897
3601
4056
4188
4393
4639
4554
4338
4342
4405
4252
4096
4194
4219
4053
4058
4206
4138
3881
3671
3400
2872
2200
1340
-6
-1715
-3381
-5084
-7007
-8762
-10159
-11506
-12668
-13039
-12633
-12140
-11581
-10343
-8635
-7150
-5653
-3673
-1844
-791
72
1291
2259
2527
2714
3166
3348
3172
3266
3743
4020
3967
4113
4495
4609
4421
4249
3950
3166
2118
1152
106
-1162
-2439
-3554
-4581
-5542
-6164
-6361
-6418
-6338
-5880
-5135
-4372
-3564
-2517
-1450
-773
-230
564
1226
1483
1766
2293
2696
2791
3110
3778
4156
4204
4432
4710
4592
4188
3873
3483
2653
1698
973
229
-631
-1299
-1655
-1906
-2071
-1830
-1264
-768
-171
709
1532
2173
2876
3645
4109
4266
4529
4774
4653
4456
4461
4398
4143
3987
4038
3969
3771
3808
3908
3756
3568
3496
3262
2750
2247
1689
472
-1188
-2554
-3999
-5990
-7833
-9049
-10290
-11755
-12402
-11991
-11634
-11435
-10340
-8538
-7160
-5976
-4077
-2070
-1029
-354
908
2005
2143
2189
2756
3020
2684
2692
3286
3591
3484
3736
4276
4393
4217
4225
4090
3346
2412
1696
780
-535
-1731
-2631
-3680
-4718
-5153
-5277
-5650
-5837
-5341
-4720
-4339
-3613
-2446
-1698
-1404
-652
326
713
852
1368
1875
1885
1989
2649
3183
3239
3442
3970
4222
4111
4130
4198
3778
3040
2534
2048
1203
323
-277
-864
-1511
-1803
-1689
-1566
-1423
-908
-196
414
1137
2042
2782
3233
3657
4150
4431
4420
4433
4467
4238
3923
3850
3870
3657
3361
3332
3421
3325
3223
3267
3212
2896
2467
2186
1847
897
-538
-1856
-3160
-4930
-6726
-7962
-9110
-10525
-11451
-11295
-10854
-10680
-9997
-8566
-7225
-6168
-4634
-2702
-1420
-787
189
1376
1857
1916
2321
2661
2438
2299
2770
3226
3189
3250
3660
3854
3786
3882
3937
3437
2603
1949
1269
212
-861
-1704
-2703
-3843
-4499
-4668
-5003
-5452
-5318
-4820
-4586
-4165
-3153
-2292
-2009
-1571
-631
38
157
482
1077
1230
1181
1680
2431
2706
2772
3243
3768
3863
3909
4158
4081
3508
3002
2668
2070
1228
519
-101
-828
-1366
-1468
-1451
-1473
-1224
-674
-88
530
1373
2280
2826
3193
3756
4223
4315
4309
4388
4252
3844
3628
3714
3617
3279
3135
3155
3118
3077
3155
3256
3080
2733
2525
2358
1914
1032
-154
-1437
-2830
-4367
-5789
-7044
-8407
-9710
-10498
-10644
-10452
-10147
-9529
-8558
-7477
-6281
-4797
-3242
-2027
-1152
-276
656
1320
1697
2032
2255
2240
2242
2518
2884
3075
3164
3369
3582
3663
3762
3783
3481
2899
2255
1561
713
-203
-1058
-1975
-2979
-3680
-4032
-4377
-4628
-4562
-4317
-4142
-3864
-3149
-2419
-2074
-1662
-1017
-586
-414
-58
466
687
701
1049
1623
1987
2348
2932
3438
3677
3867
4177
4296
4001
3595
3172
2550
1821
1195
588
-134
-787
-1154
-1340
-1477
-1379
-1023
-656
-261
375
1172
1759
2178
2719
3192
3367
3510
3801
3898
3706
3602
3666
3612
3428
3396
3442
3281
3103
3183
3249
3033
2790
2674
2399
1908
1556
1221
268
-1114
-2183
-3221
-4758
-6226
-7164
-8195
-9527
-10192
-9895
-9657
-9689
-9001
-7676
-6689
-5788
-4231
-2557
-1692
-1138
-14
1037
1273
1393
1889
2098
1847
1911
2460
2750
2664
2909
3414
3604
3657
3887
3924
3479
2905
2451
1793
819
-70
-913
-1998
-3007
-3591
-3999
-4478
-4764
-4663
-4533
-4447
-3950
-3232
-2775
-2385
-1785
-1156
-695
-261
237
558
674
908
1307
1665
1978
2291
2595
2893
3181
3499
3710
3656
3477
3257
2943
2561
2097
1505
792
98
-413
-821
-1203
-1452
-1566
-1570
-1345
-858
-266
300
854
1477
2136
2739
3299
3781
4080
4209
4303
4372
4318
4142
3946
3770
3550
3312
3138
3008
2901
2780
2638
2555
2482
2267
1965
1741
1384
552
-583
-1614
-2710
-4203
-5667
-6742
-7843
-9060
-9743
-9674
-9515
-9467
-8882
-7711
-6629
-5619
-4188
-2668
-1694
-1012
-62
876
1253
1407
1761
1969
1889
1992
2374
2587
2576
2750
3106
3293
3371
3496
3433
3021
2516
2062
1397
463
-457
-1303
-2242
-3134
-3710
-4105
-4501
-4703
-4569
-4234
-3837
-3372
-2824
-2274
-1788
-1361
-931
-511
-271
-195
2
332
574
809
1219
1704
2104
2521
3098
3623
3902
4040
4120
4033
3714
3257
2701
1992
1163
389
-260
-854
-1367
-1746
-1962
-1967
-1750
-1345
-793
-210
365
976
1613
2229
2745
3118
3396
3568
3662
3796
3892
3846
3780
3774
3778
3779
3816
3849
3748
3544
3427
3329
3047
2655
2295
1864
1295
800
454
-175
-1238
-2200
-3003
-4083
-5262
-6111
-6858
-7879
-8709
-8776
-8586
-8658
-8416
-7537
-6688
-6002
-4835
-3274
-2161
-1488
-488
677
1294
1605
2145
2496
2285
2102
2323
2420
2127
1987
2146
2149
2038
2190
2382
2184
1824
1643
1371
770
97
-502
-1262
-2152
-2794
-3168
-3567
-3971
-4076
-3861
-3569
-3230
-2706
-2089
-1612
-1238
-701
-77
273
338
474
706
723
689
916
1184
1231
1300
1700
2177
2389
2526
2771
2862
2670
2460
2327
1996
1379
809
397
-78
-559
-867
-1075
-1280
-1349
-1106
-695
-309
182
802
1341
1818
2403
2960
3226
3357
3601
3774
3753
3774
3878
3761
3477
3349
3341
3189
2930
2780
2597
2278
2063
1976
1747
1385
1117
935
711
529
454
85
-702
-1395
-1949
-2866
-4008
-4842
-5632
-6760
-7614
-7627
-7493
-7746
-7588
-6663
-5809
-5235
-4148
-2647
-1758
-1392
-533
587
931
854
1217
1529
1186
905
1267
1520
1208
1108
1530
1765
1724
1992
2386
2281
1924
1849
1745
1182
528
83
-576
-1474
-2013
-2215
-2619
-3117
-3195
-3032
-3058
-2976
-2458
-1982
-1871
-1616
-1012
-582
-499
-323
23
100
-19
194
602
712
743
1102
1568
1815
2071
2542
2833
2770
2768
2876
2698
2269
1906
1543
988
428
131
-81
-448
-705
-656
-544
-465
-207
232
588
854
1272
1791
2124
2310
2550
2752
2808
2832
2949
3049
2992
2901
2923
2937
2833
2714
2648
2510
2249
2047
1956
1790
1490
1260
1169
998
734
596
538
172
-523
-1032
-1456
-2333
-3391
-4118
-4838
-5896
-6739
-6951
-7086
-7486
-7504
-6833
-6154
-5645
-4714
-3439
-2520
-1931
-1028
39
541
690
1082
1421
1313
1195
1423
1567
1391
1379
1721
1964
2062
2353
2678
2706
2566
2524
2384
1867
1230
671
-60
-976
-1715
-2246
-2874
-3475
-3719
-3724
-3691
-3518
-3130
-2684
-2318
-1945
-1433
-907
-554
-324
-44
255
388
457
695
957
1022
1141
1488
1803
1969
2166
2450
2601
2560
2537
2519
2295
1907
1554
1222
793
335
15
-248
-562
-766
-773
-716
-631
-400
-55
283
651
1103
1552
1909
2227
2564
2837
3008
3143
3256
3280
3233
3191
3130
2988
2791
2646
2528
2349
2157
1987
1851
1708
1522
1390
1328
1202
1016
922
846
487
-124
-673
-1250
-2147
-3159
-3920
-4697
-5710
-6485
-6760
-6963
-7295
-7238
-6637
-6080
-5623
-4759
-3638
-2851
-2240
-1327
-382
83
334
820
1197
1169
1171
1436
1553
1428
1497
1793
1959
1979
2155
2396
2349
2181
2113
1917
1441
904
432
-164
-914
-1549
-2021
-2551
-3075
-3330
-3366
-3383
-3303
-2988
-2573
-2234
-1859
-1324
-825
-524
-262
36
256
348
419
569
675
698
839
1125
1395
1610
1882
2227
2491
2634
2771
2852
2741
2492
2223
1887
1451
987
535
96
-301
-573
-709
-756
-709
-543
-285
47
463
895
1274
1588
1896
2190
2407
2587
2728
2775
2752
2736
2745
2711
2607
2508
2419
2289
2162
2071
1937
1739
1590
1509
1398
1242
1142
1090
950
763
684
525
49
-528
-977
-1558
-2437
-3236
-3857
-4649
-5541
-6051
-6227
-6519
-6759
-6529
-6032
-5644
-5113
-4178
-3260
-2666
-2028
-1157
-458
-94
277
698
872
856
1008
1260
1308
1294
1446
1655
1791
1966
2219
2349
2302
2239
2141
1853
1423
938
373
-300
-980
-1555
-2082
-2602
-3001
-3192
-3229
-3180
-2983
-2590
-2145
-1765
-1364
-887
-484
-284
-92
169
278
255
341
559
651
671
898
1228
1449
1675
2060
2381
2473
2560
2676
2597
2324
2031
1709
1243
736
349
-4
-404
-703
-797
-813
-796
-619
-303
16
325
716
1152
1477
1716
1957
2158
2263
2309
2383
2440
2418
2381
2412
2474
2478
2466
2503
2535
2487
2389
2316
2183
1923
1684
1525
1312
984
722
564
313
34
-62
-177
-592
-1066
-1354
-1772
-2479
-3106
-3562
-4218
-5004
-5424
-5550
-5858
-6163
-5987
-5581
-5335
-4936
-4118
-3325
-2860
-2276
-1377
-683
-361
40
539
727
730
940
1209
1221
1156
1290
1466
1495
1562
1754
1836
1759
1700
1676
1520
1203
867
503
14
-491
-885
-1248
-1664
-2011
-2172
-2234
-2248
-2128
-1885
-1630
-1398
-1097
-698
-346
-121
81
311
463
510
592
741
815
807
891
1087
1217
1281
1424
1610
1693
1693
1753
1828
1736
1530
1367
1190
885
557
339
141
-86
-223
-201
-114
-31
124
374
636
874
1126
1396
1600
1723
1829
1927
1977
1978
1979
1978
1930
1885
1878
1869
1848
1840
1832
1811
1782
1739
1686
1579
1415
1253
1092
920
735
566
435
290
127
21
-76
-310
-649
-961
-1289
-1780
-2333
-2809
-3341
-4003
-4568
-4869
-5126
-5454
-5555
-5364
-5145
-4897
-4386
-3693
-3116
-2614
-1927
-1199
-737
-398
24
341
423
498
683
772
726
772
966
1121
1227
1437
1686
1818
1899
2020
2056
1911
1689
1459
1119
631
181
-210
-710
-1231
-1564
-1766
-1994
-2124
-2016
-1849
-1723
-1478
-1055
-705
-551
-359
-83
31
-17
26
120
14
-114
3
175
212
319
636
934
1113
1402
1777
1961
1993
2110
2213
2095
1874
1717
1511
1141
812
660
471
193
55
97
125
151
343
616
771
899
1160
1405
1482
1531
1627
1648
1572
1543
1580
1544
1453
1445
1503
1527
1534
1594
1657
1649
1631
1640
1623
1516
1333
1171
1017
799
552
365
231
21
-186
-268
-381
-670
-989
-1236
-1586
-2108
-2601
-3002
-3503
-4088
-4498
-4727
-4991
-5237
-5205
-4974
-4764
-4471
-3925
-3288
-2800
-2304
-1628
-1018
-637
-271
168
458
535
668
915
1010
985
1112
1325
1404
1448
1653
1843
1828
1808
1895
1856
1625
1409
1207
839
374
14
-315
-771
-1197
-1427
-1603
-1815
-1895
-1767
-1645
-1569
-1336
-989
-742
-552
-251
28
128
189
339
443
411
407
516
593
610
734
954
1115
1257
1481
1740
1897
1970
2057
2074
1951
1778
1584
1307
948
599
315
52
-184
-326
-375
-375
-302
-128
101
319
531
780
1037
1215
1348
1487
1550
1516
1496
1508
1451
1338
1282
1266
1193
1124
1132
1145
1084
1042
1074
1062
987
921
859
731
573
472
374
224
87
9
-82
-191
-250
-353
-549
-777
-1014
-1302
-1665
-2026
-2390
-2810
-3216
-3500
-3702
-3935
-4091
-4087
-4017
-3900
-3674
-3301
-2914
-2586
-2187
-1726
-1325
-1014
-711
-409
-232
-132
27
224
344
444
637
851
1021
1201
1450
1697
1816
1908
2021
2033
1916
1754
1563
1237
812
432
58
-376
-782
-1066
-1285
-1495
-1563
-1465
-1361
-1266
-1036
-724
-503
-326
-77
122
142
160
266
284
189
168
258
295
309
451
650
800
952
1179
1395
1531
1633
1727
1757
1681
1549
1370
1140
876
592
328
93
-108
-251
-314
-292
-216
-111
33
217
405
571
719
839
905
921
926
913
855
779
709
653
627
634
680
746
822
949
1100
1237
1366
1481
1547
1556
1520
1451
1313
1110
902
682
452
239
51
-121
-279
-401
-500
-584
-691
-835
-1011
-1209
-1423
-1695
-2021
-2368
-2717
-3064
-3368
-3582
-3748
-3864
-3867
-3731
-3515
-3231
-2856
-2439
-2036
-1628
-1179
-764
-461
-214
20
177
270
380
479
516
530
599
723
820
917
1071
1211
1291
1377
1491
1538
1468
1355
1237
1039
769
517
285
8
-267
-434
-534
-637
-670
-605
-533
-476
-341
-152
-38
44
163
244
242
241
287
272
179
142
180
165
140
208
298
336
388
536
674
707
756
844
865
809
772
754
647
491
396
338
242
152
137
134
103
128
235
320
361
444
575
664
725
821
907
926
923
944
945
905
870
857
839
816
824
854
862
866
879
900
910
888
874
850
775
691
614
506
364
212
62
-87
-248
-410
-541
-663
-791
-890
-966
-1055
-1179
-1304
-1436
-1596
-1782
-1982
-2177
-2375
-2568
-2718
-2823
-2889
-2910
-2892
-2816
-2681
-2504
-2283
-2038
-1773
-1494
-1228
-955
-673
-438
-251
-68
122
291
424
569
727
843
954
1111
1292
1432
1509
1592
1658
1657
1610
1544
1457
1296
1097
923
733
506
268
41
-158
-342
-487
-579
-638
-677
-689
-664
-608
-542
-480
-433
-362
-283
-231
-164
-68
16
52
109
229
326
399
494
606
694
757
861
960
1000
1017
1033
1042
1009
952
901
827
725
633
553
493
425
351
316
303
288
288
312
331
344
363
388
404
413
427
430
435
449
458
456
447
463
485
482
491
526
529
516
515
526
525
485
457
439
392
327
279
228
136
43
-16
-82
-166
-242
-306
-375
-454
-525
-587
-669
-773
-870
-991
-1140
-1285
-1431
-1609
-1807
-1959
-2079
-2198
-2281
-2302
-2287
-2259
-2169
-2002
-1833
-1673
-1464
-1213
-989
-793
-578
-372
-210
-64
94
250
353
427
535
629
695
775
866
945
1001
1060
1137
1189
1192
1164
1131
1073
955
816
683
518
317
129
-32
-182
-334
-453
-514
-557
-578
-547
-480
-413
-357
-277
-195
-155
-143
-135
-137
-171
-210
-220
-226
-227
-180
-90
8
120
283
472
635
791
963
1110
1192
1236
1276
1270
1181
1073
974
838
671
523
412
314
223
178
190
205
207
252
319
352
381
409
413
381
347
333
303
247
214
200
180
177
224
286
325
370
459
563
627
691
755
784
783
764
737
663
527
380
252
106
-62
-209
-335
-462
-599
-703
-762
-821
-893
-964
-1007
-1058
-1146
-1226
-1297
-1409
-1542
-1657
-1734
-1815
-1891
-1916
-1908
-1880
-1824
-1703
-1537
-1392
-1219
-995
-781
-586
-395
-204
-56
41
157
272
328
358
415
472
483
501
562
613
615
638
702
739
765
788
801
784
717
658
594
470
328
213
97
-25
-113
-182
-242
-297
-315
-291
-268
-240
-189
-118
-47
23
106
171
216
265
301
331
344
361
389
389
406
438
457
471
482
495
511
511
501
481
448
422
392
357
327
285
247
214
193
191
173
159
169
172
171
190
215
221
221
234
247
253
258
276
283
284
296
310
325
323
317
320
309
298
285
266
241
201
173
143
109
91
68
40
21
12
1
-31
-58
-80
-127
-187
-231
-295
-373
-452
-529
-610
-705
-797
-887
-974
-1052
-1127
-1175
-1205
-1235
-1239
-1220
-1195
-1161
-1113
-1049
-987
-918
-854
-784
-701
-621
-532
-433
-340
-240
-133
-23
71
158
263
356
432
513
567
613
648
656
653
636
594
537
498
448
381
324
269
218
159
110
70
41
20
3
-9
-3
5
15
42
62
74
84
103
124
150
167
185
226
249
270
306
333
350
351
347
345
335
324
303
265
241
219
174
146
131
106
76
68
91
108
119
160
216
257
288
351
420
438
448
483
509
501
480
476
458
419
387
367
343
301
272
262
245
222
209
207
192
168
151
129
89
38
-7
-72
-152
-223
-286
-371
-463
-513
-561
-632
-692
-726
-755
-799
-827
-817
-823
-854
-863
-840
-834
-858
-857
-827
-834
-846
-813
-770
-755
-738
-668
-595
-551
-494
-392
-298
-251
-182
-84
-17
22
77
138
173
194
225
259
272
277
304
325
342
355
360
369
363
360
349
313
280
248
197
149
105
64
25
0
-11
-9
1
4
30
77
107
141
194
232
266
301
338
366
382
396
405
414
404
401
403
394
405
397
398
414
408
405
398
386
374
352
333
315
306
291
268
260
264
266
265
268
278
290
295
297
294
284
272
255
242
224
204
192
191
184
170
173
183
177
163
156
142
112
81
43
-6
-54
-106
-152
-202
-256
-313
-367
-412
-461
-499
-537
-578
-610
-646
-683
-721
-749
-793
-848
-873
-893
-923
-942
-936
-932
-925
-898
-861
-825
-782
-711
-636
-569
-500
-419
-347
-302
-252
-182
-136
-109
-73
-39
-5
25
64
101
114
135
160
179
204
217
219
218
216
221
213
196
181
162
148
142
151
170
182
199
238
283
324
361
410
447
477
518
546
570
578
576
585
581
577
563
540
518
490
461
427
397
373
336
299
282
264
243
226
213
204
195
194
212
221
216
230
244
246
251
263
273
278
278
276
286
273
249
239
209
175
136
96
56
6
-46
-94
-134
-184
-216
-243
-283
-314
-333
-346
-374
-394
-414
-451
-490
-520
-543
-586
-630
-661
-696
-719
-731
-742
-747
-752
-762
-750
-737
-723
-699
-668
-628
-592
-548
-502
-461
-423
-393
-364
-320
-288
-271
-232
-186
-153
-134
-96
-48
-20
4
40
85
120
146
187
232
252
280
322
352
358
366
389
395
387
394
401
394
381
385
386
372
367
378
378
370
386
415
429
433
453
466
468
475
485
481
464
444
437
422
382
358
349
327
311
302
299
291
282
286
290
292
287
283
284
276
264
256
252
235
209
195
175
155
138
127
112
86
66
46
24
-2
-35
-54
-79
-117
-154
-195
-239
-279
-312
-348
-385
-413
-444
-458
-471
-479
-473
-478
-477
-468
-461
-460
-455
-452
-463
-478
-484
-503
-527
-552
-569
-570
-584
-583
-577
-587
-582
-571
-561
-547
-530
-512
-498
-476
-455
-433
-404
-377
-350
-313
-272
-223
-162
-112
-59
-5
47
113
165
212
249
272
292
302
309
314
318
316
313
317
332
346
357
375
399
424
452
483
504
518
526
534
541
537
521
507
506
500
489
495
503
509
513
523
542
563
578
577
579
568
542
515
477
435
382
327
278
225
177
127
87
58
34
15
4
0
-4
-4
-12
-25
-37
-59
-77
-104
-128
-147
-174
-185
-208
-232
-244
-249
-247
-264
-280
-287
-299
-328
-359
-380
-407
-441
-461
-474
-495
-516
-527
-533
-546
-550
-537
-523
-522
-507
-477
-466
-463
-452
-431
-416
-424
-417
-392
-380
-373
-353
-336
-328
-312
-275
-240
-223
-196
-160
-128
-108
-91
-65
-46
-33
-5
28
54
72
86
108
127
143
163
189
218
235
250
276
291
300
308
309
323
338
344
359
365
375
381
383
401
403
405
425
436
447
457
455
459
456
449
449
435
432
424
403
382
364
346
327
296
270
264
238
206
200
179
150
133
111
96
82
59
48
25
-10
-31
-58
-98
-139
-173
-203
-238
-270
-293
-312
-338
-354
-355
-357
-361
-355
-347
-340
-336
-329
-319
-320
-317
-304
-306
-299
-283
-282
-282
-274
-266
-264
-250
-232
-208
-179
-168
-147
-123
-118
-111
-96
-80
-79
-79
-67
-68
-68
-71
-84
-93
-101
-101
-107
-108
-99
-100
-99
-90
-92
-87
-74
-67
-62
-56
-42
-32
-18
-7
-5
18
34
51
73
90
111
130
148
164
182
197
209
220
235
244
245
245
250
255
251
258
263
260
264
271
277
286
285
285
285
277
276
273
261
248
241
228
210
199
188
179
164
158
159
148
148
149
136
127
126
124
116
101
94
80
57
35
10
-19
-58
-96
-121
-149
-184
-217
-244
-274
-307
-333
-352
-374
-392
-395
-402
-418
-423
-419
-404
-393
-382
-370
-346
-320
-299
-267
-237
-216
-196
-180
-158
-134
-113
-91
-83
-70
-51
-38
-27
-22
-7
-1
-5
-3
1
-8
-15
-10
-19
-25
-15
-9
-5
-1
14
29
47
63
74
98
117
131
151
162
171
175
174
183
177
170
179
176
174
178
173
171
175
181
180
182
192
198
198
210
206
193
184
164
158
148
136
122
106
106
88
78
73
57
56
52
54
62
66
73
75
77
74
75
76
64
53
48
44
38
26
3
-8
-4
-11
-16
-15
-21
-27
-21
-24
-27
-23
-31
-32
-43
-57
-72
-91
-108
-136
-154
-161
-184
-196
-197
-203
-207
-210
-207
-206
-209
-204
-191
-187
-188
-180
-173
-175
-175
-170
-171
-174
-167
-147
-135
-132
-118
-97
-79
-74
-63
-51
-45
-39
-31
-22
-28
-35
-32
-31
-32
-22
-13
-1
9
24
46
59
70
91
112
120
128
140
151
148
143
142
136
137
131
119
121
120
126
123
109
101
94
93
90
88
83
73
61
48
49
46
32
23
32
43
47
41
36
41
41
35
32
34
35
32
29
22
9
4
0
-7
-1
2
7
22
20
21
30
34
42
47
41
35
38
36
30
17
-1
-7
-16
-32
-33
-32
-37
-28
-30
-33
-22
-22
-20
-14
-15
-5
-5
-20
-26
-34
-41
-50
-53
-53
-64
-66
-63
-68
-71
-65
-60
-45
-42
-44
-30
-31
-34
-35
-39
-38
-46
-45
-42
-43
-29
-31
-35
-20
-14
-6
2
9
22
35
37
39
50
47
45
49
44
47
47
54
55
50
55
51
47
43
45
48
33
27
23
2
-8
-14
-31
-37
-41
-49
-51
-57
-58
-57
-55
-57
-53
-45
-42
-40
-49
-53
-54
-67
-74
-78
-84
-79
-79
-85
-80
-76
-65
-65
-63
-46
-48
-41
-29
-32
-24
-23
-24
-24
-18
-6
-3
7
16
27
47
55
64
70
84
94
91
95
97
94
83
77
64
48
45
33
27
23
12
14
16
14
23
29
34
40
40
49
58
61
65
69
69
69
80
78
78
81
78
78
77
81
83
77
68
69
71
65
58
54
49
43
38
28
24
15
9
10
8
-1
-10
-13
-17
-22
-24
-21
-20
-22
-19
-13
-8
-6
-7
3
12
13
10
6
10
9
5
2
-19
-36
-43
-51
-66
-86
-96
-106
-116
-128
-135
-137
-139
-143
-142
-139
-146
-154
-153
-148
-144
-145
-136
-138
-140
-134
-130
-123
-120
-108
-93
-90
-71
-55
-52
-42
-31
-24
-13
-3
4
14
14
12
24
33
31
31
42
53
62
71
71
78
87
82
96
95
84
95
91
83
75
74
71
57
59
63
62
64
62
61
68
84
90
94
99
95
99
103
89
87
84
75
75
62
50
39
25
22
20
14
7
4
8
9
5
0
-8
-10
-6
-4
-9
-15
-12
-13
-13
-17
-26
-31
-33
-33
-30
-29
-34
-40
-43
-48
-49
-55
-60
-61
-63
-64
-65
-67
-73
-72
-66
-67
-61
-60
-60
-57
-55
-50
-52
-46
-45
-42
-36
-33
-22
-18
-8
4
4
13
25
33
46
53
60
65
68
69
59
58
53
43
42
34
30
30
29
21
16
19
19
15
15
21
22
25
28
28
29
27
24
17
15
23
26
34
33
33
39
40
43
47
48
48
51
54
53
45
35
21
14
9
-4
-13
-14
-26
-26
-26
-40
-39
-44
-45
-39
-40
-36
-40
-44
-39
-41
-48
-52
-56
-54
-51
-45
-47
-51
-47
-54
-54
-56
-58
-50
-53
-53
-51
-58
-61
-64
-67
-71
-72
-68
-69
-67
-63
-72
-78
-76
-75
-71
-75
-67
-66
-71
-62
-68
-65
-61
-54
-41
-35
-26
-21
-11
-1
4
13
24
30
32
42
51
56
58
66
77
75
81
94
98
101
110
111
109
120
121
116
120
120
117
114
108
105
104
99
97
98
94
87
73
68
70
61
52
45
38
30
20
15
5
-8
-8
-12
-19
-22
-16
-15
-16
-8
-14
-14
-6
-7
-3
7
3
-2
1
-2
1
0
-2
-1
-4
0
4
-5
-5
0
-12
-7
-7
-15
-11
-14
-18
-20
-24
-25
-39
-43
-42
-47
-47
-52
-57
-55
-55
-63
-67
-68
-71
-69
-69
-63
-62
-59
-57
-65
-59
-58
-60
-56
-54
