8
7
6
-1
2
-1
-2
6
0
3
4
4
9
6
10
10
8
8
3
5
4
3
1
-3
0
-2
-12
-13
-7
-9
-9
-4
-9
-4
1
-10
-10
-2
6
6
6
7
-2
1
-4
1
13
3
7
4
-1
9
2
-2
-3
-11
-4
-4
-8
-3
-4
-2
2
0
-1
7
14
7
4
4
5
3
-4
5
10
5
9
2
4
4
2
2
-5
8
9
-1
0
0
-1
0
5
-3
3
9
12
14
6
13
11
2
6
5
-2
-5
-6
-7
-6
-8
-7
-6
-5
-9
-6
-2
-8
-7
4
3
0
8
8
10
4
2
10
1
4
10
1
1
2
3
3
-5
-6
-6
-11
-7
-3
-4
-4
-5
-7
-7
-8
-10
-14
-8
-6
-7
-12
-16
-13
-18
-22
-21
-20
-25
-24
-24
-25
-19
-18
-12
-5
-7
-4
1
2
9
13
8
2
5
2
0
6
2
6
10
2
4
9
2
2
4
1
6
10
12
18
23
30
38
43
49
49
44
47
47
40
37
39
28
19
25
25
18
11
7
0
-11
-11
-19
-19
-19
-33
-29
-22
-34
-29
-24
-33
-24
-20
-23
-21
-24
-29
-39
-38
-47
-49
-49
-59
-57
-52
-42
-40
-43
-35
-39
-34
-19
-29
-28
-16
-16
-11
-5
1
14
21
34
40
34
41
37
28
27
18
14
13
10
15
24
28
32
47
59
65
73
78
75
74
72
70
69
69
69
68
64
55
57
48
39
36
24
20
17
8
-8
-16
-26
-32
-32
-35
-33
-35
-26
-19
-27
-32
-33
-37
-45
-59
-74
-78
-87
-98
-102
-105
-107
-114
-109
-97
-98
-89
-80
-70
-59
-55
-40
-32
-26
-19
-15
1
10
8
12
18
14
20
36
32
29
32
31
29
29
25
25
23
18
30
40
43
53
65
82
91
94
101
107
113
107
99
85
74
74
61
59
63
64
64
74
89
93
100
112
110
105
107
95
86
85
68
50
37
18
-8
-46
-81
-112
-160
-202
-233
-269
-304
-334
-347
-357
-357
-346
-318
-279
-248
-200
-146
-107
-57
-7
33
61
93
121
137
155
164
162
147
124
86
46
20
-17
-51
-86
-121
-138
-150
-155
-141
-114
-91
-53
-13
22
65
97
132
175
213
257
295
333
376
413
438
455
467
464
448
415
368
323
261
205
160
109
81
59
38
26
13
-18
-62
-112
-204
-319
-425
-526
-631
-722
-764
-765
-741
-674
-568
-443
-307
-175
-57
41
112
169
215
247
267
276
305
343
365
387
402
390
336
251
142
10
-141
-296
-432
-546
-622
-643
-621
-547
-442
-318
-172
-31
87
182
250
295
311
309
310
309
305
298
310
321
312
291
258
199
113
15
-93
-202
-299
-376
-420
-432
-408
-354
-272
-169
-69
25
112
179
219
235
238
228
209
197
192
192
188
183
188
184
162
131
82
22
-44
-105
-156
-202
-231
-226
-210
-175
-124
-67
3
53
99
129
147
161
155
155
148
148
150
142
148
152
146
122
81
35
-11
-71
-127
-181
-219
-235
-239
-214
-172
-115
-54
0
66
128
164
181
179
165
140
108
83
61
33
13
-6
-28
-40
-64
-105
-146
-193
-257
-316
-362
-391
-393
-387
-359
-296
-217
-135
-46
42
107
155
185
193
182
157
110
66
42
6
-22
-17
-7
1
19
40
53
58
56
47
50
57
63
93
139
194
256
328
395
450
497
514
502
471
425
360
279
219
152
97
84
78
92
129
173
237
305
347
365
360
314
223
65
-139
-346
-580
-818
-1001
-1150
-1265
-1328
-1319
-1228
-1100
-955
-776
-583
-421
-272
-104
54
188
306
426
540
629
708
768
798
774
679
552
396
201
-29
-281
-513
-725
-895
-993
-1009
-977
-932
-830
-692
-535
-373
-237
-112
-33
17
91
175
245
302
359
416
473
514
542
545
491
396
281
169
63
-51
-152
-236
-281
-263
-194
-95
24
151
270
379
497
615
707
772
829
903
981
1077
1175
1253
1291
1299
1286
1236
1135
968
768
581
419
280
197
183
173
158
169
190
153
-17
-318
-660
-1041
-1493
-1898
-2187
-2397
-2532
-2525
-2283
-1875
-1440
-979
-473
-2
348
616
866
1046
1052
962
930
942
914
854
822
790
673
478
287
82
-251
-709
-1149
-1482
-1756
-1989
-2071
-1963
-1763
-1514
-1121
-581
-55
348
685
1010
1224
1282
1293
1290
1211
1042
876
808
756
634
477
335
171
-90
-391
-669
-956
-1297
-1633
-1830
-1885
-1873
-1766
-1506
-1144
-755
-325
143
572
894
1118
1268
1328
1304
1225
1096
941
795
670
552
470
417
362
294
208
123
35
-60
-140
-198
-201
-140
-41
139
411
712
1018
1320
1603
1825
1940
1955
1907
1790
1558
1258
992
777
574
409
354
395
400
359
325
239
-13
-501
-1072
-1623
-2266
-2917
-3374
-3599
-3681
-3641
-3318
-2692
-1992
-1345
-678
0
514
817
1023
1207
1283
1172
1056
1073
1126
1142
1115
1133
1171
1008
686
400
76
-447
-1128
-1716
-2087
-2409
-2688
-2658
-2336
-1964
-1552
-958
-198
480
910
1255
1590
1740
1658
1505
1404
1267
979
686
554
444
186
-132
-348
-539
-877
-1285
-1572
-1762
-1997
-2185
-2131
-1879
-1593
-1250
-752
-136
438
900
1321
1680
1869
1890
1832
1719
1501
1195
890
677
529
404
360
369
378
469
615
777
947
1079
1245
1418
1552
1760
1987
2061
2052
2066
2169
2380
2485
2524
2681
2758
2649
2481
2264
1834
754
-938
-2371
-3555
-5068
-6455
-7160
-7375
-7576
-7507
-6305
-4436
-3145
-2126
-611
883
1729
2209
2917
3579
3399
2830
2862
3260
3297
2959
2691
2654
2338
1461
688
215
-709
-2329
-3892
-4623
-4930
-5613
-6075
-5473
-4525
-3928
-3028
-1293
531
1442
1867
2803
3734
3820
3549
3532
3502
3005
2293
2130
2370
2177
1562
1103
947
635
-148
-950
-1464
-2221
-3426
-4355
-4561
-4497
-4617
-4544
-3725
-2567
-1650
-653
712
1923
2495
2742
3146
3439
3174
2655
2267
1868
1357
917
719
668
513
236
15
-94
-171
-370
-689
-879
-940
-1043
-1030
-651
-14
525
973
1659
2531
3153
3541
3895
4046
3808
3321
2923
2672
2289
1762
1408
1307
1297
1242
1149
1059
561
-764
-2301
-3422
-4637
-6210
-7489
-8011
-8160
-8272
-7542
-5593
-3684
-2396
-835
1150
2681
3440
4046
4743
4717
3875
3301
3248
3051
2495
1926
1682
1584
1157
544
157
-329
-1459
-3053
-4220
-4654
-5276
-6243
-6399
-5601
-4824
-4106
-2583
-339
1351
2161
3205
4610
5235
4979
4670
4471
3889
2834
2017
1801
1488
649
-215
-643
-895
-1535
-2437
-2997
-3398
-4230
-5079
-5116
-4600
-4218
-3831
-2822
-1311
-3
1165
2533
3723
4317
4424
4352
4178
3666
2763
1759
904
260
-248
-581
-506
-201
-21
234
790
1399
1707
1738
1827
1930
1791
1706
1843
1927
1929
1986
2289
2890
3431
3756
4063
4330
4299
3817
3127
2402
931
-1582
-3851
-5307
-6921
-8692
-9496
-9192
-8954
-8915
-7474
-4794
-3024
-2138
-572
1314
2202
2346
3055
4103
4009
3204
3247
3920
4174
3855
3497
3488
3232
2131
921
221
-665
-2549
-4839
-5947
-6025
-6783
-7743
-7143
-5661
-4879
-4222
-2252
344
1559
1762
2802
4185
4389
3864
3736
3924
3573
2615
2153
2463
2381
1353
223
-113
-280
-1450
-2890
-3340
-3665
-4899
-5891
-5368
-4291
-4042
-3763
-2231
-396
678
1675
3123
4189
4275
4006
3990
3866
3236
2338
1499
961
724
579
623
966
1360
1531
1606
1956
2408
2356
1921
1672
1611
1510
1404
1480
1726
1816
1867
2400
3148
3551
3712
3815
3745
3275
2571
1872
406
-2091
-4228
-5653
-7268
-8735
-9199
-8940
-8942
-8807
-7031
-4467
-3043
-2028
-276
1267
1837
2238
3255
4058
3657
3076
3362
3867
4024
3880
3605
3472
3131
2172
1182
543
-446
-2401
-4532
-5424
-5604
-6580
-7450
-6803
-5713
-5261
-4447
-2347
-91
833
1296
2662
3991
4203
3991
4093
4201
3680
2723
2346
2448
1924
772
-90
-289
-577
-1601
-2524
-2705
-3111
-4098
-4573
-4081
-3472
-3407
-3131
-1908
-566
226
1062
2173
2998
3232
3203
3399
3581
3214
2585
2172
1985
1905
1740
1644
1890
2107
2033
2041
2278
2479
2337
1955
1868
1915
1624
1315
1224
1242
1409
1605
1874
2333
2784
3094
3097
2871
2703
1816
-366
-2501
-3925
-5684
-7884
-9292
-9406
-9494
-9993
-8994
-6355
-4459
-3444
-1643
690
2090
2494
3256
4387
4314
3360
3107
3395
3429
3078
2667
2781
2983
2465
1710
1310
900
-388
-2522
-3893
-4262
-5434
-7109
-7412
-6635
-6175
-5895
-4382
-1765
-88
611
2066
3895
4693
4592
4491
4664
4254
2891
1848
1575
1137
165
-801
-959
-722
-1245
-1958
-1819
-1612
-2214
-2977
-2948
-2457
-2593
-2883
-2207
-1195
-633
-87
878
2001
2671
2908
3323
3777
3823
3540
3155
2950
2774
2305
1988
2116
2268
2261
2265
2501
2834
2844
2765
2832
2683
2324
1916
1557
1514
1457
1208
1307
1782
2217
2380
2466
2598
1772
-251
-1900
-3172
-5292
-7631
-9015
-9678
-10564
-11094
-9704
-7445
-6182
-4794
-2259
135
1565
2719
4227
5216
4799
4175
4274
4293
3785
3046
2562
2590
2437
1850
1555
1517
925
-568
-2104
-2718
-3389
-5183
-6724
-6871
-6720
-7002
-6679
-4831
-2687
-1695
-579
1776
3750
4129
4034
4618
4967
3947
2744
2495
1971
459
-717
-797
-658
-1110
-1563
-1426
-1322
-1503
-1538
-1436
-1438
-1677
-2059
-2173
-1826
-1235
-780
-497
177
1204
1925
2464
3206
3798
3741
3343
3361
3573
3170
2484
2269
2217
1960
1866
2204
2585
2533
2439
2786
3078
2978
2795
2584
2345
2147
1943
1878
1972
1987
1903
1799
1777
1533
197
-1631
-2871
-4347
-6438
-8141
-8999
-9687
-10744
-10782
-8935
-7176
-6214
-4414
-1822
159
1380
2889
4789
5478
4929
4861
5184
4904
4155
3441
3040
2696
2016
1398
1177
899
11
-1450
-2481
-2819
-3795
-5501
-6374
-6358
-6644
-7013
-6224
-4378
-3032
-2304
-651
1697
3160
3862
4686
5478
5524
4746
4063
3718
2886
1531
348
-293
-649
-1362
-2177
-2343
-2312
-2688
-3006
-2771
-2305
-2273
-2451
-2055
-1312
-865
-504
171
985
1598
2012
2531
3145
3464
3452
3387
3384
3354
3178
2939
2833
2822
2716
2559
2563
2737
2835
2678
2505
2507
2377
2081
2046
2171
2077
1932
2137
2617
2918
3104
3262
2524
734
-896
-2165
-3978
-6167
-7726
-8780
-10213
-11194
-10266
-8528
-7599
-6580
-4439
-2193
-762
696
2726
3973
3797
3616
4092
4337
3970
3462
3122
2830
2537
2360
2268
2142
1649
471
-826
-1479
-2084
-3558
-5224
-6023
-6436
-7117
-7218
-6075
-4758
-4103
-3108
-1030
997
2161
3087
4091
4662
4541
4241
4120
3705
2722
1554
721
412
129
-470
-938
-1136
-1519
-2184
-2606
-2554
-2737
-3388
-3662
-3276
-2740
-2326
-1674
-598
363
1094
2037
3087
3813
4025
3940
3917
3805
3471
3126
2730
2370
2196
2137
2328
2744
3040
3144
3187
3306
3495
3327
2780
2298
1795
1230
977
1037
1176
1460
2001
2876
3829
4394
4476
3540
1507
-359
-2185
-4729
-7225
-9201
-10881
-12363
-12920
-11570
-9652
-8510
-6714
-3919
-1504
438
2402
4299
5145
4662
4468
4782
4441
3767
3156
2622
2452
2391
2441
2712
2668
2083
999
-117
-790
-1937
-4016
-5826
-6952
-7991
-8798
-8663
-7562
-6460
-5562
-3796
-1179
1044
2626
4029
5211
5792
5706
5519
5331
4505
3081
1742
923
467
-93
-661
-921
-1157
-1571
-1886
-1874
-1850
-2299
-2937
-3147
-3002
-2818
-2540
-1990
-1206
-410
453
1582
2763
3573
3935
4157
4436
4539
4318
3960
3597
3156
2741
2590
2683
2814
2836
2856
3002
3232
3388
3214
2856
2579
2217
1860
1656
1517
1522
1561
1773
2337
2736
2653
1806
166
-1325
-2829
-4973
-6941
-8430
-9912
-11376
-11993
-10915
-9380
-8514
-6924
-4344
-2150
-385
1668
3886
5050
4888
4984
5545
5356
4592
3988
3505
2918
2308
2051
2136
1945
1227
284
-498
-1054
-1978
-3529
-4878
-5741
-6774
-7722
-7693
-6915
-6322
-5800
-4403
-2237
-316
1124
2635
4173
5097
5460
5858
6213
5817
4257
2488
1562
529
-1013
-1923
-2299
-2972
-3819
-3763
-2713
-2247
-2294
-1688
-1123
-983
-539
169
573
414
369
796
1007
1268
1866
2101
2084
2460
3198
3725
3800
4000
4316
4081
3833
4184
4320
3715
3108
3091
3111
2682
2454
2636
2383
1932
2148
2512
2528
2605
2889
3120
3071
2863
2148
221
-1910
-3508
-5653
-7910
-9297
-10425
-11657
-12319
-11313
-9352
-8157
-6705
-4124
-1997
-499
1364
3391
4557
4410
4351
4909
4761
4204
4004
3689
3196
2814
2754
2858
2605
2019
1114
-9
-822
-1723
-3292
-4876
-5968
-6970
-7937
-8067
-7231
-6480
-5965
-4674
-2602
-731
731
2259
3739
4569
4886
5332
5769
5558
4387
2916
2072
1193
-200
-1047
-1382
-2154
-3110
-3241
-2564
-2324
-2484
-2085
-1678
-1595
-1148
-402
98
217
390
815
1127
1550
2113
2243
2234
2544
3040
3440
3546
3679
3839
3659
3629
4013
4193
3899
3492
3385
3433
3273
3151
3116
2745
2313
2267
2297
2197
2216
2319
2326
2382
2639
2506
1068
-921
-2287
-4023
-6393
-8045
-9158
-10566
-12031
-12152
-10513
-9147
-8291
-6248
-3755
-1952
-265
1912
4021
4658
4399
4825
5208
4851
4334
3828
3334
2766
2281
2201
2163
1876
1185
145
-473
-809
-1903
-3487
-4631
-5525
-6697
-7560
-7289
-6614
-6503
-6086
-4491
-2597
-1106
404
2131
3532
4305
5022
5854
6184
5818
4759
3442
2533
1434
-39
-1035
-1740
-2633
-3441
-3549
-2969
-2701
-2735
-2267
-1595
-1122
-644
-24
538
689
718
1017
1426
1722
1788
1854
2089
2382
2798
3192
3406
3627
3776
3850
4070
4387
4503
4173
3822
3842
3761
3407
3165
2984
2649
2330
2273
2362
2332
2297
2476
2692
2818
2888
2161
252
-1478
-2850
-5050
-7335
-8796
-10051
-11681
-12772
-11771
-9962
-9192
-7891
-5252
-2925
-1296
651
3152
4645
4498
4618
5313
5225
4540
3900
3410
2882
2240
1975
2047
1924
1481
667
-24
-213
-866
-2428
-3836
-4725
-5818
-7029
-7405
-6921
-6702
-6716
-5662
-3656
-1881
-439
1184
2881
4093
4834
5656
6306
6266
5433
3942
2875
2168
622
-880
-1565
-2315
-3344
-3871
-3350
-2767
-2921
-2661
-1797
-1202
-695
-111
403
679
674
824
1128
1382
1587
1551
1558
1972
2540
2999
3312
3616
3939
4083
4159
4470
4772
4503
3957
3831
3869
3601
3197
2899
2625
2233
2011
2136
2202
2122
2186
2395
2622
2848
2711
1412
-572
-1970
-3571
-6005
-7927
-9134
-10640
-12310
-12529
-10921
-9649
-9002
-7070
-4340
-2356
-698
1639
3924
4571
4402
5008
5572
5205
4447
3875
3435
2773
2232
2159
2135
1847
1185
385
-3
-286
-1364
-3016
-4131
-4883
-6140
-7162
-7094
-6738
-6853
-6614
-5031
-3045
-1711
-291
1499
2988
4041
4968
5892
6329
6014
5121
3841
2985
2207
565
-772
-1314
-2105
-3090
-3387
-2811
-2558
-2963
-2626
-1718
-1326
-1113
-619
26
274
222
692
1300
1456
1519
1730
2098
2447
2776
3249
3525
3599
3846
4096
4207
4390
4487
4143
3783
3838
3835
3560
3257
2981
2665
2175
1971
2183
1964
1576
1718
2023
2262
2455
2551
1945
215
-1290
-2385
-4323
-6426
-8002
-9503
-11063
-11997
-11280
-10006
-9479
-8273
-5913
-3765
-1948
207
2510
3790
3999
4577
5380
5322
4723
4164
3578
2892
2363
2182
2025
1655
1194
611
122
-55
-653
-2010
-3234
-4059
-5068
-6156
-6687
-6631
-6754
-6907
-5888
-4166
-2882
-1600
63
1728
3069
4193
5355
6071
6058
5697
4935
4057
3249
1903
398
-609
-1425
-2343
-3095
-3155
-2958
-3175
-3071
-2289
-1666
-1418
-1048
-371
138
263
576
1064
1241
1266
1483
1863
2152
2347
2674
3010
3188
3472
3860
4051
4204
4385
4356
4209
4130
4090
3908
3532
3208
2892
2361
1963
1876
1725
1496
1474
1782
2206
2520
2899
3080
2249
709
-610
-2039
-4161
-6397
-8072
-9595
-11357
-12203
-11428
-10458
-9881
-8406
-5947
-3717
-1865
350
2647
3836
4170
4856
5510
5301
4608
3927
3328
2747
2242
1984
1852
1646
1253
782
617
548
-224
-1610
-2707
-3588
-4858
-6075
-6635
-6881
-7288
-7336
-6300
-4791
-3545
-2125
-337
1408
2956
4254
5361
6114
6233
5853
5108
4281
3350
1845
368
-484
-1252
-2173
-2820
-2829
-2724
-2949
-2730
-1968
-1540
-1422
-1069
-502
-165
-101
137
447
581
743
1058
1484
1845
2162
2538
2917
3410
3868
4070
4217
4390
4483
4376
4195
4223
4062
3572
3318
3207
2848
2302
1905
1796
1597
1310
1401
1725
1993
2214
2457
2768
2494
1195
-221
-1394
-3143
-5435
-7268
-8554
-10101
-11508
-11477
-10458
-9804
-8951
-6928
-4612
-2796
-937
1252
3015
3741
4181
4913
5218
4807
4164
3639
3227
2676
2195
2067
1960
1618
1140
794
663
160
-1012
-2199
-3102
-4118
-5331
-6225
-6543
-6854
-7226
-6799
-5486
-4168
-3052
-1565
254
1804
3047
4252
5235
5613
5408
5039
4633
3929
2859
1738
874
125
-582
-1100
-1513
-1839
-2063
-2241
-2160
-1872
-1777
-1853
-1796
-1453
-1098
-912
-589
-138
209
618
1217
1901
2447
2758
3098
3569
4015
4251
4236
4259
4254
4064
4025
4073
3934
3697
3410
3222
3152
2879
2412
1921
1571
1408
1207
1151
1337
1496
1663
1929
2344
2570
1758
316
-748
-2050
-4073
-5953
-7307
-8754
-10535
-11386
-10657
-9911
-9613
-8328
-6161
-4311
-2676
-546
1716
2944
3351
4166
5026
5032
4525
4027
3588
3056
2475
2212
2129
1808
1272
757
599
564
-185
-1380
-2183
-2952
-4122
-5161
-5650
-6012
-6687
-6977
-6161
-4969
-4075
-2921
-1216
427
1765
3161
4541
5320
5408
5268
5030
4510
3676
2646
1619
695
-109
-715
-1156
-1521
-1764
-1900
-1892
-1613
-1290
-1210
-1247
-1160
-921
-780
-725
-458
-143
4
322
1000
1688
2146
2568
3137
3676
4022
4262
4481
4545
4352
4163
4110
3930
3569
3248
3001
2711
2462
2284
1948
1649
1681
1694
1595
1823
2279
2499
2516
2779
2977
1975
268
-813
-2178
-4544
-6554
-7754
-9192
-11032
-11739
-10873
-10253
-9976
-8405
-6145
-4467
-2793
-474
1750
2867
3461
4485
5230
5206
4940
4573
4096
3566
3001
2655
2470
2137
1610
1033
778
609
-295
-1533
-2283
-3071
-4388
-5498
-5933
-6359
-7053
-7130
-6214
-5162
-4313
-3034
-1294
349
1798
3217
4561
5426
5625
5586
5426
4943
4080
2947
1934
1101
224
-558
-1163
-1628
-1963
-2245
-2211
-1864
-1697
-1712
-1632
-1385
-1128
-1011
-832
-581
-410
-140
337
912
1470
1926
2341
2814
3339
3831
4120
4215
4290
4331
4221
4039
3907
3644
3160
2773
2622
2459
2082
1686
1496
1372
1356
1508
1640
1855
2161
2392
2600
2816
2701
1572
-26
-1064
-2428
-4664
-6582
-7832
-9327
-11056
-11457
-10419
-9924
-9721
-8093
-5794
-4103
-2480
-157
1978
2794
3363
4616
5392
5210
4770
4398
3980
3385
2940
2739
2417
1992
1501
1062
995
824
-129
-1333
-2063
-2806
-4049
-5127
-5571
-6090
-6882
-6906
-5902
-4903
-4186
-2999
-1301
303
1670
3058
4368
5072
5218
5271
5206
4823
4025
2950
2009
1170
289
-440
-998
-1423
-1737
-1973
-1937
-1742
-1667
-1670
-1713
-1579
-1269
-1185
-1126
-817
-529
-291
125
770
1424
1792
2153
2764
3268
3611
3908
4032
4047
3995
3878
3806
3673
3438
3145
2782
2617
2625
2419
2103
1901
1722
1541
1481
1577
1658
1672
1825
2053
2170
2292
1988
763
-516
-1431
-2955
-5025
-6551
-7618
-9158
-10646
-10553
-9650
-9555
-9165
-7302
-5189
-3740
-2055
354
2200
2866
3671
4943
5501
5164
4700
4358
3915
3311
2762
2348
1927
1414
838
502
568
304
-735
-1659
-2042
-2714
-3865
-4703
-5079
-5677
-6383
-6173
-5174
-4467
-3863
-2635
-1047
479
1912
3277
4352
4920
5170
5228
5085
4708
3828
2591
1583
865
76
-781
-1430
-1843
-2233
-2546
-2424
-2036
-1938
-2026
-1816
-1332
-937
-751
-523
-175
11
191
675
1219
1560
1750
1994
2420
2846
3123
3298
3391
3431
3421
3418
3483
3427
3169
2869
2679
2616
2513
2288
2018
1766
1539
1381
1414
1501
1442
1472
1755
2081
2280
2405
2369
1588
238
-683
-1719
-3652
-5567
-6884
-8218
-9814
-10512
-9867
-9449
-9424
-8223
-6069
-4283
-2777
-753
1368
2451
3015
4168
5131
5069
4574
4182
3797
3232
2651
2274
1914
1478
1104
830
797
831
262
-731
-1297
-1682
-2599
-3642
-4216
-4711
-5512
-5919
-5366
-4643
-4243
-3444
-2034
-575
739
1999
3162
3947
4276
4523
4621
4320
3747
2882
1911
1203
602
-129
-900
-1474
-1777
-2038
-2157
-1877
-1589
-1610
-1571
-1197
-749
-545
-453
-213
16
142
390
792
1142
1334
1510
1867
2351
2755
3022
3216
3335
3434
3520
3511
3488
3420
3151
2863
2762
2744
2587
2206
1933
1826
1547
1386
1521
1498
1357
1482
1823
2061
2179
2350
1973
718
-314
-1080
-2742
-4760
-6078
-7212
-8829
-10009
-9690
-9048
-9183
-8590
-6571
-4781
-3589
-1795
437
1887
2552
3550
4760
5033
4602
4275
3927
3431
2927
2389
1947
1626
1181
725
592
718
419
-522
-1138
-1284
-1972
-3020
-3599
-4006
-4753
-5392
-5222
-4585
-4294
-3932
-2862
-1605
-456
814
1990
2904
3588
4016
4266
4299
4022
3368
2422
1644
1068
221
-697
-1291
-1745
-2128
-2274
-2124
-1852
-1756
-1633
-1215
-769
-448
-224
-102
51
190
259
422
607
731
910
1183
1612
2097
2418
2696
3022
3288
3463
3560
3581
3492
3302
3133
2971
2756
2543
2326
2087
1897
1782
1637
1523
1527
1505
1566
1833
2087
2227
2307
2378
2038
957
-31
-834
-2398
-4222
-5447
-6510
-7959
-9150
-9095
-8622
-8746
-8271
-6603
-5028
-3855
-2251
-202
1276
1950
2850
3976
4331
4067
3822
3544
3087
2536
2045
1710
1408
1047
707
601
778
670
14
-454
-569
-1130
-2080
-2682
-3084
-3844
-4648
-4765
-4419
-4343
-4213
-3436
-2371
-1359
-287
879
1966
2731
3267
3733
3989
3913
3449
2750
2136
1569
859
105
-501
-956
-1369
-1656
-1615
-1420
-1388
-1406
-1172
-780
-548
-461
-322
-155
-78
-4
192
419
573
715
992
1421
1840
2146
2372
2597
2893
3106
3147
3184
3213
3128
2947
2864
2935
2810
2484
2359
2362
2195
1916
1714
1613
1449
1254
1271
1456
1590
1662
1766
1977
1989
1284
296
-391
-1450
-3100
-4472
-5472
-6760
-8263
-8914
-8636
-8623
-8640
-7596
-6071
-4905
-3566
-1624
199
1211
2038
3225
4007
4047
3952
3840
3436
2886
2459
2115
1748
1391
1083
870
879
945
634
92
-161
-480
-1298
-2080
-2591
-3328
-4304
-4857
-4786
-4753
-4839
-4364
-3433
-2563
-1546
-230
982
1863
2575
3286
3817
3987
3904
3562
2999
2422
1834
1178
507
-110
-641
-1059
-1307
-1390
-1453
-1584
-1620
-1461
-1247
-1084
-961
-823
-645
-476
-246
78
334
505
700
996
1394
1739
1961
2181
2422
2667
2923
3108
3205
3258
3206
3117
3117
3104
2933
2621
2372
2286
2098
1721
1442
1211
922
797
799
907
1156
1393
1673
2037
2411
2364
1522
688
127
-1142
-2885
-4145
-5237
-6843
-8338
-8593
-8276
-8571
-8540
-7258
-5801
-4812
-3431
-1471
38
820
1790
3079
3747
3703
3649
3593
3293
2952
2674
2356
2038
1773
1577
1504
1589
1580
1062
412
148
-291
-1250
-2164
-2846
-3659
-4575
-5033
-4943
-4969
-5102
-4635
-3702
-2745
-1665
-460
685
1696
2612
3477
4115
4399
4399
4078
3574
3148
2604
1731
854
184
-400
-935
-1316
-1505
-1761
-2105
-2132
-1889
-1741
-1674
-1570
-1464
-1309
-1055
-702
-396
-222
11
355
726
1166
1637
1916
2086
2385
2773
3084
3210
3245
3249
3137
3013
2974
2852
2544
2164
1891
1766
1674
1539
1346
1126
969
999
1191
1334
1434
1630
1833
2003
2267
2544
2333
1428
558
-57
-1208
-2780
-4018
-5143
-6669
-8024
-8311
-8142
-8456
-8493
-7477
-6160
-5101
-3709
-1848
-327
646
1765
3142
4040
4228
4186
4119
3911
3618
3274
2816
2343
1865
1424
1221
1226
1058
433
-201
-428
-758
-1514
-2248
-2814
-3521
-4270
-4557
-4425
-4459
-4595
-4247
-3444
-2539
-1531
-418
645
1577
2482
3383
4058
4364
4329
4024
3600
3141
2545
1737
826
23
-568
-1058
-1460
-1730
-1968
-2163
-2179
-1967
-1719
-1618
-1546
-1383
-1186
-961
-671
-435
-277
-56
232
566
936
1296
1564
1735
1987
2334
2560
2670
2820
2909
2839
2775
2797
2768
2592
2373
2275
2174
1976
1852
1761
1588
1394
1190
1116
1177
1104
1026
1165
1390
1525
1615
1847
1908
1255
410
-53
-841
-2258
-3495
-4362
-5513
-6818
-7299
-7082
-7205
-7377
-6580
-5277
-4342
-3241
-1570
-106
745
1581
2769
3565
3566
3460
3417
3091
2653
2283
1914
1473
983
651
559
583
534
226
-119
-203
-342
-800
-1302
-1755
-2410
-3163
-3559
-3620
-3809
-4085
-3969
-3441
-2835
-2108
-1166
-259
507
1279
2102
2784
3105
3173
3106
2873
2575
2213
1701
1066
412
-51
-376
-739
-1008
-1155
-1333
-1447
-1347
-1175
-1150
-1208
-1142
-1014
-957
-851
-685
-588
-502
-293
7
280
572
938
1270
1616
2036
2394
2614
2800
3027
3177
3172
3155
3186
3101
2903
2787
2727
2504
2167
1974
1840
1564
1249
1051
976
884
771
818
1027
1209
1301
1458
1702
1626
973
323
-93
-969
-2259
-3239
-3982
-5059
-6142
-6403
-6209
-6427
-6520
-5717
-4690
-3993
-3029
-1627
-491
119
827
1791
2295
2299
2340
2356
2152
1911
1752
1549
1295
1127
1039
998
1058
1063
794
453
342
137
-439
-1024
-1503
-2146
-2863
-3285
-3454
-3761
-4094
-3980
-3568
-3151
-2543
-1755
-1037
-336
507
1387
2060
2471
2761
2895
2822
2750
2641
2267
1727
1278
957
584
136
-225
-531
-897
-1187
-1276
-1380
-1640
-1862
-1893
-1817
-1733
-1601
-1400
-1198
-937
-500
26
491
951
1396
1783
2228
2658
2907
3009
3056
3124
3147
3051
2927
2762
2510
2317
2220
2116
1965
1732
1516
1415
1315
1159
945
699
559
509
479
556
756
945
1093
1387
1842
2011
1637
1204
946
289
-812
-1722
-2544
-3820
-5158
-5763
-5938
-6443
-6870
-6429
-5616
-5064
-4199
-2786
-1595
-892
-21
1194
1994
2192
2388
2597
2473
2237
2132
1940
1546
1207
1085
1052
1034
1024
851
578
466
366
-12
-537
-1041
-1653
-2345
-2826
-3130
-3530
-3952
-4052
-3795
-3433
-2926
-2196
-1460
-739
107
1030
1792
2291
2662
2913
2956
2926
2850
2506
1968
1503
1133
735
285
-91
-437
-847
-1108
-1164
-1249
-1430
-1558
-1559
-1494
-1405
-1261
-1105
-1015
-849
-493
-111
247
585
886
1215
1561
1933
2247
2365
2413
2513
2591
2626
2636
2549
2386
2216
2118
2101
1987
1787
1591
1402
1287
1204
1071
909
733
610
646
732
771
894
1088
1278
1554
1904
2108
1868
1384
1068
568
-394
-1387
-2278
-3409
-4684
-5479
-5775
-6226
-6766
-6688
-6069
-5493
-4802
-3647
-2443
-1595
-742
455
1540
2053
2328
2648
2750
2612
2527
2422
2090
1676
1418
1303
1153
1003
852
588
381
312
134
-264
-753
-1245
-1759
-2280
-2705
-3103
-3590
-3966
-4010
-3781
-3424
-2925
-2303
-1605
-743
234
1182
1979
2555
2992
3297
3459
3487
3262
2785
2230
1739
1282
759
223
-254
-696
-1050
-1191
-1230
-1337
-1427
-1418
-1355
-1250
-1118
-1036
-1017
-965
-799
-556
-343
-134
109
331
615
997
1345
1616
1792
1943
2134
2289
2394
2457
2429
2323
2221
2145
2068
1930
1733
1556
1397
1271
1161
1049
965
878
793
782
878
982
1020
1155
1442
1690
1864
2091
2279
2084
1572
1166
654
-344
-1495
-2446
-3432
-4640
-5578
-5949
-6288
-6771
-6762
-6128
-5483
-4904
-3899
-2651
-1697
-882
202
1273
1820
2113
2505
2717
2630
2508
2403
2150
1795
1554
1415
1276
1159
1044
859
711
650
469
81
-356
-818
-1412
-2065
-2601
-3069
-3620
-4076
-4189
-4062
-3832
-3425
-2790
-2007
-1163
-240
724
1573
2233
2754
3144
3386
3459
3314
3001
2623
2211
1778
1332
892
472
61
-291
-501
-656
-853
-1046
-1191
-1284
-1373
-1454
-1506
-1558
-1584
-1516
-1364
-1160
-900
-587
-214
218
694
1175
1601
1975
2336
2637
2822
2919
2970
2941
2816
2683
2532
2305
2050
1821
1625
1421
1215
1052
909
779
715
700
648
568
556
639
689
714
893
1119
1222
1354
1602
1685
1349
898
592
26
-912
-1752
-2473
-3437
-4465
-5066
-5326
-5728
-6097
-5912
-5409
-5004
-4405
-3404
-2417
-1678
-849
201
1041
1476
1861
2245
2338
2269
2255
2172
1896
1602
1451
1347
1200
1062
935
734
550
422
171
-229
-653
-1113
-1615
-2069
-2432
-2787
-3171
-3387
-3340
-3170
-2900
-2450
-1894
-1309
-609
193
968
1587
2088
2534
2814
2976
3062
2944
2635
2280
1927
1510
1036
569
94
-396
-831
-1129
-1364
-1637
-1864
-1980
-2044
-2060
-2009
-1914
-1786
-1594
-1299
-899
-482
-60
393
826
1275
1753
2145
2411
2588
2733
2848
2838
2748
2634
2421
2152
1928
1761
1585
1355
1182
1115
1070
1010
951
926
878
800
784
810
768
661
613
684
756
826
1001
1228
1413
1608
1878
2053
1915
1572
1239
741
-82
-960
-1797
-2795
-3902
-4725
-5208
-5724
-6223
-6276
-5962
-5641
-5128
-4197
-3211
-2424
-1546
-440
497
1069
1562
2035
2238
2236
2286
2255
1986
1673
1490
1367
1208
1091
1028
901
783
769
699
468
161
-166
-573
-1028
-1442
-1871
-2387
-2853
-3074
-3176
-3232
-3073
-2756
-2374
-1851
-1144
-368
311
923
1552
2071
2429
2705
2825
2713
2461
2171
1838
1392
886
432
-13
-432
-709
-902
-1113
-1292
-1356
-1335
-1276
-1187
-1057
-943
-850
-671
-450
-258
-79
84
260
480
735
979
1191
1362
1528
1697
1856
1994
2061
2053
2024
2008
1987
1935
1830
1679
1518
1359
1231
1127
996
851
738
684
672
670
678
683
695
807
982
1105
1218
1378
1515
1599
1687
1764
1604
1145
686
252
-435
-1289
-2045
-2812
-3743
-4549
-4965
-5244
-5638
-5807
-5491
-5042
-4620
-3923
-2974
-2163
-1487
-604
385
1048
1432
1841
2171
2233
2194
2179
2003
1653
1367
1212
1070
897
752
611
463
422
431
305
70
-165
-432
-782
-1138
-1445
-1844
-2336
-2679
-2781
-2826
-2864
-2740
-2439
-2054
-1572
-931
-246
330
856
1413
1936
2319
2550
2637
2564
2414
2239
1986
1645
1237
823
436
103
-135
-357
-602
-791
-869
-890
-907
-922
-940
-943
-928
-850
-720
-606
-511
-377
-191
39
315
573
803
1053
1339
1632
1871
2055
2202
2283
2311
2331
2339
2254
2063
1872
1716
1545
1320
1099
901
675
467
320
229
138
19
-63
-56
41
172
297
471
713
946
1152
1383
1600
1624
1417
1190
939
443
-279
-991
-1693
-2582
-3464
-4040
-4483
-5009
-5376
-5307
-5025
-4771
-4316
-3551
-2819
-2193
-1404
-503
181
598
1027
1444
1618
1648
1721
1711
1515
1332
1301
1286
1180
1099
1099
1044
977
979
904
672
372
81
-264
-710
-1159
-1617
-2138
-2589
-2834
-2974
-3076
-3040
-2829
-2483
-2016
-1399
-706
-81
497
1140
1765
2233
2550
2750
2806
2724
2576
2387
2099
1698
1316
1012
747
511
274
22
-199
-362
-479
-588
-710
-833
-953
-1030
-1021
-987
-988
-931
-802
-625
-366
-48
273
567
873
1218
1537
1777
1966
2086
2119
2125
2098
2011
1866
1676
1498
1332
1158
992
848
705
563
468
421
388
320
253
236
225
215
293
435
542
663
885
1150
1351
1515
1691
1712
1478
1194
880
319
-452
-1213
-1964
-2857
-3736
-4335
-4812
-5346
-5683
-5620
-5382
-5108
-4592
-3808
-3033
-2310
-1407
-412
317
846
1396
1842
2061
2168
2250
2182
1940
1753
1679
1547
1323
1178
1069
893
783
760
631
340
28
-254
-616
-1063
-1494
-1930
-2418
-2826
-3017
-3090
-3125
-3024
-2713
-2235
-1638
-942
-188
533
1191
1835
2420
2861
3102
3154
3100
2959
2710
2377
1975
1513
1033
599
236
-78
-384
-658
-819
-895
-942
-966
-978
-977
-972
-944
-852
-730
-640
-549
-398
-188
45
281
531
779
1011
1252
1492
1698
1830
1898
1933
1938
1896
1817
1715
1582
1445
1306
1163
1047
927
782
674
596
517
450
422
433
423
402
459
577
660
741
876
1010
1102
1171
1252
1238
1000
676
358
-109
-757
-1425
-2074
-2831
-3600
-4138
-4507
-4896
-5177
-5125
-4870
-4579
-4105
-3385
-2671
-2053
-1316
-466
220
680
1108
1486
1659
1716
1769
1727
1533
1328
1207
1094
958
866
791
705
670
700
690
558
386
202
-62
-381
-683
-1006
-1405
-1768
-1976
-2077
-2140
-2131
-1954
-1658
-1316
-874
-336
183
627
1061
1512
1880
2086
2176
2199
2129
1968
1768
1547
1270
943
655
433
215
-12
-211
-361
-484
-601
-696
-741
-792
-864
-871
-814
-766
-740
-667
-522
-376
-223
9
273
493
709
964
1187
1325
1423
1498
1527
1501
1440
1377
1304
1202
1120
1071
1006
928
882
874
867
845
828
820
788
746
714
665
609
579
592
619
673
786
900
997
1110
1225
1248
1106
863
571
145
-446
-1091
-1751
-2512
-3300
-3914
-4358
-4773
-5107
-5169
-4985
-4709
-4282
-3613
-2856
-2166
-1434
-590
170
707
1133
1528
1757
1809
1814
1777
1588
1319
1163
1060
928
828
788
759
736
772
812
763
642
488
281
4
-308
-650
-1066
-1478
-1798
-2048
-2236
-2318
-2272
-2121
-1849
-1432
-935
-445
32
520
996
1394
1696
1899
1968
1910
1799
1645
1428
1162
878
603
360
181
42
-70
-160
-233
-258
-269
-277
-291
-343
-393
-426
-457
-485
-493
-490
-476
-406
-254
-76
89
291
533
767
985
1223
1446
1573
1636
1704
1745
1729
1677
1609
1543
1446
1352
1302
1237
1135
1023
936
875
786
687
618
549
449
377
369
362
337
356
443
543
613
694
771
712
529
330
54
-380
-902
-1439
-2007
-2633
-3193
-3606
-3972
-4280
-4399
-4301
-4091
-3785
-3312
-2716
-2128
-1540
-881
-250
237
617
949
1184
1280
1296
1284
1197
1031
909
857
792
728
727
764
786
816
883
891
778
629
473
218
-135
-480
-829
-1239
-1606
-1849
-1996
-2112
-2137
-1968
-1703
-1399
-1002
-517
-42
365
777
1180
1465
1613
1680
1679
1585
1446
1269
1051
816
594
417
277
170
92
18
-41
-52
-46
-71
-114
-150
-196
-266
-323
-347
-373
-402
-381
-296
-173
-15
170
373
590
798
1002
1187
1323
1408
1453
1452
1422
1371
1294
1195
1092
993
901
828
762
687
621
583
560
520
484
452
411
377
367
399
437
476
563
667
757
845
933
936
810
632
406
69
-386
-886
-1415
-2018
-2621
-3110
-3496
-3853
-4124
-4197
-4120
-3943
-3620
-3146
-2616
-2073
-1469
-826
-246
244
663
1006
1232
1359
1438
1429
1323
1211
1134
1071
987
931
905
852
821
829
824
757
627
488
307
50
-224
-499
-826
-1177
-1449
-1627
-1775
-1875
-1834
-1685
-1491
-1228
-871
-488
-146
207
578
902
1137
1292
1395
1434
1401
1331
1238
1111
937
756
610
503
402
294
209
149
104
62
33
13
-36
-103
-136
-138
-149
-161
-139
-89
-30
39
142
269
368
472
589
707
813
884
944
990
1024
1045
1049
1057
1059
1046
1015
1003
1002
964
898
834
770
678
587
523
439
322
233
201
177
158
199
276
330
374
455
515
455
318
153
-103
-456
-858
-1282
-1753
-2267
-2724
-3085
-3382
-3625
-3734
-3695
-3555
-3295
-2911
-2437
-1941
-1439
-888
-345
116
485
782
1000
1124
1173
1192
1163
1062
950
889
843
789
757
751
742
728
744
750
688
578
453
292
78
-154
-386
-647
-913
-1100
-1226
-1331
-1390
-1363
-1257
-1105
-891
-610
-339
-97
166
434
658
818
923
994
1021
1012
993
952
870
778
707
629
558
501
441
382
321
278
237
180
110
49
-3
-43
-82
-115
-140
-156
-142
-107
-56
7
80
157
254
387
509
607
705
801
903
978
1048
1137
1188
1203
1221
1230
1193
1139
1090
1024
914
799
716
620
506
438
410
378
361
397
441
472
512
563
568
482
351
173
-101
-458
-841
-1242
-1704
-2175
-2574
-2921
-3209
-3378
-3418
-3378
-3266
-3030
-2678
-2274
-1841
-1373
-898
-466
-67
290
572
776
896
962
987
961
917
852
783
745
733
722
714
716
707
696
667
612
511
353
161
-52
-280
-523
-784
-1035
-1249
-1433
-1559
-1591
-1560
-1487
-1349
-1136
-871
-600
-331
-43
224
429
610
789
900
946
983
1020
1020
976
936
886
806
747
697
634
554
469
387
297
217
133
48
-49
-128
-180
-223
-240
-239
-210
-155
-75
48
174
294
421
544
660
761
857
936
994
1038
1077
1117
1135
1135
1139
1129
1119
1106
1059
1005
944
845
734
621
510
374
239
154
82
26
19
41
74
116
178
249
292
277
226
134
-40
-281
-556
-873
-1251
-1639
-1978
-2285
-2567
-2769
-2856
-2860
-2784
-2592
-2291
-1955
-1600
-1195
-771
-391
-72
215
446
579
643
686
687
631
554
495
445
396
386
421
460
497
543
592
618
596
530
423
274
98
-112
-346
-577
-805
-1010
-1170
-1281
-1338
-1340
-1289
-1162
-991
-800
-579
-347
-112
103
303
483
624
720
791
832
836
837
818
784
738
686
646
587
530
493
437
368
315
267
208
138
93
57
11
-25
-35
-31
-24
-1
44
105
168
240
326
421
502
576
656
725
787
849
899
945
997
1024
1034
1043
1034
1003
954
900
824
723
623
525
428
331
254
205
159
119
111
118
121
112
97
65
-31
-165
-313
-505
-751
-1026
-1279
-1550
-1820
-2028
-2191
-2305
-2348
-2315
-2199
-2026
-1802
-1506
-1189
-865
-543
-260
-12
187
334
434
476
476
453
407
348
301
265
240
230
249
286
318
359
404
418
408
364
283
171
20
-140
-301
-484
-664
-811
-925
-1000
-1034
-1023
-968
-881
-753
-589
-406
-222
-32
155
326
484
615
709
776
811
828
835
812
771
725
680
636
581
529
484
416
346
302
257
196
130
73
41
6
-27
-21
-8
-11
4
62
129
186
252
336
422
503
585
658
717
759
799
851
875
871
876
882
866
839
806
764
708
640
579
506
428
351
276
198
113
68
39
-13
-58
-83
-108
-160
-218
-260
-320
-434
-542
-635
-765
-918
-1052
-1169
-1297
-1425
-1498
-1534
-1579
-1577
-1514
-1430
-1327
-1202
-1045
-892
-741
-588
-461
-353
-267
-200
-151
-135
-121
-109
-121
-127
-115
-109
-109
-87
-57
-40
-24
-11
-1
-3
-25
-35
-64
-124
-173
-214
-254
-282
-294
-290
-267
-231
-183
-116
-43
39
137
236
329
419
491
550
597
638
669
681
685
675
669
670
661
650
628
613
596
565
532
497
452
407
361
316
285
258
245
252
272
309
361
435
508
595
686
758
844
905
931
946
952
938
896
845
788
722
662
608
561
517
458
411
372
317
252
180
92
-25
-167
-322
-491
-679
-871
-1058
-1234
-1391
-1520
-1603
-1659
-1683
-1657
-1592
-1499
-1384
-1258
-1117
-981
-849
-722
-624
-546
-483
-445
-411
-380
-361
-343
-325
-307
-275
-226
-180
-128
-69
-26
17
47
62
63
41
2
-49
-100
-163
-228
-288
-347
-388
-414
-428
-419
-405
-377
-321
-250
-177
-100
-15
74
160
245
321
393
451
487
533
569
587
610
622
624
623
627
635
623
606
599
588
571
548
527
500
462
422
405
380
345
336
333
338
362
408
456
491
548
618
683
736
786
838
876
893
892
890
874
821
760
699
621
525
437
343
238
143
55
-36
-127
-218
-308
-384
-451
-530
-602
-668
-731
-782
-837
-888
-927
-961
-990
-1007
-1020
-1017
-1004
-989
-946
-901
-865
-811
-761
-720
-679
-642
-599
-565
-535
-498
-468
-446
-423
-388
-367
-351
-300
-267
-249
-210
-171
-141
-119
-91
-51
-31
-25
-4
7
6
-2
-13
-8
-12
-20
1
17
15
32
60
78
97
121
150
184
220
237
259
293
316
336
359
391
415
428
460
488
507
529
554
575
589
611
635
655
665
668
681
681
673
671
659
634
616
603
565
526
494
465
438
412
387
357
332
312
305
293
273
264
251
226
201
185
161
115
71
39
0
-58
-107
-144
-197
-262
-309
-359
-420
-482
-533
-574
-629
-679
-721
-763
-801
-833
-846
-852
-862
-854
-824
-794
-758
-722
-687
-640
-604
-577
-541
-516
-503
-487
-476
-464
-459
-444
-424
-409
-379
-347
-317
-271
-216
-165
-114
-56
-21
8
40
60
74
80
83
85
92
103
114
134
160
184
214
259
308
346
387
425
455
483
492
492
494
484
465
442
414
382
349
323
313
304
298
310
324
344
372
408
438
456
480
503
522
514
498
498
474
431
403
366
332
304
271
249
229
207
189
179
172
164
153
135
118
89
54
20
-27
-73
-122
-168
-204
-243
-270
-283
-286
-291
-296
-279
-270
-263
-237
-227
-222
-212
-218
-229
-240
-257
-274
-295
-315
-325
-337
-355
-362
-364
-370
-382
-382
-375
-373
-375
-376
-368
-380
-392
-387
-394
-416
-414
-401
-406
-404
-388
-371
-343
-311
-272
-230
-188
-148
-103
-59
-32
-7
25
50
72
102
120
132
151
165
180
186
186
191
193
192
190
197
203
204
211
225
238
252
270
291
316
336
367
380
390
406
399
399
387
358
329
286
255
229
188
158
135
113
104
109
120
125
137
156
173
192
201
205
211
213
215
211
197
178
160
152
138
122
111
96
75
59
45
14
-24
-60
-107
-158
-201
-244
-295
-338
-368
-390
-407
-413
-411
-406
-387
-356
-319
-287
-256
-224
-198
-171
-159
-145
-130
-138
-136
-133
-129
-128
-135
-130
-125
-125
-131
-123
-121
-138
-129
-126
-143
-144
-149
-161
-169
-174
-169
-169
-166
-160
-148
-122
-108
-92
-63
-34
-5
17
37
57
82
105
118
122
133
156
172
185
203
218
228
244
264
275
280
280
270
260
260
245
227
210
196
196
188
183
190
192
197
212
232
236
231
221
219
212
192
173
141
104
68
43
17
-17
-51
-77
-95
-104
-106
-113
-124
-134
-133
-133
-143
-152
-172
-177
-183
-198
-206
-225
-239
-240
-236
-227
-226
-216
-208
-200
-181
-169
-158
-154
-150
-141
-139
-132
-133
-129
-123
-122
-112
-102
-104
-91
-75
-64
-40
-18
-3
20
42
64
81
91
102
116
128
129
132
132
130
124
118
114
97
81
73
65
57
48
38
36
40
45
45
47
47
42
51
55
48
33
26
27
19
25
19
15
18
12
27
31
26
29
33
45
48
53
60
53
44
40
35
22
2
-9
-13
-14
-5
7
4
2
16
30
43
62
71
80
95
92
86
67
30
1
-30
-69
-103
-144
-176
-204
-235
-244
-250
-259
-254
-239
-216
-198
-171
-144
-123
-88
-74
-54
-27
-23
-13
7
14
22
30
35
47
63
73
95
114
124
134
145
147
139
136
134
114
92
74
50
32
18
3
-4
-6
-6
-5
6
23
41
57
73
93
109
114
124
136
140
144
152
156
147
143
139
131
118
108
101
81
61
40
25
5
-34
-65
-83
-100
-117
-129
-139
-152
-151
-147
-145
-140
-130
-113
-104
-87
-68
-56
-47
-44
-40
