-6
-8
-6
-7
-11
-10
-6
0
-2
-6
-5
-9
-6
-5
-9
-3
-6
-10
-3
-7
-5
-4
-5
-4
-4
0
3
-2
-4
1
-7
-8
0
-2
5
10
5
2
4
1
-1
4
1
-1
7
2
-6
-2
1
5
8
7
1
-1
10
17
8
9
18
19
21
14
10
14
12
12
16
11
12
7
0
8
4
-2
-2
2
5
4
8
-1
-4
5
4
-1
2
4
-6
0
2
-5
2
-3
-4
5
4
7
5
-2
-6
-8
-7
-4
-7
-4
-2
-9
-10
-7
-6
-9
-7
-6
-10
-9
-6
-10
-13
-18
-21
-16
-12
-12
-16
-13
-10
-18
-18
-14
-16
-5
-1
-6
2
1
-2
2
-5
-4
0
-7
-8
-2
-1
4
4
4
8
5
11
12
7
8
10
17
10
8
15
11
11
13
10
10
13
13
10
6
8
10
6
8
4
5
8
11
11
9
10
6
6
8
0
-4
-5
-6
-8
-15
-12
-9
-11
-7
-8
-10
-16
-17
-9
-12
-11
-8
-10
-8
-10
-2
-1
-6
3
0
0
5
-3
0
2
-7
0
-3
-3
1
3
10
8
5
0
6
7
-2
15
13
7
15
7
5
7
6
7
8
3
2
8
10
4
2
0
-5
-1
0
1
-1
-2
1
-1
1
4
1
0
-1
0
5
8
4
1
7
7
-4
-6
5
4
4
2
-4
1
-3
-5
-3
-4
2
3
-3
2
5
9
20
13
10
20
16
13
5
7
9
2
2
-7
-16
-15
-13
-16
-8
-9
-22
-17
-21
-20
-8
-9
-9
-3
5
4
4
10
4
4
5
2
-3
-11
-19
-25
-23
-25
-35
-33
-22
-20
-22
-23
-23
-13
-13
-12
-13
-16
-10
-17
-20
-21
-19
-10
-18
-19
-16
-25
-32
-28
-27
-33
-31
-25
-25
-25
-24
-21
-23
-17
-5
3
22
27
34
48
50
53
51
64
70
64
68
72
75
72
65
58
55
53
45
38
29
21
27
25
10
5
7
3
10
19
24
30
29
24
29
36
31
30
32
34
37
29
33
29
28
36
21
15
12
2
-8
-10
-16
-24
-29
-47
-51
-52
-71
-80
-84
-92
-88
-85
-84
-74
-83
-80
-76
-74
-64
-67
-64
-61
-48
-45
-44
-37
-30
-22
-32
-33
-24
-24
-24
-14
-3
-1
5
10
21
21
21
33
30
30
34
38
46
43
38
40
38
36
33
28
21
18
20
25
22
23
33
33
38
41
41
48
57
59
57
56
58
67
60
57
53
38
38
33
32
36
25
24
31
33
33
37
40
41
45
48
48
45
40
30
18
12
-2
-21
-28
-40
-59
-82
-104
-121
-134
-157
-187
-208
-227
-247
-261
-276
-280
-284
-280
-264
-238
-210
-182
-146
-117
-80
-40
-13
20
41
68
96
105
121
122
131
148
148
149
150
144
127
119
100
80
67
38
14
-7
-21
-21
-28
-31
-15
6
30
62
96
136
175
210
249
283
301
328
351
365
375
375
375
373
364
342
325
314
284
252
226
192
169
141
120
108
103
132
161
195
241
282
319
335
331
287
209
94
-67
-251
-468
-691
-910
-1126
-1303
-1425
-1490
-1503
-1451
-1341
-1180
-971
-745
-496
-246
-16
183
347
476
572
627
644
644
606
565
524
463
399
325
230
133
19
-106
-240
-380
-516
-645
-752
-829
-863
-868
-838
-752
-638
-502
-348
-182
-26
109
236
323
374
407
414
403
374
346
323
303
294
289
291
296
300
295
275
252
220
176
137
114
115
138
192
282
400
549
711
874
1025
1149
1239
1288
1277
1220
1141
1025
895
777
687
627
592
603
634
679
722
717
657
513
271
-64
-482
-963
-1487
-1993
-2440
-2821
-3071
-3158
-3099
-2877
-2506
-2026
-1474
-891
-319
219
664
992
1224
1338
1347
1287
1182
1057
910
777
673
590
514
444
358
224
52
-167
-440
-737
-1037
-1327
-1590
-1777
-1870
-1859
-1740
-1511
-1188
-825
-428
-2
372
665
898
1040
1071
1032
942
805
637
468
335
211
137
127
126
129
139
136
100
26
-75
-190
-344
-500
-605
-676
-701
-640
-486
-293
-60
224
517
779
994
1165
1258
1268
1235
1165
1058
929
830
781
752
763
843
932
997
1080
1153
1163
1125
1058
950
797
645
538
463
412
417
476
549
626
697
690
555
290
-107
-620
-1204
-1827
-2460
-3041
-3505
-3809
-3901
-3757
-3400
-2877
-2223
-1479
-711
36
720
1275
1652
1842
1887
1801
1609
1374
1121
851
598
413
301
231
194
153
59
-93
-286
-533
-849
-1198
-1533
-1867
-2147
-2278
-2259
-2127
-1854
-1437
-960
-462
66
558
934
1148
1260
1281
1128
895
686
420
122
-77
-167
-234
-244
-124
16
87
177
289
301
209
99
-51
-271
-489
-617
-673
-720
-665
-467
-211
70
425
826
1119
1315
1502
1632
1623
1546
1481
1347
1155
1025
988
981
1002
1091
1204
1297
1385
1479
1541
1497
1374
1226
1016
792
625
523
466
460
548
731
955
1162
1330
1403
1253
854
323
-324
-1174
-2113
-2987
-3801
-4539
-5024
-5129
-4977
-4633
-4002
-3140
-2224
-1289
-299
605
1261
1709
2002
2096
1997
1818
1600
1302
997
787
663
581
564
595
569
450
283
58
-303
-770
-1258
-1782
-2291
-2686
-2930
-3011
-2899
-2596
-2154
-1590
-935
-262
348
868
1268
1486
1556
1518
1350
1067
746
476
216
-1
-74
-72
-62
-5
125
235
254
233
168
-14
-273
-502
-694
-895
-1038
-1023
-912
-738
-409
51
513
942
1374
1741
1967
2107
2188
2129
1943
1750
1552
1328
1173
1130
1129
1160
1269
1420
1549
1676
1806
1835
1726
1557
1366
1115
875
768
712
657
720
925
1149
1331
1518
1584
1302
731
69
-750
-1826
-2953
-3942
-4907
-5800
-6287
-6283
-6034
-5567
-4723
-3653
-2590
-1469
-234
857
1613
2129
2472
2566
2445
2284
2051
1667
1287
1039
873
764
773
817
742
585
409
142
-271
-786
-1344
-1958
-2573
-3046
-3319
-3414
-3343
-3076
-2615
-2028
-1353
-634
57
658
1087
1397
1603
1607
1480
1310
1080
796
550
428
335
230
244
331
364
383
418
391
250
53
-122
-303
-512
-646
-663
-614
-515
-283
81
460
841
1230
1565
1796
1984
2145
2200
2159
2076
1940
1743
1576
1501
1449
1371
1340
1394
1444
1501
1662
1815
1800
1694
1594
1453
1291
1231
1208
1124
1089
1194
1323
1403
1516
1480
976
208
-519
-1444
-2691
-3829
-4768
-5852
-6860
-7216
-7037
-6786
-6283
-5260
-4108
-3069
-1815
-322
886
1674
2326
2788
2918
2887
2834
2620
2181
1753
1454
1196
1032
998
906
659
389
141
-211
-700
-1243
-1830
-2482
-3106
-3543
-3739
-3770
-3667
-3357
-2827
-2167
-1430
-631
189
855
1315
1709
1982
2034
1924
1736
1462
1104
810
629
458
340
346
394
438
508
592
583
440
266
80
-166
-422
-604
-697
-744
-688
-460
-112
290
719
1169
1583
1922
2225
2464
2582
2597
2557
2422
2216
2073
1984
1857
1725
1691
1710
1712
1781
1933
2025
1960
1844
1736
1580
1438
1345
1221
1101
1082
1103
1097
1173
1220
851
117
-585
-1366
-2547
-3786
-4709
-5666
-6792
-7447
-7375
-7102
-6785
-5969
-4742
-3646
-2548
-1099
358
1360
2060
2669
3014
3067
3038
2923
2556
2075
1688
1354
1089
982
913
675
340
95
-180
-655
-1198
-1712
-2336
-3061
-3594
-3817
-3926
-3964
-3758
-3311
-2775
-2116
-1256
-378
319
923
1466
1802
1977
2095
2040
1756
1461
1256
1014
800
753
774
738
742
845
897
844
760
611
342
31
-249
-506
-714
-822
-814
-715
-467
-62
393
862
1352
1830
2255
2574
2806
2954
2956
2831
2647
2487
2325
2088
1900
1815
1740
1703
1783
1917
1963
1930
1878
1787
1703
1651
1550
1419
1373
1355
1273
1270
1363
1118
355
-463
-1210
-2347
-3724
-4752
-5628
-6789
-7766
-7920
-7601
-7328
-6758
-5598
-4351
-3293
-1982
-350
1009
1860
2505
3064
3356
3364
3260
3071
2681
2146
1713
1485
1338
1158
925
621
282
-52
-413
-871
-1430
-2071
-2753
-3370
-3775
-3930
-3996
-3996
-3788
-3346
-2743
-1987
-1129
-348
326
904
1344
1726
2045
2144
1978
1754
1607
1435
1268
1228
1220
1116
1010
1009
1028
975
833
559
185
-151
-450
-759
-992
-1107
-1201
-1212
-952
-471
13
488
1041
1574
2022
2474
2872
3075
3103
3027
2871
2701
2584
2446
2196
1964
1877
1864
1930
2086
2205
2171
2041
1961
1946
1941
1864
1657
1473
1414
1316
1228
1286
1113
321
-700
-1473
-2384
-3710
-4837
-5627
-6672
-7756
-7997
-7498
-7094
-6677
-5628
-4315
-3278
-2073
-392
1101
1905
2434
3040
3431
3454
3386
3279
2899
2307
1848
1643
1527
1314
994
632
240
-135
-496
-924
-1481
-2144
-2829
-3431
-3821
-3967
-4025
-4072
-3926
-3468
-2834
-2140
-1328
-516
97
595
1111
1574
1862
1949
1895
1752
1607
1513
1420
1333
1266
1160
1029
996
1026
966
775
511
221
-98
-404
-672
-918
-1102
-1178
-1113
-853
-387
133
595
1078
1633
2153
2552
2863
3106
3158
3011
2882
2837
2702
2437
2211
2079
1974
1929
2046
2232
2300
2256
2201
2187
2195
2154
2005
1785
1624
1495
1291
1202
1250
899
-46
-1004
-1719
-2796
-4249
-5273
-6018
-7184
-8279
-8347
-7777
-7476
-7036
-5819
-4435
-3423
-2175
-383
1127
1906
2498
3191
3635
3672
3581
3459
3090
2500
2021
1820
1718
1497
1165
842
524
170
-225
-693
-1299
-2030
-2769
-3411
-3872
-4093
-4197
-4275
-4143
-3639
-2925
-2223
-1455
-587
117
596
1112
1679
2008
2010
1903
1830
1689
1505
1415
1371
1275
1147
1084
1083
1085
1015
816
533
244
-56
-397
-729
-973
-1140
-1261
-1228
-945
-519
-81
384
939
1545
2075
2503
2872
3130
3193
3119
3079
3075
2933
2662
2439
2299
2165
2103
2186
2285
2286
2232
2189
2208
2285
2299
2138
1937
1842
1693
1450
1382
1393
876
-224
-1180
-1958
-3218
-4677
-5620
-6424
-7650
-8628
-8513
-7901
-7584
-7015
-5713
-4360
-3361
-2063
-245
1215
1890
2425
3136
3552
3513
3433
3408
3059
2436
2021
1920
1795
1486
1141
824
465
71
-342
-846
-1484
-2216
-2965
-3587
-3962
-4142
-4266
-4286
-4019
-3457
-2763
-2019
-1203
-384
288
813
1359
1901
2202
2205
2143
2131
2010
1806
1691
1648
1514
1306
1218
1206
1092
887
640
333
-12
-358
-696
-1002
-1222
-1336
-1381
-1267
-936
-521
-111
374
1003
1619
2106
2544
2938
3175
3226
3207
3201
3149
2948
2674
2495
2364
2221
2141
2184
2250
2213
2118
2040
2008
2023
1958
1747
1565
1501
1353
1105
1106
1251
790
-286
-1095
-1712
-2961
-4472
-5337
-6034
-7359
-8496
-8390
-7792
-7661
-7267
-5906
-4461
-3549
-2290
-347
1202
1855
2411
3279
3786
3685
3564
3571
3233
2566
2119
1998
1838
1497
1137
844
552
243
-139
-673
-1298
-1963
-2713
-3395
-3779
-3960
-4173
-4328
-4072
-3458
-2847
-2189
-1317
-458
152
668
1304
1850
2038
2006
1994
1949
1775
1601
1511
1401
1232
1121
1111
1143
1123
1003
777
510
249
-65
-428
-763
-1061
-1310
-1451
-1391
-1141
-804
-421
49
634
1265
1842
2326
2765
3105
3236
3266
3311
3300
3126
2879
2730
2623
2459
2371
2419
2450
2399
2331
2296
2237
2141
2086
1967
1744
1582
1510
1352
1162
1181
1120
441
-556
-1289
-2144
-3574
-4893
-5617
-6531
-7920
-8668
-8341
-7990
-7930
-7154
-5637
-4484
-3629
-2099
-172
1045
1621
2405
3247
3484
3350
3415
3447
2999
2395
2118
2026
1816
1515
1262
1007
691
349
-87
-651
-1259
-1917
-2687
-3384
-3733
-3914
-4246
-4400
-3971
-3305
-2805
-2180
-1171
-293
177
740
1531
2026
2024
1973
2082
1997
1702
1532
1473
1319
1101
1050
1171
1257
1230
1102
918
707
451
130
-245
-613
-942
-1239
-1398
-1300
-1039
-763
-440
69
727
1314
1797
2314
2795
3027
3083
3197
3277
3115
2862
2717
2598
2448
2340
2322
2358
2398
2419
2406
2387
2343
2215
2074
1973
1780
1494
1280
1119
937
879
870
399
-509
-1258
-2021
-3295
-4543
-5242
-6145
-7556
-8376
-8148
-7863
-7859
-7138
-5724
-4688
-3831
-2249
-296
957
1589
2413
3310
3626
3540
3618
3663
3185
2469
2141
2104
1837
1382
1094
911
601
231
-114
-551
-1153
-1874
-2613
-3204
-3568
-3880
-4286
-4465
-4128
-3601
-3157
-2527
-1585
-792
-350
250
1139
1688
1723
1797
2032
2023
1755
1675
1765
1600
1288
1228
1373
1373
1205
1094
980
723
422
154
-165
-563
-924
-1179
-1345
-1299
-1053
-809
-542
-53
617
1188
1673
2276
2811
3039
3160
3379
3501
3377
3195
3113
3020
2824
2678
2685
2731
2713
2670
2686
2663
2500
2336
2262
2103
1756
1459
1295
1048
773
756
738
94
-898
-1562
-2336
-3713
-4934
-5552
-6486
-7920
-8583
-8192
-7942
-7975
-7149
-5651
-4664
-3803
-2063
-101
960
1532
2481
3398
3585
3501
3681
3632
2976
2337
2169
2082
1729
1340
1106
847
541
277
-52
-541
-1150
-1847
-2585
-3168
-3522
-3890
-4299
-4428
-4114
-3596
-3056
-2346
-1475
-686
-49
623
1408
1988
2103
2050
2136
2179
1981
1752
1697
1570
1252
1101
1231
1305
1152
952
828
657
375
64
-258
-660
-1098
-1411
-1535
-1490
-1328
-1116
-810
-301
385
1047
1600
2160
2669
2944
3116
3364
3483
3310
3081
2973
2856
2682
2611
2633
2596
2556
2591
2640
2640
2543
2384
2252
2077
1777
1477
1329
1147
818
733
792
258
-739
-1434
-2106
-3413
-4695
-5286
-6053
-7421
-8189
-7846
-7566
-7649
-6939
-5529
-4570
-3801
-2229
-343
730
1304
2244
3168
3400
3372
3608
3637
3076
2521
2405
2300
1917
1566
1352
1015
623
382
58
-506
-1092
-1690
-2416
-3053
-3385
-3710
-4221
-4446
-4161
-3768
-3365
-2683
-1829
-1142
-592
106
896
1415
1602
1677
1766
1797
1695
1605
1620
1546
1314
1209
1347
1447
1376
1260
1144
962
715
451
123
-278
-708
-1096
-1324
-1358
-1251
-1106
-902
-465
164
775
1344
1955
2509
2808
2998
3321
3554
3475
3299
3218
3115
2922
2818
2804
2711
2576
2508
2504
2515
2443
2246
2075
1976
1742
1424
1322
1274
958
719
796
509
-484
-1379
-1983
-3168
-4689
-5500
-6087
-7348
-8442
-8366
-7921
-7961
-7584
-6204
-4977
-4268
-2969
-988
462
1089
1892
2998
3471
3387
3585
3849
3475
2827
2640
2663
2332
1920
1738
1468
1060
777
494
-33
-689
-1348
-2107
-2853
-3317
-3688
-4239
-4620
-4480
-4101
-3747
-3141
-2230
-1460
-883
-141
767
1431
1695
1846
2028
2071
1935
1845
1840
1694
1398
1262
1367
1431
1349
1258
1156
966
743
526
217
-195
-622
-1043
-1350
-1413
-1322
-1261
-1128
-716
-148
390
946
1583
2145
2449
2713
3116
3386
3372
3274
3240
3156
2956
2839
2822
2707
2572
2559
2589
2580
2514
2391
2239
2121
1983
1752
1561
1440
1217
978
930
693
-163
-1113
-1832
-2897
-4244
-5150
-5827
-6985
-8128
-8274
-7907
-7890
-7583
-6416
-5275
-4541
-3331
-1475
15
749
1559
2705
3325
3379
3622
3898
3599
2990
2792
2816
2463
1998
1789
1528
1118
854
624
117
-581
-1219
-1867
-2592
-3114
-3485
-4030
-4517
-4504
-4178
-3896
-3469
-2710
-1911
-1292
-598
358
1146
1467
1678
2005
2174
2071
1972
2003
1877
1543
1405
1497
1473
1293
1154
1083
921
694
568
381
-27
-457
-825
-1139
-1325
-1375
-1387
-1364
-1133
-686
-201
334
1004
1594
1994
2422
2922
3308
3473
3490
3469
3387
3216
3066
2963
2834
2661
2518
2492
2531
2505
2392
2231
2096
2074
1976
1741
1592
1467
1149
809
785
766
66
-969
-1580
-2304
-3653
-4774
-5344
-6255
-7580
-8165
-7793
-7607
-7660
-6883
-5619
-4838
-3975
-2334
-661
224
866
1979
2919
3155
3369
3755
3648
3100
2836
2890
2660
2154
1857
1626
1171
830
695
310
-363
-971
-1485
-2114
-2730
-3127
-3577
-4179
-4432
-4214
-3968
-3706
-3127
-2367
-1686
-966
-1
916
1396
1686
2053
2272
2247
2136
2008
1756
1365
1111
1072
992
846
781
756
726
751
788
685
434
154
-99
-387
-646
-774
-936
-1142
-1123
-851
-502
-134
334
902
1397
1830
2349
2801
3018
3107
3167
3181
3124
3020
2913
2765
2597
2512
2487
2461
2430
2368
2290
2224
2151
2067
1981
1764
1440
1241
1173
1032
813
746
688
143
-698
-1191
-1740
-2969
-4177
-4835
-5647
-6897
-7647
-7498
-7461
-7778
-7305
-6056
-5125
-4363
-2936
-1231
-175
508
1636
2767
3131
3226
3548
3627
3250
2879
2746
2494
1958
1517
1265
959
695
512
160
-297
-688
-1128
-1668
-2165
-2538
-2981
-3542
-3820
-3721
-3626
-3564
-3190
-2521
-1861
-1237
-389
578
1164
1447
1871
2246
2252
2088
1976
1826
1491
1164
1096
997
735
610
607
614
682
764
785
674
489
338
97
-246
-494
-735
-1031
-1160
-1081
-914
-733
-458
42
577
1026
1567
2140
2511
2748
3015
3269
3336
3205
3087
3003
2799
2627
2571
2459
2336
2259
2225
2251
2202
2108
1988
1783
1674
1585
1295
1039
914
726
542
534
602
266
-540
-1130
-1631
-2671
-3712
-4355
-5174
-6350
-7171
-7143
-7009
-7210
-6848
-5854
-5102
-4359
-3004
-1414
-344
329
1320
2334
2716
2916
3265
3282
2858
2474
2357
2140
1642
1271
1089
751
445
362
171
-256
-663
-938
-1288
-1766
-2119
-2435
-2923
-3292
-3266
-3130
-3112
-2932
-2461
-1933
-1416
-721
122
724
1022
1409
1831
1955
1915
1857
1730
1455
1165
1126
1093
867
759
784
791
836
895
926
799
532
411
269
-49
-332
-615
-927
-1128
-1151
-1000
-842
-678
-311
164
669
1282
1864
2297
2646
2946
3223
3411
3418
3330
3195
3021
2874
2748
2580
2354
2109
1937
1895
1857
1753
1613
1382
1171
1095
973
789
669
515
307
194
256
193
-411
-1073
-1437
-2163
-3162
-3771
-4300
-5237
-6184
-6390
-6161
-6340
-6367
-5616
-4879
-4395
-3437
-2004
-860
-281
466
1568
2183
2388
2787
3007
2710
2323
2244
2179
1732
1271
1067
761
445
415
372
74
-256
-456
-668
-981
-1246
-1498
-1950
-2434
-2629
-2655
-2766
-2838
-2678
-2357
-1976
-1464
-753
-63
364
750
1286
1710
1903
1983
1971
1829
1568
1390
1303
1053
751
555
390
337
382
371
300
197
123
94
-2
-119
-249
-529
-785
-860
-824
-720
-646
-501
-147
245
696
1300
1877
2302
2619
2950
3301
3476
3473
3427
3247
2983
2761
2522
2287
2027
1696
1447
1326
1254
1196
1079
963
865
764
781
793
666
617
633
559
584
758
727
285
-224
-531
-1092
-1984
-2651
-3231
-4183
-5143
-5514
-5555
-5835
-6028
-5632
-5063
-4666
-3992
-2872
-1890
-1314
-636
343
1064
1342
1615
1901
1856
1638
1640
1699
1437
1087
973
923
817
799
828
638
297
134
40
-274
-661
-980
-1434
-2012
-2356
-2415
-2601
-2920
-2918
-2627
-2381
-2018
-1351
-680
-270
142
796
1331
1533
1665
1783
1712
1526
1454
1424
1210
938
811
732
666
667
674
591
450
426
466
374
200
79
-72
-283
-378
-307
-276
-343
-246
60
377
696
1103
1518
1804
2053
2408
2718
2837
2863
2857
2775
2637
2537
2441
2190
1864
1624
1431
1260
1129
1042
918
714
615
662
719
740
726
735
827
926
1041
1247
1396
1269
852
425
37
-722
-1753
-2577
-3385
-4469
-5418
-5827
-6039
-6476
-6671
-6201
-5616
-5164
-4363
-3211
-2239
-1559
-684
421
1157
1526
1960
2313
2338
2240
2256
2237
1961
1675
1595
1502
1368
1308
1204
954
687
513
262
-165
-558
-961
-1529
-2063
-2389
-2645
-3004
-3297
-3260
-3055
-2840
-2404
-1774
-1196
-705
-164
500
1033
1299
1535
1743
1776
1718
1682
1636
1444
1172
1051
972
831
788
789
707
616
618
641
529
357
253
112
-107
-262
-318
-411
-541
-503
-306
-108
102
411
782
1120
1450
1839
2191
2384
2508
2621
2696
2705
2654
2603
2479
2259
2121
2025
1861
1729
1665
1583
1442
1348
1406
1410
1252
1217
1296
1256
1182
1227
1286
1057
512
19
-445
-1257
-2211
-2963
-3756
-4776
-5655
-6075
-6277
-6554
-6600
-6160
-5639
-5118
-4238
-3102
-2082
-1259
-394
560
1262
1696
2134
2443
2445
2356
2308
2215
1980
1703
1555
1412
1210
1108
1003
723
439
248
1
-371
-789
-1172
-1636
-2180
-2530
-2740
-3035
-3273
-3278
-3090
-2780
-2358
-1762
-1103
-560
6
656
1217
1633
1883
2029
2126
2052
1900
1773
1541
1240
996
835
726
589
502
497
449
425
465
416
272
140
13
-156
-354
-497
-614
-774
-847
-767
-642
-490
-231
121
504
927
1390
1831
2195
2510
2792
3009
3131
3184
3157
3021
2847
2671
2473
2223
1963
1778
1598
1381
1236
1141
1041
975
946
948
986
1014
1011
1025
1039
906
501
-13
-460
-1134
-2043
-2790
-3481
-4363
-5212
-5675
-5833
-6053
-6148
-5779
-5250
-4769
-4035
-3006
-2024
-1256
-470
431
1135
1554
1916
2193
2229
2133
2082
2014
1780
1478
1286
1114
906
787
715
512
244
100
-26
-303
-621
-904
-1277
-1739
-2093
-2309
-2577
-2884
-2999
-2894
-2692
-2388
-1900
-1321
-775
-189
494
1127
1610
1974
2221
2323
2320
2254
2057
1737
1424
1149
843
576
423
279
109
17
51
91
28
-40
-55
-135
-275
-388
-499
-655
-810
-851
-751
-616
-454
-201
124
530
1033
1585
2100
2515
2889
3213
3418
3547
3599
3466
3177
2888
2628
2276
1867
1540
1258
960
747
667
602
470
419
532
668
726
816
957
995
978
1055
1144
962
486
33
-402
-1096
-1881
-2518
-3233
-4135
-4872
-5191
-5391
-5687
-5711
-5345
-4964
-4527
-3738
-2810
-2114
-1535
-758
42
555
956
1368
1561
1552
1617
1745
1712
1535
1415
1359
1212
1115
1154
1050
780
613
537
325
-20
-350
-723
-1246
-1714
-1939
-2186
-2561
-2820
-2861
-2764
-2577
-2233
-1747
-1282
-835
-240
454
1052
1481
1757
1981
2130
2118
2078
1958
1600
1196
907
679
450
217
34
-145
-315
-310
-217
-252
-305
-314
-322
-291
-246
-189
-187
-278
-274
-121
58
203
351
592
899
1211
1608
2065
2347
2477
2705
2967
3076
3053
2974
2819
2545
2287
2142
1931
1579
1256
1037
884
795
749
710
627
554
660
865
964
1014
1076
1120
1119
1135
1202
1035
515
13
-402
-1023
-1804
-2498
-3193
-4048
-4796
-5155
-5363
-5695
-5871
-5655
-5281
-4864
-4197
-3339
-2601
-2001
-1262
-371
322
782
1221
1561
1690
1752
1879
1908
1710
1497
1440
1375
1242
1200
1144
938
730
656
580
318
-8
-296
-667
-1109
-1434
-1683
-2058
-2433
-2576
-2551
-2491
-2327
-1960
-1527
-1112
-545
157
755
1201
1622
2005
2204
2255
2288
2176
1821
1458
1205
869
438
112
-141
-439
-672
-687
-621
-656
-667
-532
-391
-319
-216
-56
12
-20
52
205
302
377
511
670
802
985
1265
1511
1683
1895
2123
2282
2395
2523
2599
2530
2427
2379
2258
2024
1809
1631
1387
1107
930
816
624
451
408
403
389
447
582
673
717
843
998
1052
1073
1081
906
503
85
-333
-981
-1779
-2471
-3159
-3981
-4702
-5104
-5396
-5756
-5863
-5584
-5212
-4801
-4135
-3248
-2442
-1752
-933
-38
627
1093
1549
1907
2055
2086
2137
2103
1892
1679
1550
1388
1192
1078
969
802
669
594
470
236
-16
-258
-599
-967
-1242
-1542
-1940
-2273
-2423
-2471
-2463
-2322
-2035
-1685
-1315
-814
-205
341
797
1235
1641
1905
2044
2128
2078
1848
1550
1278
955
566
224
-44
-294
-502
-590
-607
-637
-617
-499
-354
-244
-122
24
127
210
314
430
509
527
572
656
744
850
978
1125
1250
1399
1596
1781
1931
2063
2177
2239
2283
2331
2295
2182
2048
1897
1694
1448
1216
975
692
445
276
146
39
-20
13
155
292
397
594
816
927
1021
1154
1181
926
518
200
-248
-983
-1658
-2237
-2980
-3751
-4248
-4519
-4824
-5091
-5025
-4752
-4514
-4079
-3375
-2709
-2158
-1530
-768
-141
258
661
1044
1184
1212
1341
1404
1259
1091
1081
1080
970
955
1038
978
854
879
937
818
609
424
190
-179
-552
-836
-1229
-1711
-2040
-2234
-2394
-2489
-2453
-2293
-2086
-1775
-1267
-719
-277
188
699
1136
1495
1782
1987
2007
1868
1783
1666
1379
1077
822
549
282
121
79
2
-113
-103
15
86
147
253
313
291
275
324
333
222
120
91
56
62
187
346
449
568
798
1079
1309
1532
1785
1957
2043
2166
2298
2301
2168
2012
1873
1654
1391
1170
935
635
348
200
110
-23
-113
-96
-26
47
207
440
596
706
901
1116
1242
1324
1378
1256
932
611
298
-231
-906
-1515
-2153
-2906
-3554
-3944
-4292
-4705
-4909
-4823
-4689
-4510
-4089
-3518
-3036
-2554
-1877
-1172
-651
-206
267
637
851
1050
1282
1378
1330
1342
1411
1406
1365
1390
1394
1288
1214
1211
1120
885
629
384
38
-371
-720
-1074
-1511
-1915
-2172
-2320
-2426
-2444
-2319
-2115
-1834
-1404
-859
-323
179
711
1217
1645
2041
2352
2496
2497
2449
2362
2157
1866
1578
1245
859
523
288
55
-229
-450
-548
-635
-743
-783
-745
-723
-740
-693
-561
-459
-403
-305
-132
40
193
397
611
779
937
1124
1307
1464
1573
1638
1678
1723
1760
1717
1630
1543
1430
1270
1100
974
821
627
478
389
328
273
237
264
324
390
489
622
749
861
981
1075
1159
1249
1280
1228
1123
1006
786
392
-30
-444
-991
-1622
-2180
-2687
-3271
-3834
-4185
-4408
-4626
-4728
-4610
-4384
-4113
-3711
-3157
-2572
-2050
-1501
-907
-382
65
467
792
1010
1172
1311
1407
1429
1424
1441
1403
1352
1374
1364
1282
1192
1130
1031
834
629
430
156
-192
-507
-789
-1102
-1400
-1618
-1730
-1785
-1795
-1690
-1477
-1208
-889
-510
-61
385
768
1168
1562
1855
2053
2181
2228
2186
2067
1895
1685
1407
1076
757
459
189
-66
-310
-496
-652
-793
-878
-910
-923
-940
-923
-852
-768
-679
-558
-411
-279
-143
40
246
427
589
763
942
1078
1198
1339
1435
1465
1487
1519
1516
1447
1378
1313
1186
1054
961
870
760
640
536
460
378
309
277
241
206
209
231
267
324
371
414
445
488
550
561
552
556
543
496
432
381
249
-6
-292
-572
-919
-1349
-1761
-2170
-2644
-3084
-3389
-3611
-3820
-3942
-3915
-3803
-3618
-3291
-2877
-2472
-2041
-1549
-1054
-608
-200
168
460
678
885
1082
1209
1269
1325
1386
1437
1497
1573
1636
1630
1613
1620
1579
1468
1291
1065
794
480
171
-158
-512
-861
-1178
-1428
-1587
-1648
-1664
-1622
-1473
-1242
-936
-582
-214
161
511
850
1180
1451
1658
1768
1787
1787
1765
1660
1488
1298
1082
834
592
405
218
-18
-221
-352
-470
-591
-689
-753
-822
-881
-875
-832
-784
-744
-665
-525
-343
-121
98
298
504
727
958
1155
1306
1435
1495
1488
1490
1485
1406
1253
1097
944
775
608
465
326
166
25
-59
-103
-145
-185
-217
-222
-206
-192
-163
-147
-133
-105
-63
15
102
163
222
305
425
548
639
717
783
797
770
725
613
395
98
-235
-594
-999
-1442
-1865
-2288
-2699
-3014
-3237
-3374
-3418
-3379
-3230
-2983
-2655
-2249
-1819
-1367
-897
-452
-29
363
686
944
1148
1313
1449
1520
1538
1540
1517
1493
1470
1434
1388
1309
1205
1112
1019
886
703
485
259
25
-226
-487
-736
-976
-1205
-1367
-1445
-1467
-1448
-1388
-1242
-1033
-800
-525
-230
41
297
550
785
968
1092
1181
1217
1223
1222
1183
1105
999
901
808
697
578
456
311
130
-31
-171
-337
-531
-711
-862
-1000
-1114
-1161
-1149
-1127
-1064
-923
-724
-524
-306
-56
197
424
637
855
1011
1103
1172
1205
1207
1162
1081
984
860
729
627
536
434
327
254
223
193
168
176
181
163
167
218
252
245
262
304
312
305
348
392
393
411
470
507
531
580
624
652
656
649
635
585
511
429
294
108
-100
-329
-591
-875
-1154
-1421
-1698
-1956
-2147
-2294
-2402
-2446
-2430
-2344
-2192
-1972
-1701
-1407
-1077
-741
-427
-109
196
446
637
787
904
974
997
1003
993
937
849
800
765
679
586
519
457
372
259
161
55
-97
-255
-380
-497
-642
-804
-926
-1010
-1073
-1104
-1076
-1012
-927
-792
-615
-417
-218
-30
164
347
512
671
790
865
922
926
903
864
785
688
558
422
311
177
41
-69
-181
-282
-358
-406
-431
-457
-467
-437
-383
-317
-228
-137
-44
68
181
295
403
489
570
653
722
780
822
829
826
809
781
758
699
628
569
496
419
361
305
241
166
113
102
74
35
28
28
8
-11
9
45
66
87
153
229
281
357
439
494
543
585
616
623
612
586
536
467
394
303
175
34
-88
-206
-353
-502
-613
-724
-856
-960
-1041
-1137
-1244
-1323
-1351
-1385
-1430
-1440
-1415
-1399
-1363
-1274
-1178
-1083
-970
-823
-656
-509
-352
-185
-49
78
214
327
409
481
537
560
559
552
544
477
384
321
268
196
114
59
7
-69
-128
-156
-193
-238
-267
-292
-302
-295
-289
-280
-262
-226
-176
-120
-48
36
112
183
266
361
439
490
545
593
616
628
626
612
575
520
475
416
339
273
213
160
126
99
83
74
61
55
58
77
95
102
108
109
126
142
147
159
164
169
199
229
254
288
329
371
411
450
484
489
475
468
445
388
320
256
187
107
52
-2
-63
-108
-139
-134
-128
-109
-80
-64
-28
7
40
67
70
50
25
5
-35
-82
-133
-201
-256
-300
-337
-374
-419
-440
-466
-505
-531
-564
-598
-644
-686
-698
-714
-734
-749
-755
-754
-757
-722
-666
-657
-637
-574
-496
-434
-373
-288
-229
-184
-111
-30
42
88
124
169
212
245
268
282
272
240
222
214
180
131
87
39
-2
-33
-64
-90
-113
-122
-107
-94
-65
-30
-11
22
68
123
167
198
240
271
301
350
401
441
459
481
526
560
580
600
614
622
632
648
655
641
622
601
589
579
565
561
541
512
494
475
440
397
362
320
263
225
199
158
107
60
28
5
-29
-62
-85
-109
-127
-152
-173
-172
-199
-242
-251
-268
-313
-367
-400
-423
-471
-517
-534
-552
-581
-598
-585
-567
-560
-545
-502
-467
-451
-424
-391
-372
-380
-381
-377
-389
-402
-424
-444
-448
-463
-475
-468
-453
-435
-398
-353
-307
-253
-207
-162
-116
-79
-55
-37
-4
18
29
42
49
58
84
109
130
161
189
211
239
264
287
300
298
305
311
305
286
263
243
206
169
149
108
60
29
-2
-19
-33
-49
-39
-24
-1
36
81
120
172
227
272
330
394
436
466
493
511
528
540
540
536
519
508
512
506
489
474
464
443
427
414
377
346
315
270
228
187
150
107
53
16
1
-19
-31
-25
-14
-16
-18
3
17
8
0
5
7
-7
-30
-67
-108
-152
-196
-228
-273
-315
-347
-373
-395
-415
-426
-460
-504
-526
-540
-545
-566
-588
-594
-607
-612
-596
-571
-553
-533
-485
-418
-355
-293
-226
-169
-126
-77
-26
5
10
11
14
5
-3
-14
-33
-49
-62
-57
-40
-28
-3
24
40
58
73
84
90
75
67
64
43
18
3
-16
-46
-61
-56
-47
-44
-52
-30
1
23
71
105
133
156
178
209
214
218
234
239
246
248
252
258
248
245
243
222
202
197
202
195
194
208
215
194
194
211
204
199
213
218
203
192
197
199
196
190
185
185
174
168
170
147
112
98
79
44
10
-8
-27
-65
-82
-108
-149
-179
-201
-209
-221
-229
-229
-231
-234
-232
-219
-211
-208
-201
-194
-182
-160
-154
-147
-152
-167
-162
-164
-178
-190
-189
-190
-205
-195
-178
-170
-161
-131
-97
-77
-62
-55
-41
-28
-26
-10
1
0
-2
1
5
12
24
30
48
74
96
129
160
186
208
218
224
240
248
233
215
205
180
145
111
83
55
29
30
35
26
24
22
25
32
37
37
31
37
41
42
53
50
44
37
18
14
22
31
31
39
48
49
59
56
51
49
32
12
4
-17
-55
-83
-97
-114
-134
-142
-144
-149
-149
-130
-106
-93
-79
-62
-40
-19
-5
12
18
16
12
4
-2
-7
-6
-11
-25
-29
-33
-33
-43
-54
-45
-50
-67
-79
-101
-122
-145
-167
-188
-218
-245
-265
-281
-283
-278
-270
-255
-231
-202
-158
-115
-71
-21
16
42
82
124
142
159
185
202
204
201
201
201
184
161
154
149
141
130
114
109
103
90
84
84
88
86
90
107
119
112
105
101
102
100
99
105
98
93
89
83
85
74
72
90
86
80
88
99
101
94
89
81
79
76
63
57
40
32
23
9
-2
-28
-38
-47
-54
-60
-61
-47
-48
-45
-31
-12
-5
-10
-1
3
-5
0
9
16
18
11
6
3
-6
-5
-4
-23
-19
-9
-17
-17
-12
-9
-15
-20
-19
-17
-35
-63
-65
-70
-93
-113
-114
-125
-148
-160
-165
-164
-175
-188
-175
-165
-154
-138
-125
-114
-105
-96
-86
-73
-79
-90
-94
-91
-93
-96
-88
-99
-93
-79
-83
-69
-53
-39
-30
-16
8
18
31
37
41
46
44
40
44
51
47
47
57
64
72
83
89
93
102
112
119
115
108
104
95
86
76
59
37
28
36
31
29
29
27
28
33
46
60
71
81
84
99
114
112
116
117
107
102
92
78
71
70
58
45
41
20
-1
-21
-34
-39
-50
-54
-55
-60
-60
-59
-50
-35
-37
-40
-23
-10
0
17
23
23
33
34
39
54
57
57
58
59
61
61
58
65
62
49
40
21
-13
-42
-66
-87
-115
-139
-156
-176
-189
-199
-193
-179
-181
-171
-155
-138
-106
-78
-64
-49
-32
-16
-11
-8
6
6
5
16
19
26
29
37
44
45
53
57
57
51
49
53
53
55
48
42
39
36
34
39
39
32
34
33
35
37
39
41
37
44
41
44
49
52
51
53
60
55
57
65
74
71
68
82
86
85
89
91
91
87
81
67
49
34
17
1
-20
-42
-61
-75
-84
-95
-109
-108
-108
-115
-102
-86
-83
-83
-78
-69
-69
-66
-58
-56
-57
-61
-70
-68
-71
-84
-84
-78
-68
-64
-54
-46
-45
-27
-9
8
23
20
20
32
35
25
22
13
6
3
-10
-6
-3
-17
-24
-24
-20
-23
-22
-20
-20
-6
12
16
11
20
12
15
24
16
21
29
32
37
44
50
49
47
40
39
50
52
42
29
20
12
4
7
-5
-12
-10
-17
-15
-20
-31
-37
-37
-35
-47
-47
-52
-59
-54
-65
-64
-46
-46
-42
-22
-8
7
28
53
69
82
90
101
111
114
112
102
96
84
72
63
55
44
37
27
18
15
5
2
3
-2
4
-1
0
-6
-16
-20
-27
-22
-22
-20
-19
-18
-10
-8
-5
-4
-3
-2
-3
1
-4
-13
-19
-22
-25
-31
-35
-46
-56
-58
-61
-71
-73
-66
-71
-74
-64
-59
-56
-53
-42
-34
-33
-27
-32
-28
-19
-17
-14
-6
2
-1
0
2
4
7
6
11
13
10
14
14
11
14
12
7
3
-1
-3
-6
-13
-21
-15
-22
-34
-31
-30
-33
-41
-38
-32
-40
-36
-16
-7
-6
-1
10
13
11
23
37
41
35
35
40
29
21
21
23
20
17
28
25
21
31
32
31
32
30
26
33
43
45
45
47
43
28
28
28
26
31
33
30
25
29
34
34
37
40
42
44
45
45
42
47
50
46
47
48
39
31
35
36
30
33
33
34
39
40
44
41
34
34
37
26
11
0
-7
-10
-15
-26
-30
-32
-38
-45
-43
-49
-46
-32
-24
-23
-31
-25
-25
-33
-31
-40
-49
-57
-54
-53
-65
-66
-63
-62
-55
-51
-56
-53
-47
-49
-39
-43
-53
-55
-54
-57
-65
-64
-67
-66
-68
-73
-61
-55
-50
-38
-36
-28
-26
-31
-22
-19
-16
-15
-19
-18
-17
-20
-22
-25
-23
-20
-10
5
11
18
26
38
45
51
46
48
59
60
68
71
64
62
64
62
63
65
58
55
56
50
49
40
30
25
14
12
-1
-18
-22
-27
-26
-29
-33
-28
-24
-18
-6
10
24
30
36
38
43
52
52
58
54
52
59
52
46
47
39
32
36
33
27
27
27
24
20
23
21
14
14
17
6
5
6
4
2
-11
-5
-3
-8
-5
-15
-10
-4
-5
-3
1
8
9
8
11
17
11
4
7
1
-13
-16
-32
-39
-44
-63
-70
-76
-82
-85
-96
-101
-88
-82
-81
-72
-62
-55
-46
-27
-19
-14
-2
5
11
11
15
20
15
16
18
16
14
12
9
6
6
3
9
12
7
12
16
15
6
2
0
-6
-6
-11
-15
-13
-12
-5
-3
-3
-1
5
15
12
13
22
24
29
37
31
28
32
29
28
26
27
26
28
23
14
15
13
9
11
7
13
8
-3
-11
-19
-18
-27
-32
-37
-44
-40
-38
-38
-44
-31
-25
-29
-21
-21
-22
-14
-4
5
2
-3
5
5
2
8
5
4
9
13
10
11
18
14
15
23
24
21
14
8
9
9
4
5
3
-1
1
0
6
9
6
7
13
21
21
21
33
31
30
30
32
32
24
27
22
21
27
30
29
25
23
27
28
19
16
11
6
7
9
10
10
9
5
2
6
1
-5
-7
-8
-7
-13
-21
-20
-22
-33
-37
-43
-50
-47
-57
-64
-62
-57
-51
-52
-54
-51
-42
-38
-36
-28
-24
-16
-14
-11
-1
3
5
10
11
16
14
11
8
5
8
-1
-8
-7
-12
-13
-16
-19
-15
-18
-24
-23
-27
-30
-27
-23
-20
-19
-16
-18
-22
-18
-18
-22
-21
-14
-13
-10
1
0
5
13
10
21
29
26
28
29
19
21
22
12
10
8
0
3
-3
-12
-8
-12
-5
1
9
24
21
29
40
44
51
58
57
53
54
49
51
52
45
41
49
46
36
32
29
21
10
19
18
6
11
7
-1
4
0
-6
-7
-14
-15
-18
-15
-12
-24
-21
-24
-18
-6
-15
-15
-18
-17
-9
-9
-4
10
7
0
12
15
8
7
0
-4
-1
-1
-9
-19
-18
-18
-19
-19
-23
-29
-35
-30
-32
-35
-29
-37
-35
-21
-14
-13
-11
-6
-8
-7
-4
-2
4
10
22
24
28
38
32
33
32
22
20
17
18
11
8
1
-2
-3
-6
-10
-17
-19
-24
-25
-21
-22
-22
-25
-24
-16
-14
-18
-25
-22
-21
-22
-17
-24
-20
-10
-11
-4
3
10
15
17
18
21
33
33
30
35
36
40
47
39
34
25
26
26
17
20
17
10
11
16
15
10
5
0
2
-2
-7
-10
-18
-17
-20
-24
-26
-24
-21
-28
-31
-27
-25
-26
-22
-20
-25
-19
-13
-15
-8
-8
-14
-11
-8
-15
-14
-11
-18
-6
5
6
9
4
2
6
3
1
-2
-10
-8
-10
-12
-13
-23
-25
-29
-29
-29
-30
-28
-30
-22
-12
-7
3
9
7
17
21
19
20
25
27
27
33
28
32
37
35
42
37
38
40
33
33
34
30
31
33
28
26
17
13
11
1
-1
-2
-3
-3
0
4
0
6
6
4
15
15
11
8
11
13
16
23
25
24
24
21
20
15
16
16
8
9
4
4
-1
-8
-5
-5
0
-8
-21
-13
-12
-11
-7
-10
-7
-5
-6
-2
3
2
0
-5
-15
-13
-8
-10
-16
-17
-16
-18
-22
-28
-30
-25
-33
-32
-32
-37
-33
-40
-39
-28
-26
-25
-23
-25
-26
-22
-18
-14
-16
-17
-18
-12
-4
-2
-6
-7
-2
2
3
6
4
