15
7
1
6
-1
-5
0
2
5
7
8
8
6
6
6
-2
7
9
6
10
2
-1
-7
-7
-6
-8
0
-5
-3
0
-4
0
0
-1
1
0
5
9
1
5
9
-2
-7
-2
-1
-5
-3
-2
-4
-4
-5
-4
-7
-3
0
-6
-10
-13
-11
-10
-11
-5
-2
-10
-4
-2
-14
-10
-6
-3
7
6
3
3
-3
-10
-14
-11
-10
-9
2
1
0
6
-2
-2
5
2
7
10
5
0
5
6
4
4
-7
-10
-6
-11
-7
-7
-5
-4
-12
-8
-4
0
4
-3
-2
2
0
-3
-5
2
7
2
-1
-3
-1
9
6
3
5
10
7
0
4
2
7
7
0
2
-3
2
9
6
11
11
7
6
5
5
4
1
4
10
-1
2
1
2
8
-1
2
5
7
7
3
3
4
1
3
9
5
5
3
-3
-5
1
2
1
5
2
0
0
1
0
-2
-2
-2
-5
-6
-12
-9
-9
-9
0
-9
-9
-5
-7
-1
-4
-2
-1
-7
-1
-2
-14
-10
-3
0
5
-3
-5
-1
2
7
5
5
1
4
3
-8
-1
5
0
3
1
2
9
6
0
4
5
2
1
3
-1
-4
-3
-15
-21
-10
-4
-2
-2
-10
-15
-5
-5
-6
3
6
4
4
-2
-5
-3
-5
-6
-10
-11
-11
-11
-4
5
5
1
-4
-3
-1
-4
1
4
-3
0
9
5
6
7
8
14
10
9
8
6
10
5
2
3
4
6
4
3
6
4
14
19
9
8
13
13
10
5
-3
0
9
6
5
8
10
5
6
12
3
-3
-3
-7
-7
-4
-6
-14
-16
-8
-13
-14
-16
-15
-9
-16
-19
-17
-9
2
-6
-5
-3
-5
-4
-2
-5
-8
-3
-6
-11
-12
-8
-10
-8
-5
-3
-1
5
9
5
10
8
9
11
14
19
16
17
13
12
10
8
17
12
13
14
11
14
12
16
16
10
9
11
11
7
6
0
-2
-1
2
2
1
3
-1
5
6
2
7
-2
-7
-3
-3
1
-2
-2
3
-6
-9
-5
-7
-9
-11
-12
-14
-9
-11
-6
-5
-15
-11
-6
-11
-12
-8
1
-7
-9
2
-9
-10
-4
-1
7
-4
-11
-11
-14
-4
3
1
5
5
4
3
0
-1
0
2
0
3
7
8
8
5
4
9
20
14
6
13
19
13
6
11
8
1
2
6
4
-4
-8
-10
-11
-14
-18
-14
-13
-4
-1
-11
-9
-3
1
0
7
14
5
12
19
13
15
9
6
4
-5
-5
-10
-3
2
-19
-23
-17
-14
-13
-19
-19
-17
-10
-6
-2
1
7
9
7
11
10
12
19
16
15
17
17
15
10
7
7
10
5
7
5
-7
-7
-5
-7
-2
-5
-4
5
9
12
13
14
13
9
7
3
4
2
0
1
-6
-8
-9
-15
-18
-17
-15
-7
-5
-4
1
6
10
9
9
16
19
12
12
12
9
13
22
25
27
15
6
12
10
4
5
5
-5
-13
-19
-25
-28
-29
-31
-26
-19
-18
-11
-12
-12
-1
-1
-1
0
-8
-9
-11
-23
-31
-27
-20
-30
-35
-28
-24
-18
-9
-6
-6
2
10
15
22
23
30
32
30
33
40
39
29
22
10
-3
-8
-21
-39
-45
-53
-57
-68
-75
-78
-81
-69
-63
-50
-33
-11
22
43
73
100
122
145
159
180
194
189
185
175
159
146
125
100
71
39
5
-39
-78
-120
-156
-185
-214
-231
-234
-221
-201
-178
-139
-89
-42
-2
41
81
102
127
135
118
110
96
66
39
12
-13
-38
-58
-73
-94
-97
-99
-111
-111
-103
-88
-67
-52
-28
6
49
89
123
156
177
189
192
170
149
122
73
29
-17
-63
-104
-143
-167
-194
-217
-222
-239
-239
-240
-240
-223
-203
-173
-124
-70
-11
53
121
185
235
267
287
286
268
227
174
112
41
-15
-65
-101
-114
-119
-92
-51
-8
56
118
176
240
293
344
386
433
470
490
509
503
485
443
369
273
139
-25
-206
-380
-554
-708
-829
-918
-943
-921
-855
-736
-599
-437
-258
-93
64
196
304
368
406
438
439
417
387
356
300
236
178
98
10
-85
-183
-276
-385
-470
-528
-573
-568
-533
-466
-355
-233
-81
83
235
371
472
548
588
592
569
519
446
352
265
181
99
25
-42
-97
-143
-179
-223
-261
-291
-327
-348
-353
-338
-308
-261
-189
-104
-5
99
207
303
370
415
440
438
405
354
288
206
123
51
-22
-82
-127
-171
-189
-182
-190
-192
-182
-175
-179
-192
-196
-196
-197
-187
-162
-124
-77
-20
44
108
157
194
222
227
209
179
139
93
57
22
-6
-17
-19
-8
14
37
56
72
75
71
49
18
-4
-42
-87
-147
-223
-300
-371
-427
-455
-471
-474
-419
-337
-253
-124
13
134
233
309
377
393
371
338
269
181
107
38
-38
-101
-141
-153
-153
-126
-66
5
80
170
284
395
501
603
695
780
838
895
966
1043
1118
1182
1238
1287
1297
1235
1099
865
527
68
-457
-981
-1530
-2075
-2498
-2765
-2932
-2943
-2730
-2388
-1990
-1529
-1003
-492
-74
292
609
815
927
1007
1076
1101
1110
1132
1155
1166
1143
1089
980
794
519
160
-220
-608
-1036
-1437
-1731
-1929
-2038
-2033
-1860
-1565
-1248
-858
-388
42
390
700
948
1083
1127
1127
1110
1050
952
898
875
851
850
855
832
771
668
511
300
52
-237
-548
-824
-1038
-1205
-1309
-1300
-1196
-1048
-851
-579
-297
-70
125
303
410
435
456
448
386
324
296
312
326
369
460
539
599
659
688
659
583
480
333
136
-39
-174
-318
-444
-485
-467
-425
-352
-217
-74
19
131
269
388
460
525
626
701
749
828
925
1000
1064
1147
1265
1393
1514
1637
1739
1814
1823
1736
1598
1346
898
284
-380
-1053
-1837
-2619
-3206
-3656
-4048
-4244
-4085
-3734
-3376
-2882
-2182
-1524
-1023
-491
75
446
618
806
1039
1174
1227
1346
1535
1651
1705
1789
1860
1811
1572
1237
888
412
-194
-788
-1300
-1783
-2259
-2559
-2603
-2536
-2411
-2138
-1685
-1219
-826
-388
52
337
463
570
679
663
576
546
519
444
412
486
549
559
598
658
638
565
539
429
162
-63
-213
-425
-629
-675
-655
-678
-593
-318
-29
163
401
711
905
1003
1180
1393
1481
1506
1645
1833
1965
2107
2294
2446
2504
2549
2595
2611
2624
2575
2474
2443
2468
2373
2148
1927
1551
737
-281
-1145
-2148
-3532
-4776
-5544
-6260
-6983
-7086
-6551
-6053
-5568
-4541
-3199
-2144
-1229
-115
879
1414
1752
2179
2538
2637
2592
2607
2715
2808
2794
2771
2835
2754
2317
1762
1362
799
-200
-1251
-2023
-2789
-3706
-4344
-4460
-4439
-4495
-4214
-3417
-2562
-1901
-1155
-244
461
897
1383
1913
2227
2343
2441
2525
2538
2522
2392
2032
1672
1417
946
339
25
-256
-935
-1558
-1657
-1738
-2165
-2344
-2077
-1965
-2011
-1644
-1025
-703
-491
-24
445
701
994
1346
1470
1485
1667
1845
1888
2025
2254
2279
2234
2462
2715
2646
2529
2600
2557
2253
2057
2076
1871
1399
1153
1212
1191
1094
1282
1631
1749
1728
1891
2014
1562
585
-415
-1424
-2803
-4344
-5492
-6292
-7168
-7857
-7681
-6823
-6051
-5300
-3989
-2402
-1279
-440
693
1753
2029
1863
2052
2413
2308
1936
1977
2308
2312
2141
2400
2906
2873
2307
1915
1726
1087
-84
-1127
-1866
-2836
-4055
-4781
-4792
-4747
-4906
-4644
-3632
-2495
-1712
-825
463
1464
1738
1940
2457
2552
1843
1188
977
535
-119
-297
-131
-132
-80
330
743
946
1188
1274
901
496
314
-160
-968
-1445
-1598
-1978
-2291
-1900
-1207
-852
-434
506
1469
2007
2495
3130
3445
3319
3214
3265
3146
2828
2612
2534
2492
2575
2842
3089
3191
3310
3410
3373
3388
3470
3297
2879
2668
2606
2198
1660
1337
582
-978
-2367
-3199
-4540
-6396
-7530
-8070
-9056
-9886
-9287
-8099
-7647
-7040
-5300
-3467
-2406
-1192
607
1904
2291
2672
3480
4100
4129
3930
3902
4006
3874
3470
3313
3448
3066
1969
1170
981
311
-1213
-2472
-3019
-3913
-5299
-5901
-5576
-5541
-5939
-5579
-4245
-3042
-2314
-1272
189
1171
1503
1927
2546
2707
2207
1627
1419
1297
960
664
679
902
1007
998
1248
1676
1727
1276
844
675
312
-470
-1193
-1546
-1865
-2293
-2345
-1789
-1102
-657
-98
906
1952
2617
3098
3652
4008
3956
3813
3796
3695
3382
3056
2912
2991
3181
3302
3368
3504
3617
3567
3539
3639
3478
3022
2745
2562
2087
1602
1256
196
-1648
-2979
-3937
-5771
-7750
-8532
-9120
-10589
-11214
-9828
-8525
-8315
-7128
-4536
-2782
-2014
-160
2309
3206
3046
3711
4730
4681
4152
4203
4266
3721
3160
3087
3192
3012
2404
1627
1055
631
-193
-1466
-2472
-3227
-4471
-5837
-6177
-5844
-6083
-6432
-5638
-4201
-3270
-2364
-714
741
1145
1379
2069
2352
1842
1278
845
242
-196
-183
-67
82
605
1255
1614
2154
3071
3420
2912
2530
2453
1736
439
-376
-822
-1787
-2745
-2650
-1997
-1676
-1221
-83
1167
2085
3021
4024
4636
4830
4903
4821
4559
4326
4021
3527
3263
3435
3617
3594
3705
3975
4010
3841
3714
3530
3051
2309
1485
755
200
-632
-2117
-3581
-4527
-5710
-7246
-8036
-8078
-8572
-9364
-8895
-7366
-6525
-6147
-4919
-3428
-2827
-2384
-958
586
986
1045
1934
2974
3351
3643
4266
4575
4271
3954
4007
3976
3369
2395
1360
359
-565
-1558
-2612
-3530
-4403
-5306
-5862
-5805
-5477
-5311
-5161
-4608
-3718
-2833
-1948
-1043
-323
168
475
771
1267
1555
1284
946
1031
1274
1281
1371
1834
2131
2020
2153
2691
2935
2611
2175
1829
1335
660
65
-418
-1016
-1602
-1856
-1723
-1294
-778
-316
269
1076
1938
2720
3396
3899
4177
4254
4292
4374
4359
4142
3803
3579
3646
3784
3790
3813
3792
3596
3503
3638
3713
3643
3645
3694
3605
3592
3738
3117
1306
-509
-2033
-4382
-7163
-8992
-10411
-12592
-14361
-14019
-12739
-12245
-11327
-8789
-6282
-4806
-2771
284
2383
2806
3264
4468
4988
4466
4243
4439
4064
3355
3315
3890
4147
3791
3399
3180
2758
2016
991
-335
-1882
-3673
-5463
-6741
-7497
-8105
-8631
-8659
-7820
-6413
-4973
-3447
-1697
-141
918
1808
2816
3448
3132
2373
1970
1680
1170
866
997
1184
1291
1691
2531
3342
3672
3657
3473
3065
2451
1632
625
-483
-1605
-2548
-3029
-2969
-2557
-1999
-1302
-207
1226
2572
3747
4756
5373
5539
5507
5466
5273
4715
4012
3495
3177
3077
3218
3400
3542
3633
3665
3889
4247
4302
4042
3855
3843
3707
3454
3409
2906
1046
-1110
-2571
-4528
-7266
-9303
-10665
-12558
-14308
-14223
-12924
-12214
-11450
-9308
-6906
-5298
-3343
-601
1517
2335
2868
3919
4694
4571
4401
4544
4293
3709
3553
3917
4125
3755
3266
2991
2552
1810
926
-275
-1831
-3482
-5120
-6489
-7374
-7996
-8491
-8583
-7927
-6680
-5267
-3692
-1975
-564
529
1552
2244
2605
2741
2307
1669
1531
1588
1442
1490
2033
2598
2885
3426
4265
4615
4340
3969
3529
2697
1567
432
-682
-1855
-2877
-3382
-3375
-2994
-2231
-1284
-179
1251
2704
3884
4821
5453
5699
5608
5360
5087
4644
3997
3507
3299
3284
3455
3702
3976
4246
4390
4555
4817
4873
4608
4288
4077
3844
3477
3209
2761
1103
-1233
-2856
-4619
-7354
-9620
-10925
-12656
-14695
-15062
-13808
-13063
-12606
-10652
-8025
-6302
-4476
-1591
958
2099
2762
3926
5007
5174
5000
5109
4996
4477
4090
4183
4485
4132
3103
2513
2407
1720
536
-370
-1393
-3107
-4815
-5675
-6188
-7078
-7752
-7671
-7303
-6695
-5473
-4011
-2940
-2161
-1237
-266
413
1057
1753
1814
1561
2041
2817
3098
3355
3981
4369
4287
4488
4989
4827
3970
3194
2465
1387
266
-599
-1511
-2539
-3225
-3287
-2916
-2280
-1372
-441
433
1594
2887
3880
4545
4935
5024
4912
4856
4869
4660
4265
4039
4029
4179
4543
4886
4977
4963
4887
4736
4710
4583
4018
3360
3014
2815
2523
2455
2378
972
-1292
-2679
-4151
-6861
-9232
-10631
-12591
-14933
-15480
-14319
-13668
-13223
-11167
-8454
-6526
-4288
-1093
1545
2844
3735
4848
5727
5826
5550
5286
4726
3987
3481
3409
3572
3271
2583
2300
2229
1755
1035
172
-1175
-2875
-4400
-5664
-6813
-7791
-8480
-8835
-8657
-7664
-6129
-4579
-3070
-1697
-448
847
1729
2317
2982
2928
2323
2425
2960
2952
2747
3125
3575
3516
3756
4478
4675
4168
3615
3101
2258
1194
160
-945
-2143
-3109
-3466
-3365
-2990
-2172
-1213
-264
1103
2707
3991
4840
5468
5879
5864
5733
5691
5318
4675
4199
3982
3948
4089
4314
4389
4367
4427
4531
4635
4545
4194
3849
3520
3165
2900
2688
1881
-164
-2287
-3719
-5873
-8549
-10266
-11681
-13758
-15321
-14908
-13678
-13220
-12213
-9734
-7475
-5794
-3287
-299
1606
2493
3500
4649
5198
5194
5198
5015
4414
3926
3776
3836
3821
3378
2874
2627
2315
1773
976
-153
-1589
-3151
-4523
-5683
-6732
-7558
-8176
-8446
-7956
-6858
-5669
-4490
-3179
-2053
-1229
-171
771
1149
1475
1707
1787
2218
2892
3310
3534
4014
4569
4828
5191
5573
5310
4583
3815
2996
1987
756
-480
-1616
-2646
-3296
-3316
-2882
-2335
-1568
-466
755
2097
3493
4527
5079
5460
5718
5711
5628
5502
5094
4617
4421
4469
4584
4699
4799
4755
4700
4949
5123
4903
4762
4742
4372
3790
3582
3249
1383
-1229
-2951
-5060
-8334
-10796
-12156
-14221
-16570
-16915
-15666
-15023
-14225
-11757
-9058
-7151
-4709
-1481
1041
2372
3468
4748
5574
5736
5778
5725
5245
4681
4455
4532
4620
4354
3924
3651
3313
2734
1953
857
-734
-2608
-4229
-5615
-7017
-8147
-8895
-9374
-9304
-8440
-7172
-6070
-4955
-3653
-2496
-1325
-88
878
1534
1946
2450
3149
3709
4229
4637
4801
5065
5422
5681
5757
5463
4854
4060
3166
2247
1187
-36
-1244
-2260
-2841
-2913
-2710
-2377
-1778
-990
-63
1214
2503
3446
4171
4662
5032
5396
5586
5560
5386
5208
5130
5218
5510
5735
5709
5590
5590
5703
5667
5428
5185
4913
4459
3942
3670
3073
1007
-1513
-3262
-5664
-8797
-11011
-12711
-15017
-17096
-17220
-16111
-15617
-14638
-12145
-9727
-7717
-4934
-1658
720
1995
3267
4686
5431
5641
5837
5707
5169
4792
4735
4880
4959
4643
4272
4090
3786
3252
2458
1317
-321
-2203
-3739
-5159
-6699
-7977
-8927
-9478
-9353
-8525
-7353
-6416
-5473
-4177
-3046
-1952
-620
394
963
1507
2396
3318
3870
4509
5106
5311
5609
6080
6435
6365
5798
5156
4372
3389
2430
1328
24
-1272
-2220
-2684
-2853
-2688
-2367
-1979
-1199
-117
1004
2020
2859
3547
4058
4522
5019
5373
5499
5478
5454
5619
5974
6263
6380
6427
6373
6314
6398
6290
5893
5463
4999
4498
4027
3664
2587
64
-2177
-3821
-6684
-9627
-11478
-13483
-15970
-17563
-17085
-16156
-16019
-14579
-11887
-9786
-7548
-4426
-1301
738
1959
3532
4993
5602
5878
5949
5601
5171
4961
4943
5070
4979
4528
4279
4236
3976
3427
2507
1213
-434
-2155
-3566
-5047
-6659
-7942
-8982
-9555
-9308
-8508
-7505
-6542
-5449
-4195
-2975
-1588
-493
151
909
1437
1962
2820
3452
3900
4258
4781
5516
5948
6373
6561
6155
5696
5075
4233
3275
1969
538
-817
-1891
-2581
-3035
-3158
-3038
-2609
-1754
-724
521
1742
2594
3376
4200
4852
5233
5454
5639
5632
5484
5597
5880
5875
5755
5852
5877
5877
6069
6020
5735
5509
5230
4985
4648
4213
3306
984
-1332
-2917
-5724
-8889
-10971
-13107
-15643
-17415
-17206
-16361
-16369
-15128
-12386
-10261
-8108
-4989
-1990
-41
1294
2931
4452
5025
5183
5342
5086
4682
4600
4672
4796
4777
4545
4558
4703
4525
4071
3344
2205
666
-980
-2466
-4108
-5888
-7328
-8504
-9252
-9303
-8951
-8284
-7374
-6260
-4955
-3720
-2409
-1274
-553
277
1066
1736
2398
2823
3388
3962
4417
5165
5806
6245
6510
6417
6319
5959
5162
4237
3021
1630
287
-899
-1769
-2485
-2987
-3054
-2737
-2053
-1143
-146
908
1910
2890
3820
4499
4975
5329
5481
5571
5706
5753
5769
5837
5804
5763
5836
5883
5925
5838
5581
5363
5157
4996
4667
4176
3590
1838
-499
-2111
-4428
-7614
-10094
-12094
-14361
-16535
-17149
-16463
-16367
-15782
-13455
-11027
-9026
-6435
-3359
-913
572
2133
3914
4840
5021
5196
5183
4877
4611
4457
4478
4494
4244
4174
4435
4474
4129
3566
2851
1759
222
-1208
-2601
-4372
-6051
-7351
-8367
-8964
-9036
-8627
-8020
-7123
-5807
-4617
-3464
-2106
-1095
-390
446
1300
1854
2205
2823
3457
3817
4403
5150
5615
5892
6137
6266
6084
5627
5007
4056
2855
1672
536
-564
-1548
-2234
-2584
-2686
-2411
-1717
-916
-102
956
2110
3008
3743
4450
4944
5167
5303
5472
5484
5318
5321
5362
5241
5268
5363
5405
5481
5478
5461
5389
5286
5244
4896
4355
3704
2099
-136
-1967
-4202
-7264
-9861
-11856
-14132
-16232
-16875
-16448
-16340
-15732
-13558
-11251
-9340
-6717
-3771
-1515
177
1894
3510
4386
4752
5050
5023
4792
4634
4446
4397
4457
4333
4301
4521
4607
4367
3903
3293
2372
1047
-335
-1781
-3517
-5219
-6621
-7744
-8495
-8789
-8691
-8265
-7484
-6423
-5334
-4248
-3002
-1872
-1071
-169
794
1411
1934
2633
3304
3801
4373
5084
5557
5874
6221
6374
6298
5993
5416
4595
3573
2482
1321
128
-928
-1774
-2300
-2536
-2495
-2082
-1478
-787
102
1143
2087
2837
3598
4270
4634
4869
5148
5304
5235
5231
5380
5360
5286
5427
5458
5375
5508
5552
5370
5326
5347
5069
4554
4143
3142
1032
-868
-2608
-5432
-8379
-10497
-12625
-15059
-16528
-16478
-16350
-16305
-14811
-12486
-10609
-8386
-5434
-2823
-990
723
2603
3904
4447
4894
5085
4829
4630
4536
4447
4407
4257
4182
4373
4566
4601
4404
3993
3387
2378
1169
-73
-1761
-3617
-5171
-6629
-7768
-8470
-8912
-8910
-8489
-7601
-6392
-5238
-3876
-2600
-1675
-532
515
1165
1701
2130
2577
3000
3444
4000
4399
4767
5166
5486
5836
5939
5700
5274
4627
3833
2831
1656
493
-671
-1672
-2325
-2620
-2656
-2551
-2152
-1385
-383
717
1791
2823
3660
4314
4971
5408
5624
5672
5459
5320
5257
5158
5070
4901
4831
4795
4757
4918
4988
4960
4967
4855
4666
4366
3530
1831
-14
-1777
-4364
-7119
-9248
-11524
-13965
-15593
-15922
-15895
-16013
-14898
-12792
-11022
-8944
-6113
-3387
-1399
240
2144
3648
4237
4599
4887
4743
4379
4189
4124
3992
3806
3688
3838
4157
4277
4216
4065
3652
2904
1938
895
-459
-2203
-3905
-5418
-6715
-7724
-8441
-8697
-8504
-7905
-6903
-5539
-3973
-2762
-1706
-361
597
1111
1687
2021
1984
1941
2231
2599
2693
2991
3503
3868
4399
5012
5315
5279
5023
4667
4057
3180
2210
1036
-269
-1362
-2082
-2597
-2923
-2876
-2502
-1818
-834
373
1629
2638
3570
4501
5155
5641
5906
5842
5645
5338
5093
4898
4534
4219
4001
3785
3723
3846
3985
3992
4119
4451
4536
4347
4239
3728
2070
257
-1092
-3357
-6291
-8455
-10345
-12750
-14658
-14949
-14795
-15172
-14516
-12477
-10629
-8905
-6382
-3683
-1833
-375
1461
3042
3712
3980
4242
4233
3980
3775
3677
3607
3421
3271
3533
3998
4184
4131
4059
3837
3247
2427
1542
272
-1441
-3036
-4420
-5773
-6889
-7721
-8268
-8329
-7860
-7011
-5953
-4650
-3279
-2173
-929
419
1218
1757
2341
2645
2706
2906
3235
3255
3241
3572
3812
3993
4331
4546
4482
4247
4061
3698
2917
2109
1282
252
-675
-1318
-1832
-2318
-2544
-2360
-1995
-1471
-646
291
1138
2062
3091
3883
4449
4957
5262
5354
5371
5378
5264
4924
4672
4490
4157
3927
3720
3522
3494
3360
3271
3380
3334
3115
2861
2649
1986
464
-889
-2145
-4346
-6570
-8144
-9875
-11909
-13268
-13460
-13543
-13753
-12847
-11182
-9846
-8256
-5900
-3628
-1921
-321
1369
2769
3588
4076
4444
4505
4325
4059
3820
3736
3485
3100
3112
3286
3221
3075
3002
2804
2246
1586
959
42
-1158
-2350
-3471
-4540
-5470
-6168
-6661
-6872
-6645
-6177
-5495
-4493
-3457
-2437
-1335
-190
875
1632
2208
2734
3072
3287
3474
3580
3553
3462
3442
3508
3588
3542
3377
3221
2981
2654
2259
1729
1139
499
-144
-619
-979
-1347
-1620
-1603
-1334
-958
-462
217
957
1604
2340
3148
3732
4194
4577
4763
4901
4920
4751
4554
4328
4139
3911
3618
3472
3249
2959
2957
2927
2735
2687
2672
2532
2328
2162
1627
364
-838
-1937
-3792
-5790
-7301
-8952
-10832
-12051
-12336
-12579
-12831
-12127
-10713
-9421
-7868
-5674
-3614
-2017
-419
1251
2617
3394
3856
4210
4198
4006
3778
3492
3270
2880
2570
2668
2761
2734
2710
2717
2635
2319
1994
1542
702
-293
-1274
-2276
-3315
-4273
-5098
-5793
-6127
-6051
-5713
-5164
-4394
-3421
-2418
-1366
-219
728
1362
1838
2291
2609
2649
2632
2575
2384
2218
2150
2218
2244
2119
2117
2194
2207
2169
2024
1825
1491
1045
686
289
-187
-607
-967
-1174
-1141
-989
-744
-307
284
893
1561
2339
3058
3579
3978
4353
4621
4692
4669
4603
4424
4155
3850
3593
3359
2967
2598
2369
2143
2016
1925
1884
1977
1964
1882
1887
1901
1485
469
-399
-1252
-2796
-4465
-5753
-7124
-8879
-10183
-10458
-10731
-11227
-10890
-9752
-8676
-7603
-5827
-3852
-2517
-1315
236
1654
2370
2697
3146
3314
3130
3016
2947
2800
2483
2243
2379
2574
2642
2644
2657
2702
2545
2263
1984
1439
595
-269
-1072
-1951
-2870
-3720
-4459
-4928
-5123
-5130
-4847
-4333
-3704
-2913
-1958
-1045
-341
301
841
1100
1325
1568
1505
1294
1321
1390
1289
1330
1645
1856
1901
2203
2661
2799
2739
2773
2714
2353
1866
1440
939
257
-329
-674
-890
-1031
-1020
-743
-288
237
872
1528
2175
2792
3247
3609
3929
4093
4032
3848
3735
3530
3092
2740
2559
2306
2015
1905
1908
1905
1929
1968
2137
2339
2379
2424
2521
2519
2048
1084
325
-634
-2352
-3960
-5242
-6817
-8585
-9740
-10096
-10569
-11035
-10515
-9435
-8566
-7402
-5570
-3898
-2681
-1356
103
1233
1822
2253
2680
2774
2738
2709
2591
2511
2338
2264
2509
2760
2923
3044
3222
3372
3268
3059
2709
2056
1225
307
-680
-1747
-2824
-3853
-4734
-5292
-5586
-5638
-5430
-4988
-4347
-3598
-2690
-1779
-1091
-421
144
471
831
1135
1221
1250
1381
1579
1679
1825
2157
2380
2486
2763
3065
3122
3044
2976
2773
2357
1863
1379
787
105
-428
-793
-1078
-1217
-1166
-973
-639
-144
427
991
1604
2201
2668
3086
3461
3656
3708
3702
3644
3508
3269
3064
2927
2762
2650
2548
2491
2624
2673
2694
2936
3112
3110
3103
3149
3046
2356
1415
610
-650
-2366
-3887
-5327
-7039
-8719
-9753
-10270
-10834
-11092
-10522
-9663
-8817
-7466
-5742
-4217
-2863
-1451
-14
1110
1837
2442
2853
2997
3058
3066
3060
2987
2800
2757
2907
3046
3130
3177
3216
3177
2964
2675
2244
1507
573
-406
-1417
-2466
-3512
-4473
-5251
-5767
-5999
-5945
-5629
-5105
-4409
-3523
-2539
-1617
-747
16
554
1016
1444
1674
1708
1706
1798
1833
1821
2022
2226
2280
2455
2755
2988
3060
2999
2891
2611
2175
1723
1172
501
-178
-751
-1174
-1470
-1642
-1660
-1512
-1203
-695
-78
538
1187
1811
2393
2982
3446
3736
3900
3967
3979
3893
3765
3591
3286
3053
2911
2742
2614
2442
2274
2228
2178
2144
2140
2078
2005
1852
1715
1557
881
-68
-878
-1971
-3337
-4558
-5727
-7075
-8352
-9023
-9274
-9578
-9570
-8949
-8178
-7341
-6022
-4477
-3184
-2002
-740
491
1447
2109
2630
2894
2948
3008
2965
2836
2672
2410
2245
2279
2362
2335
2251
2239
2167
2003
1803
1450
885
150
-592
-1301
-2061
-2822
-3567
-4186
-4505
-4616
-4582
-4330
-3915
-3434
-2848
-2056
-1292
-751
-240
248
640
929
1148
1328
1377
1425
1609
1778
1917
2048
2160
2311
2444
2523
2539
2389
2112
1820
1465
1034
567
29
-482
-859
-1121
-1265
-1295
-1214
-983
-581
-23
604
1191
1747
2284
2758
3197
3547
3711
3751
3751
3752
3681
3522
3359
3124
2854
2684
2565
2437
2233
2002
1947
1936
1851
1810
1739
1632
1461
1297
1286
977
238
-429
-1076
-2008
-3074
-4021
-4958
-6090
-7037
-7427
-7654
-8005
-8019
-7505
-6890
-6191
-5177
-4024
-3021
-2197
-1218
-173
467
860
1230
1469
1572
1594
1621
1612
1445
1318
1396
1567
1702
1799
1915
2016
2064
2036
1900
1604
1116
545
-48
-680
-1333
-2017
-2693
-3223
-3537
-3705
-3765
-3633
-3362
-3007
-2486
-1850
-1243
-775
-401
-6
311
534
731
803
800
843
926
1066
1247
1390
1504
1682
1931
2134
2230
2233
2166
2010
1797
1584
1285
864
453
132
-89
-245
-360
-391
-324
-114
233
668
1115
1507
1902
2290
2653
3002
3200
3213
3193
3171
3074
2925
2776
2577
2284
2029
1937
1864
1675
1496
1440
1448
1433
1456
1576
1633
1591
1644
1792
1795
1512
1058
558
-113
-1006
-1948
-2972
-4157
-5353
-6326
-6977
-7496
-7931
-8053
-7821
-7347
-6672
-5789
-4797
-3843
-2926
-1954
-954
-181
269
657
1039
1260
1359
1466
1557
1485
1435
1651
1892
2007
2156
2340
2440
2501
2550
2407
2041
1571
1005
355
-349
-1092
-1895
-2706
-3299
-3703
-4040
-4193
-4169
-4012
-3662
-3140
-2513
-1940
-1463
-951
-470
-49
361
653
809
967
1190
1405
1580
1803
2003
2122
2341
2639
2815
2871
2885
2827
2662
2458
2194
1794
1328
884
488
144
-150
-400
-613
-687
-621
-480
-254
31
371
729
1107
1542
1931
2230
2499
2729
2938
3093
3142
3159
3161
3093
2992
2888
2761
2595
2391
2236
2100
1925
1775
1634
1510
1418
1340
1263
1163
1048
813
404
-59
-644
-1443
-2318
-3199
-4162
-5180
-6017
-6645
-7226
-7622
-7682
-7549
-7279
-6700
-5877
-5053
-4138
-3087
-2116
-1240
-403
317
839
1208
1545
1733
1734
1759
1754
1661
1641
1672
1677
1697
1767
1858
1884
1849
1766
1574
1248
856
396
-189
-814
-1442
-2058
-2587
-3033
-3362
-3553
-3611
-3512
-3279
-2913
-2479
-2035
-1539
-1019
-532
-92
312
668
916
1146
1409
1600
1740
1903
2057
2183
2338
2497
2590
2624
2604
2544
2396
2158
1883
1525
1130
787
443
113
-145
-364
-490
-516
-449
-286
-110
150
499
832
1207
1584
1890
2157
2415
2650
2801
2876
2945
2951
2882
2827
2756
2593
2396
2246
2099
1917
1729
1553
1373
1197
1089
1016
902
799
710
636
542
320
2
-395
-958
-1624
-2278
-3008
-3860
-4696
-5376
-5932
-6456
-6775
-6814
-6768
-6559
-6018
-5302
-4586
-3825
-2952
-2072
-1302
-575
96
557
884
1211
1436
1522
1568
1582
1556
1534
1585
1676
1683
1686
1765
1783
1729
1662
1505
1221
860
486
72
-449
-980
-1466
-1934
-2298
-2543
-2706
-2754
-2694
-2540
-2306
-1997
-1660
-1362
-1052
-701
-389
-118
146
389
579
787
1047
1282
1502
1728
1939
2128
2307
2442
2484
2458
2366
2198
1960
1666
1339
965
562
220
-70
-343
-518
-596
-605
-525
-371
-117
181
470
812
1169
1485
1776
2025
2245
2412
2505
2566
2598
2591
2536
2475
2412
2297
2179
2088
2008
1938
1838
1728
1629
1509
1396
1286
1167
1030
850
719
619
437
151
-157
-472
-948
-1505
-2008
-2606
-3346
-4027
-4543
-5036
-5530
-5821
-5913
-5941
-5818
-5438
-4950
-4481
-3918
-3229
-2543
-1911
-1299
-715
-221
172
519
799
971
1096
1176
1246
1344
1404
1466
1535
1573
1623
1664
1640
1561
1423
1227
1002
713
376
18
-385
-777
-1117
-1443
-1727
-1935
-2079
-2148
-2152
-2089
-1963
-1830
-1660
-1405
-1124
-845
-542
-228
67
377
712
1016
1268
1501
1709
1862
1987
2081
2098
2049
1978
1887
1732
1549
1371
1147
914
716
541
397
286
205
200
244
294
391
486
572
702
829
963
1093
1198
1318
1436
1553
1676
1762
1827
1902
1954
1999
2040
2048
2031
1971
1908
1847
1716
1546
1384
1177
948
770
617
460
328
278
270
244
262
284
163
-21
-238
-595
-1060
-1590
-2210
-2894
-3562
-4145
-4670
-5135
-5417
-5522
-5536
-5354
-4978
-4523
-3980
-3354
-2657
-1950
-1315
-733
-231
176
489
693
829
881
858
827
818
820
824
843
898
982
1072
1191
1324
1402
1428
1408
1331
1170
921
608
233
-188
-607
-1020
-1413
-1741
-2012
-2223
-2329
-2329
-2262
-2129
-1899
-1602
-1275
-909
-520
-162
164
486
772
1006
1207
1375
1488
1566
1637
1685
1702
1711
1703
1661
1627
1608
1558
1480
1399
1325
1250
1140
1040
956
839
736
675
598
524
476
465
489
510
581
685
772
908
1082
1238
1390
1542
1674
1781
1860
1912
1936
1894
1823
1746
1625
1466
1295
1114
936
763
623
510
404
351
337
339
364
367
298
171
5
-268
-657
-1103
-1622
-2244
-2875
-3437
-3974
-4488
-4887
-5108
-5210
-5198
-4996
-4676
-4287
-3799
-3225
-2615
-2019
-1432
-898
-447
-22
333
573
744
857
904
897
908
945
929
924
981
1039
1112
1199
1283
1336
1334
1317
1249
1095
884
593
258
-64
-419
-786
-1110
-1394
-1653
-1852
-1951
-1997
-2018
-1953
-1798
-1608
-1373
-1074
-774
-468
-119
221
543
839
1098
1333
1526
1685
1805
1866
1903
1905
1877
1857
1798
1699
1603
1506
1394
1280
1193
1111
1009
920
864
789
683
591
503
402
298
227
185
134
128
179
253
358
509
674
848
1054
1260
1442
1602
1731
1810
1821
1793
1716
1559
1369
1161
923
688
488
308
157
56
-17
-48
-30
-1
37
76
113
77
-36
-140
-323
-653
-1013
-1376
-1831
-2335
-2762
-3142
-3539
-3868
-4025
-4093
-4126
-4007
-3762
-3480
-3127
-2699
-2225
-1782
-1374
-951
-585
-298
-51
139
262
325
360
386
394
414
456
520
610
717
836
956
1056
1139
1206
1224
1181
1094
954
752
527
272
-24
-332
-634
-905
-1152
-1358
-1509
-1644
-1724
-1715
-1662
-1576
-1410
-1190
-964
-684
-321
29
313
644
996
1261
1496
1744
1927
2007
2079
2158
2166
2093
2018
1943
1819
1667
1527
1377
1192
1002
843
691
535
419
316
214
164
123
77
48
32
22
28
65
127
192
276
406
549
693
844
996
1133
1247
1345
1428
1468
1459
1418
1354
1264
1150
1030
915
804
686
599
547
495
459
435
424
422
388
318
217
64
-159
-466
-810
-1191
-1654
-2131
-2574
-3018
-3443
-3790
-4026
-4183
-4265
-4205
-4030
-3789
-3456
-3042
-2607
-2162
-1710
-1293
-920
-589
-295
-59
115
265
383
461
534
616
671
722
807
892
977
1072
1162
1235
1282
1311
1306
1245
1139
983
771
541
288
3
-274
-540
-785
-983
-1127
-1240
-1321
-1322
-1266
-1183
-1021
-793
-560
-319
-22
306
579
842
1119
1314
1450
1586
1686
1715
1702
1672
1607
1502
1380
1249
1095
941
802
663
542
448
352
258
195
160
121
70
32
7
-30
-59
-52
-58
-69
-52
3
86
181
301
438
566
701
844
967
1060
1127
1177
1214
1238
1233
1196
1139
1073
1010
929
846
764
663
557
472
393
297
205
115
14
-74
-154
-249
-383
-539
-703
-907
-1136
-1382
-1645
-1935
-2218
-2451
-2675
-2888
-3051
-3150
-3212
-3220
-3132
-3000
-2836
-2615
-2317
-1972
-1633
-1263
-863
-504
-182
132
388
578
717
805
869
899
903
908
910
912
913
921
957
1001
1023
1063
1110
1132
1132
1105
1047
949
816
658
479
267
31
-184
-390
-600
-782
-920
-1016
-1066
-1070
-1010
-910
-787
-605
-394
-184
46
265
464
641
794
937
1028
1078
1118
1119
1087
1038
981
899
794
725
672
606
548
515
492
456
421
404
373
314
261
221
172
119
78
46
19
20
42
83
142
213
301
400
506
619
720
800
882
951
991
1014
1021
997
943
884
816
723
625
531
441
357
280
202
132
68
-12
-81
-150
-249
-379
-522
-679
-867
-1091
-1331
-1591
-1867
-2131
-2370
-2581
-2771
-2903
-2968
-2971
-2896
-2748
-2549
-2296
-1999
-1677
-1327
-981
-666
-371
-101
125
300
447
555
609
638
667
682
666
658
687
696
719
782
839
884
935
992
1013
1003
982
926
823
695
541
354
158
-27
-226
-422
-553
-666
-777
-839
-832
-796
-759
-656
-516
-389
-254
-82
95
229
368
515
622
710
796
861
888
899
908
891
848
795
735
665
591
529
463
402
355
306
281
258
228
220
201
189
198
201
193
192
205
211
209
223
249
270
302
372
444
507
600
703
782
852
916
963
964
948
920
858
774
664
546
421
288
171
57
-44
-115
-170
-210
-224
-233
-247
-246
-258
-301
-368
-455
-564
-706
-861
-1030
-1220
-1407
-1583
-1739
-1872
-1979
-2044
-2079
-2061
-2003
-1906
-1767
-1624
-1442
-1247
-1063
-875
-719
-576
-445
-344
-253
-174
-118
-69
-18
46
113
173
244
330
408
484
565
646
692
724
762
767
750
728
684
615
526
431
332
219
92
-27
-132
-225
-291
-360
-405
-409
-398
-350
-286
-211
-105
11
124
241
358
461
549
624
673
703
718
723
717
689
662
630
596
571
541
519
518
513
515
524
525
535
533
517
506
470
416
357
303
244
171
123
100
76
71
95
128
177
227
283
353
418
468
513
556
574
571
557
517
462
404
332
251
183
123
64
4
-31
-65
-103
-117
-139
-184
-242
-292
-360
-478
-586
-687
-831
-983
-1109
-1235
-1370
-1478
-1557
-1618
-1655
-1649
-1606
-1553
-1481
-1372
-1256
-1145
-1004
-853
-723
-595
-458
-346
-255
-165
-96
-44
5
44
81
123
174
230
287
359
420
465
520
553
567
576
568
547
509
446
373
284
187
103
20
-59
-118
-160
-183
-180
-149
-115
-69
-3
54
132
213
284
351
409
464
512
553
578
593
601
604
597
580
567
540
501
481
471
439
403
392
381
358
350
353
339
314
294
286
273
248
238
224
200
194
204
207
210
222
231
250
269
280
290
299
312
312
314
320
301
272
235
199
159
106
50
-6
-56
-95
-126
-159
-198
-244
-283
-320
-362
-404
-458
-514
-568
-630
-693
-767
-836
-898
-956
-1001
-1040
-1061
-1079
-1068
-1031
-993
-937
-880
-810
-726
-636
-543
-451
-373
-323
-260
-201
-168
-132
-95
-78
-70
-45
-17
5
33
58
98
137
164
204
231
248
270
289
304
293
283
264
238
218
188
157
124
89
63
55
42
40
55
73
99
122
164
203
237
291
336
389
438
477
515
545
563
574
571
557
526
472
425
363
306
252
198
165
134
120
128
135
145
170
196
213
230
253
276
284
290
297
290
283
270
257
244
224
209
200
192
188
193
194
203
211
193
190
190
165
142
109
59
7
-49
-106
-174
-242
-312
-387
-441
-495
-547
-577
-605
-631
-644
-656
-674
-685
-690
-700
-706
-715
-727
-736
-738
-734
-728
-710
-691
-666
-637
-596
-542
-490
-426
-355
-294
-231
-169
-111
-69
-35
12
46
52
77
107
104
111
142
158
155
161
173
169
168
179
193
191
192
202
202
196
203
211
209
214
216
223
238
256
281
293
309
334
343
350
371
385
394
408
416
428
433
437
450
451
450
432
414
408
384
366
350
328
303
273
240
209
178
156
141
126
114
105
99
105
117
131
143
155
171
179
186
184
177
164
145
125
88
51
16
-21
-62
-101
-143
-197
-240
-283
-322
-346
-363
-384
-415
-428
-428
-437
-434
-425
-421
-420
-408
-391
-371
-354
-344
-327
-323
-328
-331
-336
-332
-318
-306
-292
-285
-276
-260
-235
-211
-201
-197
-208
-221
-229
-240
-254
-263
-272
-287
-286
-282
-280
-255
-224
-192
-148
-108
-70
-25
22
62
94
117
119
127
135
136
142
153
159
159
168
170
181
209
233
253
268
294
316
326
343
347
347
344
328
313
287
266
267
260
256
255
246
249
265
284
296
305
317
323
317
314
305
294
279
257
232
203
183
178
165
148
142
143
128
112
112
112
106
100
83
46
11
-13
-43
-69
-99
-147
-183
-217
-253
-276
-297
-312
-326
-337
-351
-352
-346
-330
-309
-298
-277
-257
-243
-224
-197
-171
-156
-129
-106
-104
-92
-72
-68
-61
-56
-58
-68
-80
-79
-73
-80
-86
-79
-78
-83
-85
-81
-81
-83
-90
-97
-104
-114
-120
-135
-147
-161
-182
-194
-209
-227
-233
-220
-207
-204
-190
-163
-138
-107
-71
-35
-3
30
56
82
109
126
140
144
135
116
98
86
72
63
57
53
42
41
59
67
79
102
126
153
175
200
225
255
289
306
323
332
331
335
328
321
305
286
264
238
222
199
184
167
148
139
123
106
103
105
100
97
96
91
89
83
69
52
36
21
-3
-32
-49
-66
-81
-88
-103
-112
-120
-120
-108
-109
-106
-96
-99
-118
-128
-142
-159
-166
-176
-180
-192
-200
-199
-200
-193
-182
-167
-159
-154
-136
-121
-117
-108
-98
-100
-105
-108
-123
-136
-139
-154
-166
-171
-173
-169
-161
-140
-131
-122
-109
-113
-107
-99
-102
-101
-110
-123
-125
-130
-131
-131
-125
-115
-106
-87
-71
-58
-41
-27
-4
3
11
22
18
26
34
31
36
32
29
33
24
22
29
32
38
39
42
55
59
64
69
77
101
112
119
142
164
186
214
239
260
285
300
316
320
326
333
315
306
295
286
276
253
238
223
207
194
179
170
161
158
155
147
140
135
116
102
96
75
55
40
16
-4
-11
-31
-63
-80
-90
-107
-112
-118
-122
-121
-123
-120
-115
-119
-114
-107
-110
-112
-119
-128
-144
-166
-183
-193
-200
-210
-216
-223
-224
-218
-211
-204
-198
-186
-174
-157
-146
-137
-135
-129
-114
-115
-121
-124
-128
-121
-118
-126
-118
-107
-102
-89
-75
-61
-45
-25
-4
13
33
52
64
69
69
69
60
45
31
17
1
-20
-42
-48
-43
-44
-40
-26
-12
2
11
28
47
60
78
86
95
103
102
105
93
84
89
85
89
92
96
108
126
133
142
162
174
185
196
187
188
193
180
173
160
144
130
111
94
80
77
80
79
76
74
77
87
98
103
111
110
101
99
89
72
63
54
38
20
8
-6
-19
-26
-43
-51
-51
-57
-65
-72
-80
-86
-94
-114
-134
-145
-154
-167
-181
-192
-198
-208
-207
-207
-206
-196
-193
-184
-166
-154
-140
-127
-116
-102
-86
-74
-60
-45
-31
-21
-7
3
10
23
32
43
51
53
53
56
50
51
51
38
39
33
21
24
14
4
-8
-28
-36
-42
-52
-66
-66
-70
-71
-59
-52
-41
-24
-10
8
23
38
57
74
87
104
118
123
123
122
119
112
106
97
83
76
73
77
79
78
84
87
98
108
108
107
109
109
107
103
88
79
66
47
34
20
4
-1
-2
-16
-21
-17
-21
-18
-20
-19
-9
-1
2
9
13
17
25
24
26
24
19
15
3
-4
-14
-28
-38
-50
-59
-70
-93
-104
-113
-126
-129
-134
-142
-141
-142
-145
-138
-124
-114
-105
-95
-84
-67
-52
-47
-36
-26
-20
-15
-16
-12
-5
-1
5
8
13
18
22
24
38
45
44
50
50
50
51
46
42
34
25
18
18
15
8
11
16
16
18
18
27
28
28
37
29
30
37
30
23
24
23
18
18
18
24
23
19
21
15
28
30
24
22
19
32
20
8
12
8
8
12
8
3
9
6
4
12
9
8
7
4
9
-1
-5
-9
-24
-23
-29
-35
-35
-43
-37
-31
-31
-23
-9
0
10
22
35
42
53
57
61
69
63
59
57
47
44
41
36
29
25
22
11
3
0
-5
-14
-26
-35
-38
-41
-56
-65
-73
-82
-79
-83
-88
-85
-80
-67
-63
-56
-48
-45
-29
-13
-4
9
17
19
30
32
33
42
42
46
44
44
40
33
29
19
23
21
11
15
14
9
16
14
13
20
21
21
17
22
25
14
7
7
5
8
11
9
11
14
16
18
26
24
20
24
20
18
10
-2
-8
-15
-21
-33
-40
-47
-54
-51
-51
-53
-47
-47
-48
-43
-41
-46
-49
-46
-50
-51
-57
-65
-65
-76
-78
-79
-80
-67
-66
-66
-53
-41
-33
-26
-21
-7
5
12
15
16
25
27
31
33
31
40
36
36
39
35
41
39
41
50
51
49
48
45
39
42
37
27
29
21
17
24
17
14
18
17
23
28
29
37
36
35
43
48
46
46
44
41
46
37
23
21
20
17
24
17
14
18
15
25
22
23
35
33
36
36
35
35
29
29
29
23
18
