-4
-2
2
-6
-7
-4
-3
-4
-5
6
4
3
5
-3
-10
-3
2
-1
6
2
-1
2
-2
-5
-5
0
0
0
-7
-4
3
-2
7
9
8
12
10
4
2
4
2
-2
-5
-1
1
-4
0
-3
-7
-4
-4
-2
4
6
3
4
9
4
6
8
-4
5
8
-3
-1
2
2
-1
2
-1
7
8
1
0
-3
1
0
-1
7
1
4
8
-4
-5
5
4
2
2
1
-3
-5
-5
-8
-6
-1
-9
-12
-7
-8
-7
-7
-2
0
2
2
1
-2
-4
-2
-6
-9
-4
-2
-4
-7
-9
-1
-2
-11
-10
-5
1
-6
-3
5
3
2
5
4
5
7
6
5
0
2
5
11
6
0
6
0
-1
-2
-5
0
-5
-9
-3
-9
-11
1
0
-3
-3
0
-1
-4
2
0
-2
-7
-4
0
1
2
1
7
4
-1
-1
6
5
-2
-1
1
-1
0
0
-2
3
4
7
8
3
4
11
10
-2
-5
2
4
1
2
5
0
1
3
4
5
-3
2
7
4
12
6
4
-1
-1
3
-2
6
4
1
-3
-2
0
-6
-2
1
2
-3
-6
-6
-5
-5
0
-1
-12
-3
5
3
4
6
5
1
7
3
2
3
-1
-4
-11
-6
-3
-1
5
-5
0
6
-4
-2
1
2
9
5
7
8
-1
-2
3
-4
-15
-11
-1
-1
-1
0
1
1
3
0
-10
-4
8
8
11
6
9
18
1
-1
10
7
3
10
9
-5
-5
3
-1
-8
-8
-6
-8
-12
-15
-8
-2
-4
2
0
-7
-5
-3
-5
-8
-9
-5
-7
-13
-9
2
-2
-2
0
2
-2
-9
-4
-5
-9
-10
-4
5
4
0
3
-3
-3
1
2
3
5
5
0
1
3
1
-4
-3
3
3
2
-2
2
0
4
13
8
7
3
4
6
1
5
11
11
4
6
8
1
3
-6
-10
-10
-19
-8
-9
-13
-4
-7
-12
-14
-13
-9
-4
-8
-7
-7
-10
-6
2
8
5
7
14
20
16
13
20
16
15
22
19
14
18
21
18
14
15
12
9
15
12
13
2
-10
-2
2
-4
-5
-4
1
0
0
6
11
7
8
1
7
20
16
21
32
28
27
32
44
54
30
10
15
12
-7
-13
3
-8
-28
-21
-14
-22
-25
-20
-23
-35
-42
-37
-27
-28
-31
-32
-50
-59
-45
-48
-51
-51
-49
-54
-49
-19
-8
-6
8
28
28
15
29
33
17
6
9
10
-1
10
23
17
10
19
28
28
31
45
41
29
36
40
37
37
46
59
54
38
38
48
37
28
41
49
45
43
56
69
73
62
52
48
26
0
-13
-16
-24
-44
-53
-47
-45
-41
-33
-38
-54
-66
-72
-76
-70
-57
-69
-67
-48
-27
-21
-18
8
7
-16
-12
4
-4
-24
-12
-17
-36
-29
-14
-18
-31
-19
-12
-52
-89
-87
-101
-164
-195
-183
-203
-234
-217
-184
-193
-194
-168
-158
-147
-127
-102
-82
-65
-49
-43
-49
-39
-3
16
30
62
85
93
111
146
153
124
100
79
62
58
70
98
119
136
165
212
280
332
371
422
446
457
502
572
617
606
604
626
602
589
626
640
595
532
516
531
559
618
668
728
824
889
885
882
867
542
-101
-606
-1006
-1671
-2395
-2677
-2719
-3008
-3181
-2652
-1916
-1678
-1466
-762
-175
-182
-165
311
627
412
283
636
993
1053
1157
1511
1816
1783
1564
1451
1390
997
204
-484
-804
-1208
-1891
-2273
-2068
-1906
-2116
-1984
-1238
-688
-678
-551
-19
299
138
109
489
750
643
614
989
1454
1573
1476
1562
1716
1450
812
391
209
-347
-1273
-1787
-1719
-1792
-2153
-2055
-1409
-1040
-1073
-745
-26
274
66
57
391
492
266
290
655
840
762
874
1264
1551
1546
1465
1480
1456
1258
1025
907
841
688
497
511
827
1189
1353
1459
1684
1826
1695
1599
1756
1763
1455
1353
1610
1736
1646
1702
1559
601
-613
-1382
-2291
-3758
-4861
-5203
-5724
-6438
-6054
-4665
-3821
-3479
-2378
-921
-337
-156
716
1630
1509
990
1184
1744
1928
1953
2268
2768
2996
2822
2644
2750
2589
1459
-90
-1000
-1544
-2680
-3923
-4151
-3905
-4260
-4553
-3629
-2197
-1627
-1499
-735
271
592
513
865
1454
1504
1143
1240
2027
2694
2693
2575
2908
3133
2466
1481
1053
523
-1032
-2720
-3236
-3256
-3923
-4477
-3868
-2909
-2612
-2198
-909
246
411
373
817
1184
1056
883
990
1122
1123
1208
1561
2142
2651
2783
2807
3119
3393
3133
2668
2522
2342
1722
1234
1396
1651
1420
1181
1517
2060
2270
2296
2639
3133
2998
2335
2046
2048
1019
-1205
-2862
-3601
-5061
-7096
-7655
-6949
-7183
-7932
-6765
-4311
-3287
-3191
-1815
-19
174
-259
629
1901
1774
1057
1439
2559
3129
3190
3560
4309
4536
3737
2835
2684
2338
525
-1742
-2672
-2970
-4290
-5656
-5330
-4399
-4663
-5021
-3652
-1746
-1263
-1392
-550
604
736
369
779
1684
1911
1546
1762
2915
3850
3685
3326
3679
3752
2382
639
-35
-703
-2759
-4790
-5004
-4586
-5154
-5548
-4298
-2623
-2091
-1665
-61
1487
1599
1258
1723
2275
1896
1292
1453
1883
1878
1863
2452
3376
3983
4177
4310
4551
4643
4186
3388
2941
2692
1924
966
818
1257
1186
946
1693
2757
2944
3039
3870
4267
3442
2536
1771
-269
-3056
-4844
-6322
-8599
-10166
-9918
-9592
-9877
-8676
-5833
-4058
-3465
-1803
298
711
280
918
1798
1441
829
1275
2167
2790
3393
4104
4904
5599
5528
4658
3959
3457
1746
-1051
-2893
-3662
-5227
-7202
-7508
-6542
-6272
-6335
-4934
-2659
-1425
-1032
-201
925
1320
904
725
1262
1671
1442
1492
2644
4084
4662
4795
5190
4977
3506
1552
-288
-2066
-4052
-6268
-7998
-8365
-7599
-6808
-5808
-3401
-656
482
1304
3448
5062
4435
3364
3469
3093
1419
656
1403
1759
1500
2112
3742
5165
5889
6509
7036
6896
6171
5220
4300
3335
1955
474
-301
-152
438
942
1603
2940
4278
4735
4891
5282
4498
1112
-2933
-5195
-7376
-11009
-13359
-12962
-12693
-13504
-11907
-7190
-3699
-2705
-776
2259
3177
2302
2544
3533
2662
390
-471
424
1339
1835
2663
4186
5593
5843
5561
5904
5986
3908
207
-2435
-3741
-6024
-8895
-9730
-8953
-8945
-9102
-6925
-3231
-1044
-294
1008
2490
2652
1757
1118
1081
676
-448
-986
207
2209
3130
3346
4685
5955
4854
2902
2234
1206
-1989
-5166
-6042
-6328
-7359
-7231
-5246
-3183
-1670
235
2679
4597
5370
5365
4939
4289
3356
1925
664
265
175
87
754
2542
4537
5737
6677
7992
8810
8418
7401
6459
5253
3199
1252
637
542
154
436
1870
3334
4094
4762
4960
3239
312
-2433
-5717
-9761
-12965
-14933
-16806
-18046
-16744
-13582
-10829
-7933
-3711
168
2345
4095
6235
7249
6234
4738
3916
3067
2017
1534
1827
2543
3237
3925
4987
6179
6558
5486
3578
1766
-488
-3757
-6869
-8920
-10614
-12331
-12810
-11187
-8751
-6637
-4204
-1172
1521
3319
4578
5587
5917
5186
3901
2948
2681
2525
1873
1352
1567
1583
863
489
873
592
-1023
-2314
-2425
-2796
-3794
-4024
-3378
-3065
-3062
-2119
-243
1207
1971
2713
3491
3950
3920
3703
3632
3416
2855
2419
2622
3407
4090
4472
5194
6203
6819
6973
6975
6844
6215
5067
4038
3353
2723
2105
1744
2034
2830
3238
2747
1583
-120
-2495
-5275
-7775
-9931
-12166
-14151
-15327
-15295
-13718
-11307
-9110
-6777
-3689
-790
996
2787
5216
6155
4835
3898
4346
4106
2789
2491
3373
3370
2615
3145
4554
4779
3723
2529
1393
-273
-2557
-4729
-6412
-7991
-9693
-10889
-10519
-8827
-7259
-5911
-3871
-1400
464
1650
3068
4538
4663
3642
3261
3706
3606
2978
3123
3604
2820
1725
1842
1693
303
-815
-1472
-2882
-4256
-4214
-3932
-4457
-4146
-2709
-2051
-1596
244
2029
2189
2154
3064
3403
2583
2242
2551
2099
1260
1433
2383
3127
3798
4921
6049
6666
7163
7642
7595
7026
6200
5082
3741
2601
1926
1371
877
907
1455
2289
3358
4582
5690
6022
4755
2127
-584
-3312
-6976
-10895
-13392
-14984
-17054
-17971
-15755
-12390
-10316
-7991
-3907
-425
903
2283
4608
5323
3694
2250
2086
1720
767
609
1489
2416
3112
4102
5677
7186
7386
6141
4628
3211
927
-2346
-5200
-7192
-9422
-11592
-12001
-10587
-8959
-7685
-5742
-2940
-576
944
2482
3884
4112
3333
2654
2466
2338
2035
1633
1094
851
995
745
610
1327
1543
376
-400
269
468
-656
-1093
-518
-941
-1910
-1373
3
373
118
592
1466
1777
1941
2476
2839
2719
2492
2620
3311
4121
4642
5025
5577
6373
6951
7179
7470
7510
6752
5547
4665
4353
3939
2908
2184
2429
2802
2845
3375
4625
4449
1529
-1414
-2958
-5690
-9948
-12826
-14090
-16379
-19155
-18651
-15249
-12988
-11625
-8262
-3956
-1344
298
3110
5957
6115
4568
4108
4467
3999
2914
2612
3337
3662
3450
4321
6168
7077
6113
4488
3513
2120
-760
-3756
-5836
-8010
-10827
-12695
-12208
-10763
-9976
-8774
-6207
-3399
-1219
836
3092
4599
4702
4352
4337
4366
3900
2685
1347
570
-82
-728
-666
100
617
446
607
1634
2366
2214
1847
1487
799
-234
-905
-819
-839
-1330
-1561
-1144
-259
636
1443
2442
3337
3860
4387
5134
5942
6353
6141
5941
6083
6209
6180
6084
6044
5799
5085
4730
5130
5204
4704
4548
4825
4814
4567
4768
4285
1482
-2034
-4543
-7461
-11217
-13846
-15162
-17171
-19374
-18736
-15672
-13413
-11594
-8142
-4439
-2428
-729
2324
4960
5072
4196
4327
4651
4228
3897
4395
5073
5024
4813
5624
7011
7378
6254
4774
3528
1512
-1440
-3884
-5649
-8085
-11011
-12574
-12235
-11410
-10656
-9039
-6571
-4219
-2187
7
2373
4019
4340
3998
3950
4096
3479
2134
1380
1149
293
-394
432
1781
2044
1859
2504
3261
3117
2720
2492
1741
360
-1033
-1879
-2097
-2203
-2455
-2429
-1715
-526
580
1659
3016
4056
4353
4536
5159
5893
5908
5382
5307
5479
5265
5220
5765
6159
5834
5437
5668
5981
5782
5466
5337
5188
4890
4554
4470
3918
1471
-2018
-4745
-7377
-10871
-13866
-15286
-16697
-18770
-18859
-16071
-13425
-11850
-9115
-5404
-2958
-1440
1121
4016
4823
4073
4057
4686
4742
4488
4774
5482
5718
5452
5821
6952
7444
6441
4786
3448
1853
-730
-3396
-5432
-7657
-10302
-12140
-12269
-11345
-10440
-9368
-7447
-4945
-2664
-716
1430
3365
3983
3592
3459
3634
3082
1824
883
342
-220
-397
242
1320
2245
2802
3204
3796
4401
4360
3500
2429
1434
49
-1444
-2108
-2251
-2685
-3033
-2491
-1093
340
1505
2857
4213
4994
5423
5971
6554
6618
6021
5504
5347
5212
5262
5464
5568
5728
5835
5958
6368
6659
6511
6254
6120
5889
5368
4796
3368
-152
-4079
-6616
-9607
-13666
-15988
-16468
-18117
-20097
-18401
-14183
-12180
-11163
-7284
-3032
-1858
-979
2462
5285
4437
3005
4095
5268
4419
3814
4978
6052
5583
5077
6290
7874
7488
5546
4024
3051
874
-2593
-5106
-6503
-9018
-12276
-13402
-12154
-11098
-10737
-9038
-5899
-3351
-1635
672
3378
4764
4368
3705
3728
3375
1967
566
59
-157
-642
-536
858
2607
3557
3953
4648
5552
5581
4500
3363
2380
657
-1680
-3122
-3314
-3626
-4284
-3961
-2370
-693
635
2281
4238
5543
5927
6216
6806
7100
6542
5637
5199
5087
4843
4661
5031
5710
5898
5777
6266
7036
7035
6525
6360
6259
5518
4613
3801
1662
-1790
-4839
-7641
-11007
-13889
-15425
-16834
-18659
-18831
-16597
-14416
-12908
-10157
-6628
-4280
-2667
-79
2792
3856
3638
4088
4922
4991
4784
5141
5861
6098
5822
6168
7223
7662
6788
5437
4421
2888
235
-2230
-3982
-6339
-9307
-11240
-11657
-11547
-11296
-10236
-8402
-6473
-4475
-2182
258
2178
2953
3051
3185
2981
2209
1435
829
107
-432
-95
791
1734
3002
4202
4773
5276
5946
5900
4898
3677
2387
474
-1543
-2643
-3318
-4117
-4424
-3814
-2568
-1118
527
2354
3907
5004
5833
6426
6832
6904
6415
5734
5262
5071
5016
4999
5337
5831
5988
6254
6943
7380
7346
7268
7148
6654
5866
5102
3373
38
-3264
-6118
-9693
-13309
-15401
-16644
-18603
-19849
-18258
-15621
-14095
-11998
-8287
-5215
-3662
-1615
1508
3426
3402
3497
4414
4903
4753
4900
5654
6277
6153
6124
7051
7990
7603
6206
5111
3972
1651
-1079
-3110
-5156
-7977
-10555
-11636
-11620
-11563
-11194
-9840
-7909
-6012
-4118
-1879
332
1612
2037
2339
2596
2499
2002
1358
1000
891
872
1295
2337
3634
4545
5005
5615
6236
6128
5287
4211
2963
1272
-726
-2218
-3012
-3794
-4513
-4411
-3324
-1929
-615
1026
2876
4206
5042
5846
6573
6845
6497
5962
5663
5410
5167
5163
5466
5851
5976
6137
6747
7231
7084
6815
6735
6369
5515
4785
4197
2227
-1229
-4146
-6552
-9901
-13277
-15024
-16154
-18147
-19202
-17429
-14954
-13707
-11814
-8364
-5511
-3974
-1863
1230
3148
3215
3397
4524
5250
5082
5108
5861
6419
6072
5930
6897
7679
7015
5721
4892
3877
1741
-709
-2470
-4368
-7138
-9531
-10477
-10673
-10895
-10763
-9709
-8096
-6447
-4583
-2337
-164
1361
2164
2649
3152
3230
2483
1611
1114
642
163
258
1112
2033
2677
3464
4468
5289
5641
5405
4727
3813
2483
749
-724
-1731
-2828
-3912
-4167
-3461
-2460
-1383
162
2001
3581
4850
6029
7107
7716
7565
7030
6691
6368
5763
5253
5147
5184
4977
4897
5417
5984
6044
5988
6223
6355
6004
5503
5040
3541
489
-2600
-5266
-8543
-12040
-14427
-15969
-17816
-19021
-17893
-15640
-14086
-12185
-9021
-6029
-4077
-2037
713
2639
2795
2677
3370
3925
3689
3573
4266
4979
4926
5120
6410
7529
7373
6579
6055
5250
3346
1064
-803
-2926
-5866
-8535
-9917
-10557
-11139
-11232
-10393
-9085
-7595
-5697
-3434
-1291
289
1284
1944
2515
2747
2271
1555
1079
589
176
398
1200
2041
2773
3682
4759
5653
6212
6292
5804
4912
3645
2047
503
-887
-2320
-3611
-4350
-4289
-3658
-2759
-1447
168
1717
3179
4598
5880
6791
7079
6952
6716
6426
6071
5593
5219
5117
4991
4845
5064
5625
6038
6056
5995
6156
6210
5811
5207
4566
3409
1035
-1991
-4420
-6834
-10108
-13073
-14628
-15734
-17115
-17337
-15605
-13669
-12486
-10601
-7637
-5121
-3485
-1646
578
1930
2118
2449
3437
4116
4077
4151
4878
5524
5561
5864
6768
7174
6538
5653
5039
4007
2175
217
-1579
-3669
-5968
-7760
-8774
-9391
-9817
-9742
-9090
-8089
-6728
-5085
-3462
-2073
-904
79
689
1080
1527
1646
1306
1155
1470
1806
2057
2690
3642
4275
4646
5296
5922
5889
5330
4617
3719
2483
1084
-172
-1310
-2398
-3227
-3518
-3196
-2511
-1697
-688
560
1864
3022
4050
4996
5625
5800
5863
5979
5922
5651
5387
5265
5175
5142
5280
5385
5417
5560
5610
5446
5361
5372
5077
4352
3656
3004
1375
-1273
-3602
-5713
-8586
-11506
-13208
-14229
-15728
-16732
-15814
-14123
-13078
-11645
-9020
-6464
-4793
-3056
-579
1466
2141
2549
3580
4436
4473
4407
4965
5524
5331
5214
5931
6517
6156
5446
5007
4356
2922
1218
-222
-1887
-4082
-6104
-7423
-8312
-9106
-9600
-9426
-8732
-7767
-6425
-4761
-3116
-1743
-704
107
816
1376
1552
1337
1177
1253
1321
1520
2202
3113
3782
4300
5024
5811
6165
6038
5682
5044
3926
2441
1042
-147
-1453
-2772
-3533
-3616
-3363
-2817
-1773
-410
881
2155
3535
4788
5708
6231
6401
6372
6204
5891
5483
5147
4974
4814
4711
4865
5143
5386
5678
5912
5940
5899
5814
5401
4560
3725
2633
290
-2587
-4729
-6985
-10068
-12611
-13740
-14828
-16438
-16554
-14713
-13226
-12458
-10519
-7599
-5546
-4262
-2175
367
1534
1608
2322
3576
4070
3841
4094
4953
5198
4860
5316
6404
6678
5970
5411
5190
4270
2591
1083
-326
-2329
-4607
-6302
-7337
-8175
-8865
-9117
-8844
-8049
-6859
-5549
-4106
-2558
-1329
-650
-101
656
1098
834
550
737
927
923
1328
2359
3298
3841
4540
5543
6252
6360
6146
5767
5026
3759
2276
958
-308
-1683
-2900
-3501
-3478
-3241
-2785
-1831
-545
695
1821
2987
4108
4852
5197
5431
5623
5615
5363
5057
4889
4844
4844
4871
5045
5324
5415
5410
5623
5806
5567
5127
4777
4209
3259
2381
1305
-793
-3264
-5209
-7271
-9761
-11639
-12636
-13865
-15203
-14993
-13464
-12411
-11542
-9537
-7145
-5591
-4169
-1845
381
1186
1513
2572
3664
3908
3865
4354
4898
4711
4463
5115
5923
5786
5134
4869
4636
3583
2212
1212
-94
-2153
-4134
-5364
-6270
-7287
-8018
-8216
-8152
-7803
-6942
-5731
-4564
-3562
-2610
-1716
-929
-143
527
822
932
1244
1772
2229
2678
3387
4054
4430
4894
5589
6066
5985
5561
5066
4331
3241
2116
1050
-133
-1353
-2327
-2822
-2917
-2815
-2475
-1881
-1103
-126
960
2043
3058
3846
4402
4860
5269
5598
5709
5577
5412
5318
5291
5295
5313
5372
5255
4911
4809
4948
4730
4218
3893
3556
2799
2063
1728
829
-1199
-3198
-4725
-6746
-9123
-10681
-11630
-13059
-14353
-14098
-12903
-12126
-11257
-9361
-7232
-5771
-4211
-1873
201
1034
1507
2579
3565
3707
3647
4097
4414
4023
3801
4467
5103
4829
4363
4396
4239
3371
2439
1748
547
-1363
-3092
-4214
-5267
-6464
-7338
-7737
-7913
-7771
-7033
-5872
-4726
-3647
-2469
-1352
-411
494
1157
1276
1209
1381
1569
1558
1741
2309
2705
2910
3592
4575
5112
5235
5376
5358
4844
4068
3321
2343
990
-357
-1447
-2255
-2783
-3053
-3013
-2599
-1801
-710
543
1881
3126
4097
4857
5533
6052
6272
6139
5762
5367
5023
4696
4443
4323
4234
4014
3891
4206
4639
4638
4440
4508
4455
3880
3307
2962
1803
-567
-2796
-4395
-6485
-9020
-10755
-11821
-13281
-14524
-14108
-12710
-11880
-11113
-9317
-7168
-5634
-4154
-2025
-167
438
688
1659
2681
2845
2756
3190
3574
3399
3492
4387
5137
5089
4911
5057
4982
4345
3518
2556
1051
-843
-2533
-3929
-5242
-6433
-7405
-8088
-8286
-7845
-6982
-6014
-4970
-3801
-2652
-1624
-604
337
831
855
832
1012
1243
1373
1548
1913
2380
2904
3615
4516
5302
5647
5659
5604
5414
4802
3782
2674
1466
58
-1219
-2048
-2543
-2943
-3133
-2859
-2158
-1245
-216
879
1931
2841
3562
4133
4630
4976
4986
4778
4665
4630
4488
4322
4338
4436
4441
4453
4550
4653
4715
4632
4356
4106
3909
3427
2646
2055
1547
297
-1585
-3078
-4385
-6382
-8497
-9754
-10664
-12065
-13099
-12697
-11790
-11401
-10690
-8946
-7085
-5826
-4417
-2322
-567
154
798
1987
2910
3029
3071
3565
3899
3719
3772
4395
4809
4625
4431
4525
4383
3758
3015
2202
1000
-533
-1976
-3185
-4335
-5440
-6306
-6839
-7014
-6735
-6095
-5289
-4353
-3309
-2240
-1250
-321
555
1152
1349
1375
1447
1497
1377
1267
1448
1731
1923
2319
3046
3697
3987
4148
4336
4243
3719
3072
2388
1454
328
-635
-1293
-1835
-2292
-2475
-2283
-1822
-1212
-367
701
1711
2566
3433
4254
4815
5165
5380
5359
5097
4804
4592
4293
4008
3936
3835
3617
3560
3779
3978
3879
3790
3916
3796
3301
2930
2706
1817
-43
-1830
-3185
-5116
-7549
-9269
-10331
-11823
-13286
-13248
-12166
-11639
-11225
-9594
-7481
-6078
-4748
-2616
-594
164
523
1581
2631
2791
2631
2963
3352
3173
3086
3820
4621
4680
4559
4881
5141
4786
4170
3533
2405
734
-852
-2169
-3512
-4862
-5989
-6831
-7316
-7200
-6608
-5922
-5099
-4019
-2855
-1748
-618
490
1205
1428
1479
1554
1580
1426
1125
967
1040
1170
1450
2122
2946
3427
3641
4017
4393
4248
3724
3179
2428
1333
197
-664
-1319
-2028
-2644
-2794
-2492
-1984
-1342
-476
604
1593
2399
3292
4182
4733
4905
4952
5023
4962
4702
4435
4236
3981
3738
3665
3764
3845
3766
3743
3841
3836
3700
3568
3350
2859
2231
1700
931
-531
-2205
-3661
-5388
-7405
-8932
-9904
-11064
-12216
-12320
-11528
-10896
-10248
-8775
-6966
-5636
-4374
-2549
-759
151
636
1506
2411
2641
2577
2891
3252
3122
3002
3536
4192
4299
4235
4503
4716
4384
3798
3215
2245
776
-699
-1901
-3066
-4293
-5326
-6037
-6415
-6355
-5872
-5174
-4426
-3615
-2723
-1814
-950
-194
308
450
393
419
597
715
745
951
1350
1767
2303
3084
3814
4138
4224
4353
4319
3919
3319
2587
1625
578
-278
-915
-1469
-1911
-2158
-2202
-1947
-1400
-752
-101
558
1211
1840
2477
3064
3461
3665
3782
3859
3955
4103
4167
4104
4074
4142
4202
4223
4269
4215
3923
3661
3578
3396
3035
2693
2352
1826
1283
951
386
-827
-2189
-3341
-4725
-6372
-7685
-8648
-9852
-11076
-11387
-10919
-10536
-10122
-9053
-7572
-6325
-5058
-3201
-1303
-196
491
1535
2657
3132
3225
3581
3875
3615
3389
3788
4228
4098
3804
3878
3968
3626
3184
2816
2051
794
-453
-1411
-2365
-3509
-4539
-5266
-5811
-6054
-5828
-5319
-4787
-4200
-3380
-2451
-1598
-739
-19
299
427
689
1005
1166
1230
1391
1592
1789
2184
2772
3275
3522
3603
3721
3815
3648
3217
2632
1913
1079
259
-357
-838
-1369
-1820
-1944
-1731
-1312
-809
-233
416
1074
1711
2350
3005
3510
3686
3719
3866
4015
3980
3836
3779
3733
3589
3605
3864
4062
3961
3736
3669
3636
3385
3043
2776
2393
1812
1316
1088
708
-312
-1586
-2650
-3834
-5333
-6683
-7698
-8827
-10127
-10781
-10540
-10191
-9919
-9148
-7829
-6504
-5227
-3528
-1660
-386
376
1282
2273
2836
2989
3136
3263
3089
2892
3121
3509
3630
3582
3679
3887
3901
3735
3438
2779
1733
577
-508
-1593
-2777
-3972
-5021
-5823
-6204
-6107
-5762
-5276
-4623
-3798
-2814
-1797
-826
-52
367
559
708
807
785
633
448
346
380
656
1151
1707
2223
2662
3105
3551
3815
3794
3475
2892
2159
1365
606
-102
-862
-1545
-1971
-2114
-1942
-1512
-953
-339
330
1142
2020
2779
3426
3907
4121
4207
4305
4372
4261
3960
3693
3532
3394
3354
3452
3514
3384
3193
3221
3331
3182
2877
2660
2403
1944
1506
1327
930
-186
-1479
-2405
-3441
-4908
-6235
-7110
-8118
-9361
-9871
-9469
-9152
-9113
-8526
-7300
-6191
-5270
-3887
-2247
-1268
-788
63
1178
1807
1930
2195
2601
2624
2544
2925
3486
3627
3499
3650
3950
3952
3726
3434
2868
1914
865
-45
-985
-2102
-3199
-4148
-4915
-5335
-5356
-5161
-4908
-4501
-3779
-2905
-2082
-1231
-420
23
109
261
566
596
319
240
402
474
636
1251
2008
2422
2692
3223
3760
3900
3819
3672
3261
2550
1784
1165
559
-187
-895
-1371
-1591
-1602
-1439
-1073
-576
-68
495
1176
1849
2380
2737
2957
3098
3194
3287
3334
3294
3264
3280
3286
3325
3458
3568
3525
3438
3415
3372
3231
3035
2798
2477
2129
1799
1467
1135
808
328
-455
-1317
-2130
-3167
-4439
-5623
-6651
-7769
-8877
-9463
-9548
-9577
-9461
-8828
-7775
-6686
-5563
-4150
-2640
-1481
-610
367
1359
1946
2176
2436
2735
2797
2772
3003
3306
3375
3370
3530
3742
3754
3572
3284
2777
1989
1063
122
-878
-2003
-3137
-4094
-4817
-5288
-5461
-5396
-5182
-4786
-4122
-3247
-2351
-1496
-678
-20
433
839
1249
1422
1266
1102
1090
1060
1048
1253
1590
1806
1986
2392
2895
3163
3204
3158
2966
2574
2092
1605
1026
281
-484
-1094
-1487
-1701
-1795
-1746
-1502
-1074
-488
225
986
1679
2220
2656
3101
3540
3847
3966
3990
3998
3941
3824
3771
3757
3623
3413
3327
3354
3265
3035
2883
2766
2474
2131
1959
1763
1297
789
516
198
-561
-1495
-2274
-3198
-4470
-5620
-6375
-7187
-8227
-8895
-8876
-8700
-8595
-8081
-7053
-6041
-5165
-3916
-2348
-1109
-303
523
1471
2092
2295
2508
2752
2683
2397
2355
2578
2636
2493
2496
2650
2672
2557
2462
2247
1682
891
143
-604
-1498
-2412
-3224
-3950
-4508
-4761
-4709
-4514
-4182
-3604
-2868
-2083
-1255
-433
209
559
745
912
934
724
457
291
189
155
333
752
1185
1519
1940
2472
2898
3115
3164
3050
2698
2167
1613
1038
365
-351
-965
-1393
-1606
-1619
-1447
-1120
-675
-83
615
1328
1982
2536
2986
3282
3491
3672
3687
3532
3373
3256
3127
2963
2878
2882
2828
2782
2878
3015
3029
2912
2819
2722
2401
1966
1641
1297
788
296
-2
-345
-1034
-1811
-2398
-3112
-4098
-4996
-5644
-6363
-7231
-7728
-7680
-7591
-7556
-7140
-6293
-5432
-4640
-3545
-2213
-1219
-572
229
1110
1623
1787
2005
2283
2270
2137
2291
2522
2496
2382
2468
2627
2588
2445
2334
2041
1494
898
291
-429
-1292
-2146
-2882
-3547
-4016
-4212
-4262
-4187
-3921
-3428
-2797
-2144
-1451
-784
-293
77
427
677
734
645
511
397
333
368
519
740
1010
1301
1669
2147
2545
2714
2712
2618
2399
2001
1531
1041
430
-226
-734
-1035
-1200
-1274
-1218
-979
-577
-49
599
1288
1920
2413
2813
3211
3506
3632
3641
3547
3369
3179
3027
2901
2750
2589
2521
2503
2520
2597
2634
2584
2485
2381
2251
2036
1788
1531
1191
802
472
101
-502
-1277
-2034
-2802
-3701
-4592
-5310
-6023
-6793
-7335
-7486
-7468
-7453
-7207
-6600
-5887
-5135
-4159
-3000
-2002
-1273
-512
344
974
1312
1602
1882
1964
1919
2030
2248
2290
2203
2240
2396
2467
2440
2426
2302
1937
1471
1031
507
-196
-976
-1722
-2404
-2995
-3405
-3635
-3790
-3823
-3633
-3231
-2738
-2204
-1597
-1036
-608
-189
221
485
560
538
530
530
504
574
772
944
1112
1400
1783
2112
2302
2439
2524
2444
2240
2016
1709
1251
718
263
-82
-390
-598
-658
-618
-477
-204
228
723
1163
1591
2018
2409
2753
3012
3195
3273
3213
3147
3112
3029
2918
2813
2687
2534
2423
2386
2308
2157
2004
1851
1699
1576
1440
1263
1071
877
686
489
337
114
-378
-993
-1558
-2205
-3029
-3844
-4605
-5460
-6318
-6883
-7107
-7247
-7307
-7096
-6605
-5958
-5174
-4182
-3146
-2265
-1503
-731
33
634
1019
1258
1419
1482
1536
1680
1823
1900
1960
2076
2268
2471
2598
2584
2405
2086
1692
1230
650
-60
-864
-1685
-2434
-3016
-3398
-3668
-3848
-3860
-3645
-3236
-2722
-2136
-1540
-1035
-623
-199
225
517
636
636
628
640
656
738
863
974
1085
1296
1664
2037
2276
2422
2497
2471
2354
2169
1912
1498
970
478
83
-219
-465
-647
-730
-710
-523
-154
285
704
1103
1509
1918
2288
2613
2859
2934
2926
2973
3050
3058
2998
2909
2781
2640
2561
2571
2570
2465
2326
2240
2207
2146
2049
1921
1705
1422
1174
1010
827
471
-45
-618
-1267
-2004
-2787
-3592
-4454
-5384
-6211
-6750
-7059
-7271
-7350
-7187
-6805
-6274
-5569
-4663
-3742
-2984
-2265
-1450
-653
-40
424
833
1118
1277
1452
1706
1937
2003
2029
2182
2377
2512
2607
2677
2605
2342
2034
1718
1253
589
-161
-909
-1628
-2278
-2808
-3218
-3551
-3754
-3725
-3487
-3114
-2671
-2188
-1682
-1196
-700
-204
167
368
472
527
551
592
666
744
819
970
1254
1594
1932
2275
2551
2700
2786
2846
2790
2526
2138
1721
1225
676
215
-150
-499
-806
-962
-910
-759
-549
-195
262
720
1161
1638
2109
2453
2668
2848
2973
2978
2926
2867
2766
2610
2447
2338
2239
2147
2117
2069
1980
1911
1876
1829
1703
1559
1453
1273
1025
800
614
328
-148
-660
-1160
-1787
-2537
-3235
-3877
-4583
-5323
-5884
-6202
-6464
-6661
-6629
-6328
-5900
-5410
-4729
-3877
-3060
-2343
-1573
-739
-60
398
792
1184
1421
1515
1654
1816
1875
1860
1927
2077
2172
2204
2222
2179
2022
1767
1452
1071
551
-66
-692
-1313
-1889
-2398
-2827
-3141
-3337
-3383
-3230
-2940
-2573
-2115
-1616
-1102
-580
-100
314
602
749
831
874
864
848
844
841
876
996
1200
1436
1669
1901
2103
2220
2286
2297
2170
1890
1531
1131
674
203
-210
-573
-890
-1109
-1161
-1049
-846
-572
-220
214
700
1188
1658
2085
2403
2617
2793
2926
2988
2977
2900
2793
2689
2598
2529
2468
2404
2327
2241
2192
2153
2081
1949
1749
1544
1341
1107
858
594
306
-13
-390
-787
-1203
-1703
-2271
-2875
-3455
-4020
-4613
-5123
-5490
-5793
-6017
-6051
-5884
-5616
-5283
-4790
-4141
-3496
-2882
-2218
-1520
-907
-421
35
469
772
972
1182
1390
1534
1637
1765
1928
2061
2152
2243
2297
2254
2101
1886
1630
1268
806
300
-229
-766
-1282
-1722
-2084
-2374
-2554
-2600
-2509
-2299
-2009
-1681
-1331
-985
-652
-345
-93
95
215
281
329
352
351
381
440
490
593
787
1014
1204
1397
1606
1753
1808
1804
1745
1582
1326
1066
819
532
213
-47
-215
-324
-358
-258
-42
201
483
868
1287
1647
1953
2216
2416
2529
2584
2612
2565
2449
2322
2184
2052
1941
1839
1750
1680
1638
1630
1620
1591
1543
1470
1375
1254
1133
997
806
587
376
171
-78
-410
-767
-1149
-1626
-2135
-2617
-3100
-3622
-4139
-4547
-4845
-5101
-5281
-5307
-5215
-5035
-4740
-4282
-3727
-3189
-2643
-2069
-1482
-949
-492
-74
268
510
704
921
1121
1250
1359
1475
1612
1741
1837
1928
1976
1920
1794
1640
1432
1126
723
292
-160
-629
-1079
-1481
-1815
-2097
-2282
-2323
-2239
-2086
-1866
-1563
-1228
-889
-556
-247
6
168
266
333
361
336
278
247
241
250
335
502
688
868
1094
1348
1563
1717
1832
1882
1820
1678
1502
1290
1000
690
437
224
51
-48
-52
12
112
279
536
818
1071
1304
1535
1728
1876
1999
2078
2103
2075
2034
2014
1977
1921
1879
1835
1818
1841
1870
1905
1917
1884
1815
1716
1593
1445
1245
992
732
475
197
-76
-362
-713
-1085
-1487
-1888
-2266
-2689
-3146
-3596
-3993
-4345
-4631
-4812
-4897
-4906
-4830
-4619
-4265
-3822
-3350
-2832
-2274
-1722
-1186
-665
-206
159
454
677
871
1033
1137
1222
1280
1325
1387
1469
1534
1562
1565
1515
1433
1309
1111
858
528
127
-293
-704
-1103
-1469
-1782
-2032
-2203
-2264
-2199
-2059
-1862
-1590
-1282
-962
-647
-351
-87
73
134
177
209
171
98
90
120
131
210
423
666
857
1061
1345
1588
1726
1829
1884
1812
1629
1430
1236
1002
720
467
301
193
127
155
272
402
548
746
997
1248
1436
1597
1726
1788
1810
1805
1775
1720
1649
1579
1542
1552
1585
1609
1612
1628
1665
1671
1650
1609
1530
1404
1248
1096
930
737
539
338
158
-23
-201
-382
-600
-830
-1111
-1445
-1779
-2141
-2547
-2973
-3359
-3675
-3963
-4198
-4315
-4321
-4246
-4079
-3793
-3404
-2992
-2565
-2116
-1666
-1254
-900
-576
-311
-118
39
175
293
394
507
614
724
845
975
1131
1262
1350
1412
1448
1413
1312
1163
936
634
281
-61
-386
-729
-1049
-1302
-1490
-1631
-1697
-1681
-1616
-1528
-1424
-1269
-1089
-917
-759
-597
-440
-327
-194
-29
124
278
430
607
806
1014
1224
1425
1618
1783
1913
2007
2064
2076
2000
1876
1737
1570
1361
1124
906
716
539
370
261
224
192
157
170
242
321
369
435
568
697
767
864
1014
1134
1204
1301
1437
1524
1564
1633
1710
1731
1687
1631
1577
1467
1314
1168
1031
873
682
528
424
307
167
58
-35
-165
-329
-499
-691
-976
-1331
-1679
-2046
-2470
-2894
-3253
-3576
-3854
-4056
-4123
-4086
-4002
-3804
-3519
-3173
-2794
-2391
-1934
-1522
-1171
-817
-489
-226
-23
145
288
409
522
659
798
928
1078
1251
1424
1532
1607
1672
1647
1543
1409
1225
962
625
278
-59
-434
-814
-1126
-1371
-1589
-1744
-1796
-1773
-1704
-1591
-1407
-1187
-968
-740
-493
-257
-62
125
319
502
648
790
941
1076
1235
1397
1547
1677
1757
1812
1836
1816
1768
1668
1515
1336
1135
934
724
514
333
164
24
-70
-110
-105
-86
-40
40
116
190
295
406
496
590
684
778
877
973
1057
1128
1198
1272
1336
1380
1400
1401
1385
1353
1315
1253
1165
1073
981
892
795
694
586
465
351
229
113
-6
-142
-293
-491
-708
-913
-1166
-1465
-1775
-2088
-2387
-2668
-2901
-3070
-3219
-3316
-3326
-3260
-3142
-2993
-2775
-2520
-2274
-2002
-1715
-1441
-1217
-1026
-811
-627
-487
-339
-201
-66
71
227
432
620
781
971
1169
1322
1420
1493
1526
1475
1365
1224
1040
793
506
240
0
-251
-483
-643
-769
-866
-893
-867
-803
-731
-662
-557
-419
-301
-196
-79
15
89
176
271
364
435
500
603
694
772
873
960
1018
1046
1068
1080
1060
1003
925
851
754
661
577
491
415
336
286
275
261
254
262
273
287
306
327
341
330
319
343
370
403
452
515
587
661
764
883
994
1098
1193
1279
1342
1386
1398
1377
1316
1208
1091
979
856
719
586
455
328
210
93
-13
-122
-250
-392
-556
-741
-942
-1175
-1447
-1729
-2009
-2285
-2547
-2769
-2932
-3057
-3135
-3131
-3042
-2904
-2731
-2501
-2230
-1955
-1684
-1393
-1104
-866
-664
-473
-287
-130
0
125
245
356
471
598
741
862
950
1045
1129
1170
1175
1160
1107
1009
867
713
560
370
186
15
-146
-283
-393
-464
-521
-555
-558
-540
-521
-477
-404
-348
-286
-194
-85
9
99
224
339
431
540
663
776
848
901
970
1010
999
974
951
911
835
753
690
620
531
455
409
368
316
268
253
245
209
172
153
115
69
32
12
1
-4
16
71
144
233
349
491
641
777
913
1040
1136
1191
1208
1197
1147
1058
948
817
683
560
434
318
206
111
35
-41
-105
-164
-233
-310
-388
-479
-581
-699
-836
-964
-1107
-1260
-1396
-1520
-1633
-1731
-1792
-1825
-1839
-1824
-1778
-1718
-1645
-1547
-1440
-1334
-1231
-1118
-1010
-912
-810
-722
-622
-541
-463
-356
-252
-141
-19
93
205
320
424
518
589
636
668
681
675
657
624
562
488
414
335
239
139
61
-11
-83
-144
-162
-170
-195
-165
-112
-60
8
79
156
230
287
346
416
463
480
496
513
516
508
511
515
504
490
496
523
540
555
572
576
575
552
537
516
464
409
357
308
261
217
189
180
165
160
202
254
303
354
409
465
511
554
593
608
596
581
566
553
535
500
455
423
396
368
345
312
276
231
171
115
51
-36
-137
-255
-374
-478
-587
-695
-795
-882
-953
-1014
-1056
-1095
-1137
-1173
-1185
-1205
-1221
-1220
-1227
-1232
-1240
-1224
-1189
-1163
-1111
-1045
-957
-865
-751
-616
-509
-395
-283
-185
-88
-11
50
94
123
139
150
158
154
143
148
150
156
168
175
193
189
180
187
172
158
142
126
110
84
63
51
25
7
14
26
39
63
111
188
251
307
379
442
493
533
571
603
601
598
602
602
579
548
538
527
501
473
457
439
405
369
345
330
308
265
244
248
232
230
258
284
297
316
354
394
422
443
459
470
470
474
457
416
365
312
257
202
158
118
80
46
28
26
2
-28
-51
-83
-129
-190
-238
-288
-382
-482
-562
-639
-721
-806
-856
-883
-916
-928
-904
-870
-847
-825
-787
-758
-739
-725
-711
-706
-716
-719
-718
-705
-697
-680
-628
-570
-507
-428
-329
-239
-157
-62
18
80
128
171
189
206
220
218
207
199
191
193
202
189
200
221
230
241
237
242
236
213
198
186
179
163
149
164
170
167
187
212
234
252
277
322
352
370
397
414
419
412
414
426
422
406
402
401
396
382
378
373
362
347
337
340
332
320
315
293
271
255
234
222
209
194
181
182
184
194
191
181
180
170
162
148
129
107
69
30
6
-24
-68
-104
-140
-176
-211
-231
-242
-269
-302
-313
-307
-317
-339
-355
-359
-379
-408
-420
-443
-480
-521
-561
-601
-639
-689
-730
-752
-779
-795
-791
-783
-768
-741
-702
-653
-598
-536
-467
-404
-345
-287
-229
-167
-120
-78
-32
8
47
91
133
163
189
218
244
271
294
312
328
330
331
322
302
274
242
224
196
164
142
127
121
116
121
130
135
156
182
201
226
252
273
290
303
320
338
350
362
380
402
428
448
464
493
516
532
551
566
576
565
543
517
480
429
370
299
236
186
128
89
64
47
32
23
28
32
31
31
35
37
32
36
38
25
11
-1
-11
-21
-30
-36
-37
-36
-41
-36
-39
-56
-81
-120
-156
-199
-269
-337
-397
-464
-531
-590
-637
-676
-708
-720
-722
-716
-692
-664
-638
-609
-593
-570
-543
-533
-516
-497
-482
-456
-429
-396
-352
-305
-254
-206
-142
-79
-23
44
90
120
139
150
161
151
126
107
86
71
58
50
50
47
50
67
88
105
126
142
163
185
192
204
213
209
206
213
221
233
243
249
261
277
296
317
333
348
362
377
395
405
415
417
409
412
415
412
413
406
403
394
380
366
339
314
274
240
213
172
146
122
88
65
56
48
43
53
54
55
65
68
65
53
38
21
-5
-35
-59
-83
-118
-142
-161
-176
-187
-206
-209
-210
-214
-218
-226
-233
-252
-273
-291
-320
-362
-399
-426
-461
-498
-524
-535
-538
-540
-538
-518
-497
-478
-451
-414
-381
-353
-317
-278
-246
-212
-180
-151
-121
-93
-62
-29
-2
31
62
80
99
116
131
144
143
138
141
127
111
107
92
72
58
41
36
33
29
34
38
41
47
62
75
82
81
92
113
124
130
139
150
153
167
183
192
198
204
215
221
227
231
229
226
218
215
216
208
198
198
195
191
196
196
190
195
197
201
208
209
216
218
210
199
199
195
179
169
153
138
127
107
93
78
49
33
21
-2
-14
-28
-47
-68
-95
-109
-125
-143
-157
-164
-173
-182
-185
-186
-187
-199
-215
-213
-224
-245
-254
-257
-260
-277
-290
-295
-298
-308
-311
-313
-323
-315
-311
-300
-291
-296
-290
-274
-259
-258
-248
-216
-197
-180
-145
-113
-76
-38
-11
20
55
85
106
125
128
122
129
125
108
95
86
68
53
44
40
40
38
40
48
57
68
81
98
106
117
125
129
134
129
139
147
146
158
167
183
186
186
194
190
193
194
183
181
172
156
150
130
103
90
69
45
16
-5
-21
-39
-58
-82
-89
-99
-108
-110
-116
-114
-103
-90
-76
-59
-34
-18
-5
15
32
53
62
63
70
73
66
58
42
30
24
13
10
4
-11
-9
-5
-4
-14
-18
-15
-32
-40
-47
-60
-74
-94
-102
-113
-124
-137
-146
-142
-151
-146
-136
-135
-124
-123
-116
-114
-119
-110
-102
-104
-107
-105
-98
-97
-98
-89
-82
-67
-47
-37
-8
13
25
45
56
58
57
66
57
47
48
40
31
27
21
8
18
15
13
28
30
45
50
55
71
73
79
84
83
88
93
95
89
94
101
96
108
113
108
124
124
119
117
109
93
68
51
27
3
-15
-42
-58
-75
-91
-96
-103
-105
-102
-86
-75
-67
-58
-45
-29
-25
-25
-22
-16
-19
-18
-11
-2
13
24
42
58
75
104
116
123
127
127
134
127
112
97
78
55
33
19
1
-15
-27
-32
-27
-24
-17
-19
-13
-9
-17
-17
-28
-46
-63
-79
-97
-117
-132
-138
-145
-151
-144
-137
-129
-119
-107
-93
-79
-78
-73
-69
-72
-77
-82
-88
-100
-103
-102
-103
-103
-107
-104
-90
-79
-77
-78
-78
-75
-70
-61
-59
-64
-58
-46
-34
-21
-3
18
42
67
90
120
138
149
164
176
187
185
180
172
156
147
134
121
114
105
105
103
96
93
95
91
84
84
72
64
53
38
35
26
19
15
13
14
14
18
20
27
35
45
54
56
58
60
58
58
56
52
48
42
40
43
44
42
44
50
58
55
59
59
49
55
47
34
29
15
7
-1
-12
-23
-26
-31
-38
-38
-46
-51
-56
-63
-66
-73
-83
-93
-108
-125
-131
-138
-147
-146
-148
-143
-130
-122
-111
-97
-88
-74
-58
-46
-39
-39
-41
-49
-62
-76
-89
-105
-120
-139
-145
-152
-157
-149
-150
-141
-125
-110
-84
-71
-61
-45
-25
-2
6
18
26
34
47
59
68
80
102
117
132
150
156
168
180
180
184
184
182
170
152
141
123
105
91
72
60
50
34
30
28
25
24
23
28
26
29
29
31
33
28
31
31
28
27
18
21
18
16
24
23
21
19
17
14
6
9
7
2
3
-2
1
4
-6
-7
-6
-16
-19
-23
-32
-32
-40
-42
-45
-52
-50
-55
-54
-52
-55
-46
-40
-39
-29
-31
-27
-20
-20
-17
-15
-14
-13
-8
-10
-17
-16
-17
-18
-9
-1
-1
5
9
5
0
-3
-8
-16
-19
-30
-44
-45
-52
-62
-67
-77
-80
-75
-76
-74
-74
-66
-55
-51
-39
-33
-27
-14
-6
5
14
25
34
43
54
63
64
70
73
68
72
72
63
58
56
51
43
39
34
31
37
37
39
40
44
47
51
56
50
47
49
40
31
26
19
9
1
-11
-15
-14
-13
-10
-7
4
9
10
13
7
6
8
7
-1
-12
-23
-33
-38
-50
-56
-57
-66
-61
-57
-53
-49
-47
-40
-30
-26
-36
-40
-40
-47
-54
-64
-72
-75
-78
-82
-80
-78
-66
-47
-36
-22
-6
9
23
33
39
58
65
59
66
63
64
61
55
56
56
60
66
59
53
53
54
61
53
38
33
27
19
7
-7
-12
-16
-15
-15
-23
-20
-11
-5
6
12
24
40
41
43
41
48
56
55
58
54
54
56
49
47
47
45
40
36
30
24
21
7
1
-3
-5
-11
-21
-20
-24
-23
-17
-14
-3
4
7
5
9
14
10
9
-1
-7
-8
-18
-26
-35
-39
-39
-46
-49
-53
-53
-55
-58
-61
-64
-66
-71
-76
-78
-88
-94
-93
-95
-98
-97
-96
-95
-83
-79
-79
-63
-61
-51
-37
-40
-36
-30
-28
-22
-21
-17
-3
2
5
12
15
25
35
35
44
48
47
51
50
46
51
52
48
50
48
50
48
42
41
43
44
41
35
29
24
19
15
10
6
-2
-7
-5
-6
-3
5
4
11
19
21
27
28
31
33
38
38
37
34
29
29
22
23
23
12
13
18
12
10
11
0
4
4
-7
-9
-16
-18
-16
-19
-17
-22
-20
-17
-16
-8
-4
2
0
2
12
6
7
9
-1
6
3
-6
-9
-12
-18
-19
-17
-23
-27
-28
-34
-36
-37
-40
-41
-43
-44
-47
-50
-47
-50
-41
-32
-36
-26
-20
-20
-12
-7
3
13
18
17
22
30
27
28
33
35
38
45
44
43
50
51
57
58
57
59
57
56
53
55
55
56
45
46
55
43
45
44
36
40
36
35
31
24
18
11
4
-2
-14
-27
-26
-35
-36
-39
-50
-48
-46
-41
-44
-38
-32
-26
-18
-22
-23
-20
-18
-19
-21
-28
-30
-29
-36
-35
-34
-35
-32
-35
-31
-29
-30
-30
-34
-29
-28
-34
-40
-44
-41
-44
-44
-44
-48
-40
-36
-37
-32
-26
-17
-9
-5
-2
2
2
3
5
4
2
-5
-8
-5
-7
-7
-10
-6
4
5
7
4
0
7
8
7
5
3
3
3
0
-2
5
6
8
18
24
33
40
39
49
54
53
54
53
50
42
35
29
20
20
11
5
9
12
19
21
27
37
44
55
54
54
67
69
61
60
56
50
50
40
33
32
31
32
25
26
28
26
31
33
29
27
25
15
12
7
2
-2
-8
-12
-19
-24
-25
-28
-28
-27
-28
-23
-21
-22
-23
-28
-23
-20
-26
-24
-28
-37
-35
-35
-39
