2
0
7
13
5
0
7
4
7
4
-7
-1
-1
5
6
-6
-6
0
-4
-2
3
0
3
1
1
2
5
6
13
9
5
11
5
6
6
15
13
1
4
0
-4
-5
3
3
1
-1
7
10
3
12
3
4
4
-7
-2
0
-4
-10
-9
-1
-6
-10
-2
-8
-11
-7
-10
-9
-13
-12
-13
-16
-13
-15
-17
-8
-3
-2
0
-1
-1
-6
-6
-3
-3
-4
-5
-4
-4
-1
2
5
4
7
5
1
6
4
1
3
2
-8
-5
2
-7
1
3
-5
-2
-7
-1
1
-3
8
1
-2
5
3
8
9
3
-3
-3
-1
-5
-1
-1
7
6
-8
0
4
-2
1
-1
-4
-3
-1
-1
-5
-1
2
0
2
2
-1
-2
-3
-2
-6
-6
-5
-6
4
5
-5
-11
-10
-4
-8
-6
-6
-9
-7
-7
-11
-8
2
-3
-2
-8
-8
2
-1
6
8
1
5
3
3
1
2
10
10
8
4
2
11
9
8
7
-1
3
-1
-1
4
3
6
4
1
8
12
8
13
14
5
10
16
19
14
4
13
17
16
23
15
10
12
8
7
8
13
14
11
8
8
13
7
0
-2
-8
-3
-6
-6
-7
-8
-3
-4
-3
-6
-5
0
2
7
2
0
2
-5
-17
-13
-11
-13
-10
-9
-1
-10
-12
-4
-13
-16
-11
-17
-15
-2
-4
0
4
5
10
11
12
15
11
8
6
4
-2
-16
-15
-15
-21
-19
-11
-16
-26
-17
-20
-27
-18
-13
-7
-1
5
-5
-3
10
12
12
17
21
20
16
14
15
4
-6
-11
-16
-22
-17
-6
-16
-13
-3
1
4
4
3
5
9
12
12
8
2
-8
-14
-13
-18
-17
-6
-2
0
13
14
9
4
9
10
-4
-1
-12
-22
-18
-19
-10
-13
-20
-15
-19
-17
-16
-23
-27
-16
-20
-19
2
4
12
23
24
37
40
41
52
53
42
31
23
18
17
15
10
8
15
18
14
17
30
34
29
27
32
33
22
11
11
13
12
9
10
21
22
26
35
35
32
39
38
28
29
22
7
-1
-17
-23
-20
-35
-43
-32
-30
-24
1
24
36
48
50
50
45
30
17
8
0
-11
-26
-25
-21
-17
-2
7
18
28
31
24
7
-8
-19
-42
-64
-72
-89
-92
-79
-72
-63
-45
-12
7
16
29
31
33
27
14
5
-6
-21
-35
-46
-50
-48
-41
-27
-13
-12
-2
7
6
3
-14
-25
-41
-68
-89
-85
-83
-93
-73
-51
-30
-12
5
38
44
41
50
47
39
27
24
17
13
27
33
39
54
65
69
64
73
76
66
57
62
71
75
94
111
123
151
169
180
188
179
167
146
114
87
59
33
15
4
-7
-10
-11
-34
-56
-102
-209
-321
-405
-526
-634
-661
-664
-650
-560
-400
-221
-47
148
356
489
563
647
637
528
431
323
172
33
-26
-40
-48
-2
118
225
300
396
446
399
304
191
32
-166
-348
-495
-635
-739
-740
-675
-598
-491
-348
-215
-118
-60
-23
-26
-112
-229
-333
-429
-514
-561
-538
-473
-386
-257
-106
32
140
209
239
241
203
118
8
-101
-199
-272
-290
-244
-172
-89
36
201
338
444
526
563
534
461
388
319
258
234
267
360
483
630
811
998
1178
1330
1429
1466
1442
1373
1269
1134
958
776
631
523
433
396
421
426
403
429
498
532
538
547
526
498
532
582
554
520
503
263
-173
-396
-521
-1027
-1680
-2018
-2328
-2940
-3386
-3331
-3292
-3576
-3613
-3170
-2778
-2521
-2012
-1354
-923
-625
-184
301
629
876
1094
1187
1241
1365
1476
1508
1496
1433
1300
1118
937
754
478
83
-343
-723
-1063
-1322
-1466
-1569
-1649
-1570
-1327
-1077
-848
-535
-310
-500
-826
-923
-1147
-1641
-1889
-1841
-1872
-1774
-1168
-279
505
1318
2252
2888
3206
3537
3613
3182
2574
1946
1134
273
-240
-487
-739
-784
-421
101
647
1360
2090
2550
2787
2933
2947
2751
2441
2102
1686
1245
944
903
1022
1147
1329
1632
1922
2091
2334
2662
2727
2495
2336
2224
1865
1431
1154
633
-491
-1721
-2619
-3661
-4971
-5927
-6514
-7213
-7805
-7653
-6901
-6175
-5415
-4284
-3075
-2120
-1107
97
1027
1502
1829
2133
2284
2400
2644
2773
2635
2523
2588
2583
2450
2309
1981
1269
388
-368
-1102
-1967
-2822
-3534
-4148
-4563
-4556
-4209
-3744
-3188
-2443
-1571
-749
92
1005
1678
1962
2135
2345
2299
1863
1457
1153
600
-61
-425
-620
-999
-1334
-1294
-1142
-1075
-848
-449
-209
-35
337
687
814
915
1049
975
797
856
1020
1025
1036
1254
1508
1688
2007
2482
2859
3071
3310
3570
3642
3590
3601
3501
3104
2650
2330
1926
1399
1090
1024
850
618
667
870
976
1160
1508
1691
1723
1947
2205
2217
2221
2108
1152
-408
-1658
-2869
-4617
-6238
-7145
-8055
-9187
-9389
-8375
-7334
-6565
-5229
-3593
-2542
-1628
-235
925
1204
1206
1438
1489
1327
1525
1942
1982
1881
2214
2763
3028
3117
3167
2796
1854
855
24
-1019
-2309
-3463
-4385
-5137
-5457
-5194
-4676
-4085
-3253
-2199
-1211
-271
734
1463
1684
1731
1826
1723
1337
932
572
99
-341
-446
-321
-214
-145
4
192
285
372
497
451
150
-90
-108
-135
-169
0
260
364
536
1047
1590
1911
2195
2498
2638
2675
2848
3049
3033
2959
3031
3129
3216
3419
3666
3720
3545
3323
3099
2747
2277
1851
1454
967
549
384
361
398
633
1023
1310
1562
2075
2633
2848
2989
3158
2534
880
-805
-2292
-4332
-6628
-8174
-9226
-10551
-11376
-10684
-9307
-8239
-6880
-4863
-3172
-2086
-687
921
1634
1540
1609
1705
1353
1160
1559
1869
1766
1990
2787
3439
3693
3900
3876
3129
1959
911
-182
-1631
-3219
-4546
-5535
-6211
-6330
-5806
-5016
-4160
-3040
-1725
-520
564
1604
2249
2328
2327
2315
1768
905
403
-111
-1068
-1611
-1407
-1370
-1490
-859
143
537
911
1886
2389
2031
1991
2263
1757
890
660
532
-118
-467
-24
365
443
963
1884
2507
2922
3528
4120
4313
4239
4250
4235
3912
3492
3313
3153
2743
2412
2387
2283
1972
1964
2237
2151
1820
1805
1842
1602
1476
1581
1561
1473
1635
1940
2188
2359
2001
689
-963
-2451
-4331
-6524
-8139
-9359
-10897
-12031
-11673
-10463
-9429
-8065
-5945
-4028
-2676
-966
1060
2224
2398
2528
2704
2347
1865
1994
2205
1804
1509
2038
2708
2920
3114
3412
3046
1946
1004
280
-958
-2584
-3956
-5121
-6128
-6587
-6362
-5759
-5022
-4052
-2826
-1489
-163
1010
1897
2452
2659
2680
2732
2487
1591
550
-269
-1214
-2022
-1983
-1516
-1421
-1194
-204
825
1362
2069
2867
2755
2076
1856
1718
1011
341
130
-243
-772
-594
244
922
1457
2303
3207
3811
4329
4961
5359
5176
4695
4358
4066
3596
3164
2901
2511
1993
1814
2019
2153
2191
2371
2416
2169
2159
2487
2471
2087
1979
2047
1829
1736
2167
2206
1040
-553
-1869
-3500
-5626
-7324
-8475
-9979
-11607
-12018
-11225
-10362
-9374
-7611
-5689
-4379
-2931
-750
1090
1821
2233
2779
2820
2460
2571
2934
2732
2271
2316
2718
2956
3104
3281
3087
2327
1396
578
-342
-1572
-2981
-4317
-5454
-6234
-6487
-6283
-5777
-5028
-4090
-2974
-1596
-123
1032
1784
2359
2679
2477
2052
1736
1052
-93
-887
-1166
-1442
-1514
-911
-111
339
900
1831
2402
2405
2438
2352
1636
740
238
-196
-816
-1145
-957
-626
-248
578
1774
2761
3476
4247
4935
5198
5187
5185
5013
4443
3854
3577
3264
2813
2659
2715
2557
2458
2770
3069
2982
2888
2979
2840
2477
2369
2329
1998
1747
1818
1948
1945
1640
757
-688
-2357
-4127
-6018
-7771
-9231
-10687
-12003
-12378
-11724
-10723
-9468
-7660
-5677
-4016
-2352
-274
1549
2371
2701
3070
3105
2714
2530
2678
2507
2006
1941
2429
2786
2871
3036
3021
2423
1529
739
-159
-1535
-3138
-4493
-5586
-6453
-6795
-6587
-6106
-5361
-4260
-2908
-1449
12
1278
2163
2774
3222
3183
2544
1812
1032
-171
-1287
-1610
-1629
-1790
-1449
-348
682
1335
2287
3319
3477
3036
2767
2359
1370
292
-387
-981
-1659
-1877
-1401
-644
191
1264
2533
3662
4496
5245
5877
6035
5739
5356
4922
4241
3540
3120
2720
2195
2000
2290
2572
2724
3062
3386
3276
3070
3198
3177
2614
2027
1754
1387
913
862
882
-16
-1616
-2954
-4196
-5909
-7532
-8533
-9597
-11058
-11768
-11132
-10166
-9360
-8007
-6168
-4694
-3396
-1476
607
1820
2373
2944
3328
3227
3122
3314
3284
2794
2445
2549
2712
2717
2706
2582
2101
1363
639
-80
-1010
-2201
-3461
-4582
-5401
-5872
-6028
-5855
-5386
-4750
-3949
-2840
-1489
-235
696
1376
1894
2109
1964
1741
1584
1230
618
221
286
404
426
807
1499
1845
1889
2192
2485
2151
1537
1185
715
-144
-755
-862
-992
-1141
-775
-10
693
1469
2505
3414
3999
4560
5109
5343
5341
5294
5096
4717
4376
4116
3817
3537
3330
3131
2968
2884
2775
2608
2498
2443
2298
2054
1904
1812
1623
1487
1486
1257
376
-1015
-2510
-4194
-6140
-7874
-9180
-10513
-11854
-12366
-11837
-10977
-9907
-8151
-6108
-4528
-2993
-932
966
1953
2486
3037
3206
2894
2729
2867
2769
2359
2196
2451
2733
2871
2993
3035
2711
2026
1283
471
-690
-2132
-3536
-4769
-5754
-6348
-6532
-6336
-5765
-4937
-3925
-2600
-1072
174
1041
1853
2363
2173
1782
1653
1251
426
-30
-42
-187
-217
436
1259
1664
2114
2803
3099
2929
2814
2565
1724
691
-18
-656
-1355
-1641
-1411
-1047
-550
362
1563
2641
3502
4364
5124
5464
5482
5517
5452
4993
4445
4189
3958
3519
3270
3358
3277
2979
2987
3183
3100
2949
3033
2964
2543
2284
2252
2014
1628
1155
111
-1642
-3447
-5101
-7028
-8923
-10238
-11375
-12598
-13006
-12172
-11006
-9893
-8152
-5929
-4147
-2616
-570
1426
2370
2690
3217
3592
3344
3079
3258
3258
2744
2469
2842
3195
3135
3094
3128
2691
1797
979
185
-1010
-2490
-3849
-4984
-5892
-6445
-6619
-6417
-5837
-5069
-4132
-2764
-1170
36
873
1722
2192
1952
1667
1663
1271
490
157
186
19
91
823
1547
1833
2244
2863
3044
2836
2707
2396
1566
656
32
-532
-1122
-1431
-1330
-1020
-534
311
1459
2561
3441
4276
5087
5597
5814
5976
5971
5553
4964
4586
4276
3826
3500
3416
3238
2995
3030
3283
3459
3454
3388
3325
3149
2855
2606
2350
1548
-106
-2045
-3870
-5961
-8266
-10021
-11231
-12626
-13804
-13617
-12407
-11278
-9898
-7657
-5409
-3859
-2170
85
1803
2405
2748
3259
3351
2986
2900
3182
3158
2783
2765
3233
3583
3597
3575
3484
2910
1900
880
-182
-1576
-3154
-4585
-5773
-6604
-6995
-7051
-6762
-6009
-4946
-3781
-2350
-672
708
1550
2170
2560
2441
2047
1663
1151
532
92
-118
-66
411
1081
1580
2112
2839
3258
3226
3253
3200
2449
1306
500
-182
-1142
-1841
-1877
-1721
-1527
-834
349
1519
2553
3623
4619
5314
5739
5987
6022
5802
5386
4879
4395
4038
3768
3529
3364
3330
3374
3400
3500
3745
3835
3567
3257
3128
2829
2293
1828
1005
-773
-2975
-4843
-6755
-8996
-10714
-11734
-12955
-14026
-13636
-12202
-10997
-9609
-7277
-5023
-3635
-1958
430
2057
2466
2907
3652
3726
3299
3443
3886
3651
3147
3328
3853
3912
3702
3682
3388
2406
1288
392
-754
-2361
-3942
-5253
-6381
-7121
-7308
-7114
-6635
-5862
-4853
-3598
-2000
-364
854
1809
2608
2817
2500
2331
2197
1493
718
567
504
210
471
1338
1805
1870
2357
2906
2742
2369
2297
1896
848
-119
-660
-1238
-1882
-2043
-1669
-1185
-599
349
1599
2772
3702
4603
5468
5998
6145
6177
6122
5774
5247
4877
4614
4276
4003
3843
3616
3393
3418
3598
3656
3599
3547
3383
3022
2686
2480
1977
647
-1346
-3383
-5433
-7761
-9902
-11306
-12454
-13817
-14483
-13580
-12009
-10685
-8902
-6341
-4146
-2679
-803
1546
2918
3107
3354
3859
3770
3307
3357
3664
3450
3015
3235
3911
4189
3997
3780
3423
2459
1140
27
-1131
-2798
-4674
-6166
-7209
-7946
-8182
-7832
-7121
-6189
-5023
-3553
-1805
-87
1274
2305
3066
3285
2994
2657
2241
1464
721
427
205
-1
408
1245
1724
2063
2790
3300
3069
2767
2696
2066
802
-194
-817
-1633
-2400
-2484
-2069
-1638
-1032
55
1425
2666
3716
4785
5773
6336
6493
6577
6564
6151
5491
4997
4611
4136
3787
3643
3473
3323
3399
3563
3606
3648
3698
3488
3076
2788
2427
1388
-381
-2388
-4487
-6863
-9207
-10934
-12156
-13420
-14377
-14096
-12759
-11350
-9818
-7558
-5149
-3455
-1907
275
2196
2836
2979
3515
3810
3425
3259
3718
3912
3556
3547
4169
4653
4631
4465
4234
3516
2266
931
-359
-1922
-3825
-5627
-6956
-7821
-8303
-8369
-7947
-7072
-5898
-4567
-3027
-1244
350
1390
2237
3144
3500
3008
2457
2159
1458
522
319
579
427
392
1182
2041
2370
2808
3423
3349
2722
2337
1910
901
-174
-865
-1581
-2298
-2355
-1826
-1283
-652
412
1683
2806
3880
5036
5976
6399
6522
6669
6673
6274
5725
5348
4922
4284
3845
3743
3499
3172
3281
3511
3348
3214
3402
3254
2679
2426
2135
647
-1633
-3522
-5461
-8159
-10495
-11617
-12740
-14345
-14781
-13454
-11946
-10807
-8748
-5881
-3861
-2545
-443
1978
3021
3028
3480
4032
3668
3099
3372
3763
3379
3054
3578
4234
4353
4306
4288
3828
2797
1588
322
-1163
-2903
-4780
-6464
-7573
-8133
-8405
-8294
-7568
-6435
-5210
-3770
-2004
-300
918
1762
2581
3294
3423
2879
2299
1887
1094
212
166
593
518
449
1279
2261
2545
2836
3455
3405
2559
1923
1517
618
-512
-1260
-1849
-2402
-2392
-1806
-1110
-282
851
2026
3114
4305
5460
6202
6518
6705
6773
6566
6152
5743
5359
4820
4204
3871
3799
3585
3344
3462
3637
3419
3164
3254
3168
2628
2235
1791
238
-2105
-4075
-6007
-8583
-10812
-11918
-13013
-14471
-14627
-13085
-11588
-10427
-8205
-5352
-3541
-2249
-2
2260
2892
2769
3319
3726
3090
2591
3081
3396
2897
2803
3650
4313
4319
4392
4527
3963
2797
1669
479
-1169
-3106
-4916
-6438
-7530
-8064
-8208
-7998
-7257
-6134
-4882
-3415
-1722
-279
593
1239
1893
2245
2134
1850
1571
1155
717
663
1003
1474
1968
2517
3130
3699
4124
4297
4102
3560
2748
1693
541
-492
-1375
-2215
-2861
-2973
-2544
-1884
-1054
110
1415
2479
3404
4468
5380
5744
5807
5910
5847
5492
5206
5118
4925
4649
4585
4656
4602
4528
4613
4655
4423
4043
3708
3266
2605
1994
1590
825
-853
-2881
-4587
-6408
-8669
-10438
-11342
-12483
-13925
-14075
-12730
-11523
-10627
-8705
-6150
-4500
-3203
-869
1556
2475
2668
3505
4259
4015
3735
4185
4416
3840
3428
3826
4247
4077
3775
3585
3073
2076
985
-2
-1192
-2782
-4451
-5772
-6648
-7215
-7548
-7538
-7055
-6195
-5181
-3980
-2388
-772
292
1095
2176
3070
3060
2683
2613
2225
1220
661
829
678
240
547
1333
1699
2053
2885
3348
3017
2744
2666
2009
973
276
-385
-1391
-2042
-1860
-1506
-1264
-556
624
1684
2663
3982
5327
6080
6430
6815
6997
6709
6270
5894
5334
4576
4015
3704
3333
3032
3091
3260
3212
3204
3468
3490
3037
2798
2707
1514
-805
-2854
-4670
-7389
-10214
-11619
-12573
-14404
-15494
-14264
-12456
-11526
-9792
-6541
-4042
-2906
-940
1941
3257
2933
3187
3949
3526
2542
2692
3252
2805
2259
2877
3832
4116
4259
4611
4454
3564
2561
1532
72
-1730
-3623
-5494
-6988
-7840
-8292
-8503
-8159
-7177
-5921
-4463
-2673
-824
657
1704
2565
3366
3852
3604
2800
2091
1397
348
-418
-282
-57
-277
28
1205
2198
2715
3447
4088
3857
3178
2702
2046
930
-215
-1261
-2257
-2755
-2565
-2125
-1503
-430
810
1919
3239
4838
6070
6626
6941
7190
7075
6612
6103
5569
4827
4018
3512
3331
3170
3008
3155
3450
3510
3541
3755
3683
3094
2665
2375
1037
-1290
-3244
-5019
-7743
-10390
-11468
-12247
-13989
-14835
-13350
-11590
-10832
-9049
-5761
-3532
-2739
-905
1874
2906
2387
2747
3619
3121
2138
2481
3229
2865
2399
3121
4110
4289
4257
4544
4401
3419
2250
1168
-261
-2101
-3929
-5547
-6854
-7638
-7939
-7944
-7510
-6488
-5205
-3911
-2398
-778
362
943
1499
2083
2241
2017
1770
1496
1093
795
880
1252
1716
2194
2639
3121
3638
3951
3867
3461
2833
1875
640
-480
-1305
-2126
-3016
-3512
-3332
-2798
-2149
-1130
281
1489
2338
3367
4562
5252
5398
5586
5733
5444
5068
5039
4974
4598
4420
4567
4598
4526
4634
4701
4492
4289
4119
3669
3060
2535
1908
1157
555
-291
-1859
-3596
-5033
-6696
-8592
-9789
-10460
-11608
-12620
-12181
-10972
-10227
-9181
-7038
-5035
-3945
-2457
-50
1668
2096
2645
3675
3994
3623
3769
4286
4092
3446
3393
3742
3703
3420
3295
3009
2255
1387
592
-429
-1658
-2912
-4237
-5484
-6247
-6580
-6872
-6945
-6437
-5621
-4776
-3591
-2042
-690
310
1288
2254
2971
3451
3550
3087
2536
2163
1562
888
809
885
341
20
734
1459
1412
1504
2061
1967
1197
907
991
412
-666
-1299
-1498
-1712
-1717
-1220
-479
209
952
1981
3278
4483
5331
5922
6382
6635
6637
6482
6149
5626
5019
4376
3772
3390
3149
2800
2553
2653
2801
2746
2747
2875
2763
2471
2109
1085
-727
-2637
-4593
-7054
-9367
-10725
-11975
-13639
-14214
-13058
-11825
-10948
-8881
-5896
-3979
-2759
-397
2177
2969
2912
3678
4248
3466
2739
3102
3248
2493
2167
2859
3458
3526
3790
4204
4015
3290
2550
1642
226
-1476
-3209
-4934
-6387
-7308
-7875
-8206
-7975
-7098
-5983
-4718
-3063
-1326
-50
874
1768
2495
2763
2632
2376
2058
1626
1209
1071
1267
1534
1757
2120
2675
3192
3472
3538
3402
2964
2155
1103
128
-734
-1717
-2707
-3278
-3338
-3186
-2782
-1831
-542
584
1600
2851
4132
4977
5448
5880
6120
5948
5630
5454
5256
4851
4493
4373
4319
4196
4112
4096
4047
3961
3800
3478
3069
2629
2048
1432
938
98
-1503
-3306
-4844
-6534
-8378
-9614
-10385
-11506
-12436
-12073
-10962
-10120
-9008
-7012
-5155
-3983
-2372
-84
1491
2007
2641
3513
3699
3466
3733
4126
3807
3306
3416
3744
3714
3583
3578
3265
2509
1704
966
-24
-1351
-2737
-4063
-5320
-6284
-6803
-7050
-7135
-6869
-6174
-5180
-3942
-2540
-1170
17
1046
1979
2820
3503
3799
3531
3017
2626
2140
1491
1146
1080
677
169
409
1083
1303
1317
1676
1829
1346
941
949
616
-290
-1077
-1489
-1815
-1974
-1711
-1161
-556
151
1094
2293
3569
4633
5423
6064
6527
6737
6790
6688
6278
5650
5049
4452
3837
3398
3077
2700
2484
2542
2568
2493
2535
2571
2386
2139
1591
199
-1648
-3408
-5492
-7906
-9676
-10857
-12429
-13754
-13438
-12172
-11287
-9969
-7384
-4999
-3631
-1781
902
2574
2812
3227
3995
3818
3017
2910
3137
2652
2015
2282
2993
3300
3505
3939
4063
3622
3061
2445
1373
-122
-1748
-3473
-5173
-6431
-7227
-7864
-8158
-7760
-6855
-5757
-4326
-2524
-868
338
1384
2415
3093
3247
3103
2813
2361
1817
1369
1163
1179
1274
1392
1722
2340
2874
3074
3167
3227
2867
2023
1195
465
-571
-1807
-2682
-3119
-3413
-3468
-2978
-2083
-1121
-63
1228
2596
3763
4624
5264
5743
5975
5939
5752
5508
5173
4689
4242
4036
3967
3835
3656
3586
3583
3496
3361
3213
2952
2513
1963
1421
958
447
-551
-2128
-3677
-5008
-6581
-8201
-9181
-9863
-10961
-11741
-11195
-10072
-9365
-8398
-6571
-4860
-3759
-2230
-76
1388
1843
2385
3255
3613
3495
3708
4062
3845
3396
3473
3833
3819
3569
3377
3005
2347
1680
1027
79
-1165
-2451
-3692
-4781
-5520
-6016
-6431
-6570
-6260
-5640
-4795
-3664
-2380
-1173
-68
957
1925
2817
3417
3669
3849
3926
3503
2797
2432
2079
1218
538
491
235
-334
-274
219
192
-11
311
516
145
-88
-17
-291
-788
-926
-912
-988
-796
-299
196
812
1682
2579
3485
4491
5379
5990
6472
6826
6869
6700
6395
5817
5083
4410
3714
2958
2382
1998
1623
1384
1400
1508
1598
1705
1808
1828
1446
291
-1318
-2876
-4696
-6981
-8867
-10060
-11503
-13022
-13155
-12027
-11139
-10225
-8033
-5470
-3886
-2274
336
2445
2969
3262
4081
4248
3490
3096
3233
2828
2003
1855
2359
2675
2768
3069
3359
3216
2826
2444
1812
684
-754
-2253
-3749
-5072
-6056
-6819
-7404
-7502
-6978
-6116
-5012
-3488
-1810
-415
857
2202
3297
3956
4306
4322
4062
3752
3231
2283
1416
965
250
-657
-654
-154
-434
-782
-50
691
417
325
987
957
10
-359
-81
-391
-1101
-1185
-876
-814
-659
67
1026
1786
2459
3343
4392
5220
5754
6229
6502
6340
6042
5807
5332
4626
4062
3521
2748
2157
2047
1934
1591
1480
1711
1810
1675
1741
2029
1818
693
-801
-2058
-3561
-5837
-7929
-9126
-10466
-12341
-13113
-12123
-11126
-10676
-9089
-6375
-4448
-3108
-732
1892
2939
3081
3825
4486
4051
3398
3359
3160
2345
1853
2190
2639
2749
2913
3225
3258
3002
2744
2315
1342
-37
-1462
-2923
-4379
-5492
-6252
-6971
-7430
-7165
-6330
-5314
-4000
-2336
-805
385
1545
2697
3439
3674
3585
3240
2724
2146
1524
945
616
453
278
411
994
1508
1672
1892
2263
2221
1693
1231
786
-132
-1270
-1999
-2393
-2822
-3067
-2771
-2126
-1436
-531
762
2093
3181
4164
5060
5659
6002
6240
6222
5870
5427
5001
4435
3850
3532
3324
2951
2599
2554
2640
2599
2541
2582
2553
2275
1883
1643
1436
700
-778
-2367
-3707
-5331
-7264
-8605
-9356
-10537
-11768
-11637
-10500
-9751
-9024
-7221
-5186
-4004
-2695
-484
1312
1825
2184
3039
3449
3164
3158
3499
3310
2727
2682
3107
3272
3217
3282
3194
2744
2297
1933
1227
78
-1191
-2456
-3739
-4777
-5401
-5906
-6437
-6591
-6125
-5344
-4428
-3251
-1946
-832
142
1250
2365
3128
3507
3643
3620
3507
3308
2894
2276
1725
1123
299
-209
-160
-318
-898
-1044
-648
-595
-806
-477
-29
-294
-696
-454
-88
-226
-401
-151
94
127
443
1218
1955
2386
2893
3699
4498
5106
5706
6207
6287
6097
5960
5776
5346
4803
4206
3385
2534
2082
1876
1538
1244
1216
1234
1158
1297
1697
1677
774
-473
-1584
-2994
-4952
-6765
-8153
-9789
-11580
-12317
-11782
-11141
-10573
-9081
-6882
-5090
-3404
-955
1478
2684
3232
4103
4702
4394
3964
3890
3426
2424
1861
2004
2099
2019
2201
2466
2459
2411
2497
2267
1483
426
-772
-2139
-3465
-4540
-5509
-6455
-7057
-7083
-6643
-5858
-4702
-3256
-1776
-388
980
2307
3311
3776
3824
3630
3210
2565
1872
1283
729
169
-217
-202
92
410
747
1167
1542
1713
1716
1621
1312
674
-138
-887
-1522
-2078
-2513
-2684
-2543
-2162
-1505
-515
678
1849
2939
4008
4945
5625
6083
6305
6185
5806
5336
4813
4218
3633
3172
2790
2414
2150
2119
2188
2244
2382
2546
2563
2429
2258
2026
1679
1122
112
-1315
-2767
-4172
-5799
-7348
-8364
-9283
-10393
-10854
-10218
-9402
-8823
-7640
-5842
-4444
-3353
-1668
196
1138
1463
2090
2716
2721
2563
2772
2871
2492
2238
2538
2931
3028
3062
3158
3042
2709
2378
1925
1119
31
-1158
-2338
-3370
-4170
-4827
-5414
-5781
-5742
-5303
-4589
-3660
-2572
-1491
-565
329
1372
2274
2706
2875
3056
3072
2852
2695
2517
1945
1166
603
166
-263
-480
-622
-939
-1121
-943
-733
-673
-492
-251
-318
-454
-230
78
81
-1
134
354
513
807
1331
1846
2218
2638
3285
3981
4524
4968
5315
5501
5528
5475
5330
4990
4513
3956
3289
2627
2171
1852
1475
1116
967
988
1028
1131
1401
1643
1382
497
-486
-1330
-2625
-4492
-6047
-7197
-8788
-10456
-10827
-10223
-10057
-9878
-8398
-6350
-5030
-3600
-1164
947
1687
2231
3389
4043
3666
3333
3367
2882
1940
1556
1790
1855
1723
1879
2167
2298
2458
2658
2495
1900
1158
228
-944
-2021
-2931
-4045
-5254
-5951
-6056
-5989
-5693
-4868
-3747
-2682
-1553
-146
1257
2176
2648
2958
3071
2875
2462
1965
1391
730
124
-231
-233
-1
219
406
743
1227
1593
1756
1882
1839
1358
661
131
-330
-968
-1633
-2021
-2186
-2182
-1832
-1125
-264
596
1501
2463
3374
4211
4868
5184
5250
5242
5069
4657
4226
3896
3427
2819
2475
2442
2342
2104
2053
2198
2211
2123
2187
2292
2118
1678
1321
1102
566
-540
-1756
-2799
-4091
-5653
-6775
-7413
-8323
-9360
-9535
-8932
-8470
-7985
-6755
-5312
-4433
-3495
-1868
-394
239
769
1627
2085
2023
2250
2734
2709
2378
2486
2839
2925
2997
3311
3406
3092
2835
2692
2215
1371
523
-367
-1490
-2520
-3189
-3791
-4518
-4980
-4987
-4826
-4516
-3835
-2938
-2211
-1554
-682
251
1006
1562
1992
2326
2516
2571
2639
2761
2669
2133
1556
1299
912
202
-244
-414
-951
-1566
-1508
-1132
-1146
-1202
-836
-524
-511
-262
306
610
536
576
827
988
1104
1369
1677
1854
2042
2529
3202
3726
4155
4648
5010
5136
5266
5434
5258
4720
4233
3755
3002
2197
1679
1244
673
313
387
553
605
785
1181
1444
1191
567
-96
-1011
-2515
-4186
-5502
-6856
-8609
-9970
-10237
-10092
-10065
-9369
-7695
-6083
-4860
-3068
-774
771
1504
2414
3367
3503
3149
3108
3011
2321
1616
1502
1588
1508
1613
2033
2378
2557
2817
3025
2845
2319
1617
676
-539
-1775
-2907
-4089
-5241
-5975
-6214
-6245
-5982
-5202
-4145
-3103
-1959
-565
762
1692
2323
2764
2894
2675
2295
1866
1373
809
289
8
10
183
440
812
1279
1678
1950
2151
2252
2093
1602
933
247
-453
-1194
-1837
-2254
-2484
-2540
-2281
-1647
-815
60
1000
1993
2897
3687
4389
4856
4999
4957
4814
4491
4061
3727
3381
2884
2503
2433
2404
2254
2237
2368
2362
2273
2314
2315
2077
1762
1476
1124
777
435
-298
-1425
-2406
-3301
-4568
-5787
-6443
-7154
-8303
-8910
-8445
-7973
-7908
-7191
-5756
-4785
-4164
-2752
-967
-101
250
1187
2187
2382
2414
2960
3271
2890
2698
3085
3333
3189
3162
3241
3006
2614
2392
2082
1370
503
-313
-1240
-2218
-2938
-3537
-4278
-4874
-5013
-4886
-4708
-4248
-3461
-2713
-2033
-1161
-144
661
1175
1554
1773
1830
1818
1730
1563
1371
1149
880
766
958
1148
1109
1150
1384
1454
1318
1345
1411
1084
512
138
-115
-558
-1003
-1185
-1262
-1385
-1304
-855
-320
156
723
1393
2009
2559
3145
3634
3864
3969
4107
4146
4034
3964
3881
3594
3238
3074
3019
2832
2568
2395
2258
2073
1919
1864
1826
1678
1385
1114
1024
846
170
-808
-1682
-2723
-4175
-5447
-6232
-7204
-8516
-9217
-9031
-8792
-8578
-7670
-6301
-5274
-4307
-2711
-958
127
854
1760
2451
2621
2753
3092
3111
2668
2377
2437
2459
2384
2474
2554
2360
2141
2107
1957
1446
783
41
-912
-1906
-2660
-3321
-4117
-4829
-5168
-5191
-5002
-4506
-3725
-2906
-2157
-1265
-189
772
1442
1889
2156
2186
2008
1811
1637
1336
917
630
602
729
932
1244
1588
1811
1955
2141
2278
2179
1847
1386
778
111
-452
-949
-1442
-1826
-2018
-2019
-1783
-1246
-545
116
790
1554
2322
3017
3618
4089
4330
4365
4326
4259
4139
3910
3585
3264
2988
2772
2640
2558
2424
2216
2083
2071
1980
1795
1641
1433
1056
693
533
257
-501
-1451
-2276
-3264
-4510
-5518
-6185
-7061
-8088
-8480
-8213
-7931
-7601
-6710
-5535
-4654
-3691
-2192
-715
153
791
1591
2161
2298
2452
2715
2634
2250
2070
2154
2164
2101
2150
2150
1970
1824
1789
1615
1167
596
-61
-877
-1665
-2282
-2897
-3581
-4138
-4398
-4448
-4303
-3838
-3187
-2542
-1864
-1059
-196
547
1115
1480
1640
1653
1559
1399
1209
1007
739
472
429
626
835
1021
1328
1627
1753
1847
2018
2008
1641
1146
690
176
-396
-832
-1135
-1467
-1719
-1662
-1341
-925
-409
237
885
1475
2127
2824
3340
3648
3877
3982
3897
3782
3715
3540
3216
2951
2823
2676
2537
2525
2487
2274
2052
1976
1888
1682
1441
1258
1038
703
445
352
128
-515
-1314
-1959
-2741
-3837
-4775
-5360
-6147
-7173
-7619
-7370
-7215
-7167
-6464
-5330
-4559
-3809
-2417
-965
-219
315
1218
1924
2018
2115
2460
2457
2049
1877
2047
2065
1901
1917
2001
1872
1720
1736
1646
1246
724
193
-486
-1214
-1806
-2383
-3071
-3664
-3950
-4031
-4003
-3715
-3171
-2614
-2044
-1272
-352
419
971
1460
1823
1953
1929
1848
1679
1350
961
668
514
473
484
558
726
931
1101
1251
1439
1515
1332
1032
756
400
-93
-552
-908
-1260
-1577
-1691
-1570
-1338
-997
-498
104
752
1428
2121
2772
3282
3621
3847
3988
3974
3841
3693
3465
3111
2807
2631
2433
2199
2076
2012
1833
1653
1650
1646
1441
1221
1166
1070
807
618
531
160
-568
-1235
-1784
-2610
-3646
-4437
-5080
-5953
-6730
-6863
-6690
-6705
-6491
-5702
-4831
-4160
-3230
-1947
-957
-416
239
1043
1485
1602
1825
2042
1917
1695
1756
1909
1843
1733
1779
1826
1750
1697
1696
1512
1096
635
178
-356
-964
-1543
-2121
-2724
-3196
-3419
-3462
-3437
-3250
-2845
-2362
-1860
-1226
-485
123
527
908
1299
1499
1508
1504
1478
1284
987
855
863
788
686
721
805
810
837
965
1042
947
774
575
345
98
-166
-436
-700
-908
-1013
-998
-860
-612
-334
-40
359
855
1353
1800
2201
2560
2846
3060
3246
3414
3464
3357
3234
3158
3031
2827
2630
2445
2197
1919
1708
1536
1289
1008
812
669
515
420
401
340
235
195
190
-15
-433
-848
-1356
-2147
-2971
-3582
-4245
-5130
-5791
-5961
-6039
-6160
-5870
-5157
-4563
-4056
-3143
-1983
-1170
-615
142
860
1145
1305
1635
1809
1615
1423
1455
1470
1383
1406
1540
1590
1590
1662
1726
1630
1387
1066
600
8
-585
-1179
-1842
-2497
-2974
-3292
-3522
-3568
-3379
-3056
-2673
-2133
-1418
-697
-77
472
995
1387
1615
1772
1829
1736
1529
1295
1072
875
716
570
460
417
428
447
477
552
578
499
409
324
171
-62
-292
-486
-683
-845
-897
-840
-734
-583
-346
-28
319
682
1069
1425
1737
2034
2298
2515
2691
2835
2909
2905
2897
2915
2868
2744
2628
2525
2367
2157
2004
1856
1586
1305
1147
1037
871
712
650
607
495
426
470
405
64
-406
-857
-1413
-2174
-2902
-3487
-4181
-4975
-5478
-5604
-5698
-5771
-5465
-4876
-4381
-3801
-2860
-1888
-1240
-667
71
666
943
1201
1516
1599
1452
1392
1486
1487
1400
1422
1502
1516
1515
1577
1605
1465
1209
911
506
-3
-530
-1088
-1701
-2291
-2738
-3047
-3262
-3302
-3143
-2881
-2537
-2038
-1393
-752
-178
376
905
1313
1569
1750
1863
1836
1661
1442
1269
1091
855
653
567
497
398
359
396
431
379
304
275
196
32
-120
-259
-455
-661
-801
-842
-826
-767
-628
-444
-218
85
433
784
1130
1471
1778
2030
2274
2512
2680
2748
2767
2778
2766
2711
2622
2535
2403
2221
2049
1907
1765
1553
1315
1115
958
816
699
621
554
478
387
349
349
267
43
-323
-753
-1262
-1892
-2555
-3184
-3816
-4502
-5068
-5326
-5406
-5437
-5280
-4856
-4327
-3751
-2989
-2082
-1305
-701
-108
477
915
1189
1409
1527
1463
1347
1317
1316
1262
1224
1230
1231
1234
1299
1366
1298
1122
898
588
181
-248
-692
-1230
-1809
-2272
-2596
-2837
-2946
-2911
-2763
-2496
-2090
-1554
-939
-317
259
766
1233
1654
1958
2134
2209
2158
1990
1790
1627
1440
1176
938
767
607
450
331
240
87
-124
-296
-425
-588
-794
-995
-1167
-1319
-1404
-1377
-1273
-1151
-976
-700
-341
71
490
875
1196
1484
1765
2006
2182
2289
2324
2303
2269
2278
2303
2273
2187
2112
2064
2013
1960
1922
1836
1656
1471
1333
1198
1014
815
638
463
320
265
256
250
241
234
250
288
282
133
-161
-538
-990
-1533
-2107
-2645
-3216
-3845
-4329
-4555
-4660
-4708
-4585
-4252
-3884
-3512
-2942
-2226
-1627
-1177
-675
-137
226
482
776
971
981
962
1049
1146
1168
1210
1294
1348
1381
1444
1490
1439
1300
1076
775
436
96
-280
-726
-1167
-1536
-1843
-2083
-2187
-2188
-2133
-1988
-1739
-1387
-979
-567
-153
246
608
927
1203
1416
1530
1537
1510
1474
1402
1316
1205
1031
831
668
524
376
227
69
-125
-326
-437
-488
-565
-639
-677
-700
-692
-613
-466
-323
-212
-89
90
307
527
740
921
1050
1138
1248
1386
1488
1541
1551
1568
1588
1606
1682
1741
1715
1685
1678
1668
1633
1578
1484
1321
1133
1006
916
794
677
602
515
443
454
523
557
538
554
599
596
566
550
424
101
-292
-676
-1161
-1764
-2337
-2867
-3454
-4000
-4310
-4418
-4506
-4509
-4281
-3927
-3562
-3096
-2475
-1891
-1450
-1008
-543
-151
127
364
572
686
744
849
999
1116
1210
1317
1428
1528
1623
1711
1742
1648
1465
1245
949
574
143
-324
-815
-1304
-1699
-1979
-2212
-2368
-2387
-2292
-2109
-1818
-1424
-994
-597
-204
218
610
937
1203
1398
1497
1512
1517
1524
1489
1423
1346
1264
1187
1125
1063
953
796
635
454
236
28
-170
-414
-671
-862
-972
-1036
-1074
-1025
-918
-790
-579
-279
54
338
581
835
1058
1248
1405
1492
1507
1459
1388
1319
1271
1230
1167
1105
1073
1078
1105
1145
1175
1167
1151
1125
1085
1047
978
859
716
588
503
418
359
354
358
371
420
534
658
745
787
794
764
653
431
113
-292
-796
-1373
-1935
-2455
-2978
-3496
-3900
-4117
-4221
-4235
-4071
-3760
-3419
-3044
-2548
-1982
-1516
-1143
-751
-398
-163
6
206
374
431
480
619
794
940
1108
1327
1509
1632
1752
1855
1867
1746
1539
1268
895
484
71
-385
-853
-1260
-1582
-1838
-1994
-2017
-1958
-1846
-1634
-1312
-951
-592
-226
136
454
734
1004
1250
1401
1474
1536
1585
1620
1652
1656
1606
1529
1450
1369
1268
1136
949
685
392
119
-165
-482
-773
-1034
-1299
-1524
-1637
-1658
-1660
-1625
-1488
-1271
-1021
-720
-374
-57
219
494
791
1034
1206
1348
1421
1414
1393
1381
1347
1259
1156
1075
974
889
856
815
759
710
714
737
736
770
795
795
780
778
799
765
697
640
601
563
514
508
530
540
544
575
646
681
665
645
586
469
284
38
-256
-647
-1118
-1608
-2065
-2509
-2966
-3345
-3584
-3741
-3819
-3756
-3539
-3273
-2984
-2597
-2129
-1684
-1284
-867
-475
-198
37
270
440
554
649
747
837
936
1073
1218
1350
1488
1637
1758
1820
1812
1747
1591
1349
1067
749
371
-64
-459
-811
-1137
-1401
-1569
-1644
-1670
-1616
-1454
-1240
-1001
-753
-489
-222
16
216
395
547
643
690
722
771
798
800
825
868
884
880
887
890
850
777
693
582
423
238
48
-158
-372
-578
-759
-914
-1041
-1107
-1116
-1072
-960
-788
-580
-360
-107
171
418
648
864
1040
1171
1251
1305
1331
1308
1263
1213
1151
1049
949
877
793
706
644
612
587
567
579
608
630
637
639
646
625
582
551
510
450
395
358
348
350
372
417
469
520
562
600
611
573
487
336
108
-177
-513
-909
-1341
-1782
-2220
-2643
-3020
-3293
-3479
-3589
-3580
-3438
-3210
-2936
-2565
-2110
-1658
-1231
-794
-362
-15
266
550
780
908
1004
1132
1253
1309
1361
1450
1503
1519
1551
1591
1577
1499
1399
1267
1061
805
524
212
-146
-533
-885
-1187
-1461
-1683
-1820
-1869
-1847
-1751
-1555
-1288
-998
-696
-364
-27
268
535
764
936
1055
1120
1150
1150
1115
1055
987
913
846
790
739
712
670
606
552
497
409
282
155
27
-137
-313
-457
-571
-692
-786
-809
-805
-790
-720
-580
-420
-256
-56
171
369
547
729
872
952
988
1008
980
897
810
709
578
446
342
251
150
80
58
35
29
66
129
184
224
291
377
434
482
540
589
605
601
610
620
607
579
570
561
540
545
568
586
581
564
553
523
456
359
222
22
-232
-507
-821
-1170
-1515
-1851
-2184
-2465
-2654
-2768
-2817
-2796
-2673
-2478
-2246
-1947
-1601
-1262
-953
-644
-336
-85
112
277
417
508
562
633
701
741
775
824
877
931
988
1043
1066
1038
1003
935
819
681
513
306
64
-156
-350
-550
-729
-857
-931
-967
-957
-864
-723
-582
-413
-205
23
223
400
576
704
783
850
894
898
877
830
777
723
658
598
530
471
418
349
286
250
200
103
17
-45
-122
-207
-305
-378
-459
-558
-588
-584
-593
-576
-524
-446
-357
-254
-123
5
110
215
323
409
466
496
508
491
456
418
366
299
232
179
119
57
25
3
-23
-39
-33
-21
-27
-27
-18
-12
-18
-16
-5
3
18
57
101
152
234
315
407
507
592
672
749
807
836
842
819
782
719
640
564
456
329
196
54
-84
-220
-350
-502
-660
-811
-957
-1097
-1241
-1363
-1458
-1550
-1633
-1664
-1661
-1635
-1573
-1483
-1358
-1211
-1035
-832
-619
-412
-217
-2
207
382
542
666
753
816
849
877
879
850
812
765
708
650
580
495
403
292
186
85
-24
-125
-227
-317
-396
-462
-500
-532
-541
-530
-510
-462
-402
-315
-207
-98
17
134
255
363
457
543
596
638
666
663
642
617
592
541
482
438
394
360
345
336
339
344
366
419
467
498
546
602
635
652
667
671
650
611
576
544
506
471
448
442
420
379
352
322
241
112
-44
-228
-458
-721
-981
-1257
-1552
-1818
-2024
-2193
-2324
-2370
-2340
-2248
-2094
-1870
-1581
-1278
-965
-628
-304
-16
257
511
704
844
972
1067
1120
1163
1199
1221
1224
1225
1253
1258
1222
1202
1173
1090
979
866
732
529
303
83
-158
-412
-659
-869
-1059
-1241
-1356
-1393
-1378
-1330
-1234
-1074
-900
-709
-483
-255
-39
150
322
476
602
692
746
781
793
778
747
721
695
654
602
557
523
479
425
369
303
203
97
-9
-128
-256
-387
-509
-636
-748
-817
-867
-895
-888
-839
-759
-660
-535
-378
-220
-79
80
233
342
434
513
568
583
576
570
555
520
478
463
454
444
447
462
477
486
484
488
489
459
414
366
300
214
128
36
-68
-169
-249
-300
-333
-360
-359
-337
-306
-250
-188
-137
-85
-47
-23
-9
-7
-14
-42
-90
-150
-212
-264
-307
-350
-378
-391
-385
-368
-334
-274
-214
-166
-113
-53
-7
29
61
72
69
70
68
51
40
21
-3
-10
-14
-3
3
-3
2
9
5
1
1
-26
-55
-76
-102
-119
-149
-173
-190
-212
-220
-209
-183
-153
-113
-69
-22
30
85
136
169
212
246
257
256
255
249
217
170
139
113
61
13
-12
-40
-69
-84
-94
-105
-123
-138
-140
-149
-165
-180
-190
-197
-205
-201
-190
-179
-151
-124
-86
-26
27
86
152
206
257
300
344
382
402
409
409
398
370
340
309
269
226
180
127
71
23
-14
-41
-79
-130
-148
-170
-198
-201
-201
-211
-226
-220
-198
-191
-186
-166
-135
-112
-88
-49
-7
19
41
77
103
109
118
123
111
89
70
57
39
14
-16
-48
-79
-88
-95
-117
-123
-138
-151
-156
-167
-163
-166
-186
-190
-178
-168
-153
-130
-98
-64
-35
10
72
113
151
203
243
274
303
327
342
338
326
319
296
251
207
157
94
20
-48
-100
-166
-228
-280
-325
-358
-377
-375
-369
-369
-351
-307
-262
-222
-169
-118
-70
-19
23
68
103
127
160
178
191
219
244
262
284
315
341
362
389
400
401
386
361
333
290
244
187
128
78
24
-21
-62
-94
-97
-105
-116
-104
-93
-86
-75
-68
-62
-57
-67
-86
-113
-133
-148
-169
-189
-209
-213
-220
-222
-200
-184
-162
-139
-121
-101
-94
-90
-91
-101
-116
-145
-156
-169
-200
-211
-216
-224
-223
-217
-214
-213
-203
-191
-164
-134
-112
-87
-66
-41
-21
0
31
50
67
94
120
147
172
198
220
237
251
260
270
273
272
270
270
266
250
248
234
208
193
168
136
106
74
35
-2
-39
-72
-93
-122
-148
-158
-152
-144
-134
-104
-79
-62
-26
18
52
65
87
110
119
125
140
146
142
141
147
156
156
146
157
156
124
111
94
57
24
-10
-45
-84
-121
-143
-168
-191
-205
-206
-193
-178
-155
-119
-87
-42
4
44
74
101
131
138
137
128
108
89
55
25
-6
-38
-58
-73
-90
-103
-116
-118
-111
-116
-126
-135
-146
-159
-191
-220
-235
-255
-277
-287
-295
-290
-269
-235
-191
-140
-82
-25
37
90
134
177
205
220
225
221
207
186
168
137
103
84
70
52
40
34
43
49
47
68
71
55
61
67
66
56
45
45
40
24
12
7
2
-8
-17
-17
-20
-18
-12
-8
4
-2
0
11
17
22
13
11
11
6
-1
-4
-13
-28
-33
-36
-36
-38
-33
-20
-22
-17
-2
9
17
22
31
42
43
40
54
55
49
46
44
45
37
33
39
37
38
42
44
51
48
30
20
6
-16
-31
-46
-69
-95
-109
-117
-121
-119
-112
-111
-109
-92
-71
-48
-24
-18
-1
14
15
28
34
29
29
25
14
6
5
-7
-14
-10
-15
-16
-11
-9
-1
7
9
11
12
10
7
2
0
-2
-7
-9
-10
-13
-13
-6
0
5
11
17
23
24
27
35
33
28
18
6
-3
-14
-16
-27
-30
-30
-31
-20
-20
-4
8
7
21
32
36
43
51
55
53
51
53
51
44
47
50
45
43
56
65
71
77
84
101
107
107
102
89
76
65
42
8
-19
-43
-70
-92
-111
-121
-128
-129
-124
-115
-102
-91
-78
-64
-66
-65
-56
-57
-54
-55
-67
-75
-67
-59
-55
-45
-35
-20
-7
6
21
39
52
52
61
63
53
48
46
37
20
16
8
-9
-29
-43
-44
-63
-76
-76
-78
-85
-91
-83
-75
-65
-55
-38
-25
-28
-7
21
28
31
41
47
41
37
34
28
19
11
13
13
12
20
29
26
25
23
26
33
18
11
7
4
0
-7
-4
-2
6
18
29
40
56
72
85
94
97
107
114
115
122
116
113
114
112
119
122
120
122
131
138
146
152
146
143
136
124
99
67
35
-9
-47
-88
-132
-161
-190
-223
-247
-258
-259
-258
-245
-236
-222
-198
-183
-161
-142
-124
-112
-100
-85
-75
-62
-48
-34
-17
9
35
56
81
108
130
148
161
170
170
161
153
141
114
81
46
17
-14
-54
-79
-99
-115
-123
-131
-127
-115
-101
-82
-61
-37
-22
-4
17
31
44
56
68
74
78
81
74
80
82
69
75
70
61
57
42
34
15
-7
-19
-43
-62
-79
-91
-95
-105
-111
-112
-101
-89
-83
-67
-45
-24
-3
15
30
57
69
79
100
101
106
115
106
103
105
98
102
96
76
68
54
37
22
0
-17
-36
-50
-58
-76
-83
-89
-99
-86
-76
-70
-56
-47
-32
-18
-11
0
12
17
18
13
3
-1
-8
-10
-11
-15
-18
-19
-18
-9
-5
-5
5
7
15
16
13
14
10
6
-2
-2
-2
-14
-18
-23
-28
-26
-30
-28
-27
-24
-12
-10
-1
12
12
20
37
38
41
46
44
41
42
44
44
45
42
45
50
47
47
57
70
68
70
78
81
77
69
69
60
47
38
26
5
-9
-17
-30
-39
-52
-58
-52
-59
-56
-47
-38
-29
-22
-7
2
3
7
9
4
-8
-9
-22
-37
-51
-67
-79
-94
