-7
-19
-20
-18
-26
-17
-12
-7
-7
-12
-6
0
-4
-7
-5
-9
-4
-5
-16
-5
-3
-7
6
15
18
17
14
19
16
13
16
13
6
9
11
7
8
12
14
18
19
11
3
6
11
4
5
6
9
11
4
10
14
16
29
26
20
21
17
13
8
1
-5
-9
-13
-7
2
1
6
9
9
12
16
14
15
11
-2
4
1
-11
-9
-8
-8
-8
-9
-2
3
-8
-5
0
-11
-15
-16
-18
-21
-17
-15
-11
-7
-14
-8
-2
-2
-2
-11
-15
-11
-16
-13
-9
-13
-11
-14
-15
-13
-12
-6
2
5
4
5
1
0
-4
-7
-4
-7
-2
-4
-2
1
-3
1
-3
2
8
6
4
1
3
-3
-2
-2
-6
5
10
12
10
8
14
10
1
2
4
5
-1
-4
7
11
11
8
7
11
5
6
9
0
-1
4
1
2
6
4
4
1
-1
-2
-7
-5
-8
-10
-11
-7
-6
-8
-1
2
6
9
2
-4
-1
-1
-10
-8
-13
-13
-2
3
15
15
13
12
11
11
5
-6
-12
-11
-8
-14
-15
-6
-2
1
-3
1
3
-4
-3
-9
-9
-6
-9
-8
-8
-11
-18
-15
-7
-12
-10
7
10
3
6
12
10
14
13
-2
-9
-6
-6
-10
-10
3
10
16
26
38
44
45
44
35
31
15
-5
-17
-27
-33
-40
-34
-24
-16
-10
13
23
10
14
6
-10
-18
-30
-37
-50
-60
-57
-54
-40
-15
3
12
24
28
21
26
19
-13
-36
-53
-73
-73
-53
-33
-22
-4
11
33
53
53
55
36
15
3
-17
-30
-37
-36
-30
-34
-23
-6
7
23
26
23
21
17
7
-5
-2
-7
-16
-18
-10
9
28
38
47
53
65
75
56
48
41
12
-11
-18
-24
-25
-6
11
22
42
56
60
61
60
42
20
7
-10
-26
-39
-38
-21
-18
-5
10
13
21
19
15
12
5
-1
-11
-20
-29
-30
-16
4
12
19
23
17
18
16
13
11
6
7
11
17
32
47
48
44
43
35
27
16
0
-28
-55
-76
-92
-86
-81
-83
-69
-60
-55
-45
-34
-31
-43
-67
-93
-116
-133
-138
-128
-123
-113
-90
-66
-33
4
22
18
5
-14
-35
-59
-76
-88
-104
-114
-100
-72
-38
13
37
45
49
39
50
54
35
36
30
30
55
85
127
158
182
192
191
192
191
192
172
141
124
96
86
90
91
102
95
86
92
97
101
100
100
88
66
57
59
52
44
43
38
34
43
49
57
76
81
71
67
65
68
67
43
22
-10
-42
-51
-61
-60
-50
-42
-29
-9
17
40
62
72
59
34
3
-36
-91
-152
-205
-272
-336
-404
-459
-485
-502
-518
-534
-534
-530
-528
-520
-512
-502
-505
-501
-477
-458
-430
-376
-312
-243
-182
-123
-59
-7
29
43
64
83
75
79
73
74
95
106
118
118
115
120
126
173
227
258
284
302
315
326
357
398
416
423
448
504
594
715
849
962
1054
1131
1190
1230
1243
1204
1114
979
824
725
656
600
574
533
499
515
563
621
642
582
454
273
105
19
23
87
205
418
693
1021
1333
1498
1330
667
-302
-1374
-2547
-3675
-4599
-5321
-5846
-6023
-5658
-4806
-3739
-2632
-1535
-584
96
615
1053
1333
1338
1081
848
788
823
1036
1470
1924
2217
2380
2535
2617
2411
1898
1180
241
-866
-1889
-2659
-3180
-3518
-3702
-3624
-3280
-2797
-2063
-1094
-168
592
1151
1489
1594
1435
1078
540
-226
-944
-1351
-1557
-1534
-1091
-391
317
1050
1823
2467
2748
2699
2470
1921
1096
323
-268
-759
-1164
-1314
-1019
-407
249
1040
1982
2702
3113
3407
3550
3383
2989
2613
2227
1737
1391
1416
1643
1943
2355
2753
3030
3213
3251
3140
2879
2371
1752
1200
734
423
259
99
-414
-1468
-2649
-3692
-4797
-5866
-6700
-7451
-8108
-8320
-7871
-6868
-5635
-4411
-3143
-1882
-831
166
1265
2189
2576
2517
2516
2675
2729
2832
3094
3085
2746
2532
2480
2299
1864
1152
212
-945
-2191
-3182
-3874
-4422
-4879
-5217
-5217
-4717
-3837
-2738
-1610
-677
71
743
1319
1890
2424
2631
2554
2487
2499
2619
2887
3219
3242
2592
1783
1246
588
-217
-1014
-2135
-3566
-4694
-5215
-5177
-4712
-4113
-3406
-2534
-1498
-166
1301
2542
3197
3200
2996
2779
2506
2360
2247
1801
1269
1199
1526
2119
2925
3571
3843
3811
3705
3641
3425
2983
2321
1392
411
-256
-434
-226
124
413
748
1251
1725
2244
2835
3105
2854
2358
2070
1966
1852
1908
2041
1542
212
-1094
-1985
-2947
-4149
-5345
-6408
-7563
-8562
-8599
-7759
-6964
-6480
-5652
-4393
-3412
-2510
-1026
476
1005
924
1259
1882
2240
2594
3140
3429
3162
2898
3199
3548
3235
2417
1474
101
-1781
-3237
-3914
-4439
-5087
-5472
-5300
-4708
-3634
-2083
-647
248
796
1289
1674
1946
2187
2142
1758
1299
1110
1409
1950
2418
2437
1922
1258
684
379
-48
-1264
-2933
-4300
-5187
-5616
-5277
-4368
-3538
-2719
-1545
37
1765
3295
4337
4518
4062
3453
2912
2646
2314
1539
802
693
1102
1858
2987
4040
4623
4814
4786
4757
4639
4217
3346
1963
593
-297
-678
-543
-206
7
279
853
1716
2779
3715
4177
4383
4349
3984
3808
3849
3547
2155
-328
-2660
-4520
-6305
-7639
-8406
-9341
-10524
-10762
-9602
-8008
-6752
-5502
-4040
-3262
-2997
-1942
-347
640
666
586
1160
1796
2436
3804
5206
5383
4961
5169
5508
5101
4151
3102
1613
-692
-2783
-3908
-4790
-5760
-6540
-6977
-6994
-6501
-5340
-3875
-2785
-2084
-1388
-773
-269
449
1087
1323
1410
1565
2005
2698
3619
4757
5473
5366
4822
4406
3853
2480
792
-811
-2908
-5386
-6985
-7330
-7449
-7298
-6321
-4934
-3479
-1752
495
2636
3876
4338
4482
4493
4063
3313
2820
2322
1495
990
1387
2180
2967
4049
5065
5483
5604
5818
5881
5303
4299
3132
1681
353
-434
-716
-748
-678
-270
504
1406
2363
3496
4390
4519
4421
4388
4225
3956
3430
2310
156
-2513
-4635
-6264
-7699
-8758
-9505
-10258
-10653
-9959
-8378
-6780
-5626
-4518
-3360
-2735
-2119
-885
146
323
164
450
1076
1680
2659
3956
4594
4460
4569
5042
5073
4527
3545
2146
345
-1642
-3134
-4144
-5155
-6075
-6672
-6814
-6461
-5543
-4209
-2980
-2127
-1510
-875
-237
421
1044
1219
1161
1299
1606
2170
3042
3839
3959
3571
3178
2750
2341
1791
717
-981
-2860
-4230
-5048
-5400
-5303
-4997
-4516
-3729
-2390
-562
1248
2564
3291
3672
3623
3353
3404
3355
2686
1834
1460
1620
2012
2730
3729
4474
4750
5030
5584
5907
5806
5371
4458
3255
2066
1275
981
668
313
210
374
889
1857
2960
3707
4112
4370
4500
4499
4430
4176
2658
-364
-3304
-5642
-7824
-9569
-10631
-11447
-12433
-12685
-11141
-8638
-6750
-5290
-3422
-2020
-1625
-1006
389
1297
720
20
366
677
895
2151
3792
4433
4412
4975
5935
6171
5438
4343
2876
542
-1898
-3573
-4845
-6115
-7290
-7920
-7853
-7177
-5718
-3898
-2454
-1408
-534
111
648
1303
1626
1350
1001
935
1114
1467
2356
3569
3837
3297
3118
3214
2945
2260
1318
-333
-2511
-4142
-4925
-5301
-5588
-5486
-4940
-4156
-2836
-910
1220
2760
3451
3838
3965
3821
3738
3599
2854
1712
1236
1465
1837
2528
3572
4431
4787
5184
5958
6449
6330
5769
4843
3588
2265
1476
1148
658
46
-169
171
803
1744
2843
3608
4055
4352
4504
4562
4639
4214
2186
-975
-3832
-6280
-8638
-10404
-11280
-12194
-13297
-12997
-10805
-8358
-6768
-5053
-2903
-1778
-1558
-617
970
1355
362
-31
447
631
975
2477
4130
4463
4420
5338
6390
6303
5365
4315
2664
130
-2257
-3855
-5122
-6536
-7726
-8176
-7989
-7140
-5544
-3751
-2375
-1330
-389
326
993
1657
1792
1393
1005
993
1261
1786
2603
3012
2777
2435
2288
2450
2542
1827
159
-1592
-2842
-3829
-4407
-4454
-4358
-4358
-4006
-2711
-824
950
2345
3321
3828
3750
3550
3777
3858
3062
1886
1334
1371
1669
2463
3547
4340
4749
5269
6086
6707
6854
6428
5441
4109
2759
1834
1275
700
78
-356
-331
332
1582
2822
3676
4396
4864
4952
5059
5198
4265
1478
-1976
-4975
-7799
-10262
-11653
-12398
-13541
-14387
-13255
-10546
-8139
-6273
-3930
-1811
-1198
-892
529
1800
1393
396
388
558
304
1116
3208
4597
4646
5014
6317
7100
6633
5735
4623
2392
-621
-2964
-4559
-6182
-7790
-8804
-9088
-8807
-7672
-5671
-3647
-2101
-841
143
857
1672
2315
2172
1558
1188
1223
1268
1341
1869
2322
2092
1840
2278
2885
2719
1818
761
-417
-1910
-3221
-3743
-4082
-4782
-5169
-4553
-3180
-1754
-284
1434
2762
3269
3591
4201
4532
4156
3417
2700
2166
1895
2142
2854
3429
3806
4406
5195
5942
6560
6842
6482
5574
4528
3550
2572
1638
966
339
-335
-351
518
1559
2339
3141
4048
4611
4881
5406
5413
3353
-61
-3074
-5945
-9102
-11453
-12603
-13737
-15097
-14921
-12507
-9728
-7681
-5237
-2421
-915
-491
702
2368
2475
1152
537
694
236
115
1615
3301
3807
4142
5448
6891
7202
6661
5876
4265
1556
-1153
-3222
-5126
-7108
-8775
-9697
-9808
-9032
-7345
-5333
-3457
-1632
-118
899
1907
2835
2919
2200
1516
1302
1180
893
918
1322
1325
948
1263
2324
2877
2356
1541
922
-84
-1423
-2241
-2645
-3420
-4350
-4436
-3510
-2314
-1227
119
1609
2480
2872
3508
4262
4449
3923
3251
2770
2468
2499
2828
3158
3420
3819
4427
5210
6068
6609
6585
6043
5299
4600
3734
2807
2024
1144
138
-396
55
873
1449
2135
3031
3734
4287
5029
4974
2927
-156
-3096
-6121
-9241
-11591
-13013
-14558
-15931
-15323
-12723
-10057
-7836
-4832
-1661
-103
659
2407
4086
3625
2126
1679
1416
317
24
1466
2738
2751
3110
4805
6381
6608
6297
5967
4497
1713
-888
-2804
-4900
-7277
-9103
-10088
-10401
-9729
-7967
-5826
-3788
-1857
-207
1167
2535
3582
3671
2991
2318
1959
1517
732
229
293
60
-466
-11
1374
2001
1589
1489
1673
1012
-175
-691
-950
-2133
-3494
-3664
-2956
-2493
-2107
-876
581
1256
1779
3040
4280
4482
4279
4266
4121
3828
3752
3920
3873
3708
3880
4357
4947
5480
5940
6089
5774
5386
5049
4507
3642
2790
2032
1097
457
589
1117
1424
1633
2250
3147
3788
3438
1941
-137
-2793
-5923
-8734
-10757
-12556
-14633
-15897
-15246
-13393
-11541
-9284
-5936
-2852
-1148
366
2672
4371
4129
3320
3197
2707
1453
1040
1967
2601
2354
2626
4135
5539
5675
5469
5407
4333
2063
-214
-2061
-4146
-6584
-8667
-9891
-10307
-9985
-8795
-6983
-4885
-2843
-1102
692
2557
3845
4143
3847
3632
3396
2504
1172
601
426
-501
-1116
-317
784
915
969
1874
2321
1603
943
899
287
-1267
-2359
-2536
-2688
-3090
-2804
-1623
-756
-187
1006
2525
3520
4090
4699
4990
4868
4763
4679
4365
3900
3765
3865
3939
4177
4689
5212
5236
5120
5336
5257
4513
3674
3126
2341
1306
864
981
1007
906
1236
2097
2964
3193
2213
492
-1460
-4017
-6880
-9142
-10850
-12990
-15179
-15625
-14160
-12425
-10955
-8431
-5060
-2731
-1261
964
3589
4459
3690
3543
3815
2946
1830
2195
3087
2770
2250
3175
4839
5493
5262
5259
4888
3308
1219
-514
-2223
-4543
-6993
-8720
-9601
-9831
-9335
-8111
-6464
-4629
-2867
-1110
993
2882
3698
3710
3742
3731
2893
1579
842
382
-411
-919
-470
382
957
1626
2514
2888
2561
2147
1699
738
-550
-1761
-2791
-3593
-3951
-3772
-3351
-2603
-1329
99
1322
2587
3989
4937
5204
5243
5372
5243
4628
4182
4126
3995
3800
4051
4773
5295
5421
5616
5997
5943
5319
4738
4047
2933
1789
1035
609
298
292
591
1019
1739
2600
2460
842
-979
-2812
-5484
-8329
-10314
-11966
-14357
-16163
-15445
-13442
-12141
-10505
-7068
-3718
-2048
-242
2816
4909
4524
3894
4379
3993
2351
1774
2602
2646
1685
1905
3649
4848
4869
5104
5413
4483
2665
1079
-499
-2806
-5425
-7586
-9088
-9936
-9894
-9036
-7808
-6145
-4196
-2288
-249
1836
3259
3595
3434
3262
2756
1605
415
-133
-504
-823
-556
374
1589
2669
3631
4450
4832
4566
3776
2770
1504
-117
-1915
-3308
-4021
-4510
-4721
-4154
-2899
-1472
-20
1637
3343
4624
5277
5702
5923
5605
4979
4410
4035
3730
3516
3649
4203
4903
5456
6004
6479
6709
6559
5887
5068
4194
3128
2000
1129
630
192
-99
187
875
652
-823
-2214
-3454
-5389
-7732
-9454
-10826
-12936
-14742
-14522
-13009
-11996
-10829
-8119
-5142
-3192
-1208
1724
4033
4319
4171
4834
4966
3883
3196
3485
3240
2250
2002
2997
3844
3750
3653
3720
3076
1753
555
-634
-2490
-4745
-6681
-8008
-8823
-9024
-8548
-7706
-6427
-4724
-2973
-1204
687
2235
2789
2723
2685
2511
1807
911
565
502
264
394
1382
2664
3409
3854
4421
4680
4252
3430
2540
1272
-497
-2209
-3385
-4078
-4567
-4667
-4078
-2967
-1623
-129
1553
3197
4465
5270
5642
5641
5370
4893
4327
3902
3741
3722
3868
4332
5068
5801
6242
6578
6930
6818
6189
5521
4834
3760
2539
1785
1311
687
338
655
537
-933
-2621
-3881
-5646
-8000
-9826
-11082
-12995
-15029
-15161
-13651
-12595
-11754
-9279
-6122
-4116
-2235
892
3818
4559
4453
5353
5914
4969
4131
4458
4343
3125
2505
3275
4028
3736
3450
3566
2984
1676
520
-477
-2051
-4132
-6065
-7541
-8493
-8968
-8912
-8406
-7364
-5811
-4188
-2286
-97
1780
3041
3803
4149
3801
2949
1918
900
213
-198
-429
-424
216
1410
2367
3084
3880
4456
4209
3432
2810
1858
134
-1640
-2667
-3417
-4414
-4784
-4009
-2819
-1768
-391
1600
3432
4738
5763
6470
6611
6208
5744
5358
4780
4078
3682
3712
3907
4284
4776
5168
5484
5725
5829
5713
5451
5068
4317
3314
2470
1882
1470
1187
384
-1478
-3588
-5353
-7126
-8946
-10339
-11455
-13092
-14512
-14111
-12455
-11329
-10425
-8332
-5914
-4451
-2882
-150
2326
2913
2988
4088
4891
4493
4350
5174
5348
4261
3685
4459
5119
4570
3786
3310
2280
710
-588
-1532
-2917
-4861
-6544
-7610
-8183
-8347
-8068
-7481
-6640
-5449
-4091
-2513
-702
916
1926
2498
3069
3312
2949
2314
1694
1207
904
869
1102
1712
2589
3267
3689
4134
4466
4112
3166
2262
1201
-428
-2090
-3060
-3674
-4456
-4870
-4291
-3159
-2096
-781
1045
2751
3994
5116
6092
6500
6313
5991
5788
5398
4818
4466
4394
4421
4604
4981
5379
5700
5889
5941
5788
5378
4898
4247
3419
2647
1869
1227
982
664
-670
-2812
-4733
-6441
-8394
-10244
-11427
-12649
-14391
-15071
-13867
-12285
-11336
-9834
-7256
-5108
-3676
-1567
1241
2864
3037
3595
4607
4818
4468
4757
5355
4914
4020
4129
4911
4950
4278
3775
3094
1826
389
-790
-2052
-3811
-5591
-7018
-7985
-8354
-8212
-7777
-7116
-6034
-4766
-3454
-1850
-181
980
1386
1692
2179
2266
1934
1646
1623
1607
1644
2109
2869
3541
3956
4281
4541
4513
4091
3297
2340
1188
-243
-1602
-2561
-3175
-3654
-3877
-3620
-2893
-1812
-561
757
2038
3128
3963
4570
5049
5230
5015
4765
4666
4573
4479
4621
5008
5346
5600
5883
6156
6203
5982
5676
5206
4503
3666
2940
2399
1786
1209
1075
1193
566
-1103
-2915
-4533
-6511
-8806
-10521
-11828
-13734
-15449
-15356
-13881
-12678
-11521
-9134
-6219
-4094
-2183
593
3201
4113
4211
4826
5378
4972
4387
4559
4610
3787
3124
3583
4342
4328
3908
3564
2992
1942
694
-559
-2155
-4124
-6091
-7715
-8692
-9065
-9084
-8802
-7964
-6599
-5071
-3332
-1323
541
1751
2437
2995
3200
2968
2532
1954
1498
1438
1599
1746
2241
3273
4130
4433
4749
5201
4885
3717
2697
1740
90
-1848
-3001
-3566
-4417
-5041
-4545
-3359
-2258
-938
937
2706
3950
4953
5918
6450
6298
5964
5665
5252
4753
4463
4481
4561
4747
5093
5514
5833
6026
6182
6045
5608
5032
4382
3680
2852
2051
1482
887
-481
-2583
-4577
-6397
-8400
-10323
-11633
-12757
-14306
-15222
-14432
-12912
-11923
-10773
-8560
-6205
-4519
-2655
-20
2054
2703
3251
4395
5104
4991
5091
5707
5809
5185
4944
5466
5725
5208
4479
3734
2647
1237
-152
-1578
-3305
-5204
-6864
-8040
-8681
-8852
-8774
-8350
-7349
-6057
-4808
-3381
-1676
-239
615
1301
2061
2450
2306
2169
2229
2233
2296
2745
3395
3873
4277
4756
5098
5061
4712
4123
3127
1856
599
-620
-1840
-2898
-3577
-3943
-4024
-3654
-2781
-1652
-523
716
2115
3360
4170
4737
5268
5446
5272
5195
5345
5385
5192
5239
5584
5784
5840
6073
6321
6152
5813
5599
5287
4721
4148
3736
3145
2481
2115
1407
-427
-2786
-4797
-6958
-9556
-11642
-12930
-14484
-16303
-16490
-14866
-13478
-12533
-10418
-7391
-5256
-3646
-947
1955
3088
3217
4258
5421
5281
4892
5461
5970
5395
4906
5545
6296
6117
5581
5211
4440
3097
1672
232
-1596
-3808
-5922
-7684
-8950
-9588
-9894
-10030
-9554
-8271
-6802
-5380
-3492
-1345
192
1178
2413
3506
3452
2813
2492
2060
1287
1008
1477
1832
1969
2698
3851
4578
4993
5468
5391
4442
3349
2414
1084
-688
-2180
-3278
-4418
-5204
-4929
-3953
-2993
-1832
-40
1995
3674
5107
6528
7406
7386
7158
7172
6874
6020
5274
4979
4648
4221
4336
4869
5093
5148
5578
6002
5958
5817
5685
5102
4134
3150
1600
-1078
-4037
-6552
-9177
-11922
-13758
-14734
-15913
-16784
-15863
-13715
-12120
-10758
-8280
-5571
-4089
-2831
-570
1342
1574
1515
2512
3446
3429
3741
5086
6080
6093
6444
7640
8421
8116
7454
6717
5339
3368
1413
-553
-2852
-5261
-7361
-8937
-9808
-9942
-9723
-9323
-8355
-6870
-5469
-4249
-2797
-1370
-734
-591
-58
664
817
719
1130
1805
2283
3009
4358
5601
6165
6552
7049
7187
6684
5763
4562
2950
1092
-611
-2022
-3257
-4261
-4852
-5043
-4831
-4127
-3003
-1732
-563
584
1793
2836
3539
4138
4645
4726
4609
4803
5243
5460
5518
5982
6618
6887
7105
7574
7772
7361
6891
6608
6049
5162
4402
3766
2927
2191
1452
-157
-2477
-4568
-6501
-8915
-11226
-12672
-14088
-15962
-16771
-15686
-14341
-13629
-12103
-9335
-6989
-5417
-3003
142
1942
2394
3428
4997
5519
5320
5852
6675
6498
5931
6287
7041
7018
6498
6101
5488
4374
3103
1811
154
-1908
-4008
-5977
-7652
-8729
-9411
-10065
-10281
-9598
-8529
-7468
-6006
-4085
-2407
-1232
45
1384
2000
2012
2071
2108
1936
1970
2381
2780
3086
3639
4413
5022
5531
5992
5880
5143
4326
3469
2117
401
-1102
-2410
-3772
-4844
-5120
-4791
-4281
-3411
-1958
-189
1490
3062
4641
5911
6593
6889
7171
7314
6937
6345
5972
5715
5391
5114
5158
5347
5441
5641
6067
6481
6615
6486
6222
5885
5094
3202
439
-2469
-5469
-8798
-11908
-14074
-15827
-17686
-18557
-17512
-15646
-14153
-12252
-9344
-6594
-4709
-2707
-188
1444
1662
1835
2610
3072
2936
3231
4183
4901
5259
6107
7604
8744
9046
8930
8530
7601
6057
4142
1942
-633
-3445
-6119
-8222
-9594
-10396
-10887
-10900
-10081
-8718
-7283
-5762
-4000
-2460
-1610
-964
-88
485
334
80
256
580
953
1797
3144
4362
5301
6390
7534
8260
8416
8085
7180
5721
4012
2189
276
-1615
-3296
-4694
-5676
-5926
-5505
-4720
-3695
-2410
-954
495
1858
3032
3894
4384
4574
4629
4752
4950
4978
4961
5244
5749
6204
6650
7224
7689
7813
7803
7887
7822
7316
6541
5727
4899
3823
2020
-488
-3127
-5668
-8366
-11027
-13023
-14528
-16200
-17456
-17074
-15619
-14529
-13410
-11224
-8659
-6805
-5022
-2417
-63
915
1556
2947
4219
4604
4995
5976
6738
6785
6949
7836
8592
8531
8095
7594
6739
5396
3829
2154
119
-2270
-4571
-6479
-7942
-8954
-9712
-10289
-10290
-9559
-8555
-7510
-6125
-4497
-3214
-2215
-849
576
1048
894
1169
1507
1371
1590
2605
3406
3568
4232
5643
6539
6747
7139
7302
6322
4936
4040
2890
907
-1062
-2387
-3688
-5046
-5474
-4985
-4509
-4006
-2731
-897
718
2134
3674
4949
5437
5575
5997
6315
6002
5504
5379
5369
5174
5224
5779
6243
6311
6558
7203
7623
7564
7408
7208
6631
5474
3593
932
-2124
-5209
-8389
-11485
-13888
-15660
-17342
-18332
-17630
-15919
-14471
-12860
-10230
-7463
-5579
-3770
-1336
513
924
1149
2128
2876
2816
3041
4093
4987
5322
6066
7544
8748
9086
9066
8934
8220
6810
5086
3138
736
-2011
-4616
-6779
-8409
-9496
-10156
-10439
-10111
-9087
-7834
-6634
-5281
-3893
-2964
-2457
-1763
-943
-632
-683
-397
230
768
1482
2813
4326
5427
6306
7358
8281
8588
8367
7742
6604
5003
3238
1503
-262
-1979
-3461
-4538
-5092
-5120
-4657
-3877
-2943
-1853
-592
653
1678
2510
3200
3642
3785
3955
4371
4672
4744
4986
5514
5999
6342
6879
7492
7701
7651
7719
7713
7337
6723
6038
5290
4486
3345
1426
-1050
-3459
-5854
-8567
-11078
-12859
-14524
-16363
-17223
-16478
-15342
-14600
-13217
-10747
-8418
-6721
-4570
-1838
35
810
1837
3372
4290
4500
5062
6027
6473
6447
6928
7895
8394
8240
7963
7632
6869
5663
4237
2542
511
-1746
-3986
-5932
-7388
-8503
-9535
-10211
-10105
-9437
-8691
-7739
-6291
-4755
-3681
-2770
-1512
-350
82
215
726
1293
1511
1942
2976
3962
4482
5129
6218
7051
7225
7220
7088
6313
5020
3782
2495
779
-1042
-2474
-3604
-4571
-4972
-4657
-4165
-3571
-2377
-762
624
1749
2971
4076
4565
4747
5219
5620
5402
5080
5246
5463
5371
5453
5965
6363
6419
6683
7299
7635
7469
7207
6941
6393
5203
3153
565
-2205
-5209
-8388
-11246
-13433
-15419
-17338
-18117
-17304
-16030
-14933
-13158
-10498
-8045
-6124
-3877
-1312
337
944
1715
2816
3359
3404
3855
4711
5247
5546
6373
7662
8545
8841
8938
8821
8230
7163
5705
3804
1489
-1051
-3582
-5853
-7637
-8983
-10134
-10861
-10693
-9873
-8954
-7897
-6462
-4975
-3927
-3104
-2101
-1176
-770
-603
-130
545
1115
1799
2965
4313
5321
6189
7311
8310
8643
8479
8104
7296
5914
4314
2708
891
-1037
-2641
-3826
-4710
-5113
-4921
-4465
-3854
-2795
-1367
-78
935
1966
2901
3404
3656
4058
4461
4494
4386
4568
4968
5320
5669
6178
6681
7003
7290
7613
7836
7780
7399
6799
6178
5422
3913
1552
-1037
-3579
-6362
-9261
-11579
-13343
-15228
-16844
-17070
-16109
-15162
-14182
-12325
-9942
-7995
-6230
-3878
-1578
-294
476
1591
2759
3376
3813
4589
5399
5835
6233
7098
8097
8637
8683
8511
8199
7550
6428
4923
3130
1013
-1357
-3627
-5481
-6985
-8412
-9640
-10204
-10080
-9641
-8953
-7895
-6584
-5375
-4391
-3339
-2210
-1359
-846
-402
139
727
1393
2294
3399
4449
5366
6295
7226
7970
8320
8170
7586
6687
5521
4082
2418
695
-967
-2558
-3896
-4658
-4896
-4921
-4697
-3985
-2855
-1606
-352
959
2142
2958
3544
4087
4478
4676
4772
4810
4843
5019
5440
5894
6199
6539
7005
7335
7422
7582
7760
7447
6703
6094
5533
4140
1804
-607
-2943
-5762
-8773
-11086
-12851
-14823
-16593
-17023
-16235
-15407
-14561
-12824
-10501
-8535
-6800
-4552
-2187
-724
67
1128
2390
3156
3591
4317
5144
5646
6075
6861
7841
8481
8632
8518
8262
7759
6831
5432
3715
1781
-456
-2789
-4722
-6225
-7653
-8996
-9772
-9809
-9492
-8979
-8101
-6976
-5957
-5098
-4121
-2991
-2019
-1415
-1009
-508
158
971
1926
2993
4114
5150
6069
6998
7921
8525
8518
7996
7254
6327
5014
3426
1875
278
-1481
-3006
-3872
-4240
-4500
-4581
-4203
-3478
-2609
-1502
-201
895
1628
2216
2824
3397
3840
4157
4351
4470
4720
5191
5670
6067
6453
6793
6995
7136
7346
7488
7301
6825
6359
5914
5114
3711
1832
-349
-2812
-5435
-7922
-10091
-12144
-14144
-15623
-16155
-15864
-15220
-14291
-12802
-10928
-9089
-7204
-5003
-2805
-1219
-167
951
2174
3031
3526
4149
4894
5322
5600
6318
7362
8022
8120
8125
8149
7798
6952
5860
4516
2685
461
-1689
-3497
-5133
-6767
-8227
-9187
-9591
-9588
-9224
-8445
-7371
-6319
-5342
-4191
-2916
-1838
-1101
-561
-65
395
913
1598
2398
3250
4084
4908
5806
6752
7489
7730
7585
7263
6639
5619
4332
2897
1246
-596
-2231
-3378
-4165
-4735
-5022
-4896
-4383
-3554
-2421
-1094
193
1230
2043
2843
3607
4183
4567
4784
4852
4878
5061
5416
5743
5964
6162
6361
6537
6760
6977
6987
6763
6411
5947
5358
4641
3509
1669
-618
-2953
-5343
-7834
-10077
-11898
-13683
-15322
-15978
-15512
-14747
-13945
-12528
-10567
-8752
-7024
-4810
-2477
-963
-95
999
2226
2939
3365
4039
4703
4947
5152
5866
6776
7303
7505
7610
7536
7210
6650
5793
4519
2841
912
-1084
-2900
-4397
-5800
-7272
-8430
-8901
-8906
-8685
-8062
-7047
-6062
-5244
-4215
-2913
-1874
-1258
-727
-214
185
651
1344
2066
2727
3482
4350
5244
6150
6980
7399
7309
7068
6677
5807
4574
3251
1769
41
-1571
-2673
-3397
-4045
-4485
-4476
-4114
-3471
-2489
-1282
-114
817
1554
2290
3036
3599
3936
4132
4209
4240
4388
4714
5108
5408
5629
5843
6069
6382
6699
6763
6559
6239
5807
5262
4742
4092
2761
645
-1623
-3672
-5836
-8134
-10062
-11733
-13518
-14893
-15053
-14373
-13751
-12994
-11508
-9658
-8047
-6241
-3892
-1856
-713
175
1397
2511
3119
3650
4304
4644
4655
4957
5751
6507
6865
6993
7039
6970
6747
6318
5534
4293
2655
770
-1094
-2694
-4129
-5665
-7152
-8140
-8590
-8737
-8538
-7829
-6882
-6124
-5310
-4103
-2835
-1925
-1252
-611
-132
229
798
1542
2185
2706
3311
4038
4831
5699
6398
6639
6541
6339
5930
5145
4154
3062
1696
100
-1289
-2267
-3069
-3772
-4178
-4207
-3960
-3449
-2580
-1461
-391
478
1254
2054
2834
3465
3862
4100
4267
4365
4499
4769
5103
5365
5470
5525
5722
6025
6215
6204
6082
5870
5474
4971
4583
4123
3001
1187
-751
-2624
-4683
-6877
-8797
-10477
-12265
-13764
-14274
-13937
-13425
-12790
-11592
-9967
-8352
-6629
-4559
-2554
-1183
-222
868
1978
2742
3263
3747
4101
4245
4467
5030
5697
6144
6354
6456
6522
6533
6343
5791
4841
3546
1966
289
-1226
-2581
-4023
-5562
-6793
-7492
-7831
-7865
-7478
-6815
-6155
-5440
-4447
-3281
-2334
-1700
-1179
-724
-330
118
654
1172
1611
2081
2719
3541
4455
5267
5768
5960
6026
5966
5615
4976
4141
3039
1668
324
-729
-1586
-2462
-3234
-3612
-3650
-3484
-2975
-2101
-1167
-357
458
1364
2196
2845
3361
3719
3913
4071
4233
4341
4428
4577
4699
4760
4931
5247
5496
5543
5530
5517
5337
5008
4725
4441
3849
2730
1176
-560
-2402
-4365
-6397
-8316
-10053
-11687
-12953
-13424
-13168
-12673
-12084
-11043
-9523
-7913
-6320
-4532
-2737
-1468
-654
251
1282
1995
2337
2709
3154
3433
3729
4369
5182
5732
6004
6282
6574
6674
6505
6024
5149
3914
2457
939
-522
-1936
-3409
-4894
-6091
-6790
-7096
-7159
-6943
-6432
-5826
-5201
-4390
-3444
-2631
-2053
-1624
-1229
-851
-475
-58
407
914
1448
2066
2837
3718
4515
5037
5369
5623
5709
5494
5011
4358
3467
2317
1164
206
-671
-1595
-2392
-2859
-3049
-3025
-2711
-2126
-1451
-789
-79
717
1491
2133
2641
3006
3263
3482
3678
3836
3954
4106
4275
4441
4630
4878
5126
5250
5310
5377
5380
5227
4963
4700
4317
3546
2301
796
-815
-2627
-4628
-6528
-8201
-9837
-11352
-12282
-12444
-12245
-11957
-11251
-9988
-8599
-7278
-5716
-3934
-2502
-1584
-686
380
1224
1698
2145
2669
3030
3261
3686
4376
5028
5435
5735
6056
6299
6302
6008
5499
4783
3715
2367
1042
-206
-1548
-3000
-4287
-5202
-5892
-6421
-6610
-6414
-6045
-5675
-5173
-4453
-3707
-3123
-2631
-2106
-1630
-1249
-865
-394
159
713
1263
1924
2742
3582
4270
4788
5263
5639
5729
5539
5217
4713
3871
2858
1918
1009
4
-982
-1701
-2161
-2478
-2570
-2380
-1995
-1527
-991
-364
329
1021
1584
2017
2419
2765
3015
3201
3398
3598
3717
3818
3985
4183
4371
4532
4656
4734
4786
4786
4697
4553
4391
4026
3166
1910
547
-987
-2799
-4641
-6303
-7952
-9665
-11002
-11602
-11734
-11743
-11439
-10590
-9465
-8281
-6880
-5239
-3743
-2650
-1707
-682
275
965
1462
1940
2362
2704
3118
3727
4441
5037
5435
5796
6217
6541
6575
6327
5860
5094
3993
2725
1488
214
-1268
-2791
-4039
-4966
-5706
-6248
-6446
-6329
-6090
-5730
-5120
-4352
-3691
-3215
-2749
-2222
-1768
-1424
-1075
-671
-266
167
738
1501
2351
3116
3801
4459
5063
5527
5748
5717
5460
4936
4134
3226
2326
1358
258
-796
-1595
-2183
-2631
-2864
-2823
-2586
-2262
-1767
-1031
-213
501
1109
1682
2203
2614
2916
3166
3358
3426
3415
3499
3711
3896
4010
4155
4362
4525
4642
4838
5021
4984
4761
4502
4044
3124
1887
529
-1045
-2899
-4754
-6376
-7954
-9480
-10541
-10985
-11112
-11051
-10548
-9595
-8538
-7468
-6164
-4689
-3443
-2482
-1531
-601
123
668
1219
1795
2238
2611
3110
3769
4453
5036
5544
6023
6423
6610
6534
6259
5742
4900
3774
2560
1323
-72
-1597
-3009
-4173
-5177
-6021
-6536
-6692
-6659
-6482
-6044
-5363
-4593
-3834
-3131
-2516
-2018
-1585
-1178
-820
-460
-100
212
585
1166
1883
2546
3161
3854
4548
5036
5351
5626
5652
5245
4592
3864
2996
1914
770
-283
-1280
-2194
-2859
-3171
-3230
-3121
-2812
-2302
-1605
-778
92
888
1551
2124
2606
2974
3260
3486
3607
3592
3580
3708
3892
3982
4065
4253
4428
4526
4681
4926
5027
4842
4517
4123
3444
2352
1046
-364
-1981
-3765
-5445
-6883
-8234
-9470
-10341
-10723
-10744
-10525
-9946
-9009
-7939
-6824
-5575
-4216
-2977
-1951
-1029
-189
488
1016
1509
1989
2425
2858
3354
3916
4477
4988
5401
5708
5923
5987
5821
5435
4851
4037
2999
1830
649
-546
-1790
-2993
-4015
-4844
-5499
-5898
-5998
-5874
-5628
-5243
-4669
-3987
-3330
-2732
-2135
-1615
-1221
-858
-478
-125
154
464
882
1364
1894
2497
3109
3622
4056
4441
4697
4743
4591
4267
3719
2984
2192
1371
472
-454
-1279
-1971
-2522
-2865
-2985
-2931
-2763
-2437
-1915
-1311
-685
-14
648
1265
1848
2403
2889
3255
3550
3825
4054
4221
4360
4490
4546
4532
4537
4553
4483
4310
4140
3942
3611
3207
2816
2381
1726
814
-195
-1298
-2529
-3793
-4982
-6099
-7219
-8217
-8858
-9133
-9164
-8991
-8556
-7847
-6985
-6005
-4849
-3600
-2468
-1523
-654
201
951
1534
2020
2457
2773
2984
3230
3576
3920
4116
4212
4332
4426
4382
4206
3941
3522
2867
2079
1300
479
-466
-1467
-2410
-3247
-3976
-4544
-4891
-5044
-5047
-4894
-4577
-4110
-3525
-2892
-2312
-1778
-1262
-804
-438
-109
211
427
571
810
1138
1455
1744
2099
2500
2834
3152
3476
3672
3665
3541
3327
2934
2391
1800
1124
320
-472
-1127
-1671
-2132
-2393
-2425
-2368
-2207
-1834
-1279
-700
-147
452
1076
1646
2160
2658
3074
3319
3464
3587
3674
3690
3679
3669
3634
3583
3541
3526
3497
3430
3331
3187
2983
2701
2366
1973
1431
645
-318
-1319
-2377
-3531
-4660
-5679
-6647
-7540
-8136
-8319
-8238
-8039
-7578
-6796
-5900
-4980
-3950
-2844
-1894
-1162
-486
172
690
1026
1314
1593
1770
1890
2086
2400
2715
2964
3194
3448
3715
3898
3965
3912
3676
3227
2611
1926
1184
337
-590
-1493
-2292
-2973
-3545
-3968
-4209
-4290
-4250
-4080
-3749
-3301
-2824
-2376
-1934
-1486
-1084
-768
-485
-180
81
261
467
797
1173
1476
1773
2148
2539
2843
3088
3342
3466
3365
3123
2841
2486
1945
1309
709
117
-504
-1043
-1390
-1607
-1769
-1819
-1716
-1493
-1191
-816
-379
42
430
821
1231
1630
1977
2259
2459
2630
2834
3035
3179
3256
3316
3376
3381
3368
3385
3352
3197
2993
2853
2705
2450
2182
1925
1557
973
233
-541
-1391
-2376
-3396
-4334
-5225
-6088
-6763
-7127
-7261
-7301
-7155
-6718
-6097
-5430
-4673
-3761
-2857
-2112
-1434
-724
-87
356
701
1038
1293
1458
1659
1968
2285
2522
2734
2975
3235
3450
3565
3563
3433
3169
2762
2249
1675
999
200
-632
-1389
-2072
-2710
-3238
-3581
-3770
-3854
-3815
-3593
-3241
-2857
-2450
-2028
-1620
-1241
-905
-626
-376
-158
-6
150
372
647
887
1084
1378
1765
2094
2357
2646
2891
2942
2869
2805
2671
2344
1896
1468
1020
476
-35
-418
-737
-1032
-1233
-1290
-1258
-1155
-962
-711
-449
-176
156
526
908
1299
1653
1950
2223
2526
2787
2959
3092
3182
3235
3254
3278
3299
3231
3100
2947
2784
2615
2436
2252
2026
1747
1454
1113
648
56
-607
-1367
-2260
-3178
-4007
-4799
-5588
-6236
-6633
-6837
-6904
-6749
-6342
-5825
-5246
-4533
-3677
-2824
-2078
-1360
-661
-95
328
699
1030
1273
1423
1555
1734
1930
2118
2330
2582
2809
2999
3153
3237
3250
3130
2834
2401
1905
1329
624
-154
-924
-1663
-2362
-2949
-3375
-3673
-3884
-3948
-3793
-3478
-3082
-2615
-2124
-1652
-1189
-754
-380
-89
129
292
390
470
620
799
930
1081
1342
1632
1870
2138
2455
2679
2728
2710
2677
2508
2149
1708
1262
740
176
-283
-642
-976
-1271
-1431
-1427
-1331
-1179
-936
-633
-337
-24
337
709
1045
1357
1650
1902
2119
2341
2556
2697
2809
2913
2970
2975
2969
2970
2906
2770
2655
2581
2456
2273
2129
1989
1765
1504
1242
859
286
-361
-1027
-1786
-2631
-3439
-4198
-4978
-5656
-6096
-6354
-6528
-6518
-6225
-5800
-5313
-4690
-3933
-3177
-2525
-1860
-1169
-580
-109
330
753
1074
1318
1596
1893
2173
2430
2671
2905
3116
3297
3411
3441
3373
3188
2860
2414
1933
1372
681
-39
-706
-1347
-1995
-2547
-2950
-3262
-3513
-3624
-3544
-3361
-3109
-2775
-2376
-1953
-1549
-1167
-801
-477
-233
-62
96
279
462
612
792
1040
1299
1535
1808
2125
2376
2528
2648
2712
2646
2463
2217
1906
1493
1009
517
38
-421
-811
-1135
-1398
-1549
-1571
-1487
-1325
-1073
-763
-475
-184
154
480
730
944
1189
1438
1657
1888
2162
2437
2647
2848
3084
3276
3381
3436
3460
3408
3269
3090
2906
2677
2373
2036
1709
1354
958
576
156
-375
-967
-1564
-2179
-2836
-3499
-4118
-4724
-5279
-5662
-5852
-5924
-5900
-5704
-5333
-4874
-4341
-3668
-2920
-2258
-1662
-1032
-415
87
493
868
1189
1386
1508
1684
1883
2004
2074
2162
2283
2370
2395
2408
2365
2224
1977
1669
1355
973
496
-31
-542
-1039
-1542
-1985
-2313
-2546
-2731
-2838
-2781
-2603
-2367
-2074
-1719
-1339
-976
-618
-271
47
314
526
705
874
1029
1128
1186
1262
1365
1440
1470
1521
1607
1626
1597
1588
1556
1440
1221
1008
795
499
155
-148
-381
-628
-844
-961
-990
-959
-901
-775
-584
-371
-151
76
315
554
764
956
1149
1342
1500
1620
1767
1941
2087
2213
2345
2488
2588
2636
2666
2659
2600
2475
2309
2128
1905
1653
1385
1139
928
693
455
245
51
-186
-519
-880
-1243
-1666
-2153
-2636
-3085
-3575
-4061
-4399
-4586
-4749
-4860
-4798
-4582
-4316
-3960
-3431
-2840
-2312
-1807
-1242
-691
-257
90
407
641
779
896
1026
1154
1260
1354
1469
1615
1779
1937
2071
2161
2207
2191
2097
1954
1753
1433
1010
566
128
-341
-823
-1244
-1598
-1921
-2178
-2307
-2322
-2274
-2172
-2005
-1767
-1486
-1212
-925
-629
-384
-227
-129
7
125
137
144
228
316
361
477
722
935
1061
1250
1524
1694
1730
1818
1903
1804
1625
1507
1347
1034
695
459
211
-114
-338
-412
-484
-560
-520
-372
-248
-114
110
307
421
529
675
780
818
900
996
1043
1116
1260
1430
1545
1666
1859
2019
2110
2210
2322
2346
2277
2212
2134
1968
1735
1526
1303
1029
750
511
299
63
-210
-517
-874
-1262
-1698
-2173
-2643
-3113
-3594
-4061
-4407
-4616
-4769
-4838
-4745
-4515
-4235
-3890
-3410
-2843
-2312
-1822
-1291
-753
-310
49
413
739
944
1095
1291
1478
1597
1693
1811
1941
2041
2135
2247
2306
2276
2186
2051
1853
1562
1197
767
288
-198
-682
-1150
-1584
-1933
-2205
-2428
-2545
-2525
-2398
-2231
-1997
-1653
-1298
-1005
-706
-356
-86
74
259
467
580
626
738
889
970
1031
1196
1395
1490
1584
1747
1863
1866
1834
1816
1710
1478
1240
1017
714
363
97
-126
-399
-629
-740
-802
-863
-839
-698
-571
-467
-282
-53
111
237
394
537
612
669
774
872
911
986
1137
1276
1382
1523
1691
1812
1881
1961
2029
2038
1995
1935
1856
1722
1541
1348
1152
926
678
431
179
-79
-355
-666
-983
-1300
-1650
-2039
-2411
-2762
-3140
-3477
-3714
-3879
-4013
-4076
-3996
-3822
-3611
-3321
-2919
-2493
-2094
-1679
-1232
-826
-502
-178
135
375
556
732
917
1065
1182
1331
1483
1607
1737
1873
1986
2041
2043
2018
1930
1765
1533
1234
889
502
95
-298
-672
-1009
-1306
-1534
-1691
-1771
-1771
-1709
-1580
-1397
-1187
-969
-742
-494
-275
-123
8
160
281
352
439
568
681
751
866
1049
1188
1268
1391
1549
1622
1601
1601
1601
1474
1261
1088
888
591
289
66
-147
-395
-584
-676
-747
-811
-807
-738
-683
-629
-504
-374
-286
-198
-88
2
28
79
177
227
250
343
473
580
702
887
1089
1253
1416
1609
1767
1868
1946
1995
1993
1924
1831
1721
1547
1335
1126
907
671
453
256
67
-105
-255
-385
-515
-640
-757
-938
-1173
-1394
-1652
-1941
-2214
-2479
-2742
-2990
-3159
-3227
-3235
-3190
-3057
-2845
-2605
-2323
-1958
-1575
-1250
-955
-640
-342
-119
71
272
421
498
580
703
811
873
939
1047
1133
1186
1262
1351
1400
1390
1363
1324
1248
1125
965
792
575
322
83
-131
-313
-485
-638
-747
-810
-828
-818
-781
-705
-622
-541
-445
-332
-225
-159
-109
-39
35
81
126
182
245
297
349
438
525
579
601
623
650
636
599
579
548
451
342
292
255
178
99
75
58
30
41
91
137
146
160
202
225
232
251
262
244
230
235
244
262
298
330
352
393
470
541
582
629
695
736
742
779
835
830
796
791
794
754
699
674
641
581
524
495
464
406
354
320
266
175
84
2
-109
-261
-420
-596
-821
-1055
-1299
-1561
-1824
-2060
-2260
-2437
-2569
-2629
-2637
-2594
-2499
-2336
-2121
-1889
-1626
-1333
-1042
-778
-526
-274
-61
106
253
404
534
635
753
899
1025
1112
1218
1340
1420
1448
1468
1480
1425
1321
1210
1079
903
700
503
296
70
-141
-322
-486
-629
-735
-806
-852
-854
-815
-764
-699
-601
-477
-368
-270
-155
-53
10
80
166
233
279
322
382
430
466
528
591
633
676
717
741
755
774
770
730
685
632
548
444
345
250
143
35
-26
-65
-106
-120
-102
-63
-19
42
138
220
275
358
443
486
520
564
593
574
548
542
500
440
410
390
340
278
263
257
211
157
144
112
23
-66
-140
-243
-405
-560
-683
-838
-1019
-1166
-1293
-1425
-1535
-1596
-1618
-1624
-1590
-1503
-1395
-1284
-1150
-989
-840
-706
-562
-433
-342
-256
-158
-69
0
75
157
228
294
366
441
502
546
607
649
665
684
686
670
620
565
503
411
319
234
140
49
-20
-71
-103
-135
-150
-147
-138
-112
-73
-22
22
58
97
147
192
215
246
271
291
310
317
334
353
373
395
413
443
468
482
496
510
511
506
492
473
439
397
348
296
254
205
158
125
96
89
91
89
99
106
108
119
124
113
92
70
48
23
2
-21
-42
-53
-63
-78
-100
-96
-93
-127
-162
-194
-244
-318
-413
-491
-570
-689
-795
-856
-919
-985
-1005
-981
-952
-921
-850
-749
-667
-601
-509
-424
-364
-313
-247
-193
-169
-132
-99
-81
-50
-2
56
109
168
254
326
387
465
538
567
563
563
546
488
425
370
290
199
127
73
24
-30
-68
-83
-90
-77
-48
-18
9
32
52
66
80
97
100
86
91
102
107
129
150
183
212
230
285
346
379
421
465
498
527
554
585
595
588
589
588
586
585
582
568
551
544
540
525
503
490
465
421
375
341
291
208
115
25
-84
-207
-336
-482
-641
-817
-984
-1136
-1281
-1413
-1525
-1604
-1646
-1654
-1627
-1557
-1462
-1352
-1211
-1054
-880
-715
-551
-381
-221
-63
69
196
324
429
514
591
665
726
763
800
831
843
844
837
833
807
759
703
621
529
416
287
168
26
-125
-248
-356
-470
-561
-610
-633
-629
-613
-573
-493
-410
-331
-233
-138
-59
10
71
131
187
215
243
281
313
339
366
417
465
495
521
564
599
599
595
587
563
515
456
405
342
263
186
125
65
7
-41
-66
-88
-111
-123
-129
-137
-142
-158
-181
-198
-221
-254
-294
-318
-326
-348
-370
-371
-349
-325
-306
-268
-211
-177
-148
-81
-24
7
25
46
90
104
98
101
103
81
47
41
37
16
-13
-40
-46
-62
-93
-106
-111
-129
-153
-169
-169
-185
-210
-215
-231
-248
-245
-243
-239
-239
-229
-200
-166
-125
-81
-23
39
86
149
203
245
294
324
335
347
365
373
364
357
348
326
298
275
267
245
206
185
173
149
124
117
95
52
20
-2
-24
-60
-88
-113
-135
-148
-155
-152
-149
-144
-133
-120
-98
-76
-61
-50
-43
-32
-34
-47
-49
-62
-85
-102
-120
-139
-171
-187
-191
-203
-211
-203
-188
-176
-148
-108
-78
-51
-16
23
51
72
94
117
124
127
141
148
146
149
164
171
161
169
185
169
145
143
131
102
68
40
12
-17
-44
-68
-87
-99
-105
-107
-109
-94
-81
-78
-67
-61
-51
-47
-46
-36
-33
-27
-17
-5
-2
10
31
45
46
47
67
78
73
71
84
73
50
52
39
13
-21
-60
-80
-102
-133
-151
-153
-176
-199
-185
-178
-175
-169
-156
-139
-133
-113
-82
-68
-55
-28
-8
1
12
24
37
38
49
70
91
109
123
141
153
157
160
163
154
134
119
102
78
64
53
35
28
24
12
11
10
12
7
1
0
-1
-3
-13
-15
-13
-15
-10
1
10
8
12
28
40
37
44
65
75
79
88
113
128
134
153
164
163
167
171
182
176
163
164
162
154
146
141
130
109
91
83
61
38
23
-2
-22
-44
-64
-86
-119
-143
-164
-191
-213
-241
-267
-293
-323
-347
-370
-393
-422
-439
-455
-469
-468
-465
-454
-434
-408
-363
-322
-283
-234
-186
-135
-88
-48
-13
20
53
85
113
143
171
187
206
227
245
262
270
290
308
321
332
328
319
300
274
248
211
183
153
103
72
61
45
32
22
32
39
38
65
89
103
125
158
193
210
233
261
287
303
309
322
336
340
343
350
354
353
360
356
340
329
311
276
226
167
100
13
-89
-197
-317
-443
-572
-683
-776
-882
-975
-1027
-1057
-1081
-1090
-1060
-1014
-963
-885
-795
-693
-600
-512
-398
-299
-206
-108
-18
78
168
252
347
433
504
574
641
688
730
758
760
755
731
692
638
569
508
418
324
250
151
51
-38
-113
-189
-267
-327
-367
-390
-417
-427
-413
-400
-390
-357
-301
-263
-225
-169
-113
-70
-28
28
79
117
163
214
261
312
369
413
449
483
507
530
529
521
507
470
430
393
344
277
221
173
105
40
-4
-44
-96
-145
-177
-208
-239
-257
-278
-302
-327
-351
-366
-379
-399
-415
-419
-419
-401
-385
-365
-329
-285
-240
-193
-136
-79
-30
6
36
72
96
105
112
113
117
119
107
115
126
124
131
146
161
167
168
169
163
145
115
90
55
8
-39
-83
-119
-165
-199
-207
-220
-224
-211
-187
-151
-124
-82
-26
1
25
62
79
89
110
106
106
113
114
124
132
146
164
178
186
205
223
221
218
220
219
199
174
162
134
92
61
41
9
-27
-53
-74
-92
-108
-127
-144
-149
-162
-171
-170
-172
-175
-173
-162
-160
-149
-126
-125
-107
-87
-76
-52
-39
-25
-8
6
28
41
52
66
76
88
95
103
110
116
118
121
121
111
109
94
71
68
54
34
19
-9
-27
-43
-74
-99
-123
-138
-157
-174
-178
-186
-186
-175
-169
-158
-147
-128
-105
-89
-76
-58
-40
-29
-14
5
23
30
38
52
61
66
79
91
90
87
96
96
85
73
63
55
38
19
17
12
-3
-8
-9
-6
1
-2
-2
3
-1
8
15
15
34
42
39
50
69
78
78
86
97
100
100
97
100
98
91
91
87
88
88
80
74
67
73
70
61
58
48
44
28
8
-1
-18
-43
-65
-83
-103
-122
-131
-142
-157
-160
-159
-165
-166
-162
-159
-150
-144
-133
-121
-111
-95
-90
-85
-68
-52
-44
-44
-36
-30
-28
-20
-22
-16
5
13
25
45
62
76
87
99
101
106
117
108
101
104
97
83
63
48
43
32
22
14
9
9
7
4
1
-1
-1
-8
-14
-18
-30
-38
-44
-50
-52
-51
-51
-48
-44
-42
-33
-23
-7
6
4
21
42
48
48
53
66
66
65
55
41
39
37
30
21
19
16
14
22
17
25
34
31
36
36
38
34
27
31
33
34
44
49
52
57
65
82
92
105
123
126
127
131
129
120
104
90
80
55
23
-4
-32
-59
-87
-116
-134
-149
-163
-178
-188
-198
-207
-208
-213
-213
-214
-216
-204
-191
-171
-152
-133
-105
-83
-58
-33
-5
20
35
67
95
107
126
145
155
157
154
154
146
128
105
85
65
33
0
-17
-37
-66
-81
-94
-105
-110
-114
-113
-108
-103
-91
-76
-66
-48
-39
-32
-18
-9
4
15
15
24
34
42
42
58
