-13
-3
-4
-7
-6
-5
-1
7
7
8
14
6
4
6
9
13
10
14
15
7
3
10
16
11
8
5
5
-1
-2
5
8
1
-2
3
8
5
1
5
-1
-4
-3
-5
1
5
4
6
2
-7
-6
-10
-12
-7
-8
-8
-4
-6
-4
1
-5
-7
-2
-5
-7
-5
1
0
-1
3
5
6
2
1
1
-3
1
-2
3
7
3
9
9
5
6
4
-1
1
2
2
2
-2
-6
-7
-7
-9
-9
-14
-19
-13
-9
-3
-6
-11
-7
-5
0
-4
-12
-8
2
-5
-6
-1
-4
-3
1
5
4
3
5
8
1
0
10
1
-2
1
4
4
-11
-13
-6
-4
-1
1
1
-2
1
8
12
4
5
4
-4
-1
2
0
-5
-8
-8
-14
-9
-5
-5
-5
-5
-3
-8
-8
-1
-6
-8
-6
-1
3
-5
-12
-10
-8
-6
-5
-5
-10
-11
-7
-10
-7
-5
1
6
4
5
9
10
11
6
10
18
7
7
9
6
13
8
13
18
16
23
20
16
16
13
14
11
3
2
8
7
0
8
5
5
13
9
15
8
9
14
3
8
14
18
20
9
10
10
2
-1
-9
-4
0
-11
-13
-17
-24
-19
-24
-24
-26
-34
-28
-26
-28
-30
-31
-27
-26
-24
-23
-25
-18
-15
-23
-19
-18
-23
-29
-29
-22
-24
-14
-7
-6
5
9
12
18
24
23
23
23
23
29
30
34
34
25
24
27
19
14
15
14
9
11
20
20
16
16
20
26
22
24
21
15
24
26
22
17
13
12
-7
-9
0
-6
5
9
12
15
12
16
6
3
-10
-24
-29
-42
-43
-48
-50
-47
-49
-50
-56
-63
-64
-69
-77
-72
-62
-53
-49
-43
-37
-27
-18
-18
-12
-5
-6
11
26
28
38
36
36
39
37
33
21
21
22
11
23
37
47
71
93
108
126
137
138
127
114
96
75
61
47
32
36
32
27
33
21
6
-16
-45
-80
-119
-148
-171
-190
-198
-192
-172
-143
-106
-66
-32
-5
24
49
55
52
55
46
29
23
4
-17
-19
-20
-23
-20
-13
-10
-12
-13
-14
-28
-34
-23
-16
-9
1
17
34
48
66
80
93
110
112
110
108
90
68
46
11
-21
-43
-67
-85
-80
-57
-32
-1
33
60
65
65
63
39
25
20
14
16
36
56
48
27
-3
-29
-53
-86
-99
-99
-104
-102
-95
-90
-70
-70
-87
-100
-139
-151
-135
-116
-51
20
89
156
197
219
213
181
134
84
23
-34
-64
-86
-88
-67
-40
-12
16
26
20
8
-12
-41
-67
-92
-108
-112
-103
-68
-11
43
101
165
210
233
234
215
173
115
43
-23
-74
-115
-137
-137
-116
-88
-56
-25
11
23
21
23
-5
-32
-44
-69
-78
-75
-63
-35
-5
28
60
90
102
94
81
53
14
-32
-85
-128
-153
-167
-155
-129
-95
-48
-4
29
56
70
55
37
13
-11
-22
-24
-16
3
34
63
93
115
134
150
135
116
87
50
16
-21
-51
-79
-94
-95
-95
-82
-59
-38
-23
-7
12
13
8
-6
-16
-37
-66
-69
-72
-74
-57
-35
-10
22
44
67
77
76
62
22
-17
-46
-70
-94
-100
-82
-63
-30
1
36
68
83
90
89
81
58
31
11
-9
-32
-50
-45
-31
-23
-4
21
34
40
42
39
24
1
-19
-43
-65
-76
-68
-55
-40
-4
32
50
62
70
69
57
34
9
-23
-50
-72
-84
-80
-73
-65
-54
-43
-37
-33
-34
-35
-35
-48
-39
-31
-29
-19
-9
18
37
56
77
94
106
104
103
98
87
73
59
45
36
31
22
24
24
17
27
38
33
35
41
35
32
30
30
26
21
20
15
11
8
0
-2
-18
-29
-34
-48
-53
-55
-60
-65
-60
-43
-36
-29
1
19
28
50
57
57
67
60
47
27
-2
-25
-63
-97
-109
-133
-145
-146
-144
-132
-124
-108
-86
-61
-29
2
42
77
118
164
196
218
226
237
232
205
188
156
115
88
65
37
8
-5
-9
-16
-18
-24
-19
-9
-7
17
41
59
74
86
93
86
90
95
95
104
119
134
149
144
106
47
-31
-144
-269
-389
-510
-608
-667
-694
-679
-634
-576
-486
-386
-298
-202
-113
-43
27
91
139
187
228
262
306
336
352
368
373
360
340
308
247
179
106
18
-65
-134
-188
-217
-221
-202
-155
-89
-28
37
98
143
176
198
200
189
188
171
148
143
129
108
97
91
84
70
63
49
20
-7
-53
-108
-163
-224
-284
-342
-388
-403
-404
-386
-333
-278
-222
-156
-91
-20
39
85
124
167
205
225
237
246
241
221
201
183
171
174
178
196
236
280
326
362
392
409
410
408
391
375
362
359
366
378
399
421
425
420
392
330
224
58
-142
-356
-604
-863
-1081
-1260
-1409
-1480
-1467
-1384
-1232
-1022
-778
-522
-272
-41
158
325
449
536
604
644
666
690
706
712
699
658
611
537
408
257
84
-118
-323
-525
-706
-839
-935
-969
-929
-836
-690
-506
-299
-84
117
292
438
537
594
611
590
554
512
459
408
367
329
285
239
189
141
73
-27
-132
-243
-356
-458
-542
-595
-612
-591
-526
-417
-284
-140
18
168
299
403
469
503
509
486
433
377
316
235
167
110
55
4
-45
-78
-123
-176
-232
-290
-331
-373
-402
-394
-369
-331
-264
-176
-79
26
119
195
245
267
259
216
154
76
-3
-88
-152
-179
-201
-210
-172
-109
-56
5
74
129
176
204
226
240
234
219
196
178
171
181
208
248
306
376
450
521
574
609
624
608
584
554
486
413
352
304
260
211
195
213
221
224
254
293
303
279
252
206
78
-119
-324
-549
-831
-1126
-1364
-1558
-1739
-1853
-1843
-1753
-1632
-1446
-1174
-882
-623
-372
-102
125
281
413
541
647
708
759
823
867
862
836
802
715
571
394
207
-8
-257
-496
-690
-863
-1012
-1077
-1060
-982
-856
-660
-412
-169
75
311
514
668
756
800
807
760
677
589
504
413
323
242
154
70
-11
-103
-207
-310
-424
-535
-648
-750
-819
-877
-915
-891
-829
-743
-603
-416
-203
14
233
459
638
770
863
900
893
843
758
651
552
469
405
368
363
420
515
606
741
919
1062
1163
1258
1341
1358
1300
1248
1223
1189
1145
1170
1278
1369
1404
1429
1434
1254
806
223
-405
-1201
-2178
-3047
-3676
-4239
-4704
-4768
-4408
-3912
-3336
-2487
-1446
-554
153
904
1611
1983
2074
2157
2248
2126
1844
1702
1683
1539
1291
1174
1181
996
579
200
-129
-664
-1393
-1985
-2377
-2817
-3267
-3382
-3121
-2798
-2454
-1824
-970
-234
351
994
1627
1973
2038
2055
2065
1886
1532
1249
1084
870
600
454
471
431
262
135
62
-135
-486
-799
-1044
-1358
-1701
-1898
-1880
-1785
-1620
-1265
-781
-253
253
761
1261
1621
1796
1817
1780
1641
1311
971
686
359
4
-216
-280
-346
-392
-353
-278
-277
-314
-303
-373
-535
-714
-908
-1067
-1165
-1168
-1099
-935
-655
-339
33
454
865
1152
1316
1434
1436
1314
1099
875
641
345
109
4
-14
-12
74
271
455
625
838
1045
1120
1115
1128
1044
910
817
715
563
432
429
468
535
683
874
1067
1182
1272
1311
1220
938
404
-192
-838
-1639
-2451
-3092
-3572
-4063
-4344
-4199
-3829
-3427
-2931
-2163
-1384
-820
-257
385
907
1104
1205
1417
1567
1549
1505
1612
1686
1588
1469
1442
1430
1152
711
349
-38
-601
-1259
-1703
-2028
-2456
-2780
-2785
-2546
-2277
-1914
-1345
-671
-55
398
889
1390
1642
1691
1751
1841
1742
1604
1563
1458
1321
1167
896
448
130
-152
-850
-1385
-1512
-1893
-2514
-2636
-2304
-2363
-2420
-1835
-1202
-906
-471
377
1037
1376
1770
2088
2226
2181
2049
1869
1606
1334
1001
753
664
681
738
747
914
1238
1481
1556
1771
2148
2110
1846
1860
1942
1760
1558
1698
1813
1827
1964
2087
2172
2155
1788
820
-177
-920
-2355
-4136
-5119
-5699
-6843
-7766
-7167
-6161
-5794
-5013
-3165
-1422
-634
376
1990
3016
3081
2985
3361
3509
2957
2358
2282
2366
1805
1119
1225
1589
1143
193
-14
24
-935
-2248
-2668
-2758
-3784
-4864
-4673
-4006
-3938
-3799
-2609
-1182
-417
293
1552
2803
3205
3154
3364
3632
3366
2599
2180
2088
1584
794
551
888
753
230
175
358
92
-541
-860
-1162
-1938
-2762
-3304
-3584
-3799
-3870
-3695
-3287
-2530
-1698
-875
118
1198
1970
2306
2765
3255
3234
2823
2515
2316
1704
1024
813
710
366
65
180
278
198
286
413
437
400
456
510
586
875
1071
1206
1515
1897
2121
2268
2688
3085
3190
3276
3545
3762
3509
3146
2948
2420
1145
-360
-1338
-2542
-4406
-5787
-6284
-6935
-7975
-7948
-6830
-6100
-5665
-4413
-2566
-1458
-791
518
1963
2587
2537
2857
3537
3638
3186
3055
3453
3329
2507
2128
2416
2179
889
-72
-268
-1049
-2636
-3672
-3748
-4275
-5450
-5753
-4936
-4314
-4280
-3574
-2002
-830
-313
558
2053
2965
2950
3046
3585
3806
3243
2722
2837
2825
2097
1506
1837
1970
1158
578
625
40
-1350
-2165
-2719
-3957
-5001
-5378
-5703
-5848
-5131
-4161
-3403
-1919
-24
1177
2193
3760
4859
4805
4753
4934
4378
3176
2314
1808
897
-95
-442
-348
-328
-193
445
1153
1529
1927
2461
2670
2577
2554
2277
1636
1279
1282
1111
981
1408
1967
2216
2565
3221
3640
3366
2521
1441
249
-1433
-3555
-5265
-6427
-7780
-9205
-9337
-8158
-7235
-6497
-4642
-2165
-687
260
2058
3816
4104
3590
3684
3954
3265
2230
1944
2095
1644
855
958
1778
1921
1139
801
1077
454
-1139
-2167
-2438
-3496
-5333
-6075
-5541
-5335
-5643
-4885
-3003
-1636
-883
530
2538
3595
3566
3763
4333
4257
3238
2464
2397
1938
886
392
818
788
-49
-317
-129
-581
-1553
-2159
-2588
-3514
-4370
-4772
-4866
-4703
-4302
-3618
-2624
-1178
262
1445
2715
3887
4508
4499
4476
4398
3662
2541
1680
1156
398
-258
-133
288
523
850
1714
2588
2969
3311
3664
3706
3293
2779
2331
1745
1274
940
734
785
1169
1688
1918
2353
2979
2800
1669
631
-131
-2009
-4471
-5816
-6693
-8368
-9832
-9332
-8060
-7584
-6636
-4236
-1775
-509
798
2962
4540
4701
4318
4481
4593
3617
2336
1911
1968
1197
123
360
1257
1074
142
243
819
-45
-1630
-2203
-2325
-3663
-5454
-5753
-5169
-5273
-5549
-4444
-2452
-1253
-459
1226
3312
4233
4221
4689
5308
4972
3816
3027
2814
2064
677
-311
-360
-603
-1870
-2591
-2141
-2244
-3424
-3815
-3057
-3129
-3906
-3631
-2619
-2280
-2207
-1244
52
876
1454
2225
3141
3649
3677
3559
3498
3250
2539
1828
1510
1360
1002
654
896
1414
1613
1723
2325
3010
3028
2883
3085
3133
2647
2186
2211
2132
1753
1665
1979
2132
1980
2090
2153
1303
9
-872
-2043
-4071
-5707
-6513
-7704
-9239
-9505
-8535
-7938
-7456
-5715
-3366
-1858
-629
1401
3448
4289
4310
4683
5218
4879
3858
3301
3312
2688
1379
874
1382
1239
20
-511
-71
-506
-2045
-2836
-2639
-3373
-5050
-5648
-5018
-4915
-5458
-4915
-3240
-1986
-1359
-128
1909
3248
3480
3922
5007
5425
4599
3984
4063
3536
2198
1305
924
-130
-1536
-2575
-3346
-3822
-4315
-4944
-5139
-4613
-4205
-4124
-3106
-1531
-817
-435
790
2183
2660
2921
3542
3886
3543
3011
2934
2899
2339
1686
1589
1719
1547
1593
2022
2302
2413
2593
2805
2959
3078
2895
2453
2342
2389
2149
1981
2265
2541
2512
2589
2864
3050
2638
1396
79
-967
-2615
-4900
-6478
-7270
-8663
-10247
-10128
-8740
-8004
-7437
-5413
-2823
-1392
-275
1887
3980
4456
4177
4645
5198
4666
3664
3330
3394
2738
1587
1343
1942
1742
555
24
286
-349
-1999
-2945
-3062
-4100
-5959
-6639
-6082
-5977
-6379
-5739
-3971
-2586
-1752
-190
2062
3517
3846
4281
5210
5461
4543
3673
3458
2748
1140
29
-91
-487
-1591
-2201
-1925
-1950
-2560
-2732
-2387
-2396
-2862
-3009
-2602
-2273
-2240
-1961
-1185
-359
247
958
1970
2895
3341
3594
4013
4324
4136
3692
3432
3221
2705
2076
1914
1951
1632
1411
1656
1998
2090
2174
2473
2625
2544
2468
2567
2605
2393
2337
2417
2406
2224
2034
1741
570
-834
-1781
-3120
-4920
-6290
-7061
-8212
-9392
-9272
-8468
-7888
-7140
-5522
-3604
-2216
-690
1215
2905
3895
4298
4808
5291
5239
4668
4140
3928
3375
2351
1722
1787
1440
303
-346
-395
-985
-2193
-2991
-3249
-3996
-5162
-5711
-5463
-5313
-5506
-5085
-3894
-2694
-1876
-739
1069
2465
3169
3819
4764
5505
5232
4706
4688
4354
2754
1062
605
-413
-2371
-3326
-3390
-4034
-5059
-4746
-3923
-3897
-3497
-2474
-1611
-1081
-330
628
1231
1696
2041
2338
2553
2637
2808
2739
2628
2687
2695
2613
2647
3005
3015
2711
2847
3113
2916
2553
2747
2786
2200
1959
2156
2214
1960
2021
2422
2562
2819
3315
3737
3737
3482
2750
1039
-467
-1975
-4354
-6711
-8215
-9343
-11057
-11801
-10682
-9637
-9057
-7450
-4647
-2584
-1249
893
3192
4338
4398
4809
5549
5256
4392
3972
3870
3349
2474
2139
2368
2325
1531
817
723
265
-1080
-2436
-3079
-3988
-5750
-6906
-6851
-6801
-7232
-6934
-5482
-3978
-2843
-1340
879
2670
3450
4218
5223
5678
5158
4368
3926
3224
1938
774
292
-134
-1016
-1579
-1484
-1325
-1551
-1813
-1610
-1550
-1905
-2136
-2080
-1928
-2062
-2153
-1710
-1058
-527
41
1018
2015
2662
3279
3960
4524
4597
4365
4245
4016
3525
2992
2699
2416
2043
1842
1866
2132
2312
2409
2618
2769
2855
2827
2870
2897
2777
2659
2556
2557
2327
1899
842
-667
-1792
-3554
-5462
-6583
-7537
-8772
-9889
-9667
-8939
-8523
-7464
-5537
-3788
-2746
-1076
1003
2338
3126
3733
4415
4537
4195
4137
3998
3580
2965
2344
2027
1894
1454
748
383
9
-901
-1849
-2390
-2952
-4059
-5075
-5426
-5538
-5770
-5697
-4914
-4051
-3293
-2284
-814
772
1779
2734
3701
4368
4755
4755
4779
4646
3935
2551
1527
970
-500
-1808
-2168
-2637
-3634
-4085
-3410
-3193
-3365
-2723
-1919
-1629
-1306
-509
209
528
759
1165
1613
1822
2022
2400
2609
2635
2815
3103
3234
3344
3543
3432
3279
3432
3335
2989
2923
2952
2662
2370
2444
2493
2150
1942
2159
2148
1910
2029
2476
2764
2725
2916
3055
1960
362
-673
-2163
-4342
-6116
-7322
-8756
-10304
-10650
-9922
-9264
-8535
-6912
-4910
-3336
-1650
353
2188
3182
3518
4068
4430
4272
3920
3495
3108
2618
2010
1760
2009
1956
1338
967
895
454
-440
-1229
-1851
-2976
-4327
-5088
-5370
-5621
-5906
-5724
-4892
-3886
-2849
-1408
359
1701
2550
3459
4377
4807
4622
4245
3790
2913
1742
828
251
-425
-1234
-1670
-1693
-1728
-1818
-1656
-1324
-1291
-1402
-1310
-1106
-1055
-1206
-1166
-959
-776
-526
-52
645
1197
1676
2274
2955
3503
3742
3891
3955
3840
3541
3232
3072
2750
2369
2158
2125
2261
2259
2291
2415
2433
2524
2665
2847
2997
3169
3305
3367
3455
3284
2710
1301
-258
-1524
-3470
-5512
-7012
-8302
-9855
-11104
-10929
-10088
-9572
-8678
-6703
-4816
-3434
-1543
658
2308
3035
3589
4465
4865
4658
4484
4348
3955
3320
2817
2802
2740
2143
1462
1076
598
-213
-1157
-2018
-2853
-4166
-5404
-5866
-6078
-6390
-6461
-5889
-4957
-4016
-2802
-1093
541
1713
2754
3893
4988
5487
5550
5563
5173
3912
2583
1850
626
-802
-1697
-2354
-3097
-3598
-3230
-2934
-2838
-2315
-1744
-1335
-945
-333
108
229
370
598
842
930
1129
1498
1677
1839
2309
2855
3116
3353
3807
3923
3790
3926
3968
3596
3215
3134
2852
2418
2226
2126
2018
1879
2065
2412
2733
3208
3739
4236
4404
4264
3339
1783
281
-1694
-4041
-6212
-7899
-9680
-11604
-12088
-11500
-11086
-10279
-8396
-6199
-4484
-2544
-60
2053
3141
3710
4558
5062
4793
4431
4183
3915
3111
2418
2678
2843
2558
2202
2066
1898
1105
200
-492
-1471
-3089
-4617
-5547
-6359
-7116
-7534
-7262
-6615
-5840
-4540
-2843
-1032
524
1827
3209
4298
4801
4943
4919
4508
3604
2685
1920
1116
275
-328
-630
-873
-920
-861
-726
-582
-692
-734
-795
-965
-1202
-1567
-1784
-1972
-2017
-1801
-1396
-775
-133
677
1644
2628
3512
4130
4604
4823
4803
4663
4435
4047
3493
3028
2608
2389
2326
2222
2188
2162
2340
2629
2848
3082
3385
3673
3761
3882
3901
3435
1899
-194
-1649
-3465
-5850
-7562
-8605
-9932
-11535
-11548
-10060
-9256
-8707
-6805
-4562
-3318
-1957
403
2354
2831
2987
3861
4510
4258
3991
4027
3889
3362
2876
3110
3463
3092
2328
1954
1831
1108
-120
-1091
-1916
-3445
-5170
-5933
-6167
-6837
-7510
-7193
-6255
-5407
-4387
-2689
-834
401
1472
2933
4374
5110
5289
5450
5391
4450
3397
2783
1695
438
-548
-1269
-1884
-2306
-2132
-2118
-2101
-1669
-1340
-1199
-962
-560
-496
-633
-546
-356
-287
-273
63
521
873
1382
2140
2850
3271
3790
4388
4611
4760
4932
4847
4463
4098
3912
3540
3114
2816
2620
2406
2221
2121
2070
2360
2456
2627
3205
3509
3154
1887
908
-172
-2404
-4510
-6000
-7579
-9900
-11479
-11284
-11068
-11250
-10440
-8414
-6735
-5378
-3090
-443
1364
2178
3238
4652
5205
5131
5006
4948
4553
3646
3290
3479
3335
2690
2126
2143
2081
1415
578
45
-922
-2567
-3874
-4693
-5463
-6660
-7584
-7550
-7234
-6744
-5860
-4359
-2670
-1327
149
1944
3615
4451
4813
5263
5307
4819
4066
3453
2703
1503
511
-27
-325
-747
-1120
-1088
-1045
-1097
-1120
-943
-854
-1223
-1506
-1574
-1657
-1747
-1751
-1533
-1219
-799
-108
854
1850
2703
3453
4106
4757
5180
5243
5240
5031
4603
4134
3753
3530
3108
2635
2398
2396
2484
2486
2521
2663
2945
3078
3363
3970
3971
2946
1466
391
-1080
-3447
-5370
-6774
-8738
-10964
-11745
-11221
-11041
-10962
-9716
-7722
-6239
-4671
-2169
245
1445
2112
3374
4610
4939
4810
4861
4843
4303
3706
3697
3926
3590
2738
2387
2588
2200
1242
504
-180
-1545
-3268
-4286
-4861
-5968
-7267
-7692
-7427
-7119
-6648
-5564
-3944
-2673
-1516
226
2022
3233
3829
4359
4864
4885
4458
4025
3629
2828
1816
1111
876
563
-78
-343
-298
-419
-659
-684
-545
-821
-1278
-1467
-1520
-1649
-1877
-1859
-1600
-1282
-733
61
1029
1911
2616
3373
4175
4835
5168
5305
5313
5141
4832
4513
4371
4027
3463
3017
2815
2817
2652
2610
2844
3096
3207
3308
3788
3837
2666
1126
48
-1526
-4061
-6118
-7393
-9240
-11591
-12323
-11598
-11522
-11480
-9971
-7807
-6349
-4861
-2246
287
1412
2152
3534
4711
4949
4786
4917
5004
4454
3852
3955
4221
3885
3150
2842
3029
2601
1582
875
239
-1154
-3002
-4109
-4821
-6062
-7407
-7891
-7645
-7508
-7116
-5970
-4437
-3136
-1919
-232
1532
2782
3472
4087
4682
4792
4488
4134
3807
3195
2244
1589
1404
1038
448
122
89
-52
-375
-467
-488
-852
-1394
-1740
-1916
-2119
-2301
-2359
-2146
-1726
-1175
-380
589
1545
2363
3165
4061
4839
5277
5505
5676
5626
5414
5191
4928
4492
3842
3470
3347
3134
3021
3070
3273
3421
3654
4258
4546
3854
2461
1201
-367
-2836
-5144
-6905
-9024
-11652
-13124
-12970
-12909
-12880
-11646
-9560
-7778
-6051
-3336
-458
1253
2287
3620
4980
5475
5333
5324
5274
4696
3967
3873
4140
3966
3406
3141
3351
3240
2551
1855
1179
-88
-1886
-3306
-4294
-5588
-7228
-8271
-8488
-8502
-8257
-7408
-6001
-4638
-3360
-1643
304
1934
2964
3750
4481
4850
4802
4591
4385
3907
3117
2460
2198
1987
1543
1159
1006
860
543
249
46
-353
-1036
-1687
-2065
-2353
-2718
-2961
-2881
-2580
-2103
-1394
-412
635
1526
2407
3390
4340
4945
5275
5526
5617
5477
5301
5216
4890
4337
3837
3609
3523
3320
3198
3254
3416
3486
3701
4154
4087
2967
1395
190
-1544
-4079
-6214
-7897
-10011
-12393
-13270
-12748
-12637
-12489
-10947
-8659
-6963
-5171
-2316
352
1638
2520
4036
5269
5395
5139
5120
5018
4398
3804
3917
4155
3804
3183
3179
3580
3310
2521
1868
1139
-300
-2040
-3215
-4227
-5739
-7372
-8178
-8224
-8174
-7911
-6985
-5545
-4272
-2943
-1108
794
2185
2958
3684
4418
4640
4457
4208
3894
3314
2529
2057
1983
1706
1204
983
998
917
692
539
387
-151
-815
-1276
-1658
-2041
-2486
-2796
-2824
-2594
-2137
-1476
-542
368
1220
2233
3292
4227
4856
5287
5550
5601
5600
5511
5286
4864
4344
3943
3705
3589
3400
3295
3440
3628
3922
4371
4732
4276
2801
1448
126
-2142
-4735
-6693
-8640
-11381
-13374
-13349
-13025
-13351
-12591
-10357
-8383
-6760
-4172
-972
1016
1908
3328
4987
5681
5520
5385
5392
4881
4059
3881
4211
4089
3450
3120
3493
3681
3065
2369
1847
749
-1000
-2472
-3447
-4796
-6685
-7990
-8326
-8430
-8422
-7848
-6614
-5316
-4116
-2440
-404
1276
2269
3059
3975
4536
4568
4412
4238
3811
3030
2427
2274
2086
1619
1271
1296
1332
1150
993
897
522
-176
-749
-1185
-1660
-2220
-2771
-2977
-2908
-2620
-2135
-1398
-438
407
1279
2339
3445
4216
4620
5054
5369
5436
5391
5312
5073
4562
4058
3826
3733
3551
3352
3375
3659
3944
4272
4810
4884
3736
2152
961
-797
-3472
-5873
-7718
-10204
-12885
-13735
-13353
-13545
-13530
-11878
-9600
-7897
-5769
-2583
154
1478
2683
4433
5708
5894
5600
5529
5298
4546
3939
4032
4214
3740
3127
3351
3938
3715
2960
2438
1746
254
-1430
-2561
-3703
-5548
-7417
-8298
-8500
-8634
-8525
-7716
-6370
-5107
-3746
-1768
321
1625
2346
3270
4234
4503
4266
4146
3921
3216
2448
2239
2242
1863
1392
1342
1567
1530
1330
1250
1030
408
-330
-808
-1236
-1865
-2608
-3054
-3061
-2921
-2581
-1951
-1065
-158
689
1843
3133
4099
4676
5129
5628
5832
5791
5757
5591
5098
4452
4191
4139
3926
3625
3554
3824
3971
4192
4740
5011
4097
2416
1260
-228
-2831
-5410
-7246
-9379
-12246
-13703
-13359
-13308
-13610
-12503
-10130
-8216
-6466
-3611
-483
1248
2209
3874
5531
6020
5669
5518
5550
4909
4095
4003
4243
3928
3099
2987
3579
3557
2774
2118
1634
381
-1357
-2591
-3596
-5208
-7156
-8290
-8591
-8679
-8688
-8154
-6857
-5535
-4235
-2451
-325
1304
2128
3005
4066
4631
4544
4327
4185
3685
2949
2522
2453
2234
1716
1477
1660
1783
1581
1332
1164
701
-51
-664
-1095
-1742
-2603
-3172
-3312
-3245
-3033
-2512
-1724
-852
115
1240
2513
3616
4356
4892
5375
5811
5897
5772
5678
5362
4751
4208
4077
3941
3576
3309
3389
3697
3818
4119
4649
4776
3897
2327
1196
-317
-2933
-5514
-7377
-9341
-12014
-13528
-13198
-13024
-13287
-12249
-9801
-7819
-6265
-3652
-598
1154
1973
3479
5084
5506
5148
5040
5217
4730
3960
3906
4225
4089
3419
3289
3850
3833
3012
2260
1765
632
-1166
-2593
-3554
-4974
-6906
-8065
-8255
-8343
-8478
-7997
-6636
-5330
-4186
-2538
-538
1081
1933
2766
3785
4308
4180
3882
3836
3595
2977
2579
2581
2517
2145
1980
2272
2447
2185
1864
1644
1206
447
-290
-851
-1585
-2452
-3092
-3375
-3396
-3268
-2879
-2182
-1262
-199
924
2096
3244
4127
4705
5185
5621
5751
5565
5395
5200
4807
4268
3943
3849
3647
3363
3275
3636
3877
3877
4179
4594
4279
2740
1358
296
-1948
-4766
-6837
-8413
-10822
-13157
-13406
-12828
-13020
-12703
-10682
-8325
-6767
-4850
-1909
557
1584
2528
4120
5219
5209
4785
4912
5045
4338
3756
4025
4413
3968
3356
3775
4280
3689
2660
2117
1404
-248
-2044
-3168
-4270
-6095
-7685
-8204
-8209
-8313
-8221
-7214
-5781
-4569
-3236
-1408
459
1572
2268
3203
4027
4128
3789
3646
3541
3061
2494
2367
2441
2226
1958
2100
2427
2358
1958
1712
1485
844
-20
-644
-1228
-2116
-2940
-3319
-3373
-3358
-3184
-2550
-1638
-676
368
1496
2649
3619
4312
4876
5356
5603
5547
5298
5169
4991
4488
4059
3833
3730
3553
3320
3470
3818
3956
3993
4271
4567
3914
2228
927
-264
-2713
-5431
-7196
-8751
-11211
-13153
-12941
-12425
-12746
-12123
-9892
-7750
-6394
-4369
-1374
718
1488
2600
4264
5174
4898
4550
4899
4924
4109
3686
4202
4495
3885
3468
4146
4516
3582
2634
2218
1378
-416
-2168
-3144
-4381
-6270
-7691
-8035
-7941
-8143
-8089
-6977
-5484
-4370
-3125
-1270
496
1392
1996
3040
3906
3891
3536
3488
3476
3007
2445
2406
2487
2226
1932
2132
2531
2369
1881
1643
1487
848
-46
-652
-1246
-2152
-3019
-3301
-3223
-3233
-3154
-2597
-1652
-728
201
1265
2434
3367
3963
4615
5241
5562
5403
5147
5238
5110
4616
4191
3973
3767
3400
3257
3377
3565
3609
3579
3845
4140
3939
2613
1159
141
-1890
-4486
-6497
-7926
-10030
-12468
-12891
-12271
-12375
-12281
-10630
-8354
-6925
-5238
-2502
7
1132
1920
3512
4802
4971
4560
4620
4884
4292
3672
3977
4483
4117
3418
3719
4356
3923
2861
2352
1827
289
-1500
-2661
-3654
-5394
-7200
-7853
-7872
-7997
-8090
-7379
-5927
-4700
-3556
-1888
66
1324
1878
2744
3828
4200
3748
3530
3646
3281
2632
2406
2627
2461
1989
2074
2507
2570
2148
1800
1631
1135
321
-452
-1070
-1824
-2796
-3393
-3400
-3234
-3225
-3038
-2200
-1179
-329
664
1904
2951
3496
4060
4831
5293
5261
5098
5060
4959
4675
4325
4068
3783
3393
3182
3203
3269
3339
3350
3424
3603
3702
3515
2388
957
-188
-2047
-4347
-6228
-7695
-9637
-11747
-12245
-11748
-11806
-11677
-10137
-8101
-6653
-5002
-2473
-102
941
1766
3310
4483
4652
4314
4368
4596
4129
3668
3928
4270
3923
3279
3485
4092
3727
2721
2177
1622
246
-1360
-2510
-3498
-5157
-6884
-7554
-7622
-7697
-7821
-7220
-5831
-4669
-3545
-1924
-90
1084
1642
2564
3630
3952
3595
3480
3561
3196
2676
2510
2626
2394
1942
2026
2395
2417
2044
1717
1602
1142
338
-294
-817
-1567
-2483
-2986
-2978
-2936
-3015
-2797
-2028
-1170
-387
553
1682
2654
3201
3824
4637
5084
5091
4981
4970
4909
4594
4246
3973
3628
3290
3159
3236
3307
3387
3454
3558
3794
4009
3854
2619
1171
64
-1823
-4120
-5986
-7485
-9586
-11768
-12192
-11722
-11890
-11809
-10273
-8350
-6955
-5211
-2662
-374
607
1504
3103
4267
4500
4244
4357
4625
4197
3814
4147
4460
4039
3486
3821
4375
3938
2985
2501
1861
469
-1010
-2130
-3193
-4919
-6578
-7212
-7409
-7600
-7757
-7191
-5944
-4877
-3757
-2172
-472
571
1214
2221
3221
3482
3213
3202
3220
2848
2475
2397
2448
2199
1930
2155
2512
2519
2221
1988
1805
1313
637
65
-570
-1481
-2377
-2830
-2981
-3096
-3172
-2961
-2296
-1538
-695
387
1454
2348
2992
3750
4538
4856
4961
4947
4841
4728
4552
4316
3978
3630
3315
3237
3271
3301
3447
3462
3608
3800
3979
3858
2581
1258
131
-1781
-3993
-5860
-7412
-9603
-11638
-11964
-11695
-11926
-11660
-10097
-8363
-6938
-5054
-2580
-475
535
1628
3168
4222
4495
4272
4430
4640
4181
3864
4183
4416
3947
3553
4020
4443
3921
3098
2732
2022
617
-735
-1853
-3097
-4919
-6454
-7058
-7424
-7805
-7970
-7358
-6251
-5228
-3989
-2346
-759
241
1088
2190
3158
3449
3249
3299
3307
2917
2570
2530
2539
2196
1938
2226
2499
2370
2126
1986
1760
1289
700
161
-482
-1369
-2147
-2625
-2818
-2923
-3063
-2883
-2298
-1547
-799
141
1230
2065
2672
3389
4211
4577
4607
4715
4762
4676
4491
4333
4099
3724
3451
3387
3451
3400
3336
3392
3474
3590
3657
3644
2862
1415
296
-1094
-3067
-5059
-6701
-8433
-10516
-11556
-11415
-11399
-11534
-10654
-8995
-7553
-5968
-3891
-1636
-168
784
2222
3586
4293
4245
4196
4567
4467
4028
4079
4433
4245
3704
3828
4375
4279
3501
2975
2541
1474
134
-1070
-2132
-3625
-5365
-6332
-6743
-7143
-7571
-7432
-6525
-5552
-4544
-3159
-1516
-280
561
1584
2667
3281
3213
3105
3185
2978
2561
2316
2319
2116
1726
1765
2120
2266
2037
1882
1865
1522
1011
513
3
-734
-1624
-2196
-2472
-2649
-2837
-2827
-2465
-1872
-1212
-430
602
1455
2072
2723
3449
4038
4212
4303
4458
4417
4269
4182
4069
3803
3477
3294
3324
3304
3170
3173
3236
3283
3321
3365
3255
2304
970
-74
-1474
-3416
-5293
-6801
-8518
-10319
-11049
-10893
-10947
-10960
-9951
-8357
-6916
-5360
-3331
-1296
9
1030
2395
3687
4168
4025
4137
4456
4322
3921
3994
4249
3905
3481
3770
4229
3947
3184
2727
2282
1240
-36
-1064
-2161
-3686
-5162
-5973
-6324
-6768
-7147
-6892
-6078
-5130
-4138
-2859
-1385
-270
509
1482
2530
3011
2922
2899
3078
2947
2525
2357
2332
2053
1731
1793
2123
2147
1877
1726
1642
1411
960
449
0
-642
-1391
-1888
-2058
-2194
-2486
-2555
-2180
-1596
-1063
-407
471
1217
1773
2360
3144
3767
3897
3970
4199
4300
4179
4065
4039
3797
3400
3268
3330
3226
2992
2999
3097
3099
3191
3301
3094
2095
949
28
-1462
-3331
-5045
-6588
-8395
-10044
-10637
-10674
-10823
-10733
-9712
-8217
-6788
-5177
-3276
-1349
-46
979
2396
3627
4050
3965
4093
4384
4192
3872
4031
4152
3794
3520
3816
4159
3914
3262
2776
2267
1321
206
-895
-2018
-3438
-4908
-5746
-6112
-6552
-7034
-6844
-6041
-5155
-4205
-2928
-1501
-578
262
1376
2313
2791
2786
2755
2796
2687
2445
2214
2071
1850
1576
1574
1907
2011
1726
1556
1541
1371
966
552
173
-481
-1225
-1638
-1885
-2153
-2434
-2534
-2261
-1825
-1299
-645
109
884
1533
2185
2964
3577
3799
3919
4094
4196
4101
3925
3893
3723
3378
3170
3143
3129
2921
2733
2857
2990
2902
2853
2895
2615
1633
572
-229
-1571
-3444
-5063
-6320
-7829
-9293
-9827
-9764
-9861
-9770
-8738
-7280
-5993
-4631
-2931
-1203
-39
901
2076
3126
3511
3435
3615
3936
3779
3384
3448
3692
3469
3198
3492
3825
3491
2803
2434
2080
1140
-11
-932
-1870
-3209
-4502
-5169
-5504
-5930
-6296
-5993
-5212
-4503
-3702
-2541
-1239
-368
268
1174
2024
2325
2295
2408
2508
2251
1915
1813
1738
1492
1294
1374
1556
1575
1445
1416
1483
1346
993
642
362
-114
-735
-1112
-1311
-1602
-1928
-1945
-1676
-1399
-1095
-557
131
740
1320
1963
2639
3106
3361
3617
3833
3905
3808
3685
3620
3504
3275
3079
2961
2808
2681
2573
2510
2559
2538
2427
2372
2379
2228
1461
461
-311
-1510
-3171
-4564
-5635
-6972
-8416
-9024
-8893
-8915
-8898
-8048
-6826
-5769
-4581
-3060
-1439
-369
364
1362
2379
2867
2868
2953
3186
3128
2815
2920
3259
3096
2773
2875
3216
3136
2640
2314
1998
1256
306
-488
-1254
-2314
-3480
-4230
-4537
-4831
-5212
-5184
-4681
-4104
-3531
-2717
-1656
-958
-566
73
829
1236
1249
1304
1425
1364
1200
1198
1271
1190
1140
1238
1516
1797
1834
1814
1854
1831
1610
1231
904
500
-118
-635
-911
-1143
-1437
-1663
-1603
-1338
-1053
-667
-113
484
1021
1496
2026
2565
2847
2968
3134
3272
3285
3180
3131
3195
3141
3021
3009
3027
3015
2898
2823
2929
2963
2868
2782
2786
2604
1838
897
117
-996
-2570
-3978
-5027
-6307
-7677
-8350
-8373
-8487
-8577
-7924
-6858
-5898
-4886
-3526
-2056
-1025
-231
751
1785
2317
2368
2570
2901
2937
2723
2818
3136
3029
2776
2925
3281
3236
2792
2505
2276
1693
835
97
-578
-1592
-2717
-3509
-3919
-4348
-4911
-5039
-4716
-4308
-3904
-3245
-2312
-1623
-1156
-510
314
815
927
1101
1345
1463
1406
1430
1561
1536
1480
1588
1878
2120
2139
2120
2172
2156
1938
1612
1279
868
343
-192
-554
-854
-1232
-1537
-1609
-1430
-1248
-1084
-697
-186
277
716
1248
1763
2070
2285
2589
2900
3045
3091
3130
3175
3235
3232
3164
3084
2956
2799
2645
2528
2501
2395
2189
2091
2127
2039
1518
792
164
-701
-1986
-3179
-4128
-5323
-6687
-7564
-7818
-8023
-8341
-8126
-7333
-6528
-5708
-4535
-3053
-1883
-1114
-119
1066
1832
2066
2313
2730
2886
2725
2745
3040
3053
2806
2853
3192
3306
3001
2732
2627
2256
1533
817
194
-683
-1819
-2753
-3310
-3841
-4521
-4919
-4865
-4662
-4404
-3912
-3138
-2425
-1909
-1300
-524
136
492
744
1055
1328
1395
1423
1611
1722
1681
1697
1926
2168
2198
2194
2263
2277
2112
1840
1533
1144
611
36
-361
-660
-1053
-1464
-1660
-1609
-1520
-1375
-1054
-631
-250
141
709
1311
1750
2058
2389
2810
3118
3291
3413
3467
3462
3405
3367
3284
3094
2834
2590
2468
2419
2366
2247
2175
2218
2262
2213
1870
1287
563
-399
-1517
-2658
-3770
-5068
-6437
-7334
-7738
-8055
-8280
-7988
-7289
-6535
-5601
-4300
-2884
-1837
-978
100
1162
1825
2101
2407
2727
2763
2737
2884
3071
2971
2788
2946
3248
3308
3078
2885
2681
2221
1599
964
263
-767
-1911
-2794
-3431
-4052
-4714
-5086
-5092
-4910
-4575
-4002
-3221
-2519
-1939
-1214
-339
355
717
1020
1393
1626
1696
1788
1925
1903
1791
1863
2061
2181
2145
2070
2036
1989
1850
1574
1250
860
346
-151
-503
-807
-1220
-1598
-1740
-1671
-1558
-1420
-1157
-796
-418
17
581
1159
1584
1887
2249
2658
2954
3087
3137
3192
3171
3139
3163
3123
2967
2738
2608
2567
2514
2445
2378
2308
2250
2252
2206
1862
1208
469
-390
-1467
-2635
-3781
-5006
-6281
-7253
-7712
-7936
-8128
-8002
-7424
-6614
-5709
-4600
-3314
-2181
-1290
-345
739
1599
2011
2258
2610
2856
2864
2948
3201
3288
3142
3183
3495
3615
3352
3035
2759
2293
1589
819
93
-823
-1929
-2838
-3428
-3939
-4544
-4942
-4907
-4673
-4365
-3823
-3095
-2408
-1815
-1180
-403
277
669
915
1184
1485
1669
1691
1775
1900
1832
1768
1934
2154
2120
1953
1962
1979
1790
1514
1274
915
418
-55
-417
-714
-1086
-1460
-1662
-1627
-1503
-1382
-1149
-814
-458
-107
358
884
1298
1609
1925
2337
2701
2887
3019
3172
3264
3266
3297
3392
3321
3079
2924
2873
2741
2501
2351
2253
2097
1978
1976
1905
1461
830
219
-519
-1500
-2589
-3590
-4663
-5794
-6613
-7028
-7313
-7571
-7482
-6948
-6225
-5417
-4388
-3166
-2069
-1134
-83
1024
1807
2219
2574
2926
3071
3045
3056
3110
2983
2798
2809
2866
2774
2494
2181
1918
1533
996
406
-218
-963
-1802
-2530
-3066
-3584
-4140
-4484
-4517
-4373
-4104
-3663
-3060
-2442
-1851
-1181
-498
56
447
728
1026
1325
1468
1505
1565
1606
1592
1611
1722
1823
1794
1757
1831
1894
1835
1662
1436
1158
773
387
36
-345
-747
-1110
-1331
-1411
-1423
-1385
-1237
-987
-667
-292
145
620
1043
1433
1839
2247
2591
2819
2975
3104
3207
3220
3178
3136
3023
2814
2627
2535
2421
2200
2015
1947
1884
1812
1811
1749
1408
886
308
-399
-1294
-2332
-3385
-4480
-5545
-6379
-6908
-7225
-7411
-7303
-6826
-6112
-5268
-4251
-3089
-2005
-1036
-56
921
1611
1966
2233
2450
2532
2461
2400
2405
2299
2183
2234
2402
2474
2347
2211
2112
1863
1422
923
369
-328
-1136
-1871
-2418
-2964
-3562
-3948
-4026
-3927
-3734
-3358
-2803
-2244
-1727
-1161
-526
-34
257
496
762
983
1059
1133
1257
1313
1333
1444
1669
1810
1864
1976
2084
2101
2061
1967
1729
1360
972
572
122
-325
-735
-1113
-1406
-1526
-1512
-1447
-1299
-1031
-689
-310
125
578
996
1372
1748
2124
2392
2588
2743
2853
2934
3001
3072
3059
2988
2913
2830
2734
2613
2456
2274
2122
1987
1886
1788
1611
1271
771
234
-424
-1246
-2155
-3068
-3996
-4921
-5645
-6127
-6468
-6676
-6601
-6234
-5694
-5004
-4179
-3241
-2317
-1445
-570
275
961
1432
1787
2109
2320
2389
2451
2512
2506
2453
2466
2520
2485
2352
2156
1940
1645
1248
781
250
-317
-948
-1575
-2130
-2607
-3065
-3453
-3639
-3631
-3499
-3276
-2911
-2456
-2009
-1570
-1065
-584
-258
5
287
549
730
862
1012
1156
1248
1358
1540
1704
1793
1826
1885
1935
1886
1749
1565
1311
981
642
285
-82
-458
-800
-1065
-1254
-1322
-1332
-1280
-1122
-862
-541
-196
192
590
994
1392
1790
2173
2475
2680
2842
2998
3100
3133
3086
3024
2937
2781
2634
2493
2320
2122
1937
1805
1710
1576
1367
1063
685
198
-459
-1181
-1973
-2863
-3788
-4629
-5299
-5845
-6241
-6410
-6301
-5988
-5490
-4805
-3992
-3102
-2236
-1363
-484
308
922
1382
1776
2048
2179
2232
2294
2283
2192
2149
2174
2200
2163
2114
2061
1928
1702
1430
1100
666
127
-463
-1016
-1554
-2099
-2597
-2952
-3177
-3303
-3260
-3045
-2729
-2381
-1949
-1449
-975
-560
-221
79
327
506
627
742
847
920
1007
1148
1331
1448
1536
1676
1803
1856
1838
1781
1641
1372
1063
751
368
-72
-511
-859
-1127
-1353
-1468
-1456
-1349
-1170
-868
-477
-65
351
758
1220
1653
2004
2300
2523
2687
2767
2815
2850
2804
2683
2561
2454
2340
2212
2064
1926
1809
1693
1613
1559
1458
1295
1002
643
233
-368
-1075
-1824
-2597
-3413
-4173
-4730
-5173
-5522
-5671
-5549
-5252
-4834
-4252
-3548
-2778
-2036
-1280
-540
76
572
958
1272
1513
1645
1692
1743
1774
1762
1804
1891
1966
1978
1958
1946
1869
1695
1451
1110
701
240
-253
-744
-1260
-1769
-2230
-2560
-2771
-2895
-2895
-2792
-2575
-2302
-1955
-1560
-1206
-902
-621
-325
-70
138
315
477
624
747
912
1097
1234
1337
1430
1515
1586
1587
1532
1447
1278
1052
822
583
293
-35
-323
-530
-691
-819
-858
-821
-740
-610
-387
-88
190
450
753
1104
1420
1693
1944
2164
2322
2427
2518
2575
2559
2466
2349
2237
2117
1951
1766
1612
1459
1335
1256
1214
1181
1130
1025
828
592
241
-297
-907
-1531
-2214
-2964
-3635
-4157
-4603
-4962
-5088
-4986
-4806
-4502
-3998
-3364
-2702
-2047
-1370
-700
-151
275
649
953
1129
1197
1255
1314
1326
1318
1370
1471
1547
1619
1696
1753
1744
1644
1494
1268
955
560
107
-367
-867
-1354
-1775
-2107
-2345
-2483
-2522
-2448
-2276
-2043
-1759
-1463
-1173
-898
-636
-387
-172
3
136
240
355
476
577
689
826
968
1108
1266
1422
1550
1622
1619
1576
1486
1318
1072
795
518
233
-45
-274
-439
-562
-629
-606
-472
-289
-78
193
502
839
1159
1447
1693
1871
1975
2027
2048
2019
1940
1816
1709
1626
1543
1485
1458
1470
1500
1549
1633
1731
1798
1771
1625
1399
1051
501
-146
-846
-1635
-2467
-3231
-3857
-4404
-4843
-5059
-5067
-4929
-4637
-4184
-3622
-3021
-2408
-1766
-1138
-610
-192
170
466
668
808
934
1073
1173
1271
1430
1613
1763
1879
2008
2108
2108
2014
1868
1623
1248
832
392
-86
-580
-1051
-1465
-1778
-2015
-2185
-2247
-2204
-2116
-2012
-1838
-1641
-1480
-1351
-1210
-1050
-930
-822
-673
-497
-328
-113
147
414
695
966
1252
1516
1717
1859
1929
1947
1882
1732
1533
1279
969
642
356
117
-104
-275
-384
-430
-423
-372
-271
-149
-7
145
315
526
728
907
1073
1240
1378
1470
1583
1700
1750
1773
1818
1854
1857
1842
1849
1863
1845
1842
1857
1848
1771
1603
1397
1135
731
202
-367
-975
-1670
-2379
-2971
-3492
-4019
-4421
-4595
-4630
-4590
-4386
-4013
-3572
-3103
-2561
-1956
-1394
-899
-459
-48
308
566
769
949
1110
1214
1317
1463
1600
1697
1771
1853
1913
1902
1840
1734
1555
1291
970
617
225
-208
-648
-1057
-1421
-1737
-1991
-2182
-2292
-2339
-2339
-2255
-2125
-1971
-1791
-1558
-1291
-1033
-755
-475
-203
63
325
577
799
1027
1236
1394
1537
1661
1738
1767
1776
1768
1687
1551
1400
1211
977
717
469
230
-2
-217
-396
-504
-564
-577
-530
-406
-237
-51
209
511
796
1060
1321
1550
1705
1834
1922
1942
1906
1851
1779
1699
1642
1602
1573
1569
1613
1676
1721
1712
1639
1490
1232
863
394
-164
-823
-1559
-2267
-2903
-3509
-4049
-4413
-4603
-4668
-4583
-4308
-3904
-3460
-2953
-2355
-1744
-1199
-728
-301
65
327
513
670
797
889
952
1072
1251
1405
1547
1724
1888
1981
2039
2035
1937
1734
1434
1079
649
171
-328
-834
-1299
-1702
-2047
-2313
-2470
-2544
-2548
-2463
-2312
-2117
-1892
-1649
-1393
-1148
-900
-662
-449
-223
-7
208
439
678
915
1146
1376
1597
1767
1878
1974
2007
1963
1866
1716
1513
1247
974
697
398
118
-139
-340
-491
-594
-628
-600
-508
-364
-180
45
297
539
751
972
1186
1336
1449
1554
1622
1647
1645
1646
1658
1644
1641
1684
1723
1762
1811
1855
1880
1824
1698
1502
1196
775
257
-294
-916
-1606
-2264
-2856
-3395
-3867
-4168
-4303
-4357
-4296
-4061
-3723
-3343
-2885
-2360
-1839
-1352
-891
-451
-73
223
471
689
885
1049
1180
1340
1509
1650
1775
1893
1972
1985
1957
1881
1717
1478
1182
828
431
1
-425
-831
-1214
-1554
-1842
-2057
-2201
-2291
-2324
-2290
-2198
-2078
-1916
-1698
-1455
-1208
-962
-689
-401
-125
142
416
683
929
1156
1375
1572
1717
1811
1870
1891
1852
1761
1628
1449
1252
1048
824
601
388
176
-25
-188
-326
-437
-517
-553
-524
-449
-329
-162
36
259
484
720
958
1168
1360
1525
1657
1758
1830
1879
1884
1882
1876
1850
1822
1803
1779
1716
1612
1474
1288
1020
672
263
-223
-763
-1338
-1918
-2481
-3012
-3469
-3816
-4036
-4144
-4133
-3988
-3720
-3381
-2975
-2486
-1986
-1506
-1046
-594
-186
142
409
638
832
956
1071
1200
1304
1388
1464
1554
1638
1681
1679
1653
1572
1402
1180
924
627
259
-139
-509
-861
-1211
-1539
-1795
-1986
-2137
-2228
-2237
-2172
-2074
-1939
-1727
-1466
-1219
-961
-671
-383
-114
155
421
661
873
1062
1242
1408
1530
1602
1666
1704
1683
1636
1559
1452
1301
1132
964
772
575
366
161
-27
-209
-361
-478
-540
-547
-517
-418
-254
-41
184
423
678
925
1143
1322
1469
1582
1656
1705
1732
1736
1718
1682
1655
1632
1588
1529
1460
1354
1184
978
732
407
13
-429
-903
-1401
-1907
-2381
-2811
-3179
-3451
-3613
-3659
-3598
-3448
-3201
-2878
-2509
-2098
-1673
-1270
-897
-556
-237
46
271
457
622
767
904
1039
1162
1279
1367
1442
1516
1536
1515
1448
1339
1186
961
721
466
160
-163
-458
-724
-984
-1219
-1391
-1510
-1613
-1669
-1659
-1609
-1555
-1472
-1329
-1163
-998
-821
-609
-391
-186
29
263
493
691
872
1058
1216
1315
1394
1452
1461
1425
1369
1292
1168
1028
894
746
590
442
313
189
69
-27
-101
-160
-190
-182
-143
-68
41
179
347
531
707
882
1051
1203
1330
1422
1499
1546
1560
1562
1538
1492
1422
1338
1248
1145
1030
883
710
523
303
41
-249
-564
-908
-1267
-1612
-1941
-2244
-2511
-2733
-2886
-2960
-2951
-2874
-2745
-2541
-2290
-2009
-1690
-1352
-1031
-741
-458
-188
40
230
405
559
685
792
886
979
1036
1068
1106
1114
1102
1053
978
900
772
609
434
249
42
-199
-414
-611
-821
-1012
-1152
-1253
-1343
-1394
-1386
-1345
-1274
-1165
-1017
-851
-683
-488
-273
-74
103
278
452
600
728
836
921
991
1029
1061
1101
1102
1086
1077
1051
999
937
873
786
676
581
485
376
273
181
107
35
2
12
41
99
196
319
464
624
778
910
1024
1127
1200
1238
1265
1254
1225
1173
1096
1018
918
801
673
532
396
244
71
-119
-326
-542
-765
-995
-1245
-1500
-1734
-1941
-2124
-2280
-2378
-2413
-2410
-2349
-2220
-2041
-1828
-1591
-1334
-1068
-789
-519
-275
-39
174
340
491
644
752
816
872
921
942
928
912
880
822
746
663
588
482
361
242
121
-22
-185
-338
-472
-597
-740
-859
-922
-981
-1025
-1033
-994
-928
-851
-727
-581
-434
-276
-109
67
233
375
502
622
725
802
866
929
977
1000
1024
1046
1050
1044
1021
995
953
891
822
746
664
568
480
395
311
246
189
153
149
161
187
240
310
393
486
572
649
714
756
790
798
780
752
703
637
556
468
356
230
101
-39
-187
-339
-494
-662
-830
-980
-1120
-1265
-1396
-1511
-1620
-1699
-1751
-1788
-1797
-1776
-1731
-1656
-1550
-1419
-1267
-1109
-944
-763
-583
-404
-227
-69
73
216
355
464
553
625
676
706
711
687
641
582
511
420
332
253
171
103
42
-17
-59
-92
-117
-138
-162
-176
-183
-182
-184
-188
-170
-159
-138
-91
-47
7
66
137
217
299
375
449
530
584
618
650
679
680
664
652
635
612
580
549
534
518
500
509
528
539
563
591
615
635
649
661
661
643
623
607
592
560
523
486
459
417
346
285
210
107
-10
-139
-286
-454
-613
-782
-957
-1117
-1270
-1405
-1513
-1593
-1654
-1683
-1686
-1664
-1606
-1519
-1418
-1319
-1189
-1045
-904
-760
-617
-466
-325
-185
-35
112
236
358
486
596
689
767
821
849
844
823
790
729
651
555
451
353
245
136
38
-64
-153
-215
-262
-299
-321
-327
-323
-299
-257
-215
-159
-103
-54
-1
47
94
141
178
212
272
323
358
405
457
504
537
570
607
631
637
635
634
624
596
563
526
487
445
412
394
393
388
395
430
459
494
534
568
594
594
588
569
523
453
367
268
155
35
-91
-211
-320
-425
-523
-611
-676
-743
-814
-869
-926
-986
-1043
-1100
-1157
-1209
-1249
-1278
-1292
-1291
-1264
-1215
-1146
-1056
-950
-829
-703
-557
-410
-266
-116
7
113
219
309
375
432
480
506
527
534
538
537
523
504
485
468
437
392
346
296
250
198
156
124
79
49
36
19
-1
-6
-1
6
10
15
33
47
58
66
78
104
119
134
160
176
194
214
237
261
283
309
342
377
401
425
458
487
511
530
555
581
590
597
610
615
608
602
588
563
527
487
441
380
318
244
157
64
-48
-167
-281
-404
-536
-671
-791
-906
-1001
-1071
-1146
-1186
-1203
-1209
-1178
-1143
-1092
-1020
-945
-859
-771
-696
-621
-542
-464
-386
-310
-232
-149
-75
6
87
155
220
276
323
367
388
402
406
393
377
350
312
272
237
200
173
148
122
108
98
104
108
107
122
135
149
174
191
213
238
262
287
313
349
381
409
438
471
495
506
512
510
501
480
447
413
371
331
288
246
218
193
166
153
155
152
151
156
159
160
159
157
142
127
99
60
23
-27
-80
-126
-174
-222
-276
-332
-378
-426
-481
-526
-564
-612
-662
-707
-746
-785
-812
-823
-836
-836
-814
-776
-728
-678
-614
-534
-447
-363
-275
-182
-92
-7
69
153
223
273
326
367
400
419
428
446
444
426
413
391
356
316
273
224
170
99
26
-43
-126
-211
-282
-337
-390
-433
-456
-465
-456
-441
-399
-332
-261
-178
-83
28
140
244
355
461
566
668
774
869
945
1024
1087
1146
1201
1224
1247
1251
1232
1209
1149
1078
987
866
738
587
413
230
31
-177
-377
-568
-753
-920
-1066
-1197
-1309
-1388
-1440
-1475
-1495
-1491
-1456
-1406
-1345
-1269
-1172
-1058
-946
-820
-692
-556
-417
-285
-144
-3
129
257
377
484
573
658
730
778
804
820
825
796
768
728
667
611
542
477
416
343
262
190
115
39
-20
-84
-138
-184
-230
-258
-287
-315
-332
-336
-331
-327
-311
-292
-270
-234
-211
-186
-155
-127
-94
-79
-55
-26
-9
12
31
52
72
101
124
150
186
203
222
244
259
285
304
318
338
364
381
386
396
403
407
408
396
380
357
328
284
228
166
96
28
-45
-115
-193
-262
-324
-393
-443
-492
-536
-563
-592
-606
-615
-619
-605
-597
-570
-532
-497
-456
-402
-343
-277
-209
-144
-64
17
77
141
212
280
332
373
410
443
467
468
473
476
457
424
382
342
305
252
194
145
91
43
-4
-50
-89
-121
-140
-156
-154
-151
-146
-137
-117
-96
-80
-57
-41
-15
8
31
62
83
104
112
125
147
151
155
153
142
134
117
96
71
44
12
-27
-63
-101
-145
-182
-219
-256
-282
-297
-317
-325
-316
-311
-299
-271
-236
-199
-158
-120
-72
-25
22
59
92
131
143
155
169
176
178
163
169
182
179
178
174
176
184
178
177
177
168
147
124
107
75
44
14
-24
-47
-75
-93
-103
-109
-104
-101
-88
-74
-62
-45
-29
-20
-12
2
0
-1
11
14
16
20
25
33
42
48
59
71
84
89
86
88
80
61
48
31
14
-9
-33
-48
-60
-70
-75
-76
-67
-61
-57
-46
-40
-36
-42
-43
-32
-41
-47
-43
-44
-44
-61
-74
-74
-83
-91
-96
-101
-103
-107
-113
-116
-126
-134
-134
-136
-139
-151
-163
-163
-160
-160
-155
-146
-136
-111
-82
-60
-25
12
50
79
111
146
165
188
207
215
220
215
206
199
188
172
149
135
122
109
110
106
97
96
99
102
104
96
89
84
79
72
57
49
43
24
15
11
4
6
4
2
10
12
10
5
6
4
5
2
-10
-16
-21
-27
-34
-39
-37
-44
-53
-62
-67
-66
-71
-77
-81
-86
-91
-90
-90
-91
-86
-79
-72
-66
-57
-45
-35
-24
-19
-10
2
5
7
0
-5
-3
-4
-9
-14
-12
-18
-23
-16
-21
-24
-28
-38
-35
-30
-35
-36
-34
-32
-31
-32
-33
-34
-30
-27
-22
-13
-5
0
1
9
13
21
22
18
25
28
28
26
22
29
29
25
29
32
27
26
25
20
24
20
15
16
14
8
-1
11
17
19
28
33
43
45
49
51
54
57
46
39
39
27
17
5
-15
-27
-41
-56
-61
-67
-70
-67
-66
-62
-59
-59
-62
-67
-62
-62
-71
-68
-67
-69
-65
-66
-56
-43
-39
-20
-2
10
23
37
59
75
92
105
123
137
132
133
133
138
136
135
146
146
143
141
131
116
107
93
69
51
26
3
-17
-52
-70
-87
-108
-111
-129
-139
-139
-145
-140
-129
-120
-120
-111
-101
-99
-87
-79
-72
-52
-38
-28
-14
-3
8
15
14
19
25
25
26
19
19
16
7
0
-14
-19
-26
-32
-33
-41
-36
-29
-37
-33
-24
-24
-15
-4
-1
16
31
30
43
57
59
64
65
64
59
53
44
33
29
22
7
-2
-13
-27
-28
-35
-38
-41
-50
