-6
-2
4
-9
-11
-11
-18
-15
-15
-5
9
6
17
17
14
24
20
21
23
21
23
21
18
15
10
6
-1
-6
-8
-13
-17
-15
-17
-18
-14
-6
1
4
5
10
16
13
21
21
10
10
14
6
11
12
-4
-4
-2
-13
-17
-16
-20
-26
-26
-21
-14
-12
-11
-5
2
2
3
9
11
2
3
9
2
4
5
-9
-8
-5
-7
-2
-4
-6
-5
-9
0
5
5
13
15
19
16
22
29
20
24
24
23
27
25
21
16
5
3
2
-15
-15
-10
-17
-13
-7
-6
-6
-4
2
5
9
9
11
10
11
21
13
3
5
5
1
-8
-6
-7
-21
-15
-13
-19
-9
-19
-22
-12
-10
-5
-5
-1
0
-3
5
5
7
1
-2
8
3
-1
0
-3
-8
-17
-16
-10
-13
-17
-12
-10
-7
-6
-8
1
3
10
19
15
8
2
8
14
13
0
1
9
-3
-9
-7
-8
-8
-5
-2
2
4
5
4
4
7
6
16
12
8
13
5
11
11
0
-2
1
-5
-14
-9
-10
-15
-18
-12
-6
-6
-3
1
4
4
2
4
7
7
7
8
6
4
3
-1
-10
-11
-9
-10
-12
-9
-1
2
-1
-2
0
0
-2
-1
-1
0
13
15
7
5
14
17
15
11
8
8
5
-3
-9
-8
-9
-17
-13
-7
-3
-2
-3
-6
-4
3
0
6
11
8
4
10
15
10
9
5
-2
-7
-7
-9
-10
-10
-13
-18
-10
-7
-13
-11
-7
-2
-6
-7
3
1
0
3
6
9
2
-7
-6
0
1
5
3
1
4
1
0
3
5
5
12
12
7
16
13
8
16
13
8
8
14
16
7
6
5
-1
-4
6
6
-1
2
4
-4
-4
3
5
7
10
4
4
2
-3
7
8
3
2
-3
0
-7
-8
-2
-5
-2
-11
-12
-4
-10
-5
-2
0
1
0
-1
-8
-9
-14
-20
-16
-19
-22
-18
-21
-25
-22
-27
-22
-10
-8
-8
-3
7
7
8
9
14
17
12
9
9
8
3
-5
-6
-7
-13
-12
-14
-20
-17
-13
-5
2
6
12
12
11
15
15
12
10
7
3
1
0
-5
-9
-7
-7
-11
-16
-12
-7
-10
-9
1
1
-2
4
10
14
15
16
15
15
14
16
16
5
-1
-5
-10
-7
-11
-13
-22
-19
-19
-27
-21
-15
-2
2
-3
6
8
14
18
17
14
4
13
4
-8
1
-13
-24
-23
-23
-18
-18
-18
-16
-8
-3
-3
8
11
14
31
33
25
22
19
12
6
4
-6
-15
-20
-18
-19
-21
-19
-20
-19
-16
-12
-7
5
10
8
15
19
11
13
20
14
10
11
11
13
10
2
-3
1
-4
-13
-9
-12
-13
-14
-10
6
5
8
22
33
42
45
44
51
48
40
38
32
21
8
-1
-7
-17
-18
-14
-10
-11
-4
11
15
19
23
19
16
11
10
9
2
-1
-5
-14
-21
-27
-31
-38
-40
-39
-34
-33
-30
-18
-14
-2
5
16
28
22
22
26
30
22
9
0
-12
-22
-30
-29
-31
-40
-39
-41
-48
-55
-59
-58
-62
-69
-74
-76
-63
-53
-40
-19
4
23
25
36
52
51
49
52
43
37
26
19
13
1
11
11
6
20
25
32
33
36
47
50
52
60
53
46
51
46
46
46
42
34
32
22
3
3
4
-8
-16
-18
-17
-24
-25
-20
-11
-1
6
9
21
25
22
21
15
12
8
2
5
2
-3
-11
-19
-18
-23
-35
-43
-53
-49
-43
-37
-17
3
27
60
79
90
91
77
33
-24
-77
-171
-252
-305
-372
-398
-394
-373
-318
-248
-167
-84
-5
59
114
165
189
208
221
226
225
238
252
249
262
254
232
221
177
135
82
14
-30
-79
-111
-112
-113
-85
-46
-2
61
122
177
226
269
301
325
345
352
352
344
322
271
190
102
-3
-140
-273
-393
-515
-610
-658
-674
-663
-613
-530
-431
-325
-211
-93
2
82
161
208
234
262
280
281
280
263
230
188
134
73
-7
-106
-205
-298
-382
-447
-486
-492
-464
-402
-315
-212
-99
13
118
211
273
310
347
356
333
318
302
284
254
218
193
153
104
52
-13
-69
-138
-191
-217
-245
-241
-209
-181
-123
-41
30
108
182
239
290
322
340
340
326
305
272
237
201
164
113
63
24
-25
-80
-140
-196
-244
-289
-316
-331
-335
-320
-291
-243
-181
-124
-58
14
74
122
162
191
185
169
146
95
24
-51
-123
-217
-307
-358
-394
-433
-429
-389
-338
-273
-195
-101
-4
74
151
228
268
298
331
337
329
320
303
280
247
227
197
170
149
116
99
82
74
89
103
126
154
182
206
241
258
265
285
286
267
248
230
197
148
103
77
51
15
1
16
11
12
60
96
102
110
124
101
25
-42
-107
-237
-387
-472
-546
-668
-744
-731
-730
-728
-657
-552
-484
-420
-301
-202
-157
-96
-16
18
30
95
165
191
230
295
315
288
262
213
119
7
-104
-212
-327
-405
-431
-431
-412
-366
-302
-250
-202
-168
-158
-176
-198
-206
-229
-240
-206
-158
-97
-16
83
176
230
280
336
345
312
303
302
264
233
257
291
300
350
444
509
543
603
668
666
646
660
639
581
541
508
475
432
395
387
400
415
435
519
654
744
842
1022
1155
1135
1087
1041
736
183
-264
-710
-1429
-2085
-2411
-2729
-3128
-3149
-2781
-2566
-2378
-1775
-1133
-865
-541
55
367
355
597
974
1004
961
1255
1502
1408
1404
1578
1468
1070
800
544
-33
-649
-1036
-1408
-1850
-2089
-2039
-1941
-1800
-1443
-966
-540
-160
244
609
840
948
1051
1149
1137
1097
1142
1218
1202
1157
1215
1228
1051
866
734
449
26
-293
-541
-902
-1218
-1286
-1275
-1322
-1205
-862
-580
-377
-46
301
434
471
578
573
357
172
84
-89
-290
-341
-314
-339
-323
-171
-65
-70
-28
40
-8
-123
-143
-155
-257
-269
-148
-52
40
243
493
642
748
916
1000
922
856
816
671
485
407
368
277
270
381
470
520
650
805
830
819
856
820
678
556
486
363
211
187
223
229
288
432
592
659
691
732
669
417
60
-286
-707
-1254
-1735
-2062
-2368
-2652
-2713
-2562
-2421
-2257
-1900
-1492
-1243
-1019
-664
-386
-294
-143
125
302
405
641
913
1046
1147
1297
1360
1222
997
767
417
-42
-450
-810
-1178
-1492
-1648
-1652
-1611
-1506
-1268
-974
-712
-440
-133
107
217
278
347
342
238
138
49
-96
-214
-233
-219
-219
-222
-178
-107
-55
-27
-20
-33
-80
-121
-98
-49
-8
52
167
335
507
664
835
955
989
1034
1095
1094
1060
1040
1051
1103
1211
1403
1623
1833
2039
2237
2418
2489
2416
2296
2136
1863
1581
1501
1457
1252
1214
1447
1484
1241
1139
1003
160
-1009
-1693
-2519
-4017
-5133
-5437
-5894
-6516
-6101
-4916
-4316
-3784
-2245
-723
-198
420
1618
2094
1733
1882
2444
2253
1764
1997
2323
2063
1920
2220
2171
1560
1032
627
-156
-1192
-2036
-2795
-3592
-4138
-4279
-4141
-3825
-3305
-2550
-1619
-684
117
835
1438
1778
1929
2091
2186
2038
1872
1945
2012
1939
2009
2172
2035
1640
1360
982
102
-928
-1740
-2625
-3644
-4260
-4396
-4511
-4460
-3769
-2754
-1913
-985
212
1133
1607
2104
2577
2560
2242
2082
1897
1486
1235
1300
1300
1188
1351
1669
1729
1705
1815
1743
1393
1131
1031
780
476
466
603
672
906
1394
1795
2042
2407
2734
2810
2849
2937
2790
2476
2357
2131
1533
1068
773
-127
-1459
-2220
-2864
-4281
-5513
-5753
-6115
-7025
-7022
-5913
-5380
-5278
-4068
-2398
-1705
-1130
367
1545
1652
1975
2941
3363
3104
3212
3545
3329
2916
2805
2610
1985
1232
533
-222
-1018
-1848
-2736
-3492
-3998
-4408
-4643
-4481
-4142
-3816
-3254
-2358
-1440
-691
58
800
1366
1812
2223
2511
2613
2589
2486
2348
2169
1846
1327
789
358
-150
-731
-1183
-1573
-2034
-2399
-2461
-2359
-2345
-2257
-1860
-1353
-937
-423
259
779
1058
1441
1951
2229
2294
2460
2619
2585
2584
2743
2805
2680
2633
2677
2604
2497
2476
2360
2116
1972
1901
1763
1628
1563
1446
1293
1233
1224
1246
1338
1404
1433
1608
1807
1657
1318
1044
308
-1106
-2314
-3130
-4474
-6071
-6762
-6926
-7480
-7635
-6532
-5372
-4928
-3986
-2232
-1009
-490
435
1524
1797
1741
2197
2690
2666
2600
2784
2934
2995
3006
2858
2537
2078
1322
347
-460
-1266
-2486
-3709
-4319
-4622
-5026
-5043
-4425
-3777
-3248
-2323
-1054
-109
402
926
1481
1719
1691
1749
1762
1467
1097
986
1043
936
709
629
619
484
324
247
54
-405
-907
-1219
-1401
-1617
-1824
-1788
-1524
-1195
-730
-39
659
1095
1448
1953
2393
2511
2490
2524
2453
2259
2227
2402
2434
2297
2388
2696
2895
2984
3097
3104
2864
2618
2528
2331
1867
1324
917
746
782
879
1038
1377
1795
2056
2287
2556
2133
599
-1168
-2409
-3841
-5877
-7431
-8148
-8943
-9625
-8876
-7059
-5876
-5176
-3636
-1609
-312
515
1607
2346
2115
1766
2146
2699
2645
2278
2314
2759
3153
3359
3498
3367
2675
1641
767
38
-1146
-2935
-4648
-5629
-6019
-6271
-6226
-5593
-4743
-3907
-2572
-677
780
1263
1550
2148
2422
2193
2003
1705
881
140
207
561
545
484
671
833
984
1337
1521
1050
246
-315
-661
-1035
-1395
-1687
-1936
-1919
-1367
-473
327
897
1347
1792
2335
2858
3030
2759
2328
2027
1903
1921
2047
2066
1928
2047
2629
3252
3548
3603
3531
3290
3066
3019
2761
1983
1098
606
469
515
735
1015
1212
1522
2075
2502
2343
1254
-631
-2611
-4264
-5891
-7701
-9144
-9998
-10577
-10353
-8739
-6636
-5195
-3938
-1951
104
1457
2537
3448
3503
2868
2645
2977
3069
2696
2321
2339
2700
3187
3517
3503
3097
2169
1025
158
-736
-2330
-4348
-5801
-6525
-6932
-6876
-6207
-5397
-4590
-3268
-1381
336
1420
2047
2420
2578
2633
2573
2154
1369
567
139
148
300
425
533
655
881
1277
1666
1618
1007
243
-334
-798
-1256
-1673
-2028
-2269
-2168
-1568
-664
172
766
1280
1935
2647
3131
3268
3137
2819
2475
2383
2525
2562
2458
2479
2728
3115
3546
3838
3718
3271
2865
2560
2156
1588
985
465
120
80
452
1113
1681
2028
2527
3167
3144
2178
925
-483
-2524
-4814
-6446
-7728
-9343
-10555
-10440
-9533
-8618
-7373
-5512
-3667
-2199
-699
895
2003
2339
2290
2343
2476
2400
2193
2211
2471
2672
2909
3467
3973
3820
3171
2570
1866
629
-949
-2478
-3962
-5441
-6509
-6837
-6714
-6467
-5843
-4605
-3119
-1739
-422
785
1552
1873
2111
2182
1775
1089
516
82
-246
-289
-42
267
622
1148
1788
2342
2611
2508
2139
1626
970
191
-568
-1230
-1856
-2272
-2216
-1781
-1261
-680
97
962
1728
2378
2912
3169
3116
2982
2911
2809
2627
2518
2565
2724
3045
3567
4079
4365
4515
4645
4618
4318
3858
3310
2684
2108
1621
1231
1112
1203
1273
1462
1844
1669
371
-1186
-2364
-4042
-6402
-8214
-9358
-10855
-12212
-11930
-10446
-9317
-8250
-6135
-3537
-1517
265
2319
3989
4521
4421
4612
4937
4634
3754
3183
3169
2980
2509
2535
2881
2465
1410
785
456
-668
-2446
-3858
-4946
-6252
-7351
-7580
-7319
-7105
-6532
-5141
-3334
-1686
-153
1417
2718
3480
3838
3945
3568
2638
1643
886
193
-478
-851
-805
-552
-152
538
1323
1789
1887
1882
1806
1365
567
-203
-887
-1649
-2256
-2377
-2091
-1686
-1109
-156
1004
2072
2970
3742
4286
4476
4428
4257
3923
3430
2940
2604
2453
2493
2687
2947
3217
3574
3967
4185
4151
3910
3573
3220
2754
2178
1745
1515
1243
1054
1326
1594
804
-750
-1832
-2822
-4718
-6763
-7984
-9188
-11021
-12031
-11219
-10026
-9499
-8468
-6207
-3875
-2119
-173
2148
3752
4114
4320
5138
5656
5071
4157
3898
3786
3084
2549
2763
2687
1671
761
586
118
-1232
-2673
-3778
-4995
-6254
-6927
-7069
-7194
-7156
-6441
-5128
-3598
-1982
-357
1117
2360
3410
4154
4346
3938
3180
2359
1536
714
25
-439
-683
-653
-212
568
1274
1677
1918
2111
2095
1709
1098
385
-503
-1482
-2174
-2387
-2345
-2183
-1701
-784
367
1575
2781
3832
4560
4947
5116
5100
4844
4387
3809
3218
2812
2683
2684
2732
2943
3290
3603
3803
3890
3838
3582
3145
2595
2032
1641
1351
991
825
948
595
-725
-2068
-2857
-4106
-6100
-7621
-8472
-9800
-11336
-11446
-10322
-9649
-9304
-7826
-5430
-3514
-2029
53
2328
3463
3691
4394
5512
5636
4731
4270
4452
3991
2968
2724
2944
2242
1005
531
419
-527
-1958
-2937
-3768
-4947
-5955
-6297
-6374
-6541
-6376
-5511
-4261
-3010
-1690
-174
1172
2060
2801
3444
3477
2908
2344
1885
1185
424
135
161
87
213
856
1618
2035
2268
2538
2611
2229
1527
814
58
-925
-1909
-2434
-2522
-2506
-2269
-1492
-365
732
1874
3164
4220
4835
5208
5366
5202
4852
4468
3987
3462
3130
3007
2982
3124
3441
3750
3879
3867
3957
4083
3848
3263
2822
2591
2105
1454
1195
808
-763
-2776
-3926
-4981
-6930
-8770
-9614
-10426
-11708
-11994
-10722
-9564
-9148
-8036
-5740
-3556
-2073
-362
1816
3245
3594
4218
5544
6152
5469
4924
5198
5069
4135
3651
3689
2860
1298
402
40
-988
-2618
-3888
-4818
-5924
-6852
-7121
-7047
-7054
-6835
-5928
-4519
-3088
-1725
-258
1057
1923
2661
3407
3624
3220
2769
2414
1871
1296
1135
1203
1084
1068
1489
2033
2285
2297
2316
2241
1782
1075
452
-227
-1216
-2188
-2614
-2602
-2564
-2301
-1511
-541
407
1620
2972
3960
4562
5051
5337
5301
5144
4887
4382
3835
3533
3416
3434
3586
3699
3707
3684
3675
3702
3700
3457
2955
2610
2472
2124
1722
1513
654
-1331
-3131
-4197
-5801
-8064
-9604
-10454
-11808
-12980
-12360
-10821
-10150
-9604
-7692
-5139
-3318
-1753
523
2669
3412
3683
4948
6302
6176
5335
5400
5759
5092
4287
4430
4308
2912
1531
1067
429
-1104
-2732
-3919
-5170
-6568
-7422
-7651
-7781
-7879
-7458
-6304
-4856
-3452
-1906
-281
893
1756
2790
3544
3446
2986
2811
2549
1936
1643
1846
1881
1682
1927
2610
3040
3019
2904
2818
2416
1631
817
58
-928
-2144
-3045
-3322
-3346
-3286
-2781
-1837
-816
350
1790
3149
4099
4782
5355
5655
5696
5664
5433
4922
4442
4223
4182
4169
4126
4135
4124
3965
3849
3898
3762
3185
2639
2546
2375
1814
1436
982
-621
-2783
-4103
-5229
-7276
-9315
-10330
-11200
-12498
-12744
-11351
-10109
-9678
-8518
-6100
-3856
-2398
-606
1726
3160
3441
4213
5780
6428
5752
5383
5873
5788
4870
4585
4739
3824
2219
1360
951
-255
-2050
-3449
-4569
-5919
-7050
-7514
-7717
-7966
-7893
-7147
-5928
-4625
-3283
-1900
-723
272
1318
2210
2600
2603
2573
2519
2299
2197
2401
2527
2446
2570
3046
3446
3459
3284
3105
2686
1930
1140
384
-579
-1761
-2763
-3233
-3368
-3403
-3133
-2483
-1623
-555
733
2087
3257
4116
4809
5398
5786
5957
5894
5620
5279
4974
4800
4721
4522
4279
4117
3957
3877
3938
3879
3498
3114
2993
2855
2520
2201
1484
-367
-2574
-4109
-5686
-7924
-9902
-11091
-12253
-13496
-13478
-11982
-10757
-10190
-8745
-6187
-3969
-2495
-599
1743
2943
3052
3937
5516
5947
5272
5235
5919
5832
5128
5212
5556
4709
3301
2607
2088
715
-1184
-2761
-4140
-5729
-7059
-7708
-8052
-8375
-8358
-7652
-6422
-5083
-3691
-2201
-997
-78
1026
1981
2270
2243
2325
2310
2078
2141
2620
2872
2847
3171
3869
4391
4502
4360
4135
3626
2682
1696
820
-330
-1795
-2989
-3548
-3780
-3882
-3596
-2885
-2030
-989
366
1758
2893
3743
4429
4988
5392
5696
5789
5575
5294
5146
5125
5167
5190
5137
4983
4770
4693
4737
4551
4065
3576
3191
2763
2275
1834
831
-1296
-3477
-4939
-6653
-8888
-10557
-11562
-12851
-13987
-13426
-11691
-10710
-10083
-8215
-5631
-3740
-2202
57
2298
3045
3136
4367
5903
5931
5265
5556
6121
5657
5020
5402
5596
4392
3053
2589
1961
369
-1456
-2911
-4413
-6100
-7308
-7851
-8274
-8640
-8549
-7827
-6612
-5262
-3944
-2633
-1499
-472
671
1590
1984
2141
2314
2394
2404
2714
3243
3412
3372
3754
4335
4590
4588
4450
4069
3355
2417
1542
655
-571
-1944
-2954
-3449
-3699
-3797
-3442
-2757
-2099
-1161
210
1473
2390
3174
3890
4390
4765
5183
5389
5262
5173
5287
5393
5457
5549
5550
5391
5122
4926
4866
4583
3920
3311
3038
2739
2135
1633
1186
-304
-2601
-4139
-5248
-7256
-9535
-10857
-11767
-13144
-13833
-12661
-11158
-10656
-9733
-7317
-4710
-3046
-1356
1161
3043
3375
3939
5574
6429
5754
5244
5721
5773
4864
4532
4968
4499
3207
2518
2289
1412
-189
-1644
-2826
-4335
-5895
-6891
-7528
-8155
-8565
-8346
-7467
-6351
-5141
-3653
-2196
-1037
178
1443
2194
2403
2554
2656
2455
2236
2407
2634
2552
2591
3113
3780
4163
4311
4488
4476
3900
3093
2417
1497
60
-1389
-2360
-3057
-3690
-3928
-3622
-3076
-2335
-1187
274
1660
2810
3854
4762
5410
5807
6003
5965
5679
5305
5085
5021
4858
4627
4532
4570
4688
4821
4925
4952
4787
4483
4171
3839
3228
1641
-849
-3053
-4949
-7416
-9942
-11550
-12766
-14419
-15416
-14359
-12580
-11761
-10697
-8154
-5428
-3712
-2006
611
2687
2962
3150
4652
5811
5395
4904
5513
5950
5310
5007
5733
5842
4706
3800
3559
2851
1240
-514
-1987
-3678
-5578
-6990
-7908
-8695
-9240
-9291
-8738
-7653
-6272
-4791
-3406
-2107
-639
749
1620
2126
2551
2736
2512
2320
2628
2953
2784
2752
3323
3895
4128
4342
4619
4579
4011
3261
2604
1746
449
-988
-2138
-2926
-3590
-4057
-4009
-3621
-3103
-2225
-951
447
1732
2789
3709
4523
5167
5636
5802
5713
5615
5498
5365
5333
5335
5282
5110
4849
4860
5109
4993
4494
4162
4061
3716
3046
2643
2127
146
-2531
-4152
-5527
-7908
-10316
-11550
-12471
-14032
-14621
-13065
-11482
-11102
-9968
-7233
-4629
-3096
-1289
1457
3151
3192
3940
5728
6366
5624
5340
5953
5902
4975
4868
5333
4694
3446
2855
2567
1626
0
-1431
-2598
-4149
-5667
-6631
-7409
-8125
-8556
-8495
-7787
-6760
-5627
-4231
-2780
-1333
203
1453
2281
2808
3053
3125
2950
2696
2659
2477
2118
2154
2523
2839
3063
3324
3666
3755
3471
3185
2737
1827
695
-412
-1376
-2240
-3037
-3474
-3542
-3455
-2952
-1956
-810
449
1780
3019
4103
4964
5675
6113
6074
5896
5749
5406
4997
4745
4532
4216
3864
3771
4004
4120
3984
3983
4156
4147
3843
3586
3409
2201
-292
-2413
-3927
-6260
-9107
-10984
-12054
-13642
-15105
-14450
-12561
-11734
-11080
-8704
-5615
-3678
-2277
263
2815
3276
3211
4710
6073
5554
4700
5183
5751
4989
4421
5189
5466
4425
3667
3683
3267
1842
237
-991
-2531
-4473
-5968
-7006
-8026
-8886
-9244
-8941
-8160
-7110
-5715
-4169
-2657
-914
820
1998
2778
3418
3722
3557
3247
3135
2912
2341
1992
2155
2401
2535
2731
3091
3418
3363
3138
3002
2514
1494
381
-563
-1506
-2532
-3304
-3681
-3915
-3826
-3136
-2186
-1108
242
1652
2899
4014
5089
5937
6241
6202
6182
6052
5625
5144
4869
4635
4185
3771
3740
3844
3786
3672
3640
3679
3672
3536
3294
3007
2452
1018
-1115
-2874
-4391
-6662
-9206
-10776
-11689
-13066
-14117
-13313
-11701
-11036
-10248
-7806
-4942
-3311
-1995
427
2639
3083
3315
4758
5807
5226
4541
5030
5411
4668
4211
4745
4765
3841
3264
3217
2634
1287
-43
-1167
-2622
-4243
-5498
-6546
-7567
-8268
-8425
-8131
-7519
-6511
-5118
-3714
-2334
-635
1074
2203
2905
3581
4051
3949
3552
3343
3068
2444
1900
1841
2025
2058
2006
2238
2646
2702
2510
2379
2109
1450
498
-334
-1034
-1916
-2753
-3235
-3423
-3330
-2962
-2333
-1405
-268
997
2260
3339
4385
5287
5676
5836
6010
5976
5656
5130
4752
4561
4130
3657
3510
3446
3359
3285
3236
3347
3449
3407
3330
3130
2844
2094
309
-1609
-3003
-4900
-7497
-9565
-10679
-11850
-13384
-13627
-12174
-11142
-10745
-8996
-6073
-3910
-2695
-761
1940
3222
3185
4133
5589
5551
4606
4545
5179
4854
3913
4091
4656
4112
3271
3104
2989
2092
659
-467
-1560
-3253
-4900
-6064
-7099
-8001
-8576
-8635
-8165
-7412
-6273
-4779
-3322
-1761
-21
1460
2571
3442
4154
4475
4168
3824
3721
3256
2523
2119
2045
1982
1840
1943
2365
2519
2313
2152
1980
1566
774
-152
-867
-1628
-2503
-3063
-3308
-3409
-3264
-2795
-1994
-969
172
1421
2588
3622
4634
5349
5656
5836
5915
5787
5389
4903
4612
4276
3772
3445
3369
3280
2988
2795
2987
3008
2657
2620
2867
2673
2108
1752
1206
-386
-2268
-3428
-4836
-7113
-8971
-9854
-10838
-12147
-12326
-11068
-10189
-9922
-8415
-5810
-3974
-2885
-966
1522
2569
2530
3589
5059
4964
4210
4520
5142
4661
3886
4171
4558
3847
3063
3001
2767
1794
508
-535
-1583
-3075
-4481
-5465
-6377
-7192
-7660
-7684
-7252
-6523
-5539
-4300
-2992
-1540
16
1295
2292
3162
3800
4090
3999
3773
3591
3168
2541
2196
2142
2008
1717
1621
1873
1962
1711
1610
1603
1194
449
-212
-698
-1353
-2198
-2701
-2816
-2902
-2848
-2381
-1597
-767
108
1214
2344
3204
3967
4687
5137
5358
5457
5413
5146
4723
4417
4184
3831
3566
3488
3344
3015
2683
2709
2874
2625
2346
2454
2418
1927
1518
1557
1051
-748
-2406
-3231
-4672
-6839
-8300
-8979
-10128
-11617
-11619
-10226
-9605
-9494
-7951
-5562
-4037
-2975
-916
1486
2267
2376
3788
5196
5005
4441
4773
5114
4407
3707
4103
4197
3191
2480
2439
2091
1110
57
-704
-1780
-3249
-4258
-4947
-5839
-6614
-6985
-6961
-6622
-6022
-5034
-3917
-2877
-1505
47
1284
2289
3175
3823
4103
4124
4209
4112
3481
2803
2421
2067
1645
1284
1093
950
678
543
628
545
165
-309
-686
-1015
-1461
-1837
-2055
-2329
-2502
-2273
-1805
-1316
-705
128
1008
1813
2746
3711
4295
4587
4928
5231
5227
4961
4702
4417
3905
3389
3197
3124
2867
2527
2383
2344
2206
2181
2219
2014
1743
1638
1569
1375
1228
1008
-43
-1659
-2662
-3464
-5116
-6875
-7820
-8656
-9996
-10724
-9848
-8832
-8878
-8327
-6260
-4297
-3229
-1821
479
2052
2234
2938
4580
5115
4377
4147
4548
4297
3403
3174
3464
2899
1989
1874
1889
1351
541
-197
-921
-1964
-2979
-3616
-4425
-5328
-5782
-5952
-5918
-5548
-4860
-3953
-3140
-2165
-632
768
1688
2573
3394
3909
4042
3988
3977
3635
2843
2160
1729
1374
980
542
361
378
280
227
292
278
95
-278
-585
-725
-987
-1365
-1694
-1835
-1709
-1526
-1243
-652
28
665
1323
2064
2920
3574
3896
4212
4527
4655
4539
4278
4150
3980
3572
3295
3230
3101
2843
2555
2398
2272
2004
1849
1751
1412
1142
1071
961
820
749
664
-46
-1420
-2356
-3008
-4461
-6122
-7028
-7742
-8982
-9951
-9457
-8469
-8470
-8153
-6299
-4386
-3379
-2170
-16
1740
2064
2543
4052
4754
4106
3772
4129
4006
3160
2744
3001
2659
1802
1616
1723
1303
614
34
-518
-1323
-2212
-2819
-3542
-4478
-5050
-5320
-5494
-5334
-4792
-4032
-3264
-2373
-1031
318
1216
2014
2851
3449
3667
3636
3611
3390
2699
1962
1519
1142
613
68
-164
-189
-320
-374
-192
-55
-130
-285
-366
-411
-586
-844
-1057
-1257
-1334
-1284
-1153
-845
-389
165
771
1420
2162
2871
3361
3731
4119
4392
4397
4225
4095
3964
3652
3305
3104
2916
2607
2285
2123
2056
1846
1554
1450
1421
1178
904
940
1060
940
812
924
694
-338
-1327
-1885
-2924
-4484
-5583
-6216
-7269
-8511
-8675
-7952
-7759
-7722
-6499
-4740
-3709
-2855
-1103
778
1412
1655
2843
3838
3530
3116
3445
3584
2892
2341
2623
2674
1986
1637
1830
1705
1133
604
261
-367
-1353
-2096
-2660
-3459
-4193
-4617
-4871
-4949
-4743
-4193
-3492
-2806
-1854
-731
170
979
1792
2419
2784
2887
2891
2844
2512
1988
1520
1127
756
352
81
59
9
-87
-8
141
183
138
78
4
-124
-306
-517
-729
-849
-857
-840
-715
-372
32
402
839
1387
1926
2343
2707
3105
3451
3576
3563
3592
3553
3369
3163
2993
2829
2572
2250
2052
1918
1740
1541
1356
1334
1347
1164
1092
1345
1549
1526
1589
1794
1518
428
-573
-1132
-2304
-4074
-5321
-6154
-7414
-8746
-8991
-8382
-8300
-8350
-7136
-5359
-4289
-3304
-1502
325
1050
1477
2731
3709
3416
3116
3519
3589
3015
2734
3047
3050
2466
2310
2589
2344
1802
1452
989
195
-744
-1494
-2233
-3329
-4276
-4747
-5200
-5523
-5390
-4988
-4491
-3885
-2930
-1667
-649
182
1147
1918
2385
2733
2943
3009
2785
2367
2081
1732
1250
892
550
274
194
131
130
176
168
184
102
-54
-115
-262
-539
-770
-936
-987
-1029
-1126
-937
-544
-299
20
626
1312
1809
2155
2700
3272
3408
3421
3643
3748
3527
3243
3151
3047
2684
2355
2298
2229
2045
1932
1913
1895
1864
1872
1867
1829
1905
1993
1869
1744
1748
1340
271
-696
-1314
-2471
-4179
-5400
-6137
-7263
-8492
-8678
-8111
-8060
-8118
-7037
-5402
-4407
-3513
-1800
-46
696
1217
2500
3534
3415
3245
3687
3834
3342
3078
3334
3231
2606
2383
2500
2158
1536
1056
532
-269
-1170
-1861
-2580
-3579
-4396
-4813
-5182
-5451
-5329
-4895
-4395
-3808
-2811
-1564
-650
96
1054
1921
2428
2734
3035
3182
2893
2482
2281
2009
1519
1042
760
605
397
239
288
309
164
75
44
-83
-296
-537
-777
-1058
-1307
-1354
-1394
-1477
-1325
-963
-553
-145
369
1041
1575
1912
2416
3033
3397
3495
3612
3860
3877
3612
3559
3634
3418
3077
2931
2905
2760
2500
2343
2172
1809
1528
1429
1251
1019
948
921
767
678
818
672
-234
-1150
-1579
-2430
-3905
-4991
-5590
-6592
-7879
-8165
-7486
-7345
-7561
-6643
-4978
-3897
-3052
-1427
403
1188
1520
2651
3736
3628
3231
3429
3483
2864
2328
2339
2136
1428
1124
1294
1116
715
518
266
-277
-871
-1260
-1780
-2677
-3405
-3748
-4148
-4522
-4504
-4190
-3861
-3503
-2739
-1636
-755
-55
806
1654
2214
2516
2749
2931
2801
2422
2127
1904
1580
1142
705
465
336
115
-18
-5
-82
-252
-371
-406
-446
-634
-927
-1189
-1390
-1467
-1445
-1408
-1272
-1034
-741
-312
256
878
1455
1921
2384
2927
3391
3677
3822
3878
3905
3832
3686
3593
3433
3126
2803
2583
2474
2323
2008
1668
1402
1102
858
758
631
459
348
333
398
519
720
668
48
-562
-824
-1453
-2562
-3425
-4032
-4993
-6148
-6492
-6096
-6214
-6605
-5977
-4748
-4044
-3464
-2153
-679
-106
173
1286
2336
2263
2007
2318
2456
1974
1617
1826
1801
1228
1054
1370
1339
1064
996
908
520
26
-278
-649
-1429
-2158
-2535
-3005
-3546
-3755
-3720
-3702
-3632
-3170
-2352
-1677
-1126
-339
453
995
1430
1845
2176
2253
2115
2045
1962
1709
1424
1130
874
718
561
452
397
282
174
70
-70
-137
-244
-509
-764
-937
-1011
-1053
-1117
-998
-736
-522
-219
268
822
1297
1679
2153
2666
2989
3204
3438
3589
3572
3440
3315
3164
2885
2583
2315
2053
1839
1656
1457
1266
1067
841
639
535
565
577
490
569
818
969
1103
1358
1491
1103
476
158
-319
-1424
-2528
-3271
-4227
-5493
-6275
-6319
-6495
-7032
-6880
-5939
-5241
-4771
-3686
-2206
-1298
-808
192
1394
1774
1707
2102
2518
2305
1992
2154
2336
2024
1774
2026
2174
1940
1773
1747
1470
916
439
14
-681
-1551
-2244
-2853
-3540
-4040
-4212
-4290
-4311
-4054
-3485
-2843
-2239
-1468
-552
195
785
1424
1999
2294
2412
2528
2568
2374
2065
1833
1561
1182
876
690
481
262
136
65
-53
-168
-192
-251
-402
-510
-527
-575
-679
-688
-594
-522
-460
-254
93
403
665
1039
1506
1877
2157
2508
2867
3052
3103
3202
3302
3219
3051
2961
2821
2551
2318
2179
1987
1732
1525
1359
1148
986
999
976
837
868
1087
1181
1142
1289
1449
1036
308
-66
-524
-1663
-2853
-3559
-4379
-5651
-6571
-6647
-6752
-7274
-7162
-6195
-5424
-4957
-3926
-2414
-1380
-830
175
1419
1864
1870
2271
2649
2442
2103
2178
2242
1856
1578
1760
1806
1525
1392
1391
1143
712
375
75
-500
-1231
-1752
-2239
-2890
-3431
-3714
-3885
-4027
-3961
-3523
-2959
-2463
-1780
-889
-112
502
1124
1779
2265
2486
2640
2785
2719
2454
2207
1976
1639
1208
846
636
395
123
2
-49
-138
-211
-232
-288
-407
-501
-541
-614
-716
-736
-713
-697
-585
-357
-110
128
406
801
1243
1615
1972
2356
2698
2952
3161
3336
3438
3402
3272
3172
3035
2795
2512
2220
1943
1657
1358
1103
881
687
622
627
606
681
847
966
1053
1201
1349
1133
509
10
-428
-1341
-2473
-3298
-4044
-5121
-6140
-6432
-6399
-6757
-6922
-6254
-5395
-4886
-4179
-2883
-1684
-1109
-478
642
1399
1458
1663
2137
2231
1976
1948
2158
2057
1761
1809
1956
1845
1717
1709
1570
1202
819
497
-3
-737
-1375
-1918
-2599
-3208
-3531
-3709
-3886
-3923
-3590
-3047
-2561
-1956
-1099
-260
445
1121
1761
2278
2551
2645
2710
2638
2403
2088
1736
1414
1128
836
603
459
342
289
245
162
137
82
-108
-318
-460
-601
-844
-1131
-1244
-1244
-1330
-1339
-1116
-806
-534
-206
323
916
1381
1811
2304
2737
3018
3234
3415
3501
3466
3350
3190
2987
2773
2531
2222
1932
1708
1493
1257
1059
921
812
726
662
636
660
688
688
709
816
883
675
205
-211
-585
-1306
-2221
-2923
-3579
-4498
-5364
-5652
-5671
-5969
-6169
-5712
-4992
-4529
-3934
-2861
-1823
-1220
-590
394
1167
1364
1509
1883
2066
1925
1856
1953
1872
1636
1634
1792
1787
1688
1651
1541
1281
1023
775
332
-300
-866
-1364
-1981
-2585
-2964
-3236
-3551
-3711
-3500
-3130
-2790
-2299
-1591
-880
-270
382
1077
1569
1841
2115
2334
2346
2259
2167
1983
1669
1375
1183
954
626
366
229
47
-190
-307
-336
-499
-765
-890
-880
-979
-1129
-1122
-1025
-978
-888
-607
-228
84
385
809
1268
1644
1965
2247
2494
2675
2771
2852
2903
2877
2783
2639
2523
2437
2294
2118
1943
1762
1573
1364
1161
1006
827
579
375
294
272
205
179
301
433
497
613
805
828
524
185
-59
-550
-1345
-2077
-2722
-3583
-4508
-5021
-5251
-5670
-6043
-5866
-5387
-5023
-4492
-3514
-2522
-1858
-1131
-85
761
1111
1416
1863
2053
1924
1896
1994
1843
1518
1418
1488
1390
1230
1238
1259
1103
947
899
699
263
-163
-538
-1029
-1577
-2001
-2344
-2761
-3080
-3088
-2932
-2797
-2528
-2003
-1426
-899
-295
412
982
1316
1632
1936
2055
2020
1927
1757
1490
1203
953
697
424
191
17
-137
-213
-189
-215
-294
-316
-260
-212
-239
-234
-176
-200
-234
-128
47
165
258
419
642
844
1054
1308
1507
1655
1833
2009
2127
2220
2322
2379
2359
2356
2405
2360
2210
2116
2048
1885
1670
1508
1399
1211
954
818
754
650
596
604
613
652
719
789
863
921
867
583
161
-174
-643
-1439
-2238
-2922
-3726
-4636
-5283
-5561
-5832
-6164
-6103
-5602
-5118
-4651
-3867
-2881
-2087
-1442
-573
353
885
1190
1623
1985
2018
1957
2019
1989
1740
1556
1582
1545
1378
1314
1331
1239
1072
976
847
499
54
-317
-740
-1297
-1816
-2204
-2579
-2961
-3155
-3120
-3027
-2879
-2541
-2026
-1485
-947
-321
293
763
1142
1506
1797
1941
1973
1932
1816
1652
1487
1309
1106
914
739
591
467
395
362
287
177
108
87
25
-86
-148
-190
-271
-328
-277
-193
-159
-88
77
277
483
718
958
1164
1348
1565
1776
1916
2032
2143
2219
2260
2319
2394
2359
2253
2191
2101
1918
1740
1615
1445
1182
959
803
605
391
298
284
192
154
264
339
346
409
521
443
112
-154
-382
-910
-1628
-2195
-2703
-3438
-4157
-4484
-4651
-4991
-5193
-4908
-4487
-4221
-3752
-2928
-2175
-1672
-1053
-210
401
649
948
1305
1378
1245
1245
1312
1157
932
939
1032
999
1012
1180
1273
1214
1211
1268
1142
825
535
223
-259
-813
-1247
-1646
-2161
-2600
-2793
-2856
-2914
-2836
-2516
-2142
-1795
-1301
-692
-179
226
656
1069
1329
1489
1646
1715
1643
1569
1564
1500
1348
1258
1243
1166
1059
1035
1054
973
830
769
715
540
309
129
-48
-288
-496
-587
-627
-681
-664
-513
-305
-96
149
439
732
989
1226
1479
1699
1842
1954
2039
2073
2065
2044
2007
1914
1791
1692
1584
1426
1274
1163
1016
840
692
575
454
347
321
351
352
378
497
605
664
732
795
710
439
160
-130
-642
-1296
-1872
-2461
-3204
-3895
-4310
-4645
-5072
-5314
-5161
-4887
-4679
-4249
-3527
-2861
-2330
-1648
-805
-182
173
593
1073
1311
1369
1524
1675
1636
1525
1570
1693
1661
1578
1599
1591
1472
1358
1254
1040
685
314
-26
-446
-938
-1383
-1792
-2216
-2562
-2729
-2776
-2798
-2728
-2456
-2076
-1658
-1137
-521
80
578
1055
1553
1953
2196
2356
2474
2490
2420
2322
2208
2039
1792
1539
1331
1131
902
670
459
242
29
-169
-355
-542
-718
-863
-986
-1051
-1040
-1014
-975
-873
-687
-458
-226
34
331
596
829
1087
1350
1553
1678
1761
1838
1881
1874
1854
1809
1722
1595
1458
1336
1222
1086
926
796
711
646
585
533
490
449
441
490
559
588
618
680
711
727
752
709
487
124
-195
-539
-1065
-1646
-2157
-2702
-3338
-3864
-4127
-4345
-4650
-4780
-4589
-4317
-4075
-3635
-2975
-2372
-1894
-1299
-556
16
353
724
1139
1353
1405
1521
1642
1589
1442
1431
1485
1422
1348
1351
1325
1205
1092
1048
936
681
432
204
-120
-467
-750
-1026
-1353
-1655
-1791
-1830
-1890
-1835
-1622
-1381
-1123
-778
-338
64
358
662
1005
1241
1376
1492
1536
1476
1364
1282
1193
1016
840
697
545
410
324
251
146
37
-20
-54
-119
-177
-215
-288
-380
-412
-401
-411
-439
-416
-329
-243
-137
28
196
337
483
646
814
952
1044
1119
1183
1232
1288
1340
1362
1366
1350
1329
1341
1339
1319
1304
1266
1203
1161
1141
1098
1015
930
873
805
740
714
691
645
603
593
588
545
477
364
134
-174
-485
-879
-1382
-1908
-2419
-2962
-3501
-3894
-4158
-4416
-4624
-4608
-4396
-4174
-3849
-3301
-2692
-2180
-1637
-941
-292
139
505
920
1201
1271
1339
1465
1471
1338
1267
1310
1308
1256
1304
1396
1410
1396
1443
1464
1341
1139
939
659
263
-139
-519
-956
-1408
-1741
-1963
-2136
-2224
-2149
-1949
-1705
-1390
-953
-477
-72
311
707
1044
1270
1403
1484
1480
1379
1250
1126
964
773
613
501
422
367
352
350
337
337
338
319
278
215
112
-23
-165
-291
-410
-526
-614
-638
-624
-573
-454
-275
-57
175
436
707
948
1149
1320
1455
1544
1590
1573
1528
1476
1400
1305
1210
1145
1087
1033
994
978
961
911
866
828
766
685
586
462
336
234
139
40
-51
-95
-115
-148
-143
-85
-68
-167
-311
-419
-590
-917
-1288
-1617
-2009
-2502
-2914
-3168
-3416
-3709
-3848
-3742
-3590
-3444
-3135
-2660
-2194
-1788
-1293
-722
-275
31
347
671
861
937
1049
1153
1159
1157
1233
1321
1351
1387
1471
1519
1525
1544
1552
1476
1319
1139
920
623
270
-78
-433
-811
-1150
-1415
-1606
-1734
-1801
-1785
-1662
-1459
-1202
-908
-604
-281
16
270
535
754
871
924
967
1003
983
921
869
812
741
687
697
717
703
696
713
734
722
684
640
564
458
362
265
152
42
-68
-172
-250
-278
-266
-267
-239
-147
-49
42
142
265
381
443
502
584
648
666
671
693
706
699
694
722
762
778
794
843
886
914
951
981
995
989
956
907
823
720
620
495
365
254
156
60
-42
-112
-174
-280
-436
-583
-738
-970
-1244
-1514
-1795
-2131
-2481
-2741
-2962
-3187
-3342
-3369
-3299
-3185
-2982
-2651
-2266
-1873
-1443
-977
-538
-156
182
487
718
871
992
1068
1112
1140
1157
1171
1173
1207
1270
1330
1389
1443
1483
1479
1431
1355
1222
1013
738
433
121
-234
-579
-894
-1181
-1404
-1569
-1638
-1615
-1536
-1387
-1169
-911
-644
-356
-87
143
349
492
600
676
696
682
640
584
545
535
534
550
604
666
721
793
880
941
946
919
868
779
651
502
341
144
-72
-253
-385
-489
-562
-568
-523
-443
-293
-98
81
253
433
599
719
807
874
874
824
778
747
705
654
619
617
615
621
684
758
785
791
835
868
851
809
755
661
510
364
251
134
-2
-107
-158
-192
-215
-203
-163
-145
-163
-202
-266
-389
-587
-830
-1100
-1421
-1743
-2032
-2319
-2575
-2790
-2925
-2958
-2919
-2782
-2558
-2276
-1946
-1573
-1166
-781
-442
-129
133
347
520
648
736
784
821
864
905
950
1019
1102
1179
1260
1339
1409
1438
1423
1366
1261
1114
910
664
386
75
-248
-564
-831
-1045
-1226
-1348
-1381
-1354
-1276
-1128
-933
-734
-535
-322
-118
46
187
298
357
395
423
435
433
426
439
465
495
553
627
700
756
806
859
884
870
823
738
630
496
339
187
35
-133
-271
-359
-417
-433
-410
-347
-251
-145
-23
121
262
373
461
525
559
556
525
505
466
401
352
332
328
326
350
430
507
567
663
772
832
854
887
897
839
746
670
581
436
303
221
135
43
-21
-30
-32
-60
-65
-52
-80
-152
-228
-333
-516
-737
-966
-1212
-1491
-1767
-2011
-2233
-2401
-2485
-2503
-2474
-2371
-2190
-1977
-1741
-1458
-1146
-863
-609
-356
-119
52
184
316
416
485
545
621
717
785
860
974
1074
1161
1246
1324
1365
1348
1306
1234
1097
906
690
459
200
-73
-307
-521
-729
-896
-1008
-1074
-1101
-1093
-1043
-952
-866
-779
-663
-548
-447
-366
-280
-181
-113
-75
-22
59
139
204
301
410
507
590
674
777
849
869
870
869
852
766
649
568
473
329
201
126
61
-16
-51
-35
-4
22
68
146
219
277
337
389
421
434
433
414
400
391
380
385
410
450
502
558
622
704
787
843
871
888
889
860
799
716
616
493
347
222
126
29
-63
-126
-143
-150
-161
-152
-129
-106
-123
-158
-182
-250
-382
-520
-650
-825
-1032
-1207
-1361
-1531
-1682
-1766
-1812
-1854
-1845
-1767
-1683
-1589
-1443
-1279
-1131
-994
-842
-690
-579
-482
-357
-240
-155
-67
49
168
261
372
514
638
733
835
939
1009
1044
1064
1068
1025
932
836
716
558
400
245
88
-64
-192
-288
-373
-451
-498
-513
-519
-510
-481
-443
-408
-364
-317
-257
-201
-168
-108
-50
-11
41
103
164
218
271
326
387
451
507
562
618
657
696
741
761
760
770
776
747
697
652
605
540
473
406
334
269
210
175
148
114
99
114
135
157
191
230
266
299
339
376
389
390
391
386
369
358
337
307
295
273
252
239
226
208
177
149
114
73
26
-32
-95
-149
-216
-295
-372
-451
-537
-631
-715
-794
-888
-976
-1061
-1142
-1217
-1276
-1331
-1382
-1413
-1427
-1421
-1400
-1352
-1284
-1219
-1137
-1030
-899
-772
-652
-512
-370
-251
-147
-20
92
166
239
328
406
462
501
547
590
611
634
678
715
713
705
707
693
658
616
575
512
433
365
300
236
163
95
54
17
-4
-17
-28
-26
-23
-16
1
23
34
45
71
97
109
127
162
181
197
214
252
296
307
330
359
375
388
405
421
419
416
413
415
414
393
372
362
345
323
310
313
309
293
294
292
288
285
270
272
264
240
230
223
213
185
155
144
128
101
81
60
32
-3
-32
-53
-89
-126
-172
-213
-261
-336
-398
-443
-492
-542
-578
-599
-625
-644
-662
-674
-701
-729
-748
-781
-811
-847
-869
-883
-911
-924
-925
-915
-900
-863
-806
-730
-644
-553
-445
-340
-230
-129
-44
43
112
163
202
243
274
295
321
352
389
416
441
480
517
545
574
604
622
617
606
588
543
481
413
342
257
170
91
28
-21
-68
-86
-86
-77
-46
2
64
111
162
229
279
322
347
350
353
346
335
317
295
269
236
214
196
175
166
155
145
154
156
152
156
161
153
132
137
157
154
135
133
145
139
131
144
172
180
180
213
238
241
237
249
264
257
255
255
241
210
178
154
113
75
38
-7
-57
-102
-139
-192
-257
-316
-357
-411
-476
-518
-551
-599
-659
-694
-722
-764
-797
-815
-811
-820
-825
-796
-761
-734
-701
-645
-585
-536
-484
-428
-375
-336
-300
-253
-204
-164
-137
-105
-63
-35
1
55
95
129
181
236
283
313
341
371
378
385
406
410
403
397
386
374
359
338
327
313
292
280
281
276
256
246
241
227
221
215
203
202
189
176
169
169
176
169
158
165
169
168
177
183
183
193
204
219
227
232
237
237
230
225
222
208
188
172
164
142
124
115
102
83
82
101
112
124
139
160
189
208
221
227
229
225
208
199
178
137
95
46
-7
-54
-113
-174
-223
-277
-330
-377
-407
-428
-456
-486
-497
-490
-494
-496
-478
-472
-474
-458
-447
-447
-445
-442
-430
-423
-425
-412
-396
-380
-367
-344
-316
-295
-262
-247
-236
-208
-198
-191
-169
-160
-153
-142
-132
-116
-98
-78
-53
-26
6
46
82
120
157
191
228
258
292
322
348
369
388
402
414
414
410
413
413
404
381
361
345
314
301
281
246
228
212
199
180
160
162
165
161
158
161
162
156
141
129
109
77
43
18
3
-30
-48
-53
-55
-55
-59
-35
-6
6
37
86
119
135
147
165
170
161
155
155
136
98
75
66
46
22
10
-7
-13
-8
-8
-2
-5
-15
-13
-23
-51
-64
-77
-112
-144
-176
-205
-236
-270
-290
-311
-332
-342
-350
-360
-368
-373
-365
-366
-370
-358
-362
-369
-366
-362
-350
-344
-328
-307
-286
-255
-228
-205
-181
-157
-132
-114
-105
-95
-77
-70
-77
-87
-78
-73
-79
-65
-46
-24
-6
18
45
73
107
135
167
190
209
232
250
262
272
277
272
275
272
272
270
273
285
286
298
318
338
353
357
372
385
386
379
373
357
336
317
293
275
238
193
168
134
102
88
68
50
42
30
21
14
4
2
-1
-13
-20
-28
-37
-50
-61
-62
-70
-65
-63
-58
-37
-29
-18
-2
15
21
21
31
29
25
16
8
-5
-43
-64
-88
-109
-132
-158
-160
-174
-186
-174
-172
-182
-191
-191
-199
-198
-200
-211
-208
-219
-225
-223
-229
-231
-238
-239
-229
-224
-218
-214
-199
-166
-144
-144
-132
-112
-107
-107
-102
-91
-85
-83
-76
-71
-80
-83
-76
-78
-81
-94
-86
-69
-71
-58
-47
-48
-49
-43
-32
-21
0
21
43
66
98
125
154
185
211
238
264
294
317
328
333
339
344
348
339
327
321
304
286
282
269
258
259
257
252
237
226
228
215
192
183
166
148
125
97
82
52
27
11
-5
-21
-35
-33
-30
-38
-48
-48
-51
-65
-83
-100
-113
-135
-161
-174
-196
-219
-239
-249
-245
-244
-234
-212
-191
-167
-141
-122
-104
-85
-60
-41
-41
-34
-34
-47
-60
-77
-91
-101
-115
-131
-135
-141
-145
-148
-135
-115
-114
-107
-95
-89
-87
-81
-80
-87
-94
-104
-107
-110
-114
-117
-118
-112
-115
-106
-91
-80
-66
-59
-43
-38
-40
-32
-32
-34
-26
-16
-11
-13
-9
-2
2
10
17
27
44
58
77
87
85
95
102
117
128
132
147
157
172
184
199
216
220
236
247
252
264
259
257
255
246
235
220
207
187
173
159
140
134
125
121
118
109
105
103
103
91
85
83
75
73
68
57
48
33
18
10
-4
-28
-47
-62
-74
-96
-108
-125
-150
-167
-193
-209
-215
-225
-231
-220
-213
-207
-197
-188
-170
-159
-146
-121
-118
-112
-94
-95
-97
-100
-108
-109
-114
-119
-111
-110
-109
-104
-102
-98
-97
-88
-81
-81
-81
-75
-67
-68
-67
-67
-62
-56
-63
-62
-53
-49
-40
-27
-22
-9
6
17
30
40
53
67
81
89
104
123
139
151
156
154
161
156
146
155
152
142
141
133
122
105
94
83
77
73
63
64
67
63
61
66
60
50
49
49
44
42
34
34
37
33
30
32
35
32
27
34
35
30
35
25
16
16
10
7
3
-12
-21
-18
-15
-10
-7
-2
14
20
28
28
27
34
28
20
20
11
-10
-28
-50
-65
-76
-95
-102
-111
-121
-123
-110
-109
-114
-101
-94
-87
-79
-77
-72
-85
-90
-92
-104
-109
-115
-117
-119
-121
-119
-109
-102
-102
-84
-71
-62
-58
-58
-41
-37
-40
-36
-36
-38
-45
-42
-41
-37
-30
-21
-10
3
18
31
41
52
68
78
84
90
93
99
104
103
102
104
107
109
109
108
115
120
123
122
121
124
122
121
116
113
114
111
110
109
110
115
104
110
114
99
99
98
93
95
83
59
40
23
3
-12
-29
-50
-59
-68
-78
-86
-81
-79
-84
-80
-81
-71
-54
-50
-39
-28
-26
-24
-16
-21
-23
-23
-28
-28
-34
-31
-37
-44
-38
-42
-43
-48
-57
-57
-61
-63
-66
-71
-78
-76
-79
-91
-100
-104
-108
-109
-114
-116
-112
-113
-114
-107
-102
-99
-87
-77
-69
-63
-58
-47
-48
-43
-29
-19
-18
-16
-15
-13
-9
-5
0
1
-3
4
16
23
30
38
52
56
63
74
77
79
82
83
89
90
93
102
97
93
91
92
93
88
85
82
81
77
66
63
65
62
54
49
40
33
24
17
17
10
9
12
5
7
9
15
29
31
35
42
37
48
54
49
51
42
48
61
56
49
48
45
39
28
21
18
10
8
-1
-15
-17
-26
-42
-42
-48
-60
-65
-72
-65
-54
-49
-39
-32
-27
-24
-27
-24
-21
-26
-27
-35
-48
-47
-52
-59
-62
-71
-68
-69
-73
-68
-60
-47
-45
-38
-33
-31
-27
-38
-41
-46
-60
-77
-87
-89
-99
-106
-113
-112
-104
-94
-80
-68
-49
-34
-23
-7
12
26
35
43
44
54
65
60
61
68
68
64
61
65
73
79
86
90
97
99
96
104
99
93
88
80
78
65
54
56
49
38
40
28
18
20
14
