8.080279 -1.603349 2.919472 2.605550 -2.241940 -0.468319 0.236855 -1.873613 -1.901856 -0.765927 -0.155658 0.083145 
7.493595 -1.051153 2.206497 2.856776 -1.829991 -0.201083 -0.263998 -1.767631 -1.903270 -1.024912 -0.201586 0.145882 
5.793531 0.404929 1.598941 2.521302 -1.167580 -0.714191 0.154129 -2.008527 -1.985842 -1.219422 0.037313 0.117404 
5.677982 0.604864 1.953777 2.413217 -1.287795 -0.766197 -0.161608 -2.021641 -1.720033 -1.058675 -0.039318 0.074588 
6.486182 0.311988 1.974699 2.615296 -1.169919 -0.865217 -0.509633 -1.464619 -1.844354 -0.948966 -0.006346 0.077548 
6.851287 -1.081851 1.685401 2.953707 -2.056502 -0.982796 0.982669 -1.391060 -2.194693 -1.001014 -0.186653 0.024037 
7.001521 -0.736920 1.910218 2.585556 -1.863869 -0.597631 -0.006945 -1.764780 -2.117422 -1.156884 -0.274732 0.071630 
8.445371 -2.874910 3.763316 1.578732 -1.855658 -0.026130 -0.252295 -2.177016 -2.171845 -1.149289 -0.223302 0.094756 
7.694993 -2.155736 3.859820 1.279112 -1.640249 -0.038801 -0.343757 -2.009026 -1.975830 -1.062818 -0.140567 0.123987 
7.659481 -2.085035 3.761589 1.439595 -1.516033 -0.125974 -0.338095 -2.085894 -2.047902 -1.024473 -0.140611 0.115125 
6.607691 -2.137240 2.641383 2.291788 -2.122296 -0.514937 0.807226 -1.244310 -1.653807 -0.856495 -0.324112 0.008923 
6.781608 -1.927373 3.144692 1.873162 -2.454530 -1.048625 0.701846 -1.810607 -2.274702 -0.752323 -0.061543 0.034361 
8.413783 -2.639166 3.723180 1.331208 -2.289422 -0.547416 -0.094350 -1.781403 -2.229630 -1.223845 -0.189815 0.074289 
8.165957 -2.748781 4.273388 0.857635 -2.005654 -0.050131 -0.620937 -1.806726 -2.107451 -1.409248 -0.154223 0.101611 
6.608589 -0.818829 3.127125 1.305869 -1.806547 -0.138139 -0.304731 -2.209118 -2.329330 -1.206545 0.017345 0.143211 
7.041905 -0.518825 2.745666 2.121093 -2.702639 -0.625596 0.176674 -1.697552 -2.034359 -0.925958 -0.143533 0.058822 
7.287126 0.515006 1.518368 2.138467 -1.510325 -1.456209 -0.335314 -0.982923 -1.915749 -1.086510 -0.008458 0.082947 
7.520119 0.630653 1.602206 2.049818 -1.451510 -0.746485 -0.611993 -1.204707 -1.988006 -0.969323 0.007168 0.079742 
7.224695 1.090388 2.074734 1.720258 -1.353713 -0.531495 -0.310595 -1.385771 -2.154631 -0.725975 0.120517 0.020956 
7.803362 1.166597 2.134678 1.297004 -1.104795 -0.419585 -0.741290 -1.085981 -2.247401 -0.966496 0.240118 0.088790 
6.765998 0.479987 2.217914 2.904915 -2.375538 -1.709347 0.030722 -1.556705 -2.026142 -0.747275 -0.038487 -0.038866 
7.285014 -0.313519 1.805998 2.392537 -2.162175 -0.763718 -0.347708 -1.734543 -2.143339 -0.884033 -0.057349 0.069022 
7.855776 -2.164622 3.680937 1.693025 -1.722320 -0.768493 -0.381762 -1.491516 -1.806178 -1.195375 -0.212890 0.120332 
7.707642 -1.681630 3.517947 1.576017 -1.674524 -0.523890 -0.383663 -1.717471 -1.801427 -0.990028 -0.087469 0.116565 
7.773063 -2.680375 4.647523 0.898576 -1.613171 -0.441954 -1.162453 -1.397862 -1.782812 -1.179337 0.010044 0.063581 
7.156046 0.116838 2.724724 1.728690 -2.029630 -0.593765 -0.175297 -1.509679 -2.095120 -0.740625 0.120022 0.019740 
6.919680 -0.345017 3.116295 1.942594 -2.020299 -0.924063 -0.024498 -1.384467 -1.904290 -0.828364 0.060513 0.052473 
7.338930 -0.859569 3.899130 1.441010 -2.097317 -0.613403 -0.324161 -1.859899 -1.930444 -0.699967 0.081434 0.038772 
7.532067 -1.735902 5.107078 0.894429 -1.551085 -1.154522 -1.347823 -0.858126 -1.689523 -1.068249 0.111338 -0.004826 
6.855365 -0.643896 4.457921 1.461916 -1.501729 -0.949130 -1.351136 -1.268822 -1.491362 -0.903055 0.181448 0.045000 
7.193115 -1.130063 1.843675 2.897054 -2.634010 -0.954906 -0.317996 -2.132766 -2.505589 -0.907772 -0.033565 0.094790 
8.125869 -2.280936 3.216973 2.559038 -2.701057 -1.219848 -0.244569 -2.298820 -2.076396 -0.622753 -0.032342 0.072613 
7.245391 -1.090843 2.612942 2.776453 -2.647473 -0.955134 -0.390125 -2.024819 -2.051209 -0.645769 -0.000492 0.059483 
6.378126 -0.257471 2.536877 2.660990 -2.364115 -1.304155 -0.390348 -1.886514 -1.885418 -0.689244 -0.045069 0.024159 
6.371179 -0.432385 2.850395 2.591982 -2.496921 -1.029617 -0.223663 -2.086104 -2.011507 -0.739180 -0.089020 0.024126 
7.005302 -1.387303 3.058477 1.793757 -1.947984 -0.986940 -0.583371 -2.165658 -2.102800 -0.883733 -0.018270 0.074189 
7.068972 -1.498884 3.077493 1.817020 -1.761049 -1.016252 -0.793883 -2.090200 -1.906363 -0.933214 -0.072181 0.101943 
6.833621 -1.106019 2.817537 1.745778 -1.745613 -0.799021 -0.968171 -2.135831 -1.950675 -0.971788 0.004391 0.109719 
6.387734 -0.719860 2.784161 1.944960 -1.912319 -0.932926 -1.071457 -1.980520 -1.772051 -0.944644 -0.030193 0.096936 
5.907791 -0.135682 2.608696 2.285018 -2.135646 -1.227105 -0.922616 -2.011932 -1.681967 -0.808254 -0.086310 0.049514 
5.771051 2.843511 2.162334 1.796391 -1.320070 -2.882044 -1.738199 -1.012889 -1.025030 -0.669060 -0.078295 0.034034 
6.664145 0.190962 1.523765 2.214414 -2.851839 -2.114746 -0.254595 -1.500323 -1.593537 -0.958833 -0.223562 0.031821 
7.589766 -1.477386 1.758500 2.213260 -2.413423 -1.764517 -0.165934 -1.560281 -1.876986 -1.033645 -0.287883 0.091678 
7.305765 -1.249859 2.032194 2.258614 -2.347124 -1.526936 -0.347128 -1.617251 -1.736040 -1.002423 -0.258070 0.111333 
7.403742 -0.934800 2.186393 2.277101 -2.370502 -1.355222 -0.671576 -1.578265 -1.692521 -1.015176 -0.209729 0.110404 
6.940574 -1.278995 2.034200 2.638522 -1.631748 -1.475750 -0.428020 -1.907050 -2.006521 -0.891211 -0.067019 0.089607 
6.457150 -0.716727 2.213888 2.206346 -1.654834 -1.651996 -0.856694 -1.883435 -1.772182 -0.867037 -0.043841 0.082550 
6.663877 -0.929379 2.392111 2.184927 -1.871333 -1.289600 -0.562360 -2.143113 -2.086359 -0.789127 0.001612 0.054780 
7.670659 -2.397060 3.778511 1.351388 -1.374988 -1.202937 -1.047898 -1.675526 -2.057233 -0.941812 -0.007549 0.038557 
8.057996 -2.260179 4.132042 1.472894 -1.696326 -1.015052 -1.305187 -1.756770 -1.739975 -0.944872 -0.004517 0.032777 
8.080279 -1.603349 2.919472 2.605550 -2.241940 -0.468319 0.236855 -1.873613 -1.901856 -0.765927 -0.155658 0.083145 
7.493595 -1.051153 2.206497 2.856776 -1.829991 -0.201083 -0.263998 -1.767631 -1.903270 -1.024912 -0.201586 0.145882 
5.793531 0.404929 1.598941 2.521302 -1.167580 -0.714191 0.154129 -2.008527 -1.985842 -1.219422 0.037313 0.117404 
5.677982 0.604864 1.953777 2.413217 -1.287795 -0.766197 -0.161608 -2.021641 -1.720033 -1.058675 -0.039318 0.074588 
6.486182 0.311988 1.974699 2.615296 -1.169919 -0.865217 -0.509633 -1.464619 -1.844354 -0.948966 -0.006346 0.077548 
6.851287 -1.081851 1.685401 2.953707 -2.056502 -0.982796 0.982669 -1.391060 -2.194693 -1.001014 -0.186653 0.024037 
7.001521 -0.736920 1.910218 2.585556 -1.863869 -0.597631 -0.006945 -1.764780 -2.117422 -1.156884 -0.274732 0.071630 
8.445371 -2.874910 3.763316 1.578732 -1.855658 -0.026130 -0.252295 -2.177016 -2.171845 -1.149289 -0.223302 0.094756 
7.694993 -2.155736 3.859820 1.279112 -1.640249 -0.038801 -0.343757 -2.009026 -1.975830 -1.062818 -0.140567 0.123987 
7.659481 -2.085035 3.761589 1.439595 -1.516033 -0.125974 -0.338095 -2.085894 -2.047902 -1.024473 -0.140611 0.115125 
6.607691 -2.137240 2.641383 2.291788 -2.122296 -0.514937 0.807226 -1.244310 -1.653807 -0.856495 -0.324112 0.008923 
6.781608 -1.927373 3.144692 1.873162 -2.454530 -1.048625 0.701846 -1.810607 -2.274702 -0.752323 -0.061543 0.034361 
8.413783 -2.639166 3.723180 1.331208 -2.289422 -0.547416 -0.094350 -1.781403 -2.229630 -1.223845 -0.189815 0.074289 
8.165957 -2.748781 4.273388 0.857635 -2.005654 -0.050131 -0.620937 -1.806726 -2.107451 -1.409248 -0.154223 0.101611 
6.608589 -0.818829 3.127125 1.305869 -1.806547 -0.138139 -0.304731 -2.209118 -2.329330 -1.206545 0.017345 0.143211 
7.041905 -0.518825 2.745666 2.121093 -2.702639 -0.625596 0.176674 -1.697552 -2.034359 -0.925958 -0.143533 0.058822 
7.287126 0.515006 1.518368 2.138467 -1.510325 -1.456209 -0.335314 -0.982923 -1.915749 -1.086510 -0.008458 0.082947 
7.520119 0.630653 1.602206 2.049818 -1.451510 -0.746485 -0.611993 -1.204707 -1.988006 -0.969323 0.007168 0.079742 
7.224695 1.090388 2.074734 1.720258 -1.353713 -0.531495 -0.310595 -1.385771 -2.154631 -0.725975 0.120517 0.020956 
7.803362 1.166597 2.134678 1.297004 -1.104795 -0.419585 -0.741290 -1.085981 -2.247401 -0.966496 0.240118 0.088790 
6.765998 0.479987 2.217914 2.904915 -2.375538 -1.709347 0.030722 -1.556705 -2.026142 -0.747275 -0.038487 -0.038866 
7.285014 -0.313519 1.805998 2.392537 -2.162175 -0.763718 -0.347708 -1.734543 -2.143339 -0.884033 -0.057349 0.069022 
7.855776 -2.164622 3.680937 1.693025 -1.722320 -0.768493 -0.381762 -1.491516 -1.806178 -1.195375 -0.212890 0.120332 
7.707642 -1.681630 3.517947 1.576017 -1.674524 -0.523890 -0.383663 -1.717471 -1.801427 -0.990028 -0.087469 0.116565 
7.773063 -2.680375 4.647523 0.898576 -1.613171 -0.441954 -1.162453 -1.397862 -1.782812 -1.179337 0.010044 0.063581 
7.156046 0.116838 2.724724 1.728690 -2.029630 -0.593765 -0.175297 -1.509679 -2.095120 -0.740625 0.120022 0.019740 
6.919680 -0.345017 3.116295 1.942594 -2.020299 -0.924063 -0.024498 -1.384467 -1.904290 -0.828364 0.060513 0.052473 
7.338930 -0.859569 3.899130 1.441010 -2.097317 -0.613403 -0.324161 -1.859899 -1.930444 -0.699967 0.081434 0.038772 
7.532067 -1.735902 5.107078 0.894429 -1.551085 -1.154522 -1.347823 -0.858126 -1.689523 -1.068249 0.111338 -0.004826 
6.855365 -0.643896 4.457921 1.461916 -1.501729 -0.949130 -1.351136 -1.268822 -1.491362 -0.903055 0.181448 0.045000 
7.193115 -1.130063 1.843675 2.897054 -2.634010 -0.954906 -0.317996 -2.132766 -2.505589 -0.907772 -0.033565 0.094790 
8.125869 -2.280936 3.216973 2.559038 -2.701057 -1.219848 -0.244569 -2.298820 -2.076396 -0.622753 -0.032342 0.072613 
7.245391 -1.090843 2.612942 2.776453 -2.647473 -0.955134 -0.390125 -2.024819 -2.051209 -0.645769 -0.000492 0.059483 
6.378126 -0.257471 2.536877 2.660990 -2.364115 -1.304155 -0.390348 -1.886514 -1.885418 -0.689244 -0.045069 0.024159 
6.371179 -0.432385 2.850395 2.591982 -2.496921 -1.029617 -0.223663 -2.086104 -2.011507 -0.739180 -0.089020 0.024126 
7.005302 -1.387303 3.058477 1.793757 -1.947984 -0.986940 -0.583371 -2.165658 -2.102800 -0.883733 -0.018270 0.074189 
7.068972 -1.498884 3.077493 1.817020 -1.761049 -1.016252 -0.793883 -2.090200 -1.906363 -0.933214 -0.072181 0.101943 
6.833621 -1.106019 2.817537 1.745778 -1.745613 -0.799021 -0.968171 -2.135831 -1.950675 -0.971788 0.004391 0.109719 
6.387734 -0.719860 2.784161 1.944960 -1.912319 -0.932926 -1.071457 -1.980520 -1.772051 -0.944644 -0.030193 0.096936 
5.907791 -0.135682 2.608696 2.285018 -2.135646 -1.227105 -0.922616 -2.011932 -1.681967 -0.808254 -0.086310 0.049514 
5.771051 2.843511 2.162334 1.796391 -1.320070 -2.882044 -1.738199 -1.012889 -1.025030 -0.669060 -0.078295 0.034034 
6.664145 0.190962 1.523765 2.214414 -2.851839 -2.114746 -0.254595 -1.500323 -1.593537 -0.958833 -0.223562 0.031821 
7.589766 -1.477386 1.758500 2.213260 -2.413423 -1.764517 -0.165934 -1.560281 -1.876986 -1.033645 -0.287883 0.091678 
7.305765 -1.249859 2.032194 2.258614 -2.347124 -1.526936 -0.347128 -1.617251 -1.736040 -1.002423 -0.258070 0.111333 
7.403742 -0.934800 2.186393 2.277101 -2.370502 -1.355222 -0.671576 -1.578265 -1.692521 -1.015176 -0.209729 0.110404 
6.940574 -1.278995 2.034200 2.638522 -1.631748 -1.475750 -0.428020 -1.907050 -2.006521 -0.891211 -0.067019 0.089607 
6.457150 -0.716727 2.213888 2.206346 -1.654834 -1.651996 -0.856694 -1.883435 -1.772182 -0.867037 -0.043841 0.082550 
6.663877 -0.929379 2.392111 2.184927 -1.871333 -1.289600 -0.562360 -2.143113 -2.086359 -0.789127 0.001612 0.054780 
7.670659 -2.397060 3.778511 1.351388 -1.374988 -1.202937 -1.047898 -1.675526 -2.057233 -0.941812 -0.007549 0.038557 
8.057996 -2.260179 4.132042 1.472894 -1.696326 -1.015052 -1.305187 -1.756770 -1.739975 -0.944872 -0.004517 0.032777 
8.080279 -1.603349 2.919472 2.605550 -2.241940 -0.468319 0.236855 -1.873613 -1.901856 -0.765927 -0.155658 0.083145 
7.493595 -1.051153 2.206497 2.856776 -1.829991 -0.201083 -0.263998 -1.767631 -1.903270 -1.024912 -0.201586 0.145882 
5.793531 0.404929 1.598941 2.521302 -1.167580 -0.714191 0.154129 -2.008527 -1.985842 -1.219422 0.037313 0.117404 
5.677982 0.604864 1.953777 2.413217 -1.287795 -0.766197 -0.161608 -2.021641 -1.720033 -1.058675 -0.039318 0.074588 
6.486182 0.311988 1.974699 2.615296 -1.169919 -0.865217 -0.509633 -1.464619 -1.844354 -0.948966 -0.006346 0.077548 
6.851287 -1.081851 1.685401 2.953707 -2.056502 -0.982796 0.982669 -1.391060 -2.194693 -1.001014 -0.186653 0.024037 
7.001521 -0.736920 1.910218 2.585556 -1.863869 -0.597631 -0.006945 -1.764780 -2.117422 -1.156884 -0.274732 0.071630 
8.445371 -2.874910 3.763316 1.578732 -1.855658 -0.026130 -0.252295 -2.177016 -2.171845 -1.149289 -0.223302 0.094756 
7.694993 -2.155736 3.859820 1.279112 -1.640249 -0.038801 -0.343757 -2.009026 -1.975830 -1.062818 -0.140567 0.123987 
7.659481 -2.085035 3.761589 1.439595 -1.516033 -0.125974 -0.338095 -2.085894 -2.047902 -1.024473 -0.140611 0.115125 
6.607691 -2.137240 2.641383 2.291788 -2.122296 -0.514937 0.807226 -1.244310 -1.653807 -0.856495 -0.324112 0.008923 
6.781608 -1.927373 3.144692 1.873162 -2.454530 -1.048625 0.701846 -1.810607 -2.274702 -0.752323 -0.061543 0.034361 
8.413783 -2.639166 3.723180 1.331208 -2.289422 -0.547416 -0.094350 -1.781403 -2.229630 -1.223845 -0.189815 0.074289 
8.165957 -2.748781 4.273388 0.857635 -2.005654 -0.050131 -0.620937 -1.806726 -2.107451 -1.409248 -0.154223 0.101611 
6.608589 -0.818829 3.127125 1.305869 -1.806547 -0.138139 -0.304731 -2.209118 -2.329330 -1.206545 0.017345 0.143211 
7.041905 -0.518825 2.745666 2.121093 -2.702639 -0.625596 0.176674 -1.697552 -2.034359 -0.925958 -0.143533 0.058822 
7.287126 0.515006 1.518368 2.138467 -1.510325 -1.456209 -0.335314 -0.982923 -1.915749 -1.086510 -0.008458 0.082947 
7.520119 0.630653 1.602206 2.049818 -1.451510 -0.746485 -0.611993 -1.204707 -1.988006 -0.969323 0.007168 0.079742 
7.224695 1.090388 2.074734 1.720258 -1.353713 -0.531495 -0.310595 -1.385771 -2.154631 -0.725975 0.120517 0.020956 
7.803362 1.166597 2.134678 1.297004 -1.104795 -0.419585 -0.741290 -1.085981 -2.247401 -0.966496 0.240118 0.088790 
6.765998 0.479987 2.217914 2.904915 -2.375538 -1.709347 0.030722 -1.556705 -2.026142 -0.747275 -0.038487 -0.038866 
7.285014 -0.313519 1.805998 2.392537 -2.162175 -0.763718 -0.347708 -1.734543 -2.143339 -0.884033 -0.057349 0.069022 
7.855776 -2.164622 3.680937 1.693025 -1.722320 -0.768493 -0.381762 -1.491516 -1.806178 -1.195375 -0.212890 0.120332 
7.707642 -1.681630 3.517947 1.576017 -1.674524 -0.523890 -0.383663 -1.717471 -1.801427 -0.990028 -0.087469 0.116565 
7.773063 -2.680375 4.647523 0.898576 -1.613171 -0.441954 -1.162453 -1.397862 -1.782812 -1.179337 0.010044 0.063581 
7.156046 0.116838 2.724724 1.728690 -2.029630 -0.593765 -0.175297 -1.509679 -2.095120 -0.740625 0.120022 0.019740 
6.919680 -0.345017 3.116295 1.942594 -2.020299 -0.924063 -0.024498 -1.384467 -1.904290 -0.828364 0.060513 0.052473 
7.338930 -0.859569 3.899130 1.441010 -2.097317 -0.613403 -0.324161 -1.859899 -1.930444 -0.699967 0.081434 0.038772 
7.532067 -1.735902 5.107078 0.894429 -1.551085 -1.154522 -1.347823 -0.858126 -1.689523 -1.068249 0.111338 -0.004826 
6.855365 -0.643896 4.457921 1.461916 -1.501729 -0.949130 -1.351136 -1.268822 -1.491362 -0.903055 0.181448 0.045000 
7.193115 -1.130063 1.843675 2.897054 -2.634010 -0.954906 -0.317996 -2.132766 -2.505589 -0.907772 -0.033565 0.094790 
8.125869 -2.280936 3.216973 2.559038 -2.701057 -1.219848 -0.244569 -2.298820 -2.076396 -0.622753 -0.032342 0.072613 
7.245391 -1.090843 2.612942 2.776453 -2.647473 -0.955134 -0.390125 -2.024819 -2.051209 -0.645769 -0.000492 0.059483 
6.378126 -0.257471 2.536877 2.660990 -2.364115 -1.304155 -0.390348 -1.886514 -1.885418 -0.689244 -0.045069 0.024159 
6.371179 -0.432385 2.850395 2.591982 -2.496921 -1.029617 -0.223663 -2.086104 -2.011507 -0.739180 -0.089020 0.024126 
7.005302 -1.387303 3.058477 1.793757 -1.947984 -0.986940 -0.583371 -2.165658 -2.102800 -0.883733 -0.018270 0.074189 
7.068972 -1.498884 3.077493 1.817020 -1.761049 -1.016252 -0.793883 -2.090200 -1.906363 -0.933214 -0.072181 0.101943 
6.833621 -1.106019 2.817537 1.745778 -1.745613 -0.799021 -0.968171 -2.135831 -1.950675 -0.971788 0.004391 0.109719 
6.387734 -0.719860 2.784161 1.944960 -1.912319 -0.932926 -1.071457 -1.980520 -1.772051 -0.944644 -0.030193 0.096936 
5.907791 -0.135682 2.608696 2.285018 -2.135646 -1.227105 -0.922616 -2.011932 -1.681967 -0.808254 -0.086310 0.049514 
5.771051 2.843511 2.162334 1.796391 -1.320070 -2.882044 -1.738199 -1.012889 -1.025030 -0.669060 -0.078295 0.034034 
6.664145 0.190962 1.523765 2.214414 -2.851839 -2.114746 -0.254595 -1.500323 -1.593537 -0.958833 -0.223562 0.031821 
7.589766 -1.477386 1.758500 2.213260 -2.413423 -1.764517 -0.165934 -1.560281 -1.876986 -1.033645 -0.287883 0.091678 
7.305765 -1.249859 2.032194 2.258614 -2.347124 -1.526936 -0.347128 -1.617251 -1.736040 -1.002423 -0.258070 0.111333 
7.403742 -0.934800 2.186393 2.277101 -2.370502 -1.355222 -0.671576 -1.578265 -1.692521 -1.015176 -0.209729 0.110404 
6.940574 -1.278995 2.034200 2.638522 -1.631748 -1.475750 -0.428020 -1.907050 -2.006521 -0.891211 -0.067019 0.089607 
6.457150 -0.716727 2.213888 2.206346 -1.654834 -1.651996 -0.856694 -1.883435 -1.772182 -0.867037 -0.043841 0.082550 
6.663877 -0.929379 2.392111 2.184927 -1.871333 -1.289600 -0.562360 -2.143113 -2.086359 -0.789127 0.001612 0.054780 
7.670659 -2.397060 3.778511 1.351388 -1.374988 -1.202937 -1.047898 -1.675526 -2.057233 -0.941812 -0.007549 0.038557 
8.057996 -2.260179 4.132042 1.472894 -1.696326 -1.015052 -1.305187 -1.756770 -1.739975 -0.944872 -0.004517 0.032777 
8.080279 -1.603349 2.919472 2.605550 -2.241940 -0.468319 0.236855 -1.873613 -1.901856 -0.765927 -0.155658 0.083145 
7.493595 -1.051153 2.206497 2.856776 -1.829991 -0.201083 -0.263998 -1.767631 -1.903270 -1.024912 -0.201586 0.145882 
5.793531 0.404929 1.598941 2.521302 -1.167580 -0.714191 0.154129 -2.008527 -1.985842 -1.219422 0.037313 0.117404 
5.677982 0.604864 1.953777 2.413217 -1.287795 -0.766197 -0.161608 -2.021641 -1.720033 -1.058675 -0.039318 0.074588 
6.486182 0.311988 1.974699 2.615296 -1.169919 -0.865217 -0.509633 -1.464619 -1.844354 -0.948966 -0.006346 0.077548 
6.851287 -1.081851 1.685401 2.953707 -2.056502 -0.982796 0.982669 -1.391060 -2.194693 -1.001014 -0.186653 0.024037 
7.001521 -0.736920 1.910218 2.585556 -1.863869 -0.597631 -0.006945 -1.764780 -2.117422 -1.156884 -0.274732 0.071630 
8.445371 -2.874910 3.763316 1.578732 -1.855658 -0.026130 -0.252295 -2.177016 -2.171845 -1.149289 -0.223302 0.094756 
7.694993 -2.155736 3.859820 1.279112 -1.640249 -0.038801 -0.343757 -2.009026 -1.975830 -1.062818 -0.140567 0.123987 
7.659481 -2.085035 3.761589 1.439595 -1.516033 -0.125974 -0.338095 -2.085894 -2.047902 -1.024473 -0.140611 0.115125 
6.607691 -2.137240 2.641383 2.291788 -2.122296 -0.514937 0.807226 -1.244310 -1.653807 -0.856495 -0.324112 0.008923 
6.781608 -1.927373 3.144692 1.873162 -2.454530 -1.048625 0.701846 -1.810607 -2.274702 -0.752323 -0.061543 0.034361 
8.413783 -2.639166 3.723180 1.331208 -2.289422 -0.547416 -0.094350 -1.781403 -2.229630 -1.223845 -0.189815 0.074289 
8.165957 -2.748781 4.273388 0.857635 -2.005654 -0.050131 -0.620937 -1.806726 -2.107451 -1.409248 -0.154223 0.101611 
6.608589 -0.818829 3.127125 1.305869 -1.806547 -0.138139 -0.304731 -2.209118 -2.329330 -1.206545 0.017345 0.143211 
7.041905 -0.518825 2.745666 2.121093 -2.702639 -0.625596 0.176674 -1.697552 -2.034359 -0.925958 -0.143533 0.058822 
7.287126 0.515006 1.518368 2.138467 -1.510325 -1.456209 -0.335314 -0.982923 -1.915749 -1.086510 -0.008458 0.082947 
7.520119 0.630653 1.602206 2.049818 -1.451510 -0.746485 -0.611993 -1.204707 -1.988006 -0.969323 0.007168 0.079742 
7.224695 1.090388 2.074734 1.720258 -1.353713 -0.531495 -0.310595 -1.385771 -2.154631 -0.725975 0.120517 0.020956 
7.803362 1.166597 2.134678 1.297004 -1.104795 -0.419585 -0.741290 -1.085981 -2.247401 -0.966496 0.240118 0.088790 
6.765998 0.479987 2.217914 2.904915 -2.375538 -1.709347 0.030722 -1.556705 -2.026142 -0.747275 -0.038487 -0.038866 
7.285014 -0.313519 1.805998 2.392537 -2.162175 -0.763718 -0.347708 -1.734543 -2.143339 -0.884033 -0.057349 0.069022 
7.855776 -2.164622 3.680937 1.693025 -1.722320 -0.768493 -0.381762 -1.491516 -1.806178 -1.195375 -0.212890 0.120332 
7.707642 -1.681630 3.517947 1.576017 -1.674524 -0.523890 -0.383663 -1.717471 -1.801427 -0.990028 -0.087469 0.116565 
7.773063 -2.680375 4.647523 0.898576 -1.613171 -0.441954 -1.162453 -1.397862 -1.782812 -1.179337 0.010044 0.063581 
7.156046 0.116838 2.724724 1.728690 -2.029630 -0.593765 -0.175297 -1.509679 -2.095120 -0.740625 0.120022 0.019740 
6.919680 -0.345017 3.116295 1.942594 -2.020299 -0.924063 -0.024498 -1.384467 -1.904290 -0.828364 0.060513 0.052473 
7.338930 -0.859569 3.899130 1.441010 -2.097317 -0.613403 -0.324161 -1.859899 -1.930444 -0.699967 0.081434 0.038772 
7.532067 -1.735902 5.107078 0.894429 -1.551085 -1.154522 -1.347823 -0.858126 -1.689523 -1.068249 0.111338 -0.004826 
6.855365 -0.643896 4.457921 1.461916 -1.501729 -0.949130 -1.351136 -1.268822 -1.491362 -0.903055 0.181448 0.045000 
7.193115 -1.130063 1.843675 2.897054 -2.634010 -0.954906 -0.317996 -2.132766 -2.505589 -0.907772 -0.033565 0.094790 
8.125869 -2.280936 3.216973 2.559038 -2.701057 -1.219848 -0.244569 -2.298820 -2.076396 -0.622753 -0.032342 0.072613 
7.245391 -1.090843 2.612942 2.776453 -2.647473 -0.955134 -0.390125 -2.024819 -2.051209 -0.645769 -0.000492 0.059483 
6.378126 -0.257471 2.536877 2.660990 -2.364115 -1.304155 -0.390348 -1.886514 -1.885418 -0.689244 -0.045069 0.024159 
6.371179 -0.432385 2.850395 2.591982 -2.496921 -1.029617 -0.223663 -2.086104 -2.011507 -0.739180 -0.089020 0.024126 
7.005302 -1.387303 3.058477 1.793757 -1.947984 -0.986940 -0.583371 -2.165658 -2.102800 -0.883733 -0.018270 0.074189 
7.068972 -1.498884 3.077493 1.817020 -1.761049 -1.016252 -0.793883 -2.090200 -1.906363 -0.933214 -0.072181 0.101943 
6.833621 -1.106019 2.817537 1.745778 -1.745613 -0.799021 -0.968171 -2.135831 -1.950675 -0.971788 0.004391 0.109719 
6.387734 -0.719860 2.784161 1.944960 -1.912319 -0.932926 -1.071457 -1.980520 -1.772051 -0.944644 -0.030193 0.096936 
5.907791 -0.135682 2.608696 2.285018 -2.135646 -1.227105 -0.922616 -2.011932 -1.681967 -0.808254 -0.086310 0.049514 
5.771051 2.843511 2.162334 1.796391 -1.320070 -2.882044 -1.738199 -1.012889 -1.025030 -0.669060 -0.078295 0.034034 
6.664145 0.190962 1.523765 2.214414 -2.851839 -2.114746 -0.254595 -1.500323 -1.593537 -0.958833 -0.223562 0.031821 
7.589766 -1.477386 1.758500 2.213260 -2.413423 -1.764517 -0.165934 -1.560281 -1.876986 -1.033645 -0.287883 0.091678 
7.305765 -1.249859 2.032194 2.258614 -2.347124 -1.526936 -0.347128 -1.617251 -1.736040 -1.002423 -0.258070 0.111333 
7.403742 -0.934800 2.186393 2.277101 -2.370502 -1.355222 -0.671576 -1.578265 -1.692521 -1.015176 -0.209729 0.110404 
6.940574 -1.278995 2.034200 2.638522 -1.631748 -1.475750 -0.428020 -1.907050 -2.006521 -0.891211 -0.067019 0.089607 
6.457150 -0.716727 2.213888 2.206346 -1.654834 -1.651996 -0.856694 -1.883435 -1.772182 -0.867037 -0.043841 0.082550 
6.663877 -0.929379 2.392111 2.184927 -1.871333 -1.289600 -0.562360 -2.143113 -2.086359 -0.789127 0.001612 0.054780 
7.670659 -2.397060 3.778511 1.351388 -1.374988 -1.202937 -1.047898 -1.675526 -2.057233 -0.941812 -0.007549 0.038557 
8.057996 -2.260179 4.132042 1.472894 -1.696326 -1.015052 -1.305187 -1.756770 -1.739975 -0.944872 -0.004517 0.032777 
7.833564 -1.350207 2.731172 2.702283 -2.273469 -0.434387 0.192650 -1.834063 -1.912862 -0.778078 -0.159648 0.081687 
7.633166 -1.170408 2.293218 2.816542 -1.846306 -0.199598 -0.240797 -1.798271 -1.884467 -1.016985 -0.199112 0.148903 
7.461781 -1.149349 2.250127 2.970172 -1.911635 -0.299064 0.071981 -1.905522 -2.294312 -0.992733 -0.075286 0.123358 
7.349893 -1.015096 2.754611 2.653283 -1.896084 -0.326371 -0.272386 -1.991425 -1.920128 -0.880950 -0.144280 0.093841 
7.491205 -0.591606 2.491367 2.725190 -1.672877 -0.443051 -0.663880 -1.582381 -1.790394 -0.884595 -0.016698 0.109954 
7.464517 -1.715821 2.088555 2.831581 -2.121920 -0.891010 0.950372 -1.361825 -2.231129 -0.952339 -0.185600 0.025971 
8.546178 -2.572380 3.295831 1.919098 -1.764963 -0.439028 -0.096608 -1.814884 -2.041743 -1.177439 -0.291805 0.077324 
7.502238 -1.459316 2.670123 2.124526 -2.018585 -0.261454 0.052820 -2.240712 -2.231551 -1.023615 -0.196325 0.104463 
5.813899 0.111672 2.143838 2.005855 -1.687554 -0.348323 -0.052147 -2.179550 -1.866367 -1.088050 -0.087044 0.120875 
5.809253 0.140292 2.099047 2.131913 -1.574415 -0.406470 -0.052249 -2.282332 -1.894828 -1.071575 -0.075801 0.113232 
7.340521 -3.131477 3.648674 1.721699 -1.973829 -0.433534 0.550296 -1.122948 -1.732539 -0.977338 -0.324274 0.010737 
6.398369 -1.428755 2.691743 2.171406 -2.581938 -1.030274 0.757973 -1.878169 -2.219577 -0.751977 -0.052392 0.034131 
6.576233 -0.337536 1.997306 2.124322 -2.350590 -0.887293 0.245016 -1.899647 -2.273495 -1.145224 -0.157349 0.074387 
7.764612 -2.078906 3.872711 0.930680 -1.933816 -0.272159 -0.365873 -1.904635 -2.177218 -1.258682 -0.151678 0.111769 
6.849796 -1.152339 3.418096 1.114988 -1.694884 -0.171914 -0.322507 -2.184319 -2.346530 -1.203684 0.013759 0.141359 
7.913388 -1.514216 3.557263 1.673124 -2.581897 -0.622311 0.210136 -1.781718 -1.983202 -0.915623 -0.143110 0.064947 
8.360108 -0.588346 2.326884 1.943097 -1.740640 -1.218589 -0.336532 -1.137275 -1.856389 -1.077280 -0.010330 0.105745 
7.582074 0.566320 1.649632 2.055999 -1.486791 -0.707690 -0.631323 -1.215084 -1.978360 -0.968294 0.006952 0.082822 
7.306650 0.994895 2.128990 1.734232 -1.396930 -0.484170 -0.327726 -1.407092 -2.138764 -0.729309 0.117402 0.023237 
8.709441 0.133998 3.085373 0.780865 -0.981645 -0.391576 -0.703878 -1.236182 -2.080626 -1.088822 0.276353 0.113135 
6.761723 0.486792 2.228134 2.901627 -2.393244 -1.709560 0.034185 -1.548326 -2.022679 -0.749332 -0.040387 -0.038661 
7.201559 -0.241370 1.767498 2.373739 -2.117062 -0.798813 -0.335500 -1.729837 -2.142738 -0.893005 -0.057110 0.066779 
7.275396 -1.326946 2.950248 2.127872 -1.880009 -0.815601 -0.255297 -1.622523 -1.774810 -1.124993 -0.208756 0.128572 
5.798242 0.470966 1.984247 2.092068 -1.520915 -0.850495 -0.212888 -1.777363 -1.722659 -1.063749 -0.018251 0.102397 
5.636246 0.168163 2.485332 1.955684 -1.738825 -0.906749 -0.643788 -1.884959 -1.668968 -0.903069 0.019006 0.092381 
8.646917 -1.807987 4.163695 0.783309 -1.683456 -0.397492 -0.585084 -1.280598 -1.924763 -0.948604 0.131686 -0.010945 
6.596201 0.024979 2.798650 2.096175 -2.007499 -0.996076 0.014291 -1.354170 -1.926720 -0.830831 0.061522 0.048049 
6.417134 0.208564 2.997979 1.920964 -2.199448 -0.696150 -0.281922 -1.781149 -1.995219 -0.689542 0.071967 0.030070 
6.588729 -0.379829 4.030944 1.618146 -1.699857 -1.203623 -1.173592 -1.346198 -1.557036 -0.868567 0.096561 0.042339 
6.587693 -0.286969 4.130398 1.704818 -1.636292 -0.883138 -1.358185 -1.285492 -1.492623 -0.885134 0.178389 0.048665 
8.703866 -2.522797 2.889000 2.464667 -2.620903 -1.025675 -0.041541 -2.420209 -2.422592 -0.797251 -0.011737 0.099705 
7.335901 -1.436601 2.550444 2.914599 -2.855205 -1.124210 -0.350117 -2.165230 -2.127020 -0.656896 -0.040952 0.072038 
6.985045 -0.863752 2.466199 2.769700 -2.572823 -1.013176 -0.392655 -1.958446 -2.070025 -0.680174 -0.005471 0.055871 
6.168043 -0.030642 2.378817 2.667965 -2.313393 -1.359925 -0.341553 -1.908550 -1.862788 -0.715112 -0.039876 0.022506 
6.166662 -0.222352 2.689963 2.651027 -2.460370 -1.094656 -0.202780 -2.090661 -1.991210 -0.756910 -0.084945 0.022123 
6.321251 -0.599091 2.448620 2.088980 -1.998922 -1.019346 -0.564307 -2.152609 -2.097541 -0.901100 -0.009945 0.070895 
6.332439 -0.642026 2.375190 2.193279 -1.852237 -1.066778 -0.742052 -2.100867 -1.908299 -0.947690 -0.065025 0.097448 
7.378364 -1.868626 3.474581 1.302729 -1.533363 -0.818620 -1.044811 -2.045263 -1.985848 -1.008432 0.004555 0.102796 
7.909181 -2.879940 4.418730 1.044597 -1.744366 -0.663062 -1.442013 -1.634208 -1.792541 -1.251748 -0.019201 0.074321 
6.269826 -0.528019 2.891737 2.221286 -2.179860 -1.130156 -1.010374 -2.009085 -1.679602 -0.783577 -0.086671 0.053908 
5.694066 2.858829 2.139558 1.738057 -1.229348 -2.824921 -1.796526 -1.026136 -1.033587 -0.660275 -0.087687 0.031588 
6.629455 0.220287 1.523724 2.199477 -2.828105 -2.116566 -0.262088 -1.513331 -1.578792 -0.960837 -0.220000 0.032795 
7.159138 -1.015297 1.417155 2.356560 -2.412083 -1.813082 -0.137336 -1.573365 -1.856045 -1.061325 -0.282911 0.089011 
6.868858 -0.786575 1.693002 2.394318 -2.334808 -1.590701 -0.311866 -1.621114 -1.724867 -1.033153 -0.251815 0.107192 
7.353335 -0.870310 2.115456 2.316813 -2.387964 -1.358681 -0.671568 -1.560671 -1.702100 -1.019810 -0.213565 0.109497 
6.867658 -1.182004 1.941917 2.700967 -1.671517 -1.463181 -0.431785 -1.906305 -2.003607 -0.893834 -0.064708 0.089210 
6.897667 -1.246912 2.627140 1.976527 -1.566476 -1.672039 -0.867711 -1.844872 -1.819374 -0.855428 -0.054162 0.082159 
6.533666 -0.772214 2.255850 2.266861 -1.901449 -1.285709 -0.561749 -2.146758 -2.084584 -0.790535 0.005379 0.053611 
6.630230 -0.903980 2.522433 2.189227 -1.695637 -1.331096 -0.713267 -2.033417 -1.923059 -0.797212 -0.019911 0.061464 
7.595579 -1.583369 3.652504 1.784155 -1.743705 -1.134772 -1.122448 -1.935820 -1.754057 -0.816113 -0.001249 0.045381 
7.833564 -1.350207 2.731172 2.702283 -2.273469 -0.434387 0.192650 -1.834063 -1.912862 -0.778078 -0.159648 0.081687 
7.633166 -1.170408 2.293218 2.816542 -1.846306 -0.199598 -0.240797 -1.798271 -1.884467 -1.016985 -0.199112 0.148903 
7.461781 -1.149349 2.250127 2.970172 -1.911635 -0.299064 0.071981 -1.905522 -2.294312 -0.992733 -0.075286 0.123358 
7.349893 -1.015096 2.754611 2.653283 -1.896084 -0.326371 -0.272386 -1.991425 -1.920128 -0.880950 -0.144280 0.093841 
7.491205 -0.591606 2.491367 2.725190 -1.672877 -0.443051 -0.663880 -1.582381 -1.790394 -0.884595 -0.016698 0.109954 
6.921662 -0.215674 1.711896 2.692380 -1.402451 -0.987744 0.130355 -1.603111 -1.960453 -1.065352 -0.173507 0.064911 
5.981996 0.394967 1.908915 2.398917 -1.516660 -0.785436 0.276961 -1.738426 -1.715525 -0.952667 -0.034806 0.076819 
4.875552 1.284753 1.417688 1.788115 -0.693781 -0.894411 -0.549850 -1.703627 -1.615956 -1.159022 0.144284 0.084158 
4.478772 1.533065 1.390984 1.537397 -0.395724 -0.701533 -0.481255 -1.485462 -1.757615 -1.102256 0.265488 0.088294 
5.042631 1.247068 1.791001 1.909628 -1.206930 -0.767251 -0.245160 -1.907296 -1.611752 -1.083158 0.072459 0.056319 
6.921662 -0.215674 1.711896 2.692380 -1.402451 -0.987744 0.130355 -1.603111 -1.960453 -1.065352 -0.173507 0.064911 
5.981996 0.394967 1.908915 2.398917 -1.516660 -0.785436 0.276961 -1.738426 -1.715525 -0.952667 -0.034806 0.076819 
4.875552 1.284753 1.417688 1.788115 -0.693781 -0.894411 -0.549850 -1.703627 -1.615956 -1.159022 0.144284 0.084158 
4.478772 1.533065 1.390984 1.537397 -0.395724 -0.701533 -0.481255 -1.485462 -1.757615 -1.102256 0.265488 0.088294 
5.042631 1.247068 1.791001 1.909628 -1.206930 -0.767251 -0.245160 -1.907296 -1.611752 -1.083158 0.072459 0.056319 
5.425580 1.265102 1.317056 1.909109 -0.912203 -1.062833 -0.218469 -1.588635 -1.699982 -1.231003 0.048382 0.083256 
4.832672 1.357280 1.795963 1.700311 -1.026004 -0.731032 -0.141432 -1.542746 -1.548919 -0.959484 0.153725 0.064250 
5.205152 1.038896 1.461982 2.019664 -0.744079 -0.878732 -0.540709 -1.768099 -1.623311 -1.273790 0.080989 0.112052 
3.649741 1.668709 1.384831 0.984256 -0.697492 -0.870563 -0.472565 -1.078406 -1.287119 -0.675224 0.162206 0.017616 
3.649089 2.162844 1.036526 0.359434 -0.456454 -0.824477 -0.913939 -1.307580 -1.362377 -0.683903 0.140775 0.011177 
5.425580 1.265102 1.317056 1.909109 -0.912203 -1.062833 -0.218469 -1.588635 -1.699982 -1.231003 0.048382 0.083256 
4.832672 1.357280 1.795963 1.700311 -1.026004 -0.731032 -0.141432 -1.542746 -1.548919 -0.959484 0.153725 0.064250 
5.205152 1.038896 1.461982 2.019664 -0.744079 -0.878732 -0.540709 -1.768099 -1.623311 -1.273790 0.080989 0.112052 
3.649741 1.668709 1.384831 0.984256 -0.697492 -0.870563 -0.472565 -1.078406 -1.287119 -0.675224 0.162206 0.017616 
3.649089 2.162844 1.036526 0.359434 -0.456454 -0.824477 -0.913939 -1.307580 -1.362377 -0.683903 0.140775 0.011177 
5.425580 1.265102 1.317056 1.909109 -0.912203 -1.062833 -0.218469 -1.588635 -1.699982 -1.231003 0.048382 0.083256 
4.832672 1.357280 1.795963 1.700311 -1.026004 -0.731032 -0.141432 -1.542746 -1.548919 -0.959484 0.153725 0.064250 
5.205152 1.038896 1.461982 2.019664 -0.744079 -0.878732 -0.540709 -1.768099 -1.623311 -1.273790 0.080989 0.112052 
3.649741 1.668709 1.384831 0.984256 -0.697492 -0.870563 -0.472565 -1.078406 -1.287119 -0.675224 0.162206 0.017616 
3.649089 2.162844 1.036526 0.359434 -0.456454 -0.824477 -0.913939 -1.307580 -1.362377 -0.683903 0.140775 0.011177 
-1.#IND00 -1.#IND00 -1.#IND00 -1.#IND00 -1.#IND00 -1.#IND00 -1.#IND00 -1.#IND00 -1.#IND00 -1.#IND00 -1.#IND00 -1.#IND00 
-1.#QNAN0 -1.#QNAN0 -1.#QNAN0 -1.#QNAN0 -1.#QNAN0 -1.#QNAN0 -1.#QNAN0 -1.#QNAN0 -1.#QNAN0 -1.#QNAN0 -1.#QNAN0 -1.#QNAN0 
-1.#QNAN0 -1.#QNAN0 -1.#QNAN0 -1.#QNAN0 -1.#QNAN0 -1.#QNAN0 -1.#QNAN0 -1.#QNAN0 -1.#QNAN0 -1.#QNAN0 -1.#QNAN0 -1.#QNAN0 
2.723185 -1.211956 2.219693 0.718619 1.249356 -1.898684 -0.431656 1.220524 0.231084 -0.244789 -0.364280 0.122655 
2.572435 -1.496463 2.556501 1.430324 1.524417 -1.881848 -0.223418 0.827870 0.436001 0.129404 -0.514495 0.087310 
-1.#IND00 -1.#IND00 -1.#IND00 -1.#IND00 -1.#IND00 -1.#IND00 -1.#IND00 -1.#IND00 -1.#IND00 -1.#IND00 -1.#IND00 -1.#IND00 
-1.#QNAN0 -1.#QNAN0 -1.#QNAN0 -1.#QNAN0 -1.#QNAN0 -1.#QNAN0 -1.#QNAN0 -1.#QNAN0 -1.#QNAN0 -1.#QNAN0 -1.#QNAN0 -1.#QNAN0 
-1.#QNAN0 -1.#QNAN0 -1.#QNAN0 -1.#QNAN0 -1.#QNAN0 -1.#QNAN0 -1.#QNAN0 -1.#QNAN0 -1.#QNAN0 -1.#QNAN0 -1.#QNAN0 -1.#QNAN0 
0.005443 2.316163 0.045895 0.080742 0.049446 0.855614 -0.011139 2.487367 -0.038954 0.023413 0.001618 0.067430 
0.000087 0.011674 -0.000528 0.014686 -0.000754 0.033369 -0.001952 0.029181 -0.001142 0.010414 -0.000453 0.005886 
