6.995839 -0.780652 2.302475 -0.317732 -1.109991 2.742104 2.329697 -0.189474 -0.999572 -0.175053 -0.176328 -0.240579 
6.840685 0.131660 1.246416 0.006060 -0.687685 2.925042 2.773473 -0.177669 -1.285108 -0.182281 -0.279666 -0.240987 
7.035910 -0.115795 0.909950 0.255043 -0.689405 2.638442 2.767114 -0.182989 -1.322133 -0.237206 -0.251176 -0.233447 
8.070758 -2.040666 2.594545 0.105623 -1.035786 2.795421 2.335729 -0.475410 -0.804533 -0.276550 -0.366936 -0.218673 
7.579415 -1.332752 1.981093 -0.020562 -0.703357 3.201576 2.727932 -0.602924 -1.075893 -0.186034 -0.337834 -0.229369 
6.715294 -1.370157 2.818507 -1.119143 -0.281142 1.961199 1.712439 -0.012588 -1.051967 -0.025812 -0.251984 -0.308364 
6.011259 -0.972314 2.698579 -1.202220 -0.001641 2.018739 1.557075 0.454315 -1.353698 -0.370098 -0.089186 -0.297500 
6.144307 -0.796791 2.478933 -1.087703 -0.284138 2.149803 1.856624 -0.017109 -1.152233 -0.197911 -0.268691 -0.281668 
6.573794 -1.748570 3.075172 -1.698264 -0.254382 2.839410 1.527521 0.001372 -1.129698 -0.320793 -0.130113 -0.264433 
6.560577 -1.591364 2.755823 -1.528068 -0.275801 2.679831 1.653994 0.359255 -1.051795 -0.472592 -0.086574 -0.252830 
6.433089 -0.795219 1.710578 0.208052 -1.171702 2.207354 1.784225 -0.751792 -0.980676 -0.029287 -0.405833 -0.309420 
6.074953 -0.816524 2.021247 0.031498 0.021415 2.014262 1.620286 -0.736815 -1.255011 0.007611 -0.310880 -0.314381 
6.458330 -0.671709 2.109520 -1.120533 0.189812 1.763735 1.742445 0.081044 -1.396507 -0.176053 -0.237551 -0.325515 
6.628582 -1.164027 2.300162 -0.856464 -0.430109 2.828515 1.781200 -0.615020 -1.052212 -0.082994 -0.277291 -0.297103 
6.965068 -1.268417 1.680330 -0.114184 -0.902053 3.005066 2.069894 -0.675447 -0.955082 -0.174904 -0.302957 -0.237903 
6.491344 -0.754786 2.257426 -1.243415 0.455983 2.439788 1.579955 -0.418375 -1.194481 0.030617 -0.131350 -0.227918 
6.183263 -0.348960 2.291232 -1.681082 0.085199 2.452038 1.714820 -0.521019 -1.086842 0.044237 -0.328215 -0.244678 
6.359469 -0.089378 2.068748 -1.720670 0.231147 2.627218 1.850573 -0.259266 -1.239371 -0.107440 -0.250015 -0.236694 
6.150159 -0.319400 2.228065 -1.814638 0.360606 2.470138 1.810613 -0.185046 -1.379415 -0.038825 -0.211528 -0.252918 
5.977387 -0.366780 2.553149 -2.006394 0.149475 2.522271 1.795116 0.098722 -1.552343 -0.173014 -0.164363 -0.286218 
6.754728 -0.910853 2.013487 -2.586169 1.338441 2.496178 1.402238 0.264664 -1.693086 -0.224953 -0.175544 -0.278752 
7.069272 -1.037053 1.851107 -2.568594 0.571176 2.663697 2.020306 -0.177296 -1.680415 -0.130681 -0.298675 -0.282273 
6.926387 -0.990422 1.819835 -2.040686 0.631267 2.208859 1.578477 0.519821 -1.529241 -0.485984 -0.118541 -0.288741 
6.810991 -0.726297 1.770417 -1.976281 0.690727 2.175484 1.645146 0.619097 -1.598236 -0.495898 -0.094616 -0.295152 
6.759167 -0.630880 2.054990 -2.211944 0.286950 2.559891 1.885368 0.287995 -1.359383 -0.327511 -0.229299 -0.286944 
6.194672 -0.289600 2.358164 -1.821517 0.510143 2.897643 1.690171 0.040476 -1.350353 -0.184977 -0.178154 -0.275990 
6.485631 -0.594269 2.045939 -1.537098 0.070350 3.048270 2.073136 -0.257474 -1.297636 -0.177084 -0.233153 -0.269086 
6.122601 -0.241741 1.818344 -1.804116 -0.174378 2.930386 2.004397 -0.072729 -1.387239 -0.287897 -0.267801 -0.277449 
6.236567 -0.463678 1.563007 -0.823306 -1.002984 2.992319 2.033580 -0.452392 -1.066734 -0.274493 -0.357420 -0.233926 
6.269411 -1.031801 2.674089 -2.623875 0.188206 2.416266 1.670844 0.181342 -1.475399 -0.183399 -0.294866 -0.300985 
6.228002 -0.668226 2.240414 -2.098576 -0.157494 2.849156 1.752136 0.169635 -1.195838 -0.328088 -0.197476 -0.280870 
6.594449 -1.227315 2.286412 -1.922868 -0.086292 2.574103 1.936457 -0.079050 -1.339937 -0.203407 -0.238504 -0.279968 
6.547460 -1.281174 2.464905 -1.855982 0.076411 2.621403 1.561851 0.010748 -1.331097 -0.382489 -0.154083 -0.253707 
5.919066 -0.205405 1.258688 -0.736117 -0.458609 2.911863 1.825591 -0.029393 -1.366128 -0.323825 -0.188298 -0.229809 
5.883442 -0.211462 1.163021 -0.477415 -0.760149 2.578695 1.817257 -0.034784 -1.271172 -0.344018 -0.235522 -0.219672 
6.326663 1.011464 1.546549 -1.654500 0.499313 3.542153 2.036573 -0.011464 -1.017241 -0.084234 -0.264623 -0.204187 
7.277775 -0.434627 2.377659 -1.961023 0.299774 3.438736 2.017316 -0.236551 -1.015811 -0.166260 -0.255607 -0.229471 
5.856600 0.929246 1.186318 -1.218515 0.040863 3.450255 1.763170 -0.024314 -1.228631 -0.125392 -0.307946 -0.214021 
5.773201 0.566151 1.044393 -0.488565 0.101402 3.075644 1.665769 -0.076725 -1.273047 -0.153059 -0.233195 -0.200410 
6.651751 -0.604436 2.242329 -1.059011 0.315063 3.247105 1.821447 -0.003456 -1.278147 -0.341171 -0.002490 -0.224316 
7.828521 -1.542467 2.874075 -1.724576 0.343359 3.039754 1.389523 -0.156277 -1.308157 -0.227262 -0.087414 -0.314203 
7.753453 -1.250576 2.562813 -1.989792 0.382812 2.914750 1.799961 0.180428 -1.573421 -0.320777 -0.045999 -0.311147 
7.079427 -1.408916 2.704116 -1.630602 -0.372895 3.383631 1.748026 -0.416045 -1.105269 -0.376520 -0.231979 -0.268313 
7.067938 -0.898766 2.511487 -1.821318 0.198907 3.212588 1.854789 -0.101583 -1.337170 -0.353797 -0.184211 -0.286181 
7.374883 -1.593882 2.785360 -2.159403 0.205197 2.761218 1.469639 0.301355 -1.503945 -0.394212 -0.067201 -0.342118 
6.108039 -1.270957 2.610220 -1.342797 -0.202358 1.546262 1.742935 0.065842 -1.113307 -0.143954 -0.247170 -0.205195 
6.578649 -1.652049 2.894749 -1.368095 -0.119981 1.760709 1.654943 0.210281 -1.238701 -0.174471 -0.200628 -0.248080 
6.667426 -1.605904 2.887426 -1.509101 0.113767 1.657196 1.432304 0.580500 -1.503965 -0.365863 -0.028033 -0.279396 
6.149122 -1.426743 2.629119 -0.784164 -0.157121 1.511275 1.963925 0.078548 -1.344556 -0.271118 -0.197244 -0.204154 
6.655886 -1.575536 2.384304 -0.342762 -1.062953 2.494445 1.994307 -0.420562 -0.857136 -0.284068 -0.267929 -0.188626 
6.995839 -0.780652 2.302475 -0.317732 -1.109991 2.742104 2.329697 -0.189474 -0.999572 -0.175053 -0.176328 -0.240579 
6.840685 0.131660 1.246416 0.006060 -0.687685 2.925042 2.773473 -0.177669 -1.285108 -0.182281 -0.279666 -0.240987 
7.035910 -0.115795 0.909950 0.255043 -0.689405 2.638442 2.767114 -0.182989 -1.322133 -0.237206 -0.251176 -0.233447 
8.070758 -2.040666 2.594545 0.105623 -1.035786 2.795421 2.335729 -0.475410 -0.804533 -0.276550 -0.366936 -0.218673 
7.579415 -1.332752 1.981093 -0.020562 -0.703357 3.201576 2.727932 -0.602924 -1.075893 -0.186034 -0.337834 -0.229369 
6.715294 -1.370157 2.818507 -1.119143 -0.281142 1.961199 1.712439 -0.012588 -1.051967 -0.025812 -0.251984 -0.308364 
6.011259 -0.972314 2.698579 -1.202220 -0.001641 2.018739 1.557075 0.454315 -1.353698 -0.370098 -0.089186 -0.297500 
6.144307 -0.796791 2.478933 -1.087703 -0.284138 2.149803 1.856624 -0.017109 -1.152233 -0.197911 -0.268691 -0.281668 
6.573794 -1.748570 3.075172 -1.698264 -0.254382 2.839410 1.527521 0.001372 -1.129698 -0.320793 -0.130113 -0.264433 
6.560577 -1.591364 2.755823 -1.528068 -0.275801 2.679831 1.653994 0.359255 -1.051795 -0.472592 -0.086574 -0.252830 
6.433089 -0.795219 1.710578 0.208052 -1.171702 2.207354 1.784225 -0.751792 -0.980676 -0.029287 -0.405833 -0.309420 
6.074953 -0.816524 2.021247 0.031498 0.021415 2.014262 1.620286 -0.736815 -1.255011 0.007611 -0.310880 -0.314381 
6.458330 -0.671709 2.109520 -1.120533 0.189812 1.763735 1.742445 0.081044 -1.396507 -0.176053 -0.237551 -0.325515 
6.628582 -1.164027 2.300162 -0.856464 -0.430109 2.828515 1.781200 -0.615020 -1.052212 -0.082994 -0.277291 -0.297103 
6.965068 -1.268417 1.680330 -0.114184 -0.902053 3.005066 2.069894 -0.675447 -0.955082 -0.174904 -0.302957 -0.237903 
6.491344 -0.754786 2.257426 -1.243415 0.455983 2.439788 1.579955 -0.418375 -1.194481 0.030617 -0.131350 -0.227918 
6.183263 -0.348960 2.291232 -1.681082 0.085199 2.452038 1.714820 -0.521019 -1.086842 0.044237 -0.328215 -0.244678 
6.359469 -0.089378 2.068748 -1.720670 0.231147 2.627218 1.850573 -0.259266 -1.239371 -0.107440 -0.250015 -0.236694 
6.150159 -0.319400 2.228065 -1.814638 0.360606 2.470138 1.810613 -0.185046 -1.379415 -0.038825 -0.211528 -0.252918 
5.977387 -0.366780 2.553149 -2.006394 0.149475 2.522271 1.795116 0.098722 -1.552343 -0.173014 -0.164363 -0.286218 
6.754728 -0.910853 2.013487 -2.586169 1.338441 2.496178 1.402238 0.264664 -1.693086 -0.224953 -0.175544 -0.278752 
7.069272 -1.037053 1.851107 -2.568594 0.571176 2.663697 2.020306 -0.177296 -1.680415 -0.130681 -0.298675 -0.282273 
6.926387 -0.990422 1.819835 -2.040686 0.631267 2.208859 1.578477 0.519821 -1.529241 -0.485984 -0.118541 -0.288741 
6.810991 -0.726297 1.770417 -1.976281 0.690727 2.175484 1.645146 0.619097 -1.598236 -0.495898 -0.094616 -0.295152 
6.759167 -0.630880 2.054990 -2.211944 0.286950 2.559891 1.885368 0.287995 -1.359383 -0.327511 -0.229299 -0.286944 
6.194672 -0.289600 2.358164 -1.821517 0.510143 2.897643 1.690171 0.040476 -1.350353 -0.184977 -0.178154 -0.275990 
6.485631 -0.594269 2.045939 -1.537098 0.070350 3.048270 2.073136 -0.257474 -1.297636 -0.177084 -0.233153 -0.269086 
6.122601 -0.241741 1.818344 -1.804116 -0.174378 2.930386 2.004397 -0.072729 -1.387239 -0.287897 -0.267801 -0.277449 
6.236567 -0.463678 1.563007 -0.823306 -1.002984 2.992319 2.033580 -0.452392 -1.066734 -0.274493 -0.357420 -0.233926 
6.269411 -1.031801 2.674089 -2.623875 0.188206 2.416266 1.670844 0.181342 -1.475399 -0.183399 -0.294866 -0.300985 
6.228002 -0.668226 2.240414 -2.098576 -0.157494 2.849156 1.752136 0.169635 -1.195838 -0.328088 -0.197476 -0.280870 
6.594449 -1.227315 2.286412 -1.922868 -0.086292 2.574103 1.936457 -0.079050 -1.339937 -0.203407 -0.238504 -0.279968 
6.547460 -1.281174 2.464905 -1.855982 0.076411 2.621403 1.561851 0.010748 -1.331097 -0.382489 -0.154083 -0.253707 
5.919066 -0.205405 1.258688 -0.736117 -0.458609 2.911863 1.825591 -0.029393 -1.366128 -0.323825 -0.188298 -0.229809 
5.883442 -0.211462 1.163021 -0.477415 -0.760149 2.578695 1.817257 -0.034784 -1.271172 -0.344018 -0.235522 -0.219672 
6.326663 1.011464 1.546549 -1.654500 0.499313 3.542153 2.036573 -0.011464 -1.017241 -0.084234 -0.264623 -0.204187 
7.277775 -0.434627 2.377659 -1.961023 0.299774 3.438736 2.017316 -0.236551 -1.015811 -0.166260 -0.255607 -0.229471 
5.856600 0.929246 1.186318 -1.218515 0.040863 3.450255 1.763170 -0.024314 -1.228631 -0.125392 -0.307946 -0.214021 
5.773201 0.566151 1.044393 -0.488565 0.101402 3.075644 1.665769 -0.076725 -1.273047 -0.153059 -0.233195 -0.200410 
6.651751 -0.604436 2.242329 -1.059011 0.315063 3.247105 1.821447 -0.003456 -1.278147 -0.341171 -0.002490 -0.224316 
7.828521 -1.542467 2.874075 -1.724576 0.343359 3.039754 1.389523 -0.156277 -1.308157 -0.227262 -0.087414 -0.314203 
7.753453 -1.250576 2.562813 -1.989792 0.382812 2.914750 1.799961 0.180428 -1.573421 -0.320777 -0.045999 -0.311147 
7.079427 -1.408916 2.704116 -1.630602 -0.372895 3.383631 1.748026 -0.416045 -1.105269 -0.376520 -0.231979 -0.268313 
7.067938 -0.898766 2.511487 -1.821318 0.198907 3.212588 1.854789 -0.101583 -1.337170 -0.353797 -0.184211 -0.286181 
7.374883 -1.593882 2.785360 -2.159403 0.205197 2.761218 1.469639 0.301355 -1.503945 -0.394212 -0.067201 -0.342118 
6.108039 -1.270957 2.610220 -1.342797 -0.202358 1.546262 1.742935 0.065842 -1.113307 -0.143954 -0.247170 -0.205195 
6.578649 -1.652049 2.894749 -1.368095 -0.119981 1.760709 1.654943 0.210281 -1.238701 -0.174471 -0.200628 -0.248080 
6.667426 -1.605904 2.887426 -1.509101 0.113767 1.657196 1.432304 0.580500 -1.503965 -0.365863 -0.028033 -0.279396 
6.149122 -1.426743 2.629119 -0.784164 -0.157121 1.511275 1.963925 0.078548 -1.344556 -0.271118 -0.197244 -0.204154 
6.655886 -1.575536 2.384304 -0.342762 -1.062953 2.494445 1.994307 -0.420562 -0.857136 -0.284068 -0.267929 -0.188626 
6.995839 -0.780652 2.302475 -0.317732 -1.109991 2.742104 2.329697 -0.189474 -0.999572 -0.175053 -0.176328 -0.240579 
6.840685 0.131660 1.246416 0.006060 -0.687685 2.925042 2.773473 -0.177669 -1.285108 -0.182281 -0.279666 -0.240987 
7.035910 -0.115795 0.909950 0.255043 -0.689405 2.638442 2.767114 -0.182989 -1.322133 -0.237206 -0.251176 -0.233447 
8.070758 -2.040666 2.594545 0.105623 -1.035786 2.795421 2.335729 -0.475410 -0.804533 -0.276550 -0.366936 -0.218673 
7.579415 -1.332752 1.981093 -0.020562 -0.703357 3.201576 2.727932 -0.602924 -1.075893 -0.186034 -0.337834 -0.229369 
6.715294 -1.370157 2.818507 -1.119143 -0.281142 1.961199 1.712439 -0.012588 -1.051967 -0.025812 -0.251984 -0.308364 
6.011259 -0.972314 2.698579 -1.202220 -0.001641 2.018739 1.557075 0.454315 -1.353698 -0.370098 -0.089186 -0.297500 
6.144307 -0.796791 2.478933 -1.087703 -0.284138 2.149803 1.856624 -0.017109 -1.152233 -0.197911 -0.268691 -0.281668 
6.573794 -1.748570 3.075172 -1.698264 -0.254382 2.839410 1.527521 0.001372 -1.129698 -0.320793 -0.130113 -0.264433 
6.560577 -1.591364 2.755823 -1.528068 -0.275801 2.679831 1.653994 0.359255 -1.051795 -0.472592 -0.086574 -0.252830 
6.433089 -0.795219 1.710578 0.208052 -1.171702 2.207354 1.784225 -0.751792 -0.980676 -0.029287 -0.405833 -0.309420 
6.074953 -0.816524 2.021247 0.031498 0.021415 2.014262 1.620286 -0.736815 -1.255011 0.007611 -0.310880 -0.314381 
6.458330 -0.671709 2.109520 -1.120533 0.189812 1.763735 1.742445 0.081044 -1.396507 -0.176053 -0.237551 -0.325515 
6.628582 -1.164027 2.300162 -0.856464 -0.430109 2.828515 1.781200 -0.615020 -1.052212 -0.082994 -0.277291 -0.297103 
6.965068 -1.268417 1.680330 -0.114184 -0.902053 3.005066 2.069894 -0.675447 -0.955082 -0.174904 -0.302957 -0.237903 
6.491344 -0.754786 2.257426 -1.243415 0.455983 2.439788 1.579955 -0.418375 -1.194481 0.030617 -0.131350 -0.227918 
6.183263 -0.348960 2.291232 -1.681082 0.085199 2.452038 1.714820 -0.521019 -1.086842 0.044237 -0.328215 -0.244678 
6.359469 -0.089378 2.068748 -1.720670 0.231147 2.627218 1.850573 -0.259266 -1.239371 -0.107440 -0.250015 -0.236694 
6.150159 -0.319400 2.228065 -1.814638 0.360606 2.470138 1.810613 -0.185046 -1.379415 -0.038825 -0.211528 -0.252918 
5.977387 -0.366780 2.553149 -2.006394 0.149475 2.522271 1.795116 0.098722 -1.552343 -0.173014 -0.164363 -0.286218 
6.754728 -0.910853 2.013487 -2.586169 1.338441 2.496178 1.402238 0.264664 -1.693086 -0.224953 -0.175544 -0.278752 
7.069272 -1.037053 1.851107 -2.568594 0.571176 2.663697 2.020306 -0.177296 -1.680415 -0.130681 -0.298675 -0.282273 
6.926387 -0.990422 1.819835 -2.040686 0.631267 2.208859 1.578477 0.519821 -1.529241 -0.485984 -0.118541 -0.288741 
6.810991 -0.726297 1.770417 -1.976281 0.690727 2.175484 1.645146 0.619097 -1.598236 -0.495898 -0.094616 -0.295152 
6.759167 -0.630880 2.054990 -2.211944 0.286950 2.559891 1.885368 0.287995 -1.359383 -0.327511 -0.229299 -0.286944 
6.194672 -0.289600 2.358164 -1.821517 0.510143 2.897643 1.690171 0.040476 -1.350353 -0.184977 -0.178154 -0.275990 
6.485631 -0.594269 2.045939 -1.537098 0.070350 3.048270 2.073136 -0.257474 -1.297636 -0.177084 -0.233153 -0.269086 
6.122601 -0.241741 1.818344 -1.804116 -0.174378 2.930386 2.004397 -0.072729 -1.387239 -0.287897 -0.267801 -0.277449 
6.236567 -0.463678 1.563007 -0.823306 -1.002984 2.992319 2.033580 -0.452392 -1.066734 -0.274493 -0.357420 -0.233926 
6.269411 -1.031801 2.674089 -2.623875 0.188206 2.416266 1.670844 0.181342 -1.475399 -0.183399 -0.294866 -0.300985 
6.228002 -0.668226 2.240414 -2.098576 -0.157494 2.849156 1.752136 0.169635 -1.195838 -0.328088 -0.197476 -0.280870 
6.594449 -1.227315 2.286412 -1.922868 -0.086292 2.574103 1.936457 -0.079050 -1.339937 -0.203407 -0.238504 -0.279968 
6.547460 -1.281174 2.464905 -1.855982 0.076411 2.621403 1.561851 0.010748 -1.331097 -0.382489 -0.154083 -0.253707 
5.919066 -0.205405 1.258688 -0.736117 -0.458609 2.911863 1.825591 -0.029393 -1.366128 -0.323825 -0.188298 -0.229809 
5.883442 -0.211462 1.163021 -0.477415 -0.760149 2.578695 1.817257 -0.034784 -1.271172 -0.344018 -0.235522 -0.219672 
6.326663 1.011464 1.546549 -1.654500 0.499313 3.542153 2.036573 -0.011464 -1.017241 -0.084234 -0.264623 -0.204187 
7.277775 -0.434627 2.377659 -1.961023 0.299774 3.438736 2.017316 -0.236551 -1.015811 -0.166260 -0.255607 -0.229471 
5.856600 0.929246 1.186318 -1.218515 0.040863 3.450255 1.763170 -0.024314 -1.228631 -0.125392 -0.307946 -0.214021 
5.773201 0.566151 1.044393 -0.488565 0.101402 3.075644 1.665769 -0.076725 -1.273047 -0.153059 -0.233195 -0.200410 
6.651751 -0.604436 2.242329 -1.059011 0.315063 3.247105 1.821447 -0.003456 -1.278147 -0.341171 -0.002490 -0.224316 
7.828521 -1.542467 2.874075 -1.724576 0.343359 3.039754 1.389523 -0.156277 -1.308157 -0.227262 -0.087414 -0.314203 
7.753453 -1.250576 2.562813 -1.989792 0.382812 2.914750 1.799961 0.180428 -1.573421 -0.320777 -0.045999 -0.311147 
7.079427 -1.408916 2.704116 -1.630602 -0.372895 3.383631 1.748026 -0.416045 -1.105269 -0.376520 -0.231979 -0.268313 
7.067938 -0.898766 2.511487 -1.821318 0.198907 3.212588 1.854789 -0.101583 -1.337170 -0.353797 -0.184211 -0.286181 
7.374883 -1.593882 2.785360 -2.159403 0.205197 2.761218 1.469639 0.301355 -1.503945 -0.394212 -0.067201 -0.342118 
6.108039 -1.270957 2.610220 -1.342797 -0.202358 1.546262 1.742935 0.065842 -1.113307 -0.143954 -0.247170 -0.205195 
6.578649 -1.652049 2.894749 -1.368095 -0.119981 1.760709 1.654943 0.210281 -1.238701 -0.174471 -0.200628 -0.248080 
6.667426 -1.605904 2.887426 -1.509101 0.113767 1.657196 1.432304 0.580500 -1.503965 -0.365863 -0.028033 -0.279396 
6.149122 -1.426743 2.629119 -0.784164 -0.157121 1.511275 1.963925 0.078548 -1.344556 -0.271118 -0.197244 -0.204154 
6.655886 -1.575536 2.384304 -0.342762 -1.062953 2.494445 1.994307 -0.420562 -0.857136 -0.284068 -0.267929 -0.188626 
6.995839 -0.780652 2.302475 -0.317732 -1.109991 2.742104 2.329697 -0.189474 -0.999572 -0.175053 -0.176328 -0.240579 
6.840685 0.131660 1.246416 0.006060 -0.687685 2.925042 2.773473 -0.177669 -1.285108 -0.182281 -0.279666 -0.240987 
7.035910 -0.115795 0.909950 0.255043 -0.689405 2.638442 2.767114 -0.182989 -1.322133 -0.237206 -0.251176 -0.233447 
8.070758 -2.040666 2.594545 0.105623 -1.035786 2.795421 2.335729 -0.475410 -0.804533 -0.276550 -0.366936 -0.218673 
7.579415 -1.332752 1.981093 -0.020562 -0.703357 3.201576 2.727932 -0.602924 -1.075893 -0.186034 -0.337834 -0.229369 
6.715294 -1.370157 2.818507 -1.119143 -0.281142 1.961199 1.712439 -0.012588 -1.051967 -0.025812 -0.251984 -0.308364 
6.011259 -0.972314 2.698579 -1.202220 -0.001641 2.018739 1.557075 0.454315 -1.353698 -0.370098 -0.089186 -0.297500 
6.144307 -0.796791 2.478933 -1.087703 -0.284138 2.149803 1.856624 -0.017109 -1.152233 -0.197911 -0.268691 -0.281668 
6.573794 -1.748570 3.075172 -1.698264 -0.254382 2.839410 1.527521 0.001372 -1.129698 -0.320793 -0.130113 -0.264433 
6.560577 -1.591364 2.755823 -1.528068 -0.275801 2.679831 1.653994 0.359255 -1.051795 -0.472592 -0.086574 -0.252830 
6.433089 -0.795219 1.710578 0.208052 -1.171702 2.207354 1.784225 -0.751792 -0.980676 -0.029287 -0.405833 -0.309420 
6.074953 -0.816524 2.021247 0.031498 0.021415 2.014262 1.620286 -0.736815 -1.255011 0.007611 -0.310880 -0.314381 
6.458330 -0.671709 2.109520 -1.120533 0.189812 1.763735 1.742445 0.081044 -1.396507 -0.176053 -0.237551 -0.325515 
6.628582 -1.164027 2.300162 -0.856464 -0.430109 2.828515 1.781200 -0.615020 -1.052212 -0.082994 -0.277291 -0.297103 
6.965068 -1.268417 1.680330 -0.114184 -0.902053 3.005066 2.069894 -0.675447 -0.955082 -0.174904 -0.302957 -0.237903 
6.491344 -0.754786 2.257426 -1.243415 0.455983 2.439788 1.579955 -0.418375 -1.194481 0.030617 -0.131350 -0.227918 
6.183263 -0.348960 2.291232 -1.681082 0.085199 2.452038 1.714820 -0.521019 -1.086842 0.044237 -0.328215 -0.244678 
6.359469 -0.089378 2.068748 -1.720670 0.231147 2.627218 1.850573 -0.259266 -1.239371 -0.107440 -0.250015 -0.236694 
6.150159 -0.319400 2.228065 -1.814638 0.360606 2.470138 1.810613 -0.185046 -1.379415 -0.038825 -0.211528 -0.252918 
5.977387 -0.366780 2.553149 -2.006394 0.149475 2.522271 1.795116 0.098722 -1.552343 -0.173014 -0.164363 -0.286218 
6.754728 -0.910853 2.013487 -2.586169 1.338441 2.496178 1.402238 0.264664 -1.693086 -0.224953 -0.175544 -0.278752 
7.069272 -1.037053 1.851107 -2.568594 0.571176 2.663697 2.020306 -0.177296 -1.680415 -0.130681 -0.298675 -0.282273 
6.926387 -0.990422 1.819835 -2.040686 0.631267 2.208859 1.578477 0.519821 -1.529241 -0.485984 -0.118541 -0.288741 
6.810991 -0.726297 1.770417 -1.976281 0.690727 2.175484 1.645146 0.619097 -1.598236 -0.495898 -0.094616 -0.295152 
6.759167 -0.630880 2.054990 -2.211944 0.286950 2.559891 1.885368 0.287995 -1.359383 -0.327511 -0.229299 -0.286944 
6.194672 -0.289600 2.358164 -1.821517 0.510143 2.897643 1.690171 0.040476 -1.350353 -0.184977 -0.178154 -0.275990 
6.485631 -0.594269 2.045939 -1.537098 0.070350 3.048270 2.073136 -0.257474 -1.297636 -0.177084 -0.233153 -0.269086 
6.122601 -0.241741 1.818344 -1.804116 -0.174378 2.930386 2.004397 -0.072729 -1.387239 -0.287897 -0.267801 -0.277449 
6.236567 -0.463678 1.563007 -0.823306 -1.002984 2.992319 2.033580 -0.452392 -1.066734 -0.274493 -0.357420 -0.233926 
6.269411 -1.031801 2.674089 -2.623875 0.188206 2.416266 1.670844 0.181342 -1.475399 -0.183399 -0.294866 -0.300985 
6.228002 -0.668226 2.240414 -2.098576 -0.157494 2.849156 1.752136 0.169635 -1.195838 -0.328088 -0.197476 -0.280870 
6.594449 -1.227315 2.286412 -1.922868 -0.086292 2.574103 1.936457 -0.079050 -1.339937 -0.203407 -0.238504 -0.279968 
6.547460 -1.281174 2.464905 -1.855982 0.076411 2.621403 1.561851 0.010748 -1.331097 -0.382489 -0.154083 -0.253707 
5.919066 -0.205405 1.258688 -0.736117 -0.458609 2.911863 1.825591 -0.029393 -1.366128 -0.323825 -0.188298 -0.229809 
5.883442 -0.211462 1.163021 -0.477415 -0.760149 2.578695 1.817257 -0.034784 -1.271172 -0.344018 -0.235522 -0.219672 
6.326663 1.011464 1.546549 -1.654500 0.499313 3.542153 2.036573 -0.011464 -1.017241 -0.084234 -0.264623 -0.204187 
7.277775 -0.434627 2.377659 -1.961023 0.299774 3.438736 2.017316 -0.236551 -1.015811 -0.166260 -0.255607 -0.229471 
5.856600 0.929246 1.186318 -1.218515 0.040863 3.450255 1.763170 -0.024314 -1.228631 -0.125392 -0.307946 -0.214021 
5.773201 0.566151 1.044393 -0.488565 0.101402 3.075644 1.665769 -0.076725 -1.273047 -0.153059 -0.233195 -0.200410 
6.651751 -0.604436 2.242329 -1.059011 0.315063 3.247105 1.821447 -0.003456 -1.278147 -0.341171 -0.002490 -0.224316 
7.828521 -1.542467 2.874075 -1.724576 0.343359 3.039754 1.389523 -0.156277 -1.308157 -0.227262 -0.087414 -0.314203 
7.753453 -1.250576 2.562813 -1.989792 0.382812 2.914750 1.799961 0.180428 -1.573421 -0.320777 -0.045999 -0.311147 
7.079427 -1.408916 2.704116 -1.630602 -0.372895 3.383631 1.748026 -0.416045 -1.105269 -0.376520 -0.231979 -0.268313 
7.067938 -0.898766 2.511487 -1.821318 0.198907 3.212588 1.854789 -0.101583 -1.337170 -0.353797 -0.184211 -0.286181 
7.374883 -1.593882 2.785360 -2.159403 0.205197 2.761218 1.469639 0.301355 -1.503945 -0.394212 -0.067201 -0.342118 
6.108039 -1.270957 2.610220 -1.342797 -0.202358 1.546262 1.742935 0.065842 -1.113307 -0.143954 -0.247170 -0.205195 
6.578649 -1.652049 2.894749 -1.368095 -0.119981 1.760709 1.654943 0.210281 -1.238701 -0.174471 -0.200628 -0.248080 
6.667426 -1.605904 2.887426 -1.509101 0.113767 1.657196 1.432304 0.580500 -1.503965 -0.365863 -0.028033 -0.279396 
6.149122 -1.426743 2.629119 -0.784164 -0.157121 1.511275 1.963925 0.078548 -1.344556 -0.271118 -0.197244 -0.204154 
6.655886 -1.575536 2.384304 -0.342762 -1.062953 2.494445 1.994307 -0.420562 -0.857136 -0.284068 -0.267929 -0.188626 
6.837434 -0.585218 2.118951 -0.188016 -1.168549 2.754828 2.308429 -0.164254 -1.023018 -0.159169 -0.181998 -0.241189 
6.866654 0.096480 1.274145 0.007578 -0.713308 2.951594 2.764369 -0.176829 -1.276705 -0.188619 -0.279188 -0.240056 
7.270784 -0.391460 1.128160 0.162440 -0.690550 2.665911 2.790509 -0.209628 -1.286389 -0.260030 -0.246986 -0.231195 
7.425192 -1.252481 1.868754 0.614541 -1.243455 2.805076 2.439046 -0.426627 -0.858231 -0.247707 -0.378184 -0.215644 
7.846861 -1.655448 2.288522 -0.263610 -0.605829 3.216148 2.619522 -0.592054 -1.068838 -0.196797 -0.328046 -0.233212 
6.350709 -0.918886 2.413198 -0.769699 -0.475021 2.062509 1.884319 -0.157870 -0.989435 -0.034594 -0.265711 -0.290972 
6.190187 -1.210258 2.903848 -1.345141 0.068792 1.943153 1.508879 0.502184 -1.376939 -0.362526 -0.089594 -0.304098 
6.711048 -1.486981 3.027254 -1.535132 -0.061567 1.983029 1.561244 0.190588 -1.248623 -0.167569 -0.252059 -0.312319 
6.711957 -1.915409 3.171525 -1.771370 -0.223611 2.804173 1.427255 0.052969 -1.137861 -0.320573 -0.119258 -0.272859 
6.807511 -1.896695 2.961300 -1.678321 -0.235521 2.635979 1.509701 0.429048 -1.056315 -0.467684 -0.072194 -0.265767 
7.536521 -2.116115 2.907393 -0.744157 -0.773929 2.176357 1.359114 -0.618125 -0.949927 -0.119380 -0.357430 -0.333068 
6.967005 -1.820763 2.898551 -0.772858 0.520205 1.754845 1.155315 -0.425334 -1.472060 0.022797 -0.278061 -0.360049 
6.640349 -0.887052 2.289727 -1.282824 0.290837 1.684257 1.686217 0.125893 -1.440815 -0.149496 -0.240265 -0.335443 
6.762584 -1.329888 2.452519 -0.987908 -0.354243 2.802112 1.732743 -0.585980 -1.061645 -0.086883 -0.269502 -0.301411 
6.772646 -1.032534 1.462074 0.011492 -0.943249 3.001368 2.025751 -0.632594 -0.987852 -0.155576 -0.307410 -0.240201 
6.138443 -0.314673 1.853259 -0.876310 0.206074 2.594874 1.626159 -0.456921 -1.137080 -0.005101 -0.132296 -0.217797 
6.543708 -0.792331 2.651488 -2.024237 0.307358 2.344397 1.545031 -0.402124 -1.189228 0.100961 -0.332319 -0.263923 
7.112650 -0.934836 2.690970 -2.341429 0.602737 2.481282 1.472712 -0.114685 -1.431121 0.018763 -0.242268 -0.284941 
6.062895 -0.217154 2.138163 -1.734348 0.315762 2.518111 1.831477 -0.196923 -1.367278 -0.047214 -0.212321 -0.251046 
5.888296 -0.251312 2.457115 -1.930770 0.110087 2.594335 1.806962 0.092704 -1.546831 -0.180365 -0.163762 -0.285316 
6.253420 -0.335574 1.568728 -2.168453 1.191942 2.551562 1.555332 0.258770 -1.609552 -0.344307 -0.158304 -0.251832 
6.392330 -0.268426 1.228324 -1.861387 0.194223 2.812388 2.273203 -0.318222 -1.488062 -0.271871 -0.310924 -0.241822 
6.097381 0.018123 0.875614 -1.239197 0.193464 2.396002 1.630816 0.479067 -1.478608 -0.491799 -0.170465 -0.255938 
6.080822 0.160401 0.924447 -1.277358 0.285312 2.375607 1.610241 0.619744 -1.570329 -0.481266 -0.147030 -0.269190 
6.653705 -0.504841 1.949441 -2.121049 0.252236 2.563931 1.920419 0.271216 -1.343706 -0.337245 -0.233179 -0.281451 
6.346046 -0.477972 2.533152 -1.980180 0.598205 2.854062 1.650919 0.055145 -1.367710 -0.169165 -0.180851 -0.281624 
6.712402 -0.869738 2.280137 -1.761905 0.215986 2.967449 2.004617 -0.215278 -1.339359 -0.152518 -0.227480 -0.279604 
7.233802 -1.504225 2.683872 -2.653347 0.241467 2.692881 1.464212 0.116275 -1.521947 -0.181433 -0.212150 -0.342996 
6.777879 -1.136530 2.202289 -1.302679 -0.762627 2.939889 2.029714 -0.471943 -1.035676 -0.309496 -0.333902 -0.239440 
6.108884 -0.829770 2.543753 -2.516138 0.139104 2.473028 1.755564 0.136173 -1.456165 -0.209533 -0.291826 -0.293090 
6.731305 -1.284830 2.688714 -2.500232 0.034847 2.722028 1.536077 0.272499 -1.243019 -0.273002 -0.187695 -0.307093 
6.070800 -0.568491 1.704492 -1.393223 -0.385166 2.724932 2.080466 -0.183346 -1.280257 -0.239711 -0.254135 -0.259717 
5.866499 -0.413319 1.673992 -1.193021 -0.289908 2.790751 1.671506 -0.051048 -1.296286 -0.390998 -0.183740 -0.231711 
6.217846 -0.540698 1.573945 -0.921042 -0.376852 2.918062 1.904232 -0.072099 -1.319346 -0.385598 -0.153852 -0.232605 
6.546165 -0.990966 1.940142 -0.992765 -0.543078 2.678503 1.887137 -0.095697 -1.186765 -0.459057 -0.171275 -0.224589 
6.764561 0.494014 2.097967 -2.139395 0.778455 3.442389 2.083230 -0.028434 -1.021524 -0.085606 -0.253304 -0.214169 
6.410872 0.596434 1.323856 -1.083552 -0.148745 3.529533 2.046770 -0.264317 -0.979648 -0.145641 -0.306938 -0.204447 
6.222361 0.504285 1.588436 -1.374156 0.033588 3.585032 1.816523 0.016245 -1.176714 -0.244854 -0.220460 -0.225954 
6.955687 -0.821360 2.380831 -1.339211 0.393586 3.236360 1.721058 -0.050353 -1.153767 -0.373055 -0.078910 -0.221548 
7.682582 -1.731031 3.011761 -1.747325 0.592185 3.202520 1.264498 0.033789 -1.395331 -0.323271 0.073557 -0.279609 
6.607661 -0.203653 1.746240 -0.698378 -0.109029 3.093551 1.938857 -0.271238 -1.173582 -0.207865 -0.186318 -0.250255 
6.862995 -0.288681 1.789969 -1.238674 0.035552 3.001217 2.197343 0.071268 -1.413031 -0.356317 -0.117763 -0.257263 
7.171006 -1.511872 2.780105 -1.698173 -0.350230 3.383751 1.692625 -0.401552 -1.109188 -0.380553 -0.224526 -0.272276 
7.703632 -1.507961 2.886948 -2.222002 0.302917 3.222721 1.412570 -0.044021 -1.426547 -0.343592 -0.122656 -0.331701 
7.483041 -1.691801 2.819057 -2.200218 0.202317 2.756459 1.389457 0.304676 -1.507093 -0.390335 -0.056831 -0.349955 
6.002530 -1.129359 2.496185 -1.245786 -0.259193 1.611532 1.786202 0.012515 -1.079935 -0.165794 -0.242190 -0.201031 
6.267438 -1.245498 2.589825 -1.120508 -0.248677 1.883583 1.864219 0.048093 -1.164592 -0.206230 -0.211394 -0.228326 
6.116932 -0.883928 2.348504 -1.115226 -0.077287 1.853770 1.677850 0.416357 -1.411563 -0.413070 -0.039989 -0.251444 
5.849374 -1.029567 2.286116 -0.527552 -0.309520 1.662569 2.059329 -0.035509 -1.267677 -0.307638 -0.194254 -0.195891 
6.573070 -1.472162 2.283842 -0.250793 -1.119771 2.523311 2.006632 -0.422591 -0.851333 -0.287849 -0.269644 -0.186577 
