5.801036 -4.182352 0.624557 4.587135 1.019807 2.712626 2.867966 1.623850 -0.191740 -0.585583 -0.016787 0.218503 
5.043121 -2.689751 3.055655 4.478080 0.841177 2.891274 3.229779 1.593287 -0.094896 -0.698017 -0.259202 0.186712 
4.638657 -2.718681 2.214815 3.342341 2.449259 1.102796 3.396925 1.648378 -0.317777 -0.389208 -0.266803 0.103737 
4.689160 -2.352674 1.668721 3.200088 3.107593 0.354849 3.949376 1.801511 -0.275507 -0.350615 -0.399289 0.138348 
4.087964 -2.375266 1.651863 2.639133 2.945494 0.903183 3.891083 1.627935 -0.336508 -0.267639 -0.286356 0.137676 
3.978261 -1.782277 0.103289 3.579273 3.033068 1.654428 1.771655 2.368280 0.071788 -0.772807 -0.040292 0.202486 
4.257355 -2.753847 3.025912 3.601490 2.526276 2.100776 2.201436 2.255934 -0.130958 -0.812260 -0.061610 0.162278 
4.323716 -3.804146 3.843578 3.162749 2.160760 2.505525 2.099011 1.623153 -0.049933 -0.556377 -0.061223 0.125678 
4.412955 -2.768008 2.552471 3.413730 2.935692 1.594289 2.669618 1.459197 -0.125816 -0.185575 -0.111154 0.128104 
4.100492 -3.396955 2.663539 2.348027 2.632813 2.313456 2.490526 1.615131 -0.056482 -0.273153 -0.104308 0.103415 
4.264521 -1.879258 2.081075 2.994206 4.025974 0.711944 2.739963 1.581233 -0.353041 -0.521565 -0.261939 0.235096 
4.210631 -1.813523 1.539506 3.739229 3.596205 0.419598 3.201247 2.047940 -0.434979 -0.660011 -0.189193 0.203835 
4.289878 -2.179356 0.957510 4.198534 3.787356 -0.103075 3.465086 1.999311 -0.406865 -0.651323 -0.114700 0.228886 
3.968598 -3.136914 1.873640 3.637874 3.454227 0.542684 3.082104 2.021390 -0.717993 -0.367692 0.058367 0.180422 
4.036355 -3.481000 1.915429 3.345775 3.750059 0.421465 3.081577 2.243385 -0.819379 -0.286738 0.080222 0.183150 
5.147373 -3.819102 1.759627 4.064977 2.016722 2.564708 2.076939 1.726125 0.059276 -0.971546 -0.072502 0.260694 
4.901049 -3.774811 1.415642 3.280107 2.638930 2.255041 1.822807 2.144252 0.108360 -1.186127 -0.123895 0.239940 
4.628981 -3.264720 1.068668 2.982520 3.261672 1.734197 1.705485 2.141091 0.107627 -1.006693 -0.147405 0.207174 
4.866703 -2.888323 0.422783 2.460400 3.672292 0.753389 3.156875 1.637116 -0.183407 -0.623261 -0.340533 0.206530 
4.585562 -3.251366 1.095786 2.497713 3.563593 0.914750 2.970411 1.861879 -0.341303 -0.630836 -0.332385 0.190762 
5.180848 -3.248973 2.687035 4.780173 1.268381 3.006081 2.652125 1.452998 -0.402470 -0.667147 0.047594 0.175693 
5.486967 -3.625944 2.386101 3.131535 2.227334 2.669968 1.985985 1.684268 0.071257 -0.973730 -0.054974 0.213490 
6.026407 -3.840581 2.452099 2.601101 2.775457 2.970329 1.276181 1.739543 0.366270 -1.087983 0.008808 0.240314 
5.313489 -2.330436 0.778661 3.582072 3.371361 2.133418 1.616735 2.726422 -0.195233 -1.068286 -0.017433 0.178073 
5.055578 -3.059087 1.377131 3.226730 2.859042 2.285644 1.756037 2.532010 -0.090078 -1.184931 0.027403 0.212719 
5.152893 -3.118395 2.565547 2.330816 1.868558 3.077218 2.738271 1.674955 -0.683684 -0.934612 0.311177 0.191822 
4.226085 -2.392830 2.666403 3.269363 1.662259 2.784339 2.645769 1.574453 -0.598876 -0.982991 0.165536 0.244083 
4.623321 -3.164330 2.292089 2.294184 3.145449 2.138502 1.766772 2.184358 -0.513750 -1.053939 0.225014 0.200964 
5.373683 -2.938851 0.894636 1.399019 4.497746 1.830502 1.472322 2.788618 -0.737879 -0.958277 0.214269 0.132227 
5.329093 -3.683093 1.746364 1.245334 4.023883 1.835751 1.565597 2.994995 -0.751473 -1.074018 0.200584 0.121743 
5.538536 -3.513860 1.617162 1.467992 2.831914 3.046197 2.308613 1.328038 -0.439587 -0.443257 0.153958 0.095942 
5.005072 -3.123802 1.003795 1.905378 2.478385 2.722775 2.768510 1.255554 -0.373394 -0.548686 0.041923 0.140590 
5.021642 -3.168258 1.350313 1.787813 2.561531 2.643476 2.694390 1.325862 -0.452574 -0.559516 0.069140 0.145159 
5.363602 -3.566060 1.637817 1.240084 2.880305 2.595076 2.479800 1.689595 -0.615912 -0.617685 0.138192 0.141087 
5.212919 -3.432887 1.690953 1.337353 2.673629 2.768344 2.572527 1.449693 -0.519746 -0.552705 0.097262 0.138492 
6.125731 -4.863872 3.507407 2.697576 2.272991 2.037966 2.067208 2.363434 -1.106381 -1.119648 0.651514 0.161306 
5.760099 -3.559225 2.556362 2.447398 2.868673 2.246298 2.179985 2.052770 -0.846210 -0.924283 0.369639 0.155408 
5.861319 -4.370402 2.393730 2.451169 2.787413 2.038319 2.166724 2.344452 -0.804899 -1.121181 0.329593 0.198832 
5.673308 -4.249902 2.866937 2.238628 2.783505 1.946552 2.279134 2.470338 -1.090343 -1.064754 0.437460 0.191436 
5.369737 -4.087073 2.721660 2.567239 2.695761 2.038765 2.424812 2.054189 -0.968074 -0.914807 0.390067 0.217001 
6.148975 -2.994174 -0.417482 3.443895 2.371010 0.474995 3.740621 2.446777 -0.225795 -0.970103 -0.133532 0.170073 
5.641755 -1.838321 -0.655490 3.518994 2.804179 0.732595 3.237299 2.024449 0.110100 -0.992601 -0.175035 0.182397 
5.615531 -1.402752 -0.137916 3.175271 3.633385 0.850288 2.822483 2.187565 -0.057240 -0.884264 -0.194363 0.181532 
5.456680 -2.126053 1.583972 2.112269 3.861385 0.711528 2.702074 2.887624 -0.489007 -0.807386 -0.275562 0.139973 
4.695972 -1.561370 1.262262 2.211765 3.777072 1.051763 2.638503 2.611998 -0.449161 -0.847265 -0.208511 0.163037 
5.242175 -1.739212 1.863643 2.187148 3.795952 1.236231 2.584911 3.493883 -1.026177 -0.939999 0.215159 0.106509 
4.516101 -1.880963 0.805591 2.579069 3.270035 1.220430 2.177468 3.529093 -0.565426 -1.072761 0.000898 0.130396 
4.431379 -2.241537 0.932039 2.582292 3.634213 0.924035 2.121412 3.295838 -0.447184 -0.974737 -0.044706 0.134678 
4.607654 -1.814155 1.658309 2.291947 3.632211 1.514305 2.021227 3.276782 -0.479043 -0.903910 -0.033454 0.086747 
4.372091 -1.913805 1.749399 1.908634 3.719816 1.561759 1.994878 3.072810 -0.365255 -0.795947 -0.113584 0.077103 
5.801036 -4.182352 0.624557 4.587135 1.019807 2.712626 2.867966 1.623850 -0.191740 -0.585583 -0.016787 0.218503 
5.043121 -2.689751 3.055655 4.478080 0.841177 2.891274 3.229779 1.593287 -0.094896 -0.698017 -0.259202 0.186712 
4.638657 -2.718681 2.214815 3.342341 2.449259 1.102796 3.396925 1.648378 -0.317777 -0.389208 -0.266803 0.103737 
4.689160 -2.352674 1.668721 3.200088 3.107593 0.354849 3.949376 1.801511 -0.275507 -0.350615 -0.399289 0.138348 
4.087964 -2.375266 1.651863 2.639133 2.945494 0.903183 3.891083 1.627935 -0.336508 -0.267639 -0.286356 0.137676 
3.978261 -1.782277 0.103289 3.579273 3.033068 1.654428 1.771655 2.368280 0.071788 -0.772807 -0.040292 0.202486 
4.257355 -2.753847 3.025912 3.601490 2.526276 2.100776 2.201436 2.255934 -0.130958 -0.812260 -0.061610 0.162278 
4.323716 -3.804146 3.843578 3.162749 2.160760 2.505525 2.099011 1.623153 -0.049933 -0.556377 -0.061223 0.125678 
4.412955 -2.768008 2.552471 3.413730 2.935692 1.594289 2.669618 1.459197 -0.125816 -0.185575 -0.111154 0.128104 
4.100492 -3.396955 2.663539 2.348027 2.632813 2.313456 2.490526 1.615131 -0.056482 -0.273153 -0.104308 0.103415 
4.264521 -1.879258 2.081075 2.994206 4.025974 0.711944 2.739963 1.581233 -0.353041 -0.521565 -0.261939 0.235096 
4.210631 -1.813523 1.539506 3.739229 3.596205 0.419598 3.201247 2.047940 -0.434979 -0.660011 -0.189193 0.203835 
4.289878 -2.179356 0.957510 4.198534 3.787356 -0.103075 3.465086 1.999311 -0.406865 -0.651323 -0.114700 0.228886 
3.968598 -3.136914 1.873640 3.637874 3.454227 0.542684 3.082104 2.021390 -0.717993 -0.367692 0.058367 0.180422 
4.036355 -3.481000 1.915429 3.345775 3.750059 0.421465 3.081577 2.243385 -0.819379 -0.286738 0.080222 0.183150 
5.147373 -3.819102 1.759627 4.064977 2.016722 2.564708 2.076939 1.726125 0.059276 -0.971546 -0.072502 0.260694 
4.901049 -3.774811 1.415642 3.280107 2.638930 2.255041 1.822807 2.144252 0.108360 -1.186127 -0.123895 0.239940 
4.628981 -3.264720 1.068668 2.982520 3.261672 1.734197 1.705485 2.141091 0.107627 -1.006693 -0.147405 0.207174 
4.866703 -2.888323 0.422783 2.460400 3.672292 0.753389 3.156875 1.637116 -0.183407 -0.623261 -0.340533 0.206530 
4.585562 -3.251366 1.095786 2.497713 3.563593 0.914750 2.970411 1.861879 -0.341303 -0.630836 -0.332385 0.190762 
5.180848 -3.248973 2.687035 4.780173 1.268381 3.006081 2.652125 1.452998 -0.402470 -0.667147 0.047594 0.175693 
5.486967 -3.625944 2.386101 3.131535 2.227334 2.669968 1.985985 1.684268 0.071257 -0.973730 -0.054974 0.213490 
6.026407 -3.840581 2.452099 2.601101 2.775457 2.970329 1.276181 1.739543 0.366270 -1.087983 0.008808 0.240314 
5.313489 -2.330436 0.778661 3.582072 3.371361 2.133418 1.616735 2.726422 -0.195233 -1.068286 -0.017433 0.178073 
5.055578 -3.059087 1.377131 3.226730 2.859042 2.285644 1.756037 2.532010 -0.090078 -1.184931 0.027403 0.212719 
5.152893 -3.118395 2.565547 2.330816 1.868558 3.077218 2.738271 1.674955 -0.683684 -0.934612 0.311177 0.191822 
4.226085 -2.392830 2.666403 3.269363 1.662259 2.784339 2.645769 1.574453 -0.598876 -0.982991 0.165536 0.244083 
4.623321 -3.164330 2.292089 2.294184 3.145449 2.138502 1.766772 2.184358 -0.513750 -1.053939 0.225014 0.200964 
5.373683 -2.938851 0.894636 1.399019 4.497746 1.830502 1.472322 2.788618 -0.737879 -0.958277 0.214269 0.132227 
5.329093 -3.683093 1.746364 1.245334 4.023883 1.835751 1.565597 2.994995 -0.751473 -1.074018 0.200584 0.121743 
5.538536 -3.513860 1.617162 1.467992 2.831914 3.046197 2.308613 1.328038 -0.439587 -0.443257 0.153958 0.095942 
5.005072 -3.123802 1.003795 1.905378 2.478385 2.722775 2.768510 1.255554 -0.373394 -0.548686 0.041923 0.140590 
5.021642 -3.168258 1.350313 1.787813 2.561531 2.643476 2.694390 1.325862 -0.452574 -0.559516 0.069140 0.145159 
5.363602 -3.566060 1.637817 1.240084 2.880305 2.595076 2.479800 1.689595 -0.615912 -0.617685 0.138192 0.141087 
5.212919 -3.432887 1.690953 1.337353 2.673629 2.768344 2.572527 1.449693 -0.519746 -0.552705 0.097262 0.138492 
6.125731 -4.863872 3.507407 2.697576 2.272991 2.037966 2.067208 2.363434 -1.106381 -1.119648 0.651514 0.161306 
5.760099 -3.559225 2.556362 2.447398 2.868673 2.246298 2.179985 2.052770 -0.846210 -0.924283 0.369639 0.155408 
5.861319 -4.370402 2.393730 2.451169 2.787413 2.038319 2.166724 2.344452 -0.804899 -1.121181 0.329593 0.198832 
5.673308 -4.249902 2.866937 2.238628 2.783505 1.946552 2.279134 2.470338 -1.090343 -1.064754 0.437460 0.191436 
5.369737 -4.087073 2.721660 2.567239 2.695761 2.038765 2.424812 2.054189 -0.968074 -0.914807 0.390067 0.217001 
6.148975 -2.994174 -0.417482 3.443895 2.371010 0.474995 3.740621 2.446777 -0.225795 -0.970103 -0.133532 0.170073 
5.641755 -1.838321 -0.655490 3.518994 2.804179 0.732595 3.237299 2.024449 0.110100 -0.992601 -0.175035 0.182397 
5.615531 -1.402752 -0.137916 3.175271 3.633385 0.850288 2.822483 2.187565 -0.057240 -0.884264 -0.194363 0.181532 
5.456680 -2.126053 1.583972 2.112269 3.861385 0.711528 2.702074 2.887624 -0.489007 -0.807386 -0.275562 0.139973 
4.695972 -1.561370 1.262262 2.211765 3.777072 1.051763 2.638503 2.611998 -0.449161 -0.847265 -0.208511 0.163037 
5.242175 -1.739212 1.863643 2.187148 3.795952 1.236231 2.584911 3.493883 -1.026177 -0.939999 0.215159 0.106509 
4.516101 -1.880963 0.805591 2.579069 3.270035 1.220430 2.177468 3.529093 -0.565426 -1.072761 0.000898 0.130396 
4.431379 -2.241537 0.932039 2.582292 3.634213 0.924035 2.121412 3.295838 -0.447184 -0.974737 -0.044706 0.134678 
4.607654 -1.814155 1.658309 2.291947 3.632211 1.514305 2.021227 3.276782 -0.479043 -0.903910 -0.033454 0.086747 
4.372091 -1.913805 1.749399 1.908634 3.719816 1.561759 1.994878 3.072810 -0.365255 -0.795947 -0.113584 0.077103 
5.801036 -4.182352 0.624557 4.587135 1.019807 2.712626 2.867966 1.623850 -0.191740 -0.585583 -0.016787 0.218503 
5.043121 -2.689751 3.055655 4.478080 0.841177 2.891274 3.229779 1.593287 -0.094896 -0.698017 -0.259202 0.186712 
4.638657 -2.718681 2.214815 3.342341 2.449259 1.102796 3.396925 1.648378 -0.317777 -0.389208 -0.266803 0.103737 
4.689160 -2.352674 1.668721 3.200088 3.107593 0.354849 3.949376 1.801511 -0.275507 -0.350615 -0.399289 0.138348 
4.087964 -2.375266 1.651863 2.639133 2.945494 0.903183 3.891083 1.627935 -0.336508 -0.267639 -0.286356 0.137676 
3.978261 -1.782277 0.103289 3.579273 3.033068 1.654428 1.771655 2.368280 0.071788 -0.772807 -0.040292 0.202486 
4.257355 -2.753847 3.025912 3.601490 2.526276 2.100776 2.201436 2.255934 -0.130958 -0.812260 -0.061610 0.162278 
4.323716 -3.804146 3.843578 3.162749 2.160760 2.505525 2.099011 1.623153 -0.049933 -0.556377 -0.061223 0.125678 
4.412955 -2.768008 2.552471 3.413730 2.935692 1.594289 2.669618 1.459197 -0.125816 -0.185575 -0.111154 0.128104 
4.100492 -3.396955 2.663539 2.348027 2.632813 2.313456 2.490526 1.615131 -0.056482 -0.273153 -0.104308 0.103415 
4.264521 -1.879258 2.081075 2.994206 4.025974 0.711944 2.739963 1.581233 -0.353041 -0.521565 -0.261939 0.235096 
4.210631 -1.813523 1.539506 3.739229 3.596205 0.419598 3.201247 2.047940 -0.434979 -0.660011 -0.189193 0.203835 
4.289878 -2.179356 0.957510 4.198534 3.787356 -0.103075 3.465086 1.999311 -0.406865 -0.651323 -0.114700 0.228886 
3.968598 -3.136914 1.873640 3.637874 3.454227 0.542684 3.082104 2.021390 -0.717993 -0.367692 0.058367 0.180422 
4.036355 -3.481000 1.915429 3.345775 3.750059 0.421465 3.081577 2.243385 -0.819379 -0.286738 0.080222 0.183150 
5.147373 -3.819102 1.759627 4.064977 2.016722 2.564708 2.076939 1.726125 0.059276 -0.971546 -0.072502 0.260694 
4.901049 -3.774811 1.415642 3.280107 2.638930 2.255041 1.822807 2.144252 0.108360 -1.186127 -0.123895 0.239940 
4.628981 -3.264720 1.068668 2.982520 3.261672 1.734197 1.705485 2.141091 0.107627 -1.006693 -0.147405 0.207174 
4.866703 -2.888323 0.422783 2.460400 3.672292 0.753389 3.156875 1.637116 -0.183407 -0.623261 -0.340533 0.206530 
4.585562 -3.251366 1.095786 2.497713 3.563593 0.914750 2.970411 1.861879 -0.341303 -0.630836 -0.332385 0.190762 
5.180848 -3.248973 2.687035 4.780173 1.268381 3.006081 2.652125 1.452998 -0.402470 -0.667147 0.047594 0.175693 
5.486967 -3.625944 2.386101 3.131535 2.227334 2.669968 1.985985 1.684268 0.071257 -0.973730 -0.054974 0.213490 
6.026407 -3.840581 2.452099 2.601101 2.775457 2.970329 1.276181 1.739543 0.366270 -1.087983 0.008808 0.240314 
5.313489 -2.330436 0.778661 3.582072 3.371361 2.133418 1.616735 2.726422 -0.195233 -1.068286 -0.017433 0.178073 
5.055578 -3.059087 1.377131 3.226730 2.859042 2.285644 1.756037 2.532010 -0.090078 -1.184931 0.027403 0.212719 
5.152893 -3.118395 2.565547 2.330816 1.868558 3.077218 2.738271 1.674955 -0.683684 -0.934612 0.311177 0.191822 
4.226085 -2.392830 2.666403 3.269363 1.662259 2.784339 2.645769 1.574453 -0.598876 -0.982991 0.165536 0.244083 
4.623321 -3.164330 2.292089 2.294184 3.145449 2.138502 1.766772 2.184358 -0.513750 -1.053939 0.225014 0.200964 
5.373683 -2.938851 0.894636 1.399019 4.497746 1.830502 1.472322 2.788618 -0.737879 -0.958277 0.214269 0.132227 
5.329093 -3.683093 1.746364 1.245334 4.023883 1.835751 1.565597 2.994995 -0.751473 -1.074018 0.200584 0.121743 
5.538536 -3.513860 1.617162 1.467992 2.831914 3.046197 2.308613 1.328038 -0.439587 -0.443257 0.153958 0.095942 
5.005072 -3.123802 1.003795 1.905378 2.478385 2.722775 2.768510 1.255554 -0.373394 -0.548686 0.041923 0.140590 
5.021642 -3.168258 1.350313 1.787813 2.561531 2.643476 2.694390 1.325862 -0.452574 -0.559516 0.069140 0.145159 
5.363602 -3.566060 1.637817 1.240084 2.880305 2.595076 2.479800 1.689595 -0.615912 -0.617685 0.138192 0.141087 
5.212919 -3.432887 1.690953 1.337353 2.673629 2.768344 2.572527 1.449693 -0.519746 -0.552705 0.097262 0.138492 
6.125731 -4.863872 3.507407 2.697576 2.272991 2.037966 2.067208 2.363434 -1.106381 -1.119648 0.651514 0.161306 
5.760099 -3.559225 2.556362 2.447398 2.868673 2.246298 2.179985 2.052770 -0.846210 -0.924283 0.369639 0.155408 
5.861319 -4.370402 2.393730 2.451169 2.787413 2.038319 2.166724 2.344452 -0.804899 -1.121181 0.329593 0.198832 
5.673308 -4.249902 2.866937 2.238628 2.783505 1.946552 2.279134 2.470338 -1.090343 -1.064754 0.437460 0.191436 
5.369737 -4.087073 2.721660 2.567239 2.695761 2.038765 2.424812 2.054189 -0.968074 -0.914807 0.390067 0.217001 
6.148975 -2.994174 -0.417482 3.443895 2.371010 0.474995 3.740621 2.446777 -0.225795 -0.970103 -0.133532 0.170073 
5.641755 -1.838321 -0.655490 3.518994 2.804179 0.732595 3.237299 2.024449 0.110100 -0.992601 -0.175035 0.182397 
5.615531 -1.402752 -0.137916 3.175271 3.633385 0.850288 2.822483 2.187565 -0.057240 -0.884264 -0.194363 0.181532 
5.456680 -2.126053 1.583972 2.112269 3.861385 0.711528 2.702074 2.887624 -0.489007 -0.807386 -0.275562 0.139973 
4.695972 -1.561370 1.262262 2.211765 3.777072 1.051763 2.638503 2.611998 -0.449161 -0.847265 -0.208511 0.163037 
5.242175 -1.739212 1.863643 2.187148 3.795952 1.236231 2.584911 3.493883 -1.026177 -0.939999 0.215159 0.106509 
4.516101 -1.880963 0.805591 2.579069 3.270035 1.220430 2.177468 3.529093 -0.565426 -1.072761 0.000898 0.130396 
4.431379 -2.241537 0.932039 2.582292 3.634213 0.924035 2.121412 3.295838 -0.447184 -0.974737 -0.044706 0.134678 
4.607654 -1.814155 1.658309 2.291947 3.632211 1.514305 2.021227 3.276782 -0.479043 -0.903910 -0.033454 0.086747 
4.372091 -1.913805 1.749399 1.908634 3.719816 1.561759 1.994878 3.072810 -0.365255 -0.795947 -0.113584 0.077103 
5.801036 -4.182352 0.624557 4.587135 1.019807 2.712626 2.867966 1.623850 -0.191740 -0.585583 -0.016787 0.218503 
5.043121 -2.689751 3.055655 4.478080 0.841177 2.891274 3.229779 1.593287 -0.094896 -0.698017 -0.259202 0.186712 
4.638657 -2.718681 2.214815 3.342341 2.449259 1.102796 3.396925 1.648378 -0.317777 -0.389208 -0.266803 0.103737 
4.689160 -2.352674 1.668721 3.200088 3.107593 0.354849 3.949376 1.801511 -0.275507 -0.350615 -0.399289 0.138348 
4.087964 -2.375266 1.651863 2.639133 2.945494 0.903183 3.891083 1.627935 -0.336508 -0.267639 -0.286356 0.137676 
3.978261 -1.782277 0.103289 3.579273 3.033068 1.654428 1.771655 2.368280 0.071788 -0.772807 -0.040292 0.202486 
4.257355 -2.753847 3.025912 3.601490 2.526276 2.100776 2.201436 2.255934 -0.130958 -0.812260 -0.061610 0.162278 
4.323716 -3.804146 3.843578 3.162749 2.160760 2.505525 2.099011 1.623153 -0.049933 -0.556377 -0.061223 0.125678 
4.412955 -2.768008 2.552471 3.413730 2.935692 1.594289 2.669618 1.459197 -0.125816 -0.185575 -0.111154 0.128104 
4.100492 -3.396955 2.663539 2.348027 2.632813 2.313456 2.490526 1.615131 -0.056482 -0.273153 -0.104308 0.103415 
4.264521 -1.879258 2.081075 2.994206 4.025974 0.711944 2.739963 1.581233 -0.353041 -0.521565 -0.261939 0.235096 
4.210631 -1.813523 1.539506 3.739229 3.596205 0.419598 3.201247 2.047940 -0.434979 -0.660011 -0.189193 0.203835 
4.289878 -2.179356 0.957510 4.198534 3.787356 -0.103075 3.465086 1.999311 -0.406865 -0.651323 -0.114700 0.228886 
3.968598 -3.136914 1.873640 3.637874 3.454227 0.542684 3.082104 2.021390 -0.717993 -0.367692 0.058367 0.180422 
4.036355 -3.481000 1.915429 3.345775 3.750059 0.421465 3.081577 2.243385 -0.819379 -0.286738 0.080222 0.183150 
5.147373 -3.819102 1.759627 4.064977 2.016722 2.564708 2.076939 1.726125 0.059276 -0.971546 -0.072502 0.260694 
4.901049 -3.774811 1.415642 3.280107 2.638930 2.255041 1.822807 2.144252 0.108360 -1.186127 -0.123895 0.239940 
4.628981 -3.264720 1.068668 2.982520 3.261672 1.734197 1.705485 2.141091 0.107627 -1.006693 -0.147405 0.207174 
4.866703 -2.888323 0.422783 2.460400 3.672292 0.753389 3.156875 1.637116 -0.183407 -0.623261 -0.340533 0.206530 
4.585562 -3.251366 1.095786 2.497713 3.563593 0.914750 2.970411 1.861879 -0.341303 -0.630836 -0.332385 0.190762 
5.180848 -3.248973 2.687035 4.780173 1.268381 3.006081 2.652125 1.452998 -0.402470 -0.667147 0.047594 0.175693 
5.486967 -3.625944 2.386101 3.131535 2.227334 2.669968 1.985985 1.684268 0.071257 -0.973730 -0.054974 0.213490 
6.026407 -3.840581 2.452099 2.601101 2.775457 2.970329 1.276181 1.739543 0.366270 -1.087983 0.008808 0.240314 
5.313489 -2.330436 0.778661 3.582072 3.371361 2.133418 1.616735 2.726422 -0.195233 -1.068286 -0.017433 0.178073 
5.055578 -3.059087 1.377131 3.226730 2.859042 2.285644 1.756037 2.532010 -0.090078 -1.184931 0.027403 0.212719 
5.152893 -3.118395 2.565547 2.330816 1.868558 3.077218 2.738271 1.674955 -0.683684 -0.934612 0.311177 0.191822 
4.226085 -2.392830 2.666403 3.269363 1.662259 2.784339 2.645769 1.574453 -0.598876 -0.982991 0.165536 0.244083 
4.623321 -3.164330 2.292089 2.294184 3.145449 2.138502 1.766772 2.184358 -0.513750 -1.053939 0.225014 0.200964 
5.373683 -2.938851 0.894636 1.399019 4.497746 1.830502 1.472322 2.788618 -0.737879 -0.958277 0.214269 0.132227 
5.329093 -3.683093 1.746364 1.245334 4.023883 1.835751 1.565597 2.994995 -0.751473 -1.074018 0.200584 0.121743 
5.538536 -3.513860 1.617162 1.467992 2.831914 3.046197 2.308613 1.328038 -0.439587 -0.443257 0.153958 0.095942 
5.005072 -3.123802 1.003795 1.905378 2.478385 2.722775 2.768510 1.255554 -0.373394 -0.548686 0.041923 0.140590 
5.021642 -3.168258 1.350313 1.787813 2.561531 2.643476 2.694390 1.325862 -0.452574 -0.559516 0.069140 0.145159 
5.363602 -3.566060 1.637817 1.240084 2.880305 2.595076 2.479800 1.689595 -0.615912 -0.617685 0.138192 0.141087 
5.212919 -3.432887 1.690953 1.337353 2.673629 2.768344 2.572527 1.449693 -0.519746 -0.552705 0.097262 0.138492 
6.125731 -4.863872 3.507407 2.697576 2.272991 2.037966 2.067208 2.363434 -1.106381 -1.119648 0.651514 0.161306 
5.760099 -3.559225 2.556362 2.447398 2.868673 2.246298 2.179985 2.052770 -0.846210 -0.924283 0.369639 0.155408 
5.861319 -4.370402 2.393730 2.451169 2.787413 2.038319 2.166724 2.344452 -0.804899 -1.121181 0.329593 0.198832 
5.673308 -4.249902 2.866937 2.238628 2.783505 1.946552 2.279134 2.470338 -1.090343 -1.064754 0.437460 0.191436 
5.369737 -4.087073 2.721660 2.567239 2.695761 2.038765 2.424812 2.054189 -0.968074 -0.914807 0.390067 0.217001 
6.148975 -2.994174 -0.417482 3.443895 2.371010 0.474995 3.740621 2.446777 -0.225795 -0.970103 -0.133532 0.170073 
5.641755 -1.838321 -0.655490 3.518994 2.804179 0.732595 3.237299 2.024449 0.110100 -0.992601 -0.175035 0.182397 
5.615531 -1.402752 -0.137916 3.175271 3.633385 0.850288 2.822483 2.187565 -0.057240 -0.884264 -0.194363 0.181532 
5.456680 -2.126053 1.583972 2.112269 3.861385 0.711528 2.702074 2.887624 -0.489007 -0.807386 -0.275562 0.139973 
4.695972 -1.561370 1.262262 2.211765 3.777072 1.051763 2.638503 2.611998 -0.449161 -0.847265 -0.208511 0.163037 
5.242175 -1.739212 1.863643 2.187148 3.795952 1.236231 2.584911 3.493883 -1.026177 -0.939999 0.215159 0.106509 
4.516101 -1.880963 0.805591 2.579069 3.270035 1.220430 2.177468 3.529093 -0.565426 -1.072761 0.000898 0.130396 
4.431379 -2.241537 0.932039 2.582292 3.634213 0.924035 2.121412 3.295838 -0.447184 -0.974737 -0.044706 0.134678 
4.607654 -1.814155 1.658309 2.291947 3.632211 1.514305 2.021227 3.276782 -0.479043 -0.903910 -0.033454 0.086747 
4.372091 -1.913805 1.749399 1.908634 3.719816 1.561759 1.994878 3.072810 -0.365255 -0.795947 -0.113584 0.077103 
4.711580 -3.180408 0.139756 4.152128 1.399875 2.105973 3.146268 1.839973 -0.307831 -0.696417 0.109550 0.207518 
5.103153 -2.790697 3.147964 4.466675 0.861963 2.903324 3.237577 1.588411 -0.076943 -0.707630 -0.257767 0.188323 
4.303927 -2.347031 1.933076 3.695105 2.253415 1.291872 3.320507 1.634421 -0.217701 -0.478015 -0.243052 0.103526 
4.381994 -2.051833 1.485411 3.523684 2.932055 0.606665 3.784973 1.818704 -0.151409 -0.482901 -0.344077 0.128378 
4.096077 -2.399536 1.668641 2.618811 2.963158 0.896546 3.891327 1.635546 -0.347833 -0.258466 -0.288666 0.137883 
4.968427 -2.744759 0.696612 3.629855 3.013622 2.096072 1.262800 2.572662 0.237442 -0.962505 -0.023650 0.208228 
4.702782 -3.309909 3.537284 3.106333 2.746092 1.986320 2.185831 2.280064 -0.190971 -0.783235 -0.042988 0.148148 
4.357763 -3.844738 3.878167 3.129444 2.170418 2.505142 2.090247 1.628984 -0.052980 -0.556059 -0.058997 0.124635 
4.474619 -2.855369 2.635138 3.334288 2.978064 1.579213 2.660260 1.480908 -0.154349 -0.170015 -0.110950 0.126720 
4.101798 -3.408474 2.671186 2.327967 2.650241 2.304275 2.494183 1.618545 -0.062976 -0.267183 -0.105045 0.103207 
4.414773 -2.035405 2.215622 2.826587 4.075367 0.623479 2.793796 1.561478 -0.423010 -0.437290 -0.294379 0.238455 
4.442352 -2.064225 1.722980 3.526912 3.728844 0.227030 3.342857 1.999446 -0.503301 -0.577395 -0.222180 0.211717 
4.529087 -2.407413 1.061614 4.041806 3.900285 -0.321703 3.641575 1.943975 -0.460486 -0.580723 -0.143916 0.241288 
4.047334 -3.244454 1.950469 3.530364 3.520089 0.488173 3.109522 2.030608 -0.756401 -0.327728 0.048615 0.180129 
3.972022 -3.387277 1.858789 3.421249 3.709979 0.450973 3.064571 2.226057 -0.786241 -0.316899 0.085156 0.184342 
5.586029 -4.385133 2.260385 3.737251 2.181131 2.494287 2.099407 1.700820 0.103660 -1.007284 -0.064724 0.263938 
5.265986 -4.265770 1.858732 2.889976 2.783441 2.181762 1.847032 2.192850 0.057197 -1.183501 -0.100934 0.232505 
4.992569 -3.760295 1.515203 2.545327 3.424640 1.640180 1.738140 2.222855 -0.007869 -0.946897 -0.136058 0.195217 
5.001290 -3.052279 0.534063 2.284773 3.726570 0.656295 3.235345 1.698933 -0.296641 -0.538287 -0.364495 0.205300 
4.503772 -3.166191 1.027137 2.592061 3.535961 0.944305 2.948085 1.835800 -0.291163 -0.667128 -0.323655 0.192857 
6.540502 -4.865633 4.072435 3.963847 1.414715 2.934690 2.629413 1.336915 -0.219815 -0.836987 0.076942 0.195602 
5.233924 -3.287810 2.071771 3.358199 2.119760 2.726477 1.969224 1.686526 0.064161 -0.959946 -0.064173 0.214087 
5.418394 -3.041320 1.723511 3.113091 2.559729 3.099984 1.259644 1.729279 0.347737 -1.040873 -0.023858 0.242929 
5.232168 -2.231655 0.697560 3.607026 3.322846 2.107030 1.649440 2.727156 -0.228225 -1.044403 -0.026874 0.178400 
5.030665 -3.013114 1.332196 3.258093 2.834448 2.301685 1.747848 2.533790 -0.094912 -1.179840 0.024842 0.212857 
5.095350 -3.057918 2.521038 2.349880 1.856836 3.074829 2.747339 1.676210 -0.690086 -0.931260 0.310774 0.191540 
4.292429 -2.488680 2.773463 3.203379 1.710417 2.770406 2.646845 1.578102 -0.593690 -0.992854 0.169879 0.243780 
4.547867 -3.063948 2.193049 2.384926 3.101924 2.168930 1.761438 2.169270 -0.491081 -1.064123 0.222187 0.203269 
5.360791 -2.943253 0.894529 1.398353 4.493213 1.823961 1.485344 2.784703 -0.739521 -0.954322 0.211973 0.132676 
5.016378 -3.255224 1.416891 1.536967 4.083721 1.874219 1.517135 2.888117 -0.646720 -1.108420 0.186891 0.135448 
5.290455 -3.171020 1.321084 1.738801 2.747177 3.110195 2.341830 1.229167 -0.388825 -0.465610 0.149821 0.106539 
5.447304 -3.786197 1.568920 1.331093 2.655990 2.600027 2.726166 1.521743 -0.545909 -0.472789 0.042465 0.117874 
5.181791 -3.407989 1.557629 1.590502 2.619436 2.623246 2.665438 1.403079 -0.500765 -0.537549 0.070159 0.139162 
5.279203 -3.436524 1.532387 1.344858 2.864838 2.617781 2.489441 1.629322 -0.577802 -0.634425 0.135503 0.147620 
5.027066 -3.155668 1.442145 1.579016 2.604024 2.820835 2.591075 1.344328 -0.452826 -0.582853 0.097200 0.146953 
5.819032 -4.543216 3.328032 2.862328 2.469482 2.088469 2.161376 2.189478 -1.045273 -1.035100 0.564762 0.166303 
5.211685 -2.837176 1.888419 2.994735 2.693525 2.445449 2.214955 1.891222 -0.744486 -0.912683 0.326324 0.169993 
5.099378 -3.388690 1.532585 3.231086 2.659086 2.233545 2.217845 2.028357 -0.622091 -1.084582 0.237799 0.223640 
5.062740 -3.512694 2.253804 2.831257 2.870094 2.065884 2.325326 2.149530 -0.855504 -1.069912 0.339619 0.225972 
4.766157 -3.300529 2.001348 3.251698 2.572100 2.189229 2.441474 1.819584 -0.778100 -0.945799 0.328577 0.241605 
5.871093 -2.674639 -0.643208 3.707182 2.242886 0.676374 3.665201 2.321945 -0.133757 -1.006733 -0.120195 0.164259 
5.508792 -1.726802 -0.689807 3.539763 2.804917 0.831863 3.168279 2.019987 0.126412 -1.002249 -0.173399 0.180704 
5.427632 -1.207770 -0.265527 3.271354 3.479557 1.058455 2.691941 2.220947 -0.045039 -0.902037 -0.180719 0.175726 
5.164618 -1.757856 1.246592 2.440772 3.747529 0.912913 2.618022 2.811723 -0.341788 -0.901333 -0.252074 0.144630 
4.783216 -1.645087 1.343933 2.109832 3.836014 0.992012 2.661490 2.620876 -0.475533 -0.826131 -0.218134 0.163356 
5.020356 -1.431021 1.548999 2.424518 3.649090 1.346671 2.551854 3.478382 -1.014883 -0.928860 0.202919 0.111766 
4.746946 -2.123615 1.046897 2.377928 3.470222 1.156963 2.140884 3.551621 -0.545703 -1.103189 0.025068 0.120707 
4.585230 -2.410833 1.094676 2.441518 3.733902 0.852059 2.149024 3.300188 -0.455624 -0.971916 -0.042915 0.132410 
4.666190 -1.850209 1.690233 2.222260 3.701049 1.467217 2.031196 3.283735 -0.488740 -0.901647 -0.033220 0.085917 
4.455771 -2.005504 1.830149 1.829863 3.788465 1.499883 2.021103 3.083217 -0.385897 -0.784563 -0.114951 0.075460 
