4.898548 2.180226 4.284660 4.098157 2.816907 0.625037 0.660454 0.311422 -2.188408 -0.488530 0.355567 -0.108776 
4.932300 2.232043 4.219855 4.132131 2.655907 0.245196 0.885622 -0.004887 -2.131969 -0.378293 0.280190 -0.116352 
5.506086 1.436533 5.291947 3.548017 2.865256 0.235934 0.605016 0.125229 -2.245129 -0.567630 0.324826 -0.148258 
5.929015 1.097415 5.170556 4.035034 2.939752 -0.403705 1.228550 -0.183932 -2.054335 -0.597697 0.106618 -0.074383 
5.353390 1.906808 4.521749 3.979017 2.474614 0.974363 1.097727 -0.275740 -2.235094 -0.842786 0.352072 -0.065425 
5.848099 1.536260 3.651359 4.343455 0.383252 0.628029 2.010433 -0.535317 -1.449115 -1.183490 0.017232 0.018536 
5.425423 2.208616 3.875859 3.892563 1.117136 0.969541 1.617445 -0.304271 -1.711196 -1.182485 0.133230 -0.010653 
5.077168 2.405298 4.836717 3.350715 1.735910 0.702035 0.620888 0.344760 -1.852001 -0.909435 0.214280 -0.092288 
5.338424 2.351229 5.696117 4.060729 1.457763 0.497673 0.729412 0.013056 -1.761486 -0.550646 0.094961 -0.174287 
5.095055 2.278016 5.773617 4.860154 1.635833 0.260490 0.718437 0.229734 -1.360916 -0.657251 0.040067 -0.130770 
5.988242 1.551895 3.999671 5.180118 0.231711 0.044570 2.108050 -0.824423 -1.788875 -0.957667 0.099854 -0.077756 
5.065499 2.425748 4.063013 4.373592 1.004674 0.293973 1.045087 -0.367003 -1.618783 -1.037949 0.146504 -0.049429 
5.011132 2.510059 4.076122 4.651872 1.092060 0.184695 1.090111 -0.453692 -1.538153 -1.037250 0.131663 -0.064627 
6.546844 1.321300 3.925595 5.145125 0.289925 0.529823 3.013502 -0.605947 -2.075780 -1.183516 0.026674 -0.059929 
6.510787 1.806720 5.160082 4.197891 0.847432 0.696733 1.279180 0.198313 -1.771653 -1.144447 0.055892 -0.055565 
6.161173 1.389823 4.332688 5.322179 2.078042 -1.540649 0.125405 0.706358 -0.869082 -0.991406 -0.073064 0.046409 
5.613673 2.306821 5.299226 6.125195 1.741843 -1.832674 -0.033680 1.203234 -1.330159 -0.976130 -0.097510 -0.014234 
5.157340 2.602910 4.311148 5.442783 1.868574 -0.845099 0.538169 0.721000 -1.244447 -0.982394 -0.009970 -0.020828 
5.220129 2.845950 3.940282 4.725782 1.963292 0.106105 1.150785 0.613659 -1.525661 -1.121445 0.115173 -0.014537 
6.175506 2.612984 4.160912 5.187042 1.778855 0.124245 1.487835 0.524878 -1.468757 -1.020862 0.054007 -0.031511 
7.109089 0.330403 2.921631 5.300608 -0.036297 -1.985022 1.995887 -0.295836 -1.550839 -1.268494 -0.144847 0.004983 
7.606926 -0.294599 3.845522 4.153922 0.946540 -0.978255 2.004017 0.109679 -1.847695 -1.342457 -0.384789 0.042301 
6.682575 0.911672 3.639129 4.960874 0.826737 -0.923546 1.422748 -0.375320 -1.251503 -1.222362 -0.232226 0.019101 
6.532309 1.823564 3.553310 4.987823 1.178395 -0.637416 0.890887 0.082210 -0.878440 -1.431937 -0.290741 0.040629 
7.682122 -0.034145 4.323973 5.242441 1.649330 -1.286746 2.060725 0.563941 -1.650268 -1.170963 -0.236903 0.009058 
6.168152 0.946290 3.735965 3.971236 1.442284 0.574847 0.341745 -0.470110 -0.703906 -1.346661 -0.334689 0.104893 
6.310674 1.096082 3.434021 4.655217 0.916103 0.291626 1.747998 -0.967942 -1.183742 -1.254448 -0.254489 0.037189 
6.924568 0.708749 3.979084 4.381763 1.383625 0.300798 1.393155 -0.506736 -1.145113 -1.302955 -0.463746 0.049691 
6.319015 1.557438 4.158305 4.744893 1.719774 0.295610 0.366634 -0.073752 -0.685074 -1.403210 -0.381560 0.046265 
6.144811 2.129958 2.832300 4.429439 2.234805 0.990842 0.990058 -0.158053 -1.094211 -1.784437 -0.231757 0.103891 
6.216322 0.971889 4.946776 4.654987 1.969677 -0.484710 -0.202714 0.153375 -1.275062 -0.905109 0.011471 -0.049166 
5.856488 1.635407 4.087291 5.601687 1.611552 -0.709380 0.299343 -0.198078 -1.144546 -0.992099 -0.113190 -0.042099 
5.870394 1.746659 4.083153 4.387995 2.035543 0.232230 -0.135369 0.152977 -1.461656 -1.280867 -0.010242 0.012341 
5.425227 2.253247 3.872157 5.031071 1.824198 -0.190849 0.339643 -0.220818 -1.453845 -1.029250 -0.007146 -0.046649 
5.429600 2.371638 3.597252 4.276905 1.925901 0.749083 0.770445 -0.254902 -1.576045 -1.322481 0.067619 0.013586 
5.342698 2.513056 2.934413 4.587602 2.311479 -0.500218 -0.118083 0.317528 -0.868329 -1.436393 -0.142535 0.054318 
5.330148 2.540675 2.870570 4.725590 2.560457 -0.484020 -0.297836 0.307840 -0.693006 -1.493892 -0.205540 0.051377 
5.939617 2.155515 3.513198 5.686708 2.274160 -1.136687 -0.238094 0.316857 -0.762011 -1.302875 -0.298833 0.016838 
5.938393 2.592612 3.093848 5.185618 2.782657 -0.520960 -0.047677 0.472349 -0.953177 -1.447266 -0.284953 0.034575 
6.213178 2.198603 2.416932 4.891867 3.028264 0.425460 0.597434 -0.001809 -1.196777 -1.703538 -0.189433 0.106663 
6.381149 2.129704 2.783307 4.686624 1.326948 -0.645229 1.186928 0.143880 -1.112400 -1.346394 -0.067496 0.052819 
6.230787 1.870291 3.096785 5.365025 1.155068 -0.750297 1.291855 -0.130832 -1.188564 -1.175460 0.023183 0.004511 
5.710033 2.428803 3.296073 4.899968 1.496087 -0.413572 0.802080 -0.088678 -1.302398 -1.292043 -0.022948 0.005931 
5.343169 2.927165 3.215813 4.541872 2.209110 -0.253261 0.187769 0.217532 -1.054160 -1.399707 -0.137581 0.007068 
4.984965 3.464470 2.945265 3.588401 2.511600 0.579636 0.375138 0.395798 -0.969623 -1.539837 -0.054256 -0.010991 
6.683511 0.803598 4.424338 3.795516 1.472289 0.409414 -0.275711 0.525108 -1.088760 -1.433154 0.001836 0.078244 
6.682300 0.866897 4.482574 4.341914 1.706634 0.081267 -0.548893 0.335462 -1.069639 -1.387338 -0.091074 0.050634 
6.986619 0.565636 4.530831 4.257902 1.711320 -0.049482 -0.011071 0.132384 -1.170542 -1.360441 -0.167598 0.054721 
6.495761 1.961102 3.197088 4.790884 1.368161 0.047234 1.454627 0.059197 -1.518325 -1.542363 -0.115966 0.039652 
6.538023 2.329422 2.762465 4.354525 1.573540 0.442006 1.774347 0.203267 -1.579604 -1.850275 -0.218665 0.061018 
4.898548 2.180226 4.284660 4.098157 2.816907 0.625037 0.660454 0.311422 -2.188408 -0.488530 0.355567 -0.108776 
4.932300 2.232043 4.219855 4.132131 2.655907 0.245196 0.885622 -0.004887 -2.131969 -0.378293 0.280190 -0.116352 
5.506086 1.436533 5.291947 3.548017 2.865256 0.235934 0.605016 0.125229 -2.245129 -0.567630 0.324826 -0.148258 
5.929015 1.097415 5.170556 4.035034 2.939752 -0.403705 1.228550 -0.183932 -2.054335 -0.597697 0.106618 -0.074383 
5.353390 1.906808 4.521749 3.979017 2.474614 0.974363 1.097727 -0.275740 -2.235094 -0.842786 0.352072 -0.065425 
5.848099 1.536260 3.651359 4.343455 0.383252 0.628029 2.010433 -0.535317 -1.449115 -1.183490 0.017232 0.018536 
5.425423 2.208616 3.875859 3.892563 1.117136 0.969541 1.617445 -0.304271 -1.711196 -1.182485 0.133230 -0.010653 
5.077168 2.405298 4.836717 3.350715 1.735910 0.702035 0.620888 0.344760 -1.852001 -0.909435 0.214280 -0.092288 
5.338424 2.351229 5.696117 4.060729 1.457763 0.497673 0.729412 0.013056 -1.761486 -0.550646 0.094961 -0.174287 
5.095055 2.278016 5.773617 4.860154 1.635833 0.260490 0.718437 0.229734 -1.360916 -0.657251 0.040067 -0.130770 
5.988242 1.551895 3.999671 5.180118 0.231711 0.044570 2.108050 -0.824423 -1.788875 -0.957667 0.099854 -0.077756 
5.065499 2.425748 4.063013 4.373592 1.004674 0.293973 1.045087 -0.367003 -1.618783 -1.037949 0.146504 -0.049429 
5.011132 2.510059 4.076122 4.651872 1.092060 0.184695 1.090111 -0.453692 -1.538153 -1.037250 0.131663 -0.064627 
6.546844 1.321300 3.925595 5.145125 0.289925 0.529823 3.013502 -0.605947 -2.075780 -1.183516 0.026674 -0.059929 
6.510787 1.806720 5.160082 4.197891 0.847432 0.696733 1.279180 0.198313 -1.771653 -1.144447 0.055892 -0.055565 
6.161173 1.389823 4.332688 5.322179 2.078042 -1.540649 0.125405 0.706358 -0.869082 -0.991406 -0.073064 0.046409 
5.613673 2.306821 5.299226 6.125195 1.741843 -1.832674 -0.033680 1.203234 -1.330159 -0.976130 -0.097510 -0.014234 
5.157340 2.602910 4.311148 5.442783 1.868574 -0.845099 0.538169 0.721000 -1.244447 -0.982394 -0.009970 -0.020828 
5.220129 2.845950 3.940282 4.725782 1.963292 0.106105 1.150785 0.613659 -1.525661 -1.121445 0.115173 -0.014537 
6.175506 2.612984 4.160912 5.187042 1.778855 0.124245 1.487835 0.524878 -1.468757 -1.020862 0.054007 -0.031511 
7.109089 0.330403 2.921631 5.300608 -0.036297 -1.985022 1.995887 -0.295836 -1.550839 -1.268494 -0.144847 0.004983 
7.606926 -0.294599 3.845522 4.153922 0.946540 -0.978255 2.004017 0.109679 -1.847695 -1.342457 -0.384789 0.042301 
6.682575 0.911672 3.639129 4.960874 0.826737 -0.923546 1.422748 -0.375320 -1.251503 -1.222362 -0.232226 0.019101 
6.532309 1.823564 3.553310 4.987823 1.178395 -0.637416 0.890887 0.082210 -0.878440 -1.431937 -0.290741 0.040629 
7.682122 -0.034145 4.323973 5.242441 1.649330 -1.286746 2.060725 0.563941 -1.650268 -1.170963 -0.236903 0.009058 
6.168152 0.946290 3.735965 3.971236 1.442284 0.574847 0.341745 -0.470110 -0.703906 -1.346661 -0.334689 0.104893 
6.310674 1.096082 3.434021 4.655217 0.916103 0.291626 1.747998 -0.967942 -1.183742 -1.254448 -0.254489 0.037189 
6.924568 0.708749 3.979084 4.381763 1.383625 0.300798 1.393155 -0.506736 -1.145113 -1.302955 -0.463746 0.049691 
6.319015 1.557438 4.158305 4.744893 1.719774 0.295610 0.366634 -0.073752 -0.685074 -1.403210 -0.381560 0.046265 
6.144811 2.129958 2.832300 4.429439 2.234805 0.990842 0.990058 -0.158053 -1.094211 -1.784437 -0.231757 0.103891 
6.216322 0.971889 4.946776 4.654987 1.969677 -0.484710 -0.202714 0.153375 -1.275062 -0.905109 0.011471 -0.049166 
5.856488 1.635407 4.087291 5.601687 1.611552 -0.709380 0.299343 -0.198078 -1.144546 -0.992099 -0.113190 -0.042099 
5.870394 1.746659 4.083153 4.387995 2.035543 0.232230 -0.135369 0.152977 -1.461656 -1.280867 -0.010242 0.012341 
5.425227 2.253247 3.872157 5.031071 1.824198 -0.190849 0.339643 -0.220818 -1.453845 -1.029250 -0.007146 -0.046649 
5.429600 2.371638 3.597252 4.276905 1.925901 0.749083 0.770445 -0.254902 -1.576045 -1.322481 0.067619 0.013586 
5.342698 2.513056 2.934413 4.587602 2.311479 -0.500218 -0.118083 0.317528 -0.868329 -1.436393 -0.142535 0.054318 
5.330148 2.540675 2.870570 4.725590 2.560457 -0.484020 -0.297836 0.307840 -0.693006 -1.493892 -0.205540 0.051377 
5.939617 2.155515 3.513198 5.686708 2.274160 -1.136687 -0.238094 0.316857 -0.762011 -1.302875 -0.298833 0.016838 
5.938393 2.592612 3.093848 5.185618 2.782657 -0.520960 -0.047677 0.472349 -0.953177 -1.447266 -0.284953 0.034575 
6.213178 2.198603 2.416932 4.891867 3.028264 0.425460 0.597434 -0.001809 -1.196777 -1.703538 -0.189433 0.106663 
6.381149 2.129704 2.783307 4.686624 1.326948 -0.645229 1.186928 0.143880 -1.112400 -1.346394 -0.067496 0.052819 
6.230787 1.870291 3.096785 5.365025 1.155068 -0.750297 1.291855 -0.130832 -1.188564 -1.175460 0.023183 0.004511 
5.710033 2.428803 3.296073 4.899968 1.496087 -0.413572 0.802080 -0.088678 -1.302398 -1.292043 -0.022948 0.005931 
5.343169 2.927165 3.215813 4.541872 2.209110 -0.253261 0.187769 0.217532 -1.054160 -1.399707 -0.137581 0.007068 
4.984965 3.464470 2.945265 3.588401 2.511600 0.579636 0.375138 0.395798 -0.969623 -1.539837 -0.054256 -0.010991 
6.683511 0.803598 4.424338 3.795516 1.472289 0.409414 -0.275711 0.525108 -1.088760 -1.433154 0.001836 0.078244 
6.682300 0.866897 4.482574 4.341914 1.706634 0.081267 -0.548893 0.335462 -1.069639 -1.387338 -0.091074 0.050634 
6.986619 0.565636 4.530831 4.257902 1.711320 -0.049482 -0.011071 0.132384 -1.170542 -1.360441 -0.167598 0.054721 
6.495761 1.961102 3.197088 4.790884 1.368161 0.047234 1.454627 0.059197 -1.518325 -1.542363 -0.115966 0.039652 
6.538023 2.329422 2.762465 4.354525 1.573540 0.442006 1.774347 0.203267 -1.579604 -1.850275 -0.218665 0.061018 
4.898548 2.180226 4.284660 4.098157 2.816907 0.625037 0.660454 0.311422 -2.188408 -0.488530 0.355567 -0.108776 
4.932300 2.232043 4.219855 4.132131 2.655907 0.245196 0.885622 -0.004887 -2.131969 -0.378293 0.280190 -0.116352 
5.506086 1.436533 5.291947 3.548017 2.865256 0.235934 0.605016 0.125229 -2.245129 -0.567630 0.324826 -0.148258 
5.929015 1.097415 5.170556 4.035034 2.939752 -0.403705 1.228550 -0.183932 -2.054335 -0.597697 0.106618 -0.074383 
5.353390 1.906808 4.521749 3.979017 2.474614 0.974363 1.097727 -0.275740 -2.235094 -0.842786 0.352072 -0.065425 
5.848099 1.536260 3.651359 4.343455 0.383252 0.628029 2.010433 -0.535317 -1.449115 -1.183490 0.017232 0.018536 
5.425423 2.208616 3.875859 3.892563 1.117136 0.969541 1.617445 -0.304271 -1.711196 -1.182485 0.133230 -0.010653 
5.077168 2.405298 4.836717 3.350715 1.735910 0.702035 0.620888 0.344760 -1.852001 -0.909435 0.214280 -0.092288 
5.338424 2.351229 5.696117 4.060729 1.457763 0.497673 0.729412 0.013056 -1.761486 -0.550646 0.094961 -0.174287 
5.095055 2.278016 5.773617 4.860154 1.635833 0.260490 0.718437 0.229734 -1.360916 -0.657251 0.040067 -0.130770 
5.988242 1.551895 3.999671 5.180118 0.231711 0.044570 2.108050 -0.824423 -1.788875 -0.957667 0.099854 -0.077756 
5.065499 2.425748 4.063013 4.373592 1.004674 0.293973 1.045087 -0.367003 -1.618783 -1.037949 0.146504 -0.049429 
5.011132 2.510059 4.076122 4.651872 1.092060 0.184695 1.090111 -0.453692 -1.538153 -1.037250 0.131663 -0.064627 
6.546844 1.321300 3.925595 5.145125 0.289925 0.529823 3.013502 -0.605947 -2.075780 -1.183516 0.026674 -0.059929 
6.510787 1.806720 5.160082 4.197891 0.847432 0.696733 1.279180 0.198313 -1.771653 -1.144447 0.055892 -0.055565 
6.161173 1.389823 4.332688 5.322179 2.078042 -1.540649 0.125405 0.706358 -0.869082 -0.991406 -0.073064 0.046409 
5.613673 2.306821 5.299226 6.125195 1.741843 -1.832674 -0.033680 1.203234 -1.330159 -0.976130 -0.097510 -0.014234 
5.157340 2.602910 4.311148 5.442783 1.868574 -0.845099 0.538169 0.721000 -1.244447 -0.982394 -0.009970 -0.020828 
5.220129 2.845950 3.940282 4.725782 1.963292 0.106105 1.150785 0.613659 -1.525661 -1.121445 0.115173 -0.014537 
6.175506 2.612984 4.160912 5.187042 1.778855 0.124245 1.487835 0.524878 -1.468757 -1.020862 0.054007 -0.031511 
7.109089 0.330403 2.921631 5.300608 -0.036297 -1.985022 1.995887 -0.295836 -1.550839 -1.268494 -0.144847 0.004983 
7.606926 -0.294599 3.845522 4.153922 0.946540 -0.978255 2.004017 0.109679 -1.847695 -1.342457 -0.384789 0.042301 
6.682575 0.911672 3.639129 4.960874 0.826737 -0.923546 1.422748 -0.375320 -1.251503 -1.222362 -0.232226 0.019101 
6.532309 1.823564 3.553310 4.987823 1.178395 -0.637416 0.890887 0.082210 -0.878440 -1.431937 -0.290741 0.040629 
7.682122 -0.034145 4.323973 5.242441 1.649330 -1.286746 2.060725 0.563941 -1.650268 -1.170963 -0.236903 0.009058 
6.168152 0.946290 3.735965 3.971236 1.442284 0.574847 0.341745 -0.470110 -0.703906 -1.346661 -0.334689 0.104893 
6.310674 1.096082 3.434021 4.655217 0.916103 0.291626 1.747998 -0.967942 -1.183742 -1.254448 -0.254489 0.037189 
6.924568 0.708749 3.979084 4.381763 1.383625 0.300798 1.393155 -0.506736 -1.145113 -1.302955 -0.463746 0.049691 
6.319015 1.557438 4.158305 4.744893 1.719774 0.295610 0.366634 -0.073752 -0.685074 -1.403210 -0.381560 0.046265 
6.144811 2.129958 2.832300 4.429439 2.234805 0.990842 0.990058 -0.158053 -1.094211 -1.784437 -0.231757 0.103891 
6.216322 0.971889 4.946776 4.654987 1.969677 -0.484710 -0.202714 0.153375 -1.275062 -0.905109 0.011471 -0.049166 
5.856488 1.635407 4.087291 5.601687 1.611552 -0.709380 0.299343 -0.198078 -1.144546 -0.992099 -0.113190 -0.042099 
5.870394 1.746659 4.083153 4.387995 2.035543 0.232230 -0.135369 0.152977 -1.461656 -1.280867 -0.010242 0.012341 
5.425227 2.253247 3.872157 5.031071 1.824198 -0.190849 0.339643 -0.220818 -1.453845 -1.029250 -0.007146 -0.046649 
5.429600 2.371638 3.597252 4.276905 1.925901 0.749083 0.770445 -0.254902 -1.576045 -1.322481 0.067619 0.013586 
5.342698 2.513056 2.934413 4.587602 2.311479 -0.500218 -0.118083 0.317528 -0.868329 -1.436393 -0.142535 0.054318 
5.330148 2.540675 2.870570 4.725590 2.560457 -0.484020 -0.297836 0.307840 -0.693006 -1.493892 -0.205540 0.051377 
5.939617 2.155515 3.513198 5.686708 2.274160 -1.136687 -0.238094 0.316857 -0.762011 -1.302875 -0.298833 0.016838 
5.938393 2.592612 3.093848 5.185618 2.782657 -0.520960 -0.047677 0.472349 -0.953177 -1.447266 -0.284953 0.034575 
6.213178 2.198603 2.416932 4.891867 3.028264 0.425460 0.597434 -0.001809 -1.196777 -1.703538 -0.189433 0.106663 
6.381149 2.129704 2.783307 4.686624 1.326948 -0.645229 1.186928 0.143880 -1.112400 -1.346394 -0.067496 0.052819 
6.230787 1.870291 3.096785 5.365025 1.155068 -0.750297 1.291855 -0.130832 -1.188564 -1.175460 0.023183 0.004511 
5.710033 2.428803 3.296073 4.899968 1.496087 -0.413572 0.802080 -0.088678 -1.302398 -1.292043 -0.022948 0.005931 
5.343169 2.927165 3.215813 4.541872 2.209110 -0.253261 0.187769 0.217532 -1.054160 -1.399707 -0.137581 0.007068 
4.984965 3.464470 2.945265 3.588401 2.511600 0.579636 0.375138 0.395798 -0.969623 -1.539837 -0.054256 -0.010991 
6.683511 0.803598 4.424338 3.795516 1.472289 0.409414 -0.275711 0.525108 -1.088760 -1.433154 0.001836 0.078244 
6.682300 0.866897 4.482574 4.341914 1.706634 0.081267 -0.548893 0.335462 -1.069639 -1.387338 -0.091074 0.050634 
6.986619 0.565636 4.530831 4.257902 1.711320 -0.049482 -0.011071 0.132384 -1.170542 -1.360441 -0.167598 0.054721 
6.495761 1.961102 3.197088 4.790884 1.368161 0.047234 1.454627 0.059197 -1.518325 -1.542363 -0.115966 0.039652 
6.538023 2.329422 2.762465 4.354525 1.573540 0.442006 1.774347 0.203267 -1.579604 -1.850275 -0.218665 0.061018 
4.898548 2.180226 4.284660 4.098157 2.816907 0.625037 0.660454 0.311422 -2.188408 -0.488530 0.355567 -0.108776 
4.932300 2.232043 4.219855 4.132131 2.655907 0.245196 0.885622 -0.004887 -2.131969 -0.378293 0.280190 -0.116352 
5.506086 1.436533 5.291947 3.548017 2.865256 0.235934 0.605016 0.125229 -2.245129 -0.567630 0.324826 -0.148258 
5.929015 1.097415 5.170556 4.035034 2.939752 -0.403705 1.228550 -0.183932 -2.054335 -0.597697 0.106618 -0.074383 
5.353390 1.906808 4.521749 3.979017 2.474614 0.974363 1.097727 -0.275740 -2.235094 -0.842786 0.352072 -0.065425 
5.848099 1.536260 3.651359 4.343455 0.383252 0.628029 2.010433 -0.535317 -1.449115 -1.183490 0.017232 0.018536 
5.425423 2.208616 3.875859 3.892563 1.117136 0.969541 1.617445 -0.304271 -1.711196 -1.182485 0.133230 -0.010653 
5.077168 2.405298 4.836717 3.350715 1.735910 0.702035 0.620888 0.344760 -1.852001 -0.909435 0.214280 -0.092288 
5.338424 2.351229 5.696117 4.060729 1.457763 0.497673 0.729412 0.013056 -1.761486 -0.550646 0.094961 -0.174287 
5.095055 2.278016 5.773617 4.860154 1.635833 0.260490 0.718437 0.229734 -1.360916 -0.657251 0.040067 -0.130770 
5.988242 1.551895 3.999671 5.180118 0.231711 0.044570 2.108050 -0.824423 -1.788875 -0.957667 0.099854 -0.077756 
5.065499 2.425748 4.063013 4.373592 1.004674 0.293973 1.045087 -0.367003 -1.618783 -1.037949 0.146504 -0.049429 
5.011132 2.510059 4.076122 4.651872 1.092060 0.184695 1.090111 -0.453692 -1.538153 -1.037250 0.131663 -0.064627 
6.546844 1.321300 3.925595 5.145125 0.289925 0.529823 3.013502 -0.605947 -2.075780 -1.183516 0.026674 -0.059929 
6.510787 1.806720 5.160082 4.197891 0.847432 0.696733 1.279180 0.198313 -1.771653 -1.144447 0.055892 -0.055565 
6.161173 1.389823 4.332688 5.322179 2.078042 -1.540649 0.125405 0.706358 -0.869082 -0.991406 -0.073064 0.046409 
5.613673 2.306821 5.299226 6.125195 1.741843 -1.832674 -0.033680 1.203234 -1.330159 -0.976130 -0.097510 -0.014234 
5.157340 2.602910 4.311148 5.442783 1.868574 -0.845099 0.538169 0.721000 -1.244447 -0.982394 -0.009970 -0.020828 
5.220129 2.845950 3.940282 4.725782 1.963292 0.106105 1.150785 0.613659 -1.525661 -1.121445 0.115173 -0.014537 
6.175506 2.612984 4.160912 5.187042 1.778855 0.124245 1.487835 0.524878 -1.468757 -1.020862 0.054007 -0.031511 
7.109089 0.330403 2.921631 5.300608 -0.036297 -1.985022 1.995887 -0.295836 -1.550839 -1.268494 -0.144847 0.004983 
7.606926 -0.294599 3.845522 4.153922 0.946540 -0.978255 2.004017 0.109679 -1.847695 -1.342457 -0.384789 0.042301 
6.682575 0.911672 3.639129 4.960874 0.826737 -0.923546 1.422748 -0.375320 -1.251503 -1.222362 -0.232226 0.019101 
6.532309 1.823564 3.553310 4.987823 1.178395 -0.637416 0.890887 0.082210 -0.878440 -1.431937 -0.290741 0.040629 
7.682122 -0.034145 4.323973 5.242441 1.649330 -1.286746 2.060725 0.563941 -1.650268 -1.170963 -0.236903 0.009058 
6.168152 0.946290 3.735965 3.971236 1.442284 0.574847 0.341745 -0.470110 -0.703906 -1.346661 -0.334689 0.104893 
6.310674 1.096082 3.434021 4.655217 0.916103 0.291626 1.747998 -0.967942 -1.183742 -1.254448 -0.254489 0.037189 
6.924568 0.708749 3.979084 4.381763 1.383625 0.300798 1.393155 -0.506736 -1.145113 -1.302955 -0.463746 0.049691 
6.319015 1.557438 4.158305 4.744893 1.719774 0.295610 0.366634 -0.073752 -0.685074 -1.403210 -0.381560 0.046265 
6.144811 2.129958 2.832300 4.429439 2.234805 0.990842 0.990058 -0.158053 -1.094211 -1.784437 -0.231757 0.103891 
6.216322 0.971889 4.946776 4.654987 1.969677 -0.484710 -0.202714 0.153375 -1.275062 -0.905109 0.011471 -0.049166 
5.856488 1.635407 4.087291 5.601687 1.611552 -0.709380 0.299343 -0.198078 -1.144546 -0.992099 -0.113190 -0.042099 
5.870394 1.746659 4.083153 4.387995 2.035543 0.232230 -0.135369 0.152977 -1.461656 -1.280867 -0.010242 0.012341 
5.425227 2.253247 3.872157 5.031071 1.824198 -0.190849 0.339643 -0.220818 -1.453845 -1.029250 -0.007146 -0.046649 
5.429600 2.371638 3.597252 4.276905 1.925901 0.749083 0.770445 -0.254902 -1.576045 -1.322481 0.067619 0.013586 
5.342698 2.513056 2.934413 4.587602 2.311479 -0.500218 -0.118083 0.317528 -0.868329 -1.436393 -0.142535 0.054318 
5.330148 2.540675 2.870570 4.725590 2.560457 -0.484020 -0.297836 0.307840 -0.693006 -1.493892 -0.205540 0.051377 
5.939617 2.155515 3.513198 5.686708 2.274160 -1.136687 -0.238094 0.316857 -0.762011 -1.302875 -0.298833 0.016838 
5.938393 2.592612 3.093848 5.185618 2.782657 -0.520960 -0.047677 0.472349 -0.953177 -1.447266 -0.284953 0.034575 
6.213178 2.198603 2.416932 4.891867 3.028264 0.425460 0.597434 -0.001809 -1.196777 -1.703538 -0.189433 0.106663 
6.381149 2.129704 2.783307 4.686624 1.326948 -0.645229 1.186928 0.143880 -1.112400 -1.346394 -0.067496 0.052819 
6.230787 1.870291 3.096785 5.365025 1.155068 -0.750297 1.291855 -0.130832 -1.188564 -1.175460 0.023183 0.004511 
5.710033 2.428803 3.296073 4.899968 1.496087 -0.413572 0.802080 -0.088678 -1.302398 -1.292043 -0.022948 0.005931 
5.343169 2.927165 3.215813 4.541872 2.209110 -0.253261 0.187769 0.217532 -1.054160 -1.399707 -0.137581 0.007068 
4.984965 3.464470 2.945265 3.588401 2.511600 0.579636 0.375138 0.395798 -0.969623 -1.539837 -0.054256 -0.010991 
6.683511 0.803598 4.424338 3.795516 1.472289 0.409414 -0.275711 0.525108 -1.088760 -1.433154 0.001836 0.078244 
6.682300 0.866897 4.482574 4.341914 1.706634 0.081267 -0.548893 0.335462 -1.069639 -1.387338 -0.091074 0.050634 
6.986619 0.565636 4.530831 4.257902 1.711320 -0.049482 -0.011071 0.132384 -1.170542 -1.360441 -0.167598 0.054721 
6.495761 1.961102 3.197088 4.790884 1.368161 0.047234 1.454627 0.059197 -1.518325 -1.542363 -0.115966 0.039652 
6.538023 2.329422 2.762465 4.354525 1.573540 0.442006 1.774347 0.203267 -1.579604 -1.850275 -0.218665 0.061018 
4.829479 2.230225 4.248384 4.120428 2.753315 0.637664 0.696895 0.292858 -2.157930 -0.498479 0.350016 -0.105285 
4.865492 2.294519 4.154922 4.139103 2.607707 0.284346 0.910784 -0.020736 -2.125084 -0.395513 0.281004 -0.111750 
5.275207 1.739955 4.977963 3.781943 2.695678 0.316555 0.568530 0.113093 -2.217940 -0.572475 0.326196 -0.144467 
5.858517 1.212044 5.071092 4.103449 2.884888 -0.362199 1.189284 -0.201376 -2.010746 -0.620322 0.122465 -0.075755 
5.804783 1.308346 5.073918 3.578515 2.816198 0.792443 1.172243 -0.254421 -2.319930 -0.789394 0.329208 -0.064569 
7.210647 -0.150474 4.854560 3.896095 0.611503 0.301536 2.374382 -0.212103 -2.008049 -1.024663 -0.130166 0.003421 
5.400133 2.250883 3.851595 3.876316 1.105926 0.946886 1.619146 -0.284078 -1.710452 -1.172590 0.136615 -0.013272 
4.966228 2.537210 4.716788 3.379639 1.696545 0.687967 0.662898 0.334838 -1.829165 -0.918575 0.205580 -0.088536 
5.472062 2.207799 5.828472 3.987594 1.546568 0.468815 0.716750 0.027534 -1.778140 -0.552930 0.107099 -0.179393 
5.765254 1.431755 6.729774 4.367683 1.972838 -0.049903 0.764048 0.346260 -1.428969 -0.630100 0.025244 -0.141078 
7.442112 -0.152611 4.926152 4.872139 0.412412 -0.358337 2.554844 -0.249603 -2.348190 -0.906336 0.019587 -0.077069 
7.161789 0.070211 5.653755 3.899423 0.918023 0.357421 1.299607 -0.224711 -1.878114 -0.947079 0.034621 -0.041253 
6.024284 1.570693 4.272637 5.208998 0.583503 0.100686 1.731919 -0.641359 -1.637871 -0.995896 0.028522 -0.058742 
5.855509 2.069687 3.844420 4.691892 0.592458 0.812116 2.424929 -0.654491 -1.829543 -1.228508 0.095710 -0.045406 
5.506482 2.760164 4.493770 4.369581 1.038893 0.465684 1.386160 0.125594 -1.744890 -1.151040 0.081666 -0.064970 
5.899032 1.667472 4.115668 5.392842 1.983345 -1.417099 0.073607 0.713632 -0.861226 -0.998852 -0.062930 0.046564 
5.820439 2.108861 5.568345 6.140456 1.765856 -1.858106 -0.165086 1.292443 -1.321810 -1.017395 -0.076967 -0.017940 
7.289543 0.326195 6.221431 4.643469 2.512126 -1.500074 0.408984 1.312481 -1.566745 -0.936220 -0.004797 -0.062422 
8.001735 -0.306951 6.033776 3.655879 2.582481 -0.480930 1.161666 1.759581 -2.186153 -1.160467 0.101500 -0.103668 
6.134352 2.617775 4.246123 5.141928 1.736573 0.139063 1.492195 0.532427 -1.460361 -1.027723 0.051292 -0.033452 
7.752291 -0.478357 3.610522 4.640520 0.398973 -2.225732 2.060861 0.264242 -1.957603 -1.226107 -0.246735 0.016072 
6.971367 0.593381 3.092820 4.671927 0.547418 -0.680001 1.925373 -0.312629 -1.424011 -1.435878 -0.321027 0.050305 
6.769272 0.808573 3.703647 4.916504 0.856556 -0.973374 1.487015 -0.351765 -1.297426 -1.211714 -0.244257 0.019048 
7.448014 0.766929 4.190577 4.696724 1.264541 -1.010116 1.314724 0.308302 -1.188988 -1.309517 -0.381234 0.028561 
6.648819 1.229038 3.514042 5.833154 1.206573 -0.742991 1.639440 -0.026141 -1.061401 -1.222063 -0.138999 0.009332 
6.692750 0.258303 4.348228 3.595260 1.626674 0.526026 0.394455 -0.395928 -0.857329 -1.271782 -0.391212 0.106353 
6.887566 0.344801 3.973248 4.353236 1.189091 -0.018175 2.067445 -0.789127 -1.535356 -1.115853 -0.376998 0.036740 
5.774872 2.033221 3.305293 4.409922 1.548412 0.478411 0.712162 -0.459480 -0.773891 -1.520727 -0.221932 0.051653 
5.370292 2.525192 3.716895 4.640210 2.049673 0.130064 0.022804 0.065989 -0.589126 -1.490353 -0.205959 0.020736 
6.497335 1.785997 2.904349 4.581496 2.077845 0.947243 1.179645 -0.194147 -1.160076 -1.725377 -0.296146 0.104497 
5.014835 2.194235 4.035770 4.849576 1.811779 -0.454280 0.020751 0.029553 -1.271536 -0.900032 -0.000806 -0.041967 
6.380901 1.085334 4.359945 5.614029 1.558439 -0.767239 0.438638 -0.208437 -1.196003 -0.963835 -0.140027 -0.041771 
6.425799 1.154634 4.580674 4.141056 2.125718 0.313814 -0.306784 0.194248 -1.428581 -1.312907 0.021015 0.012078 
6.968661 0.595700 4.952152 4.799315 1.844981 -0.209173 0.358044 -0.182700 -1.511940 -0.983359 -0.040436 -0.045535 
5.207204 2.591337 3.495452 4.199386 1.993036 0.691289 0.701573 -0.221476 -1.544806 -1.327628 0.087147 0.004830 
5.518423 2.383371 2.934271 4.707955 2.290955 -0.511327 -0.087799 0.279382 -0.882868 -1.421164 -0.162064 0.057196 
6.686649 1.497535 2.737679 5.625891 2.117655 -0.800989 0.552964 -0.042294 -0.806914 -1.460224 -0.303611 0.051422 
6.477758 1.739411 3.564516 5.883698 2.185525 -1.301283 -0.039014 0.262097 -0.766903 -1.294180 -0.317589 0.016628 
6.476147 2.254553 3.079115 5.371087 2.768770 -0.609669 0.025315 0.435751 -0.970358 -1.413844 -0.301203 0.037652 
6.447011 2.014403 2.370980 5.075160 2.961416 0.353068 0.739652 -0.076167 -1.198635 -1.687576 -0.203010 0.106615 
6.665607 1.906278 2.730370 4.888016 1.238940 -0.794963 1.416736 0.092613 -1.113352 -1.368225 -0.084270 0.046124 
7.290809 1.023887 2.712363 6.103146 0.933962 -1.477260 2.152712 0.143530 -1.429214 -1.429311 -0.032158 -0.016728 
8.684969 -0.335471 3.392031 5.727458 1.187519 -1.615619 1.964034 0.964997 -1.874323 -1.609364 -0.238056 -0.010971 
7.890106 0.991472 2.725754 5.954915 1.568708 -1.361166 1.595588 0.370747 -1.286923 -1.522357 -0.295002 -0.015988 
6.495443 2.767330 2.554324 4.271579 2.244746 0.371060 1.045927 0.419700 -1.084485 -1.717462 -0.355093 0.043535 
5.923968 1.576026 3.820419 4.069678 1.431120 0.220775 0.014175 0.503692 -1.186161 -1.387244 -0.043237 0.069226 
5.776005 1.768598 3.811933 4.564074 1.700515 -0.130318 -0.202550 0.272069 -1.138140 -1.361129 -0.117846 0.042985 
5.571742 2.069655 3.496186 4.576478 1.740881 -0.223687 0.050303 0.095903 -1.099888 -1.406488 -0.118210 0.041075 
5.349536 2.855164 3.163224 4.160897 1.836021 0.136087 0.851023 0.281319 -1.449755 -1.558294 -0.005903 0.029885 
6.289608 2.520431 2.807289 4.182343 1.632235 0.517406 1.648091 0.245207 -1.565821 -1.867384 -0.198450 0.061314 
