6.940105 1.917051 4.354973 7.396378 2.718246 -1.713041 1.633600 0.633034 -0.334397 -0.952963 -0.150888 -0.018105 
5.943004 3.109829 4.642041 6.570905 2.598829 -0.831127 1.077888 0.850708 -0.815363 -0.810747 -0.068021 -0.021660 
5.800123 3.051708 4.637435 6.190073 2.184075 -0.386669 1.579871 0.724406 -1.082525 -0.858053 0.074143 -0.031399 
5.829514 3.490867 4.457569 5.570784 2.369955 0.090124 1.903161 0.725695 -1.300019 -0.750910 0.097685 -0.043451 
6.251277 2.737734 3.637327 5.418246 2.625353 0.574235 2.118728 0.657612 -0.912801 -1.261535 0.027727 0.058645 
7.161234 1.300155 2.950305 5.271146 3.277665 -1.292910 2.362720 0.513196 -0.691613 -1.228074 -0.247637 0.117201 
6.945061 1.253360 3.861882 4.153255 3.877903 -1.723662 3.344219 0.447947 -1.296686 -0.985418 -0.587863 0.191727 
6.921126 2.274504 3.708050 3.737919 3.731776 -1.234678 3.488627 0.574472 -1.139999 -1.381684 -0.585910 0.178513 
6.814815 2.964987 3.594425 3.578957 3.999824 -1.261087 3.311811 0.604493 -1.228501 -1.267188 -0.500833 0.166001 
7.186110 3.430061 3.222994 3.615136 3.763847 -1.005400 3.338338 1.058589 -1.297472 -1.429467 -0.461752 0.136825 
5.443026 3.440896 4.321511 2.958107 3.274523 -0.957392 0.497395 1.681729 -1.551664 -1.033479 -0.084011 0.001179 
5.716697 2.655141 5.067591 3.643072 3.315606 -1.344507 1.210695 0.940742 -1.478144 -0.576356 -0.077940 0.012789 
5.661506 2.103955 4.938669 3.127293 3.979067 -0.902464 1.714919 0.658677 -1.592551 -0.605981 -0.146441 0.072161 
5.669047 2.676731 4.503225 3.307181 2.669252 0.458560 2.117514 0.298657 -1.875013 -0.634221 0.132789 -0.032611 
5.554700 3.145050 4.277993 3.007421 3.229149 0.344855 2.053668 0.969364 -2.017194 -0.781559 0.075453 -0.009675 
5.841784 1.722971 4.585564 2.985879 3.763289 -0.570279 0.230906 2.036839 -1.163054 -0.874305 0.073361 0.017016 
5.987047 2.702413 4.404771 2.329973 3.611408 0.475328 1.443698 2.031312 -2.236856 -1.221757 0.096509 -0.019758 
6.194390 1.960487 5.084804 2.584936 4.256761 -0.389910 0.976408 1.701838 -2.136504 -0.838061 0.038939 -0.018010 
4.952345 2.634879 4.324886 4.229480 3.315811 -0.500527 0.263621 1.446772 -1.383281 -0.701541 0.071080 -0.013330 
4.680334 2.680116 4.877041 4.393981 3.820671 -1.533055 0.017182 1.826793 -1.573965 -0.393365 -0.084018 -0.037100 
5.510419 2.738002 4.924906 1.487364 3.324814 0.716990 2.194126 1.785656 -2.629853 -1.086419 0.143801 -0.078378 
5.192952 3.145308 4.107751 1.787875 3.058380 0.858196 1.950862 1.827658 -2.575738 -1.214307 0.146005 -0.056718 
5.201951 3.234113 4.097998 2.022141 3.330095 0.556565 1.756932 1.840765 -2.533714 -1.071817 0.111843 -0.052755 
5.560551 3.062000 4.102452 2.535037 3.667612 0.248545 1.267409 2.122771 -2.373480 -0.981010 0.106034 -0.030701 
5.017452 3.159233 4.270109 3.697081 2.761279 0.511430 1.108980 1.402336 -1.689920 -0.977989 0.190816 -0.022754 
4.970351 2.608910 3.427871 4.031063 2.604177 0.341308 0.849723 1.055813 -0.889982 -0.996447 0.167410 0.070783 
5.121460 2.460325 4.214007 2.313822 3.024850 1.184609 1.448681 1.658852 -1.833644 -1.212781 0.368289 0.025359 
6.427981 0.625668 6.686828 1.645691 3.568845 1.396956 0.747546 2.146534 -1.746745 -1.336631 0.238477 -0.016166 
6.327406 1.591856 5.874975 2.269564 4.036242 0.639580 0.611718 2.264444 -1.559885 -1.167320 0.202505 -0.026484 
6.151309 2.741688 4.757537 3.145373 3.192992 0.815184 1.558792 1.822159 -1.687436 -1.019371 0.168394 -0.013529 
5.101538 3.005560 3.775436 2.818547 1.764694 1.930169 2.240431 0.617098 -1.961655 -1.048076 0.282590 0.016481 
5.279821 2.931496 3.784768 2.895601 2.521859 1.921330 1.922250 1.286897 -1.967122 -1.306058 0.292959 0.053148 
5.906043 2.662166 4.032282 2.505395 3.093494 1.541435 1.727368 1.575849 -2.160379 -1.402274 0.197329 0.044655 
5.102980 3.391397 3.714547 2.342793 2.908773 1.691496 1.892466 1.477865 -2.205922 -1.192042 0.213598 0.007739 
4.937885 3.614269 4.265753 2.524853 2.570764 1.263402 1.861744 1.392365 -1.961177 -0.953103 0.225460 -0.052432 
5.085958 2.289303 4.306086 2.624846 3.776151 0.463331 0.693779 1.703072 -1.797889 -0.051987 0.341208 -0.087504 
5.122158 1.694089 4.241826 1.944963 3.662142 1.481686 1.032914 1.954075 -1.775505 -0.551223 0.557742 -0.035132 
4.897401 2.088739 3.433823 2.276241 3.638389 1.572600 1.127562 2.023127 -1.610377 -0.698558 0.433953 0.036329 
4.828922 2.230784 3.909741 3.023682 3.734812 0.662106 0.577884 2.003855 -1.330999 -0.334789 0.346376 -0.014142 
5.303122 1.931270 4.800939 3.378099 4.207492 0.422137 -0.209410 1.902117 -1.256664 -0.563361 0.342921 -0.062516 
5.468742 3.787579 5.648014 2.349162 1.382755 1.068226 2.027255 1.361058 -2.040131 -0.280633 0.203613 -0.201930 
4.937885 4.390056 5.296672 2.639215 1.779914 1.019109 1.868387 0.654258 -1.564680 -0.081728 0.004386 -0.139809 
4.379858 4.201119 4.832024 3.375261 2.062140 1.247016 1.398921 0.165158 -1.139303 -0.009606 0.025981 -0.090380 
4.419408 4.400936 4.795342 3.317658 2.395127 1.454477 1.113570 0.164651 -0.798611 -0.016274 -0.029548 -0.073103 
4.821501 4.767994 5.050040 3.618386 2.665397 1.149209 0.757555 0.413462 -0.635682 -0.082288 -0.107466 -0.071371 
5.216223 2.632957 3.939332 2.669568 3.729553 0.911144 1.348050 2.000810 -1.723457 -0.987604 0.311594 0.046889 
5.028112 2.382066 4.142944 3.114858 3.233251 0.925052 1.167188 1.884783 -1.430588 -0.753641 0.402802 0.031073 
4.940990 2.681617 3.972568 2.971143 2.892157 1.095504 1.580700 1.596030 -1.545191 -0.832163 0.379898 0.035508 
5.597234 1.791067 4.228713 2.296744 3.300199 0.853385 1.610845 1.828956 -1.492450 -0.968051 0.330766 0.085140 
5.093566 2.104920 4.930821 3.613103 2.847815 0.221581 0.323548 1.889731 -1.354629 -0.566538 0.436772 -0.025134 
6.940105 1.917051 4.354973 7.396378 2.718246 -1.713041 1.633600 0.633034 -0.334397 -0.952963 -0.150888 -0.018105 
5.943004 3.109829 4.642041 6.570905 2.598829 -0.831127 1.077888 0.850708 -0.815363 -0.810747 -0.068021 -0.021660 
5.800123 3.051708 4.637435 6.190073 2.184075 -0.386669 1.579871 0.724406 -1.082525 -0.858053 0.074143 -0.031399 
5.829514 3.490867 4.457569 5.570784 2.369955 0.090124 1.903161 0.725695 -1.300019 -0.750910 0.097685 -0.043451 
6.251277 2.737734 3.637327 5.418246 2.625353 0.574235 2.118728 0.657612 -0.912801 -1.261535 0.027727 0.058645 
7.161234 1.300155 2.950305 5.271146 3.277665 -1.292910 2.362720 0.513196 -0.691613 -1.228074 -0.247637 0.117201 
6.945061 1.253360 3.861882 4.153255 3.877903 -1.723662 3.344219 0.447947 -1.296686 -0.985418 -0.587863 0.191727 
6.921126 2.274504 3.708050 3.737919 3.731776 -1.234678 3.488627 0.574472 -1.139999 -1.381684 -0.585910 0.178513 
6.814815 2.964987 3.594425 3.578957 3.999824 -1.261087 3.311811 0.604493 -1.228501 -1.267188 -0.500833 0.166001 
7.186110 3.430061 3.222994 3.615136 3.763847 -1.005400 3.338338 1.058589 -1.297472 -1.429467 -0.461752 0.136825 
5.443026 3.440896 4.321511 2.958107 3.274523 -0.957392 0.497395 1.681729 -1.551664 -1.033479 -0.084011 0.001179 
5.716697 2.655141 5.067591 3.643072 3.315606 -1.344507 1.210695 0.940742 -1.478144 -0.576356 -0.077940 0.012789 
5.661506 2.103955 4.938669 3.127293 3.979067 -0.902464 1.714919 0.658677 -1.592551 -0.605981 -0.146441 0.072161 
5.669047 2.676731 4.503225 3.307181 2.669252 0.458560 2.117514 0.298657 -1.875013 -0.634221 0.132789 -0.032611 
5.554700 3.145050 4.277993 3.007421 3.229149 0.344855 2.053668 0.969364 -2.017194 -0.781559 0.075453 -0.009675 
5.841784 1.722971 4.585564 2.985879 3.763289 -0.570279 0.230906 2.036839 -1.163054 -0.874305 0.073361 0.017016 
5.987047 2.702413 4.404771 2.329973 3.611408 0.475328 1.443698 2.031312 -2.236856 -1.221757 0.096509 -0.019758 
6.194390 1.960487 5.084804 2.584936 4.256761 -0.389910 0.976408 1.701838 -2.136504 -0.838061 0.038939 -0.018010 
4.952345 2.634879 4.324886 4.229480 3.315811 -0.500527 0.263621 1.446772 -1.383281 -0.701541 0.071080 -0.013330 
4.680334 2.680116 4.877041 4.393981 3.820671 -1.533055 0.017182 1.826793 -1.573965 -0.393365 -0.084018 -0.037100 
5.510419 2.738002 4.924906 1.487364 3.324814 0.716990 2.194126 1.785656 -2.629853 -1.086419 0.143801 -0.078378 
5.192952 3.145308 4.107751 1.787875 3.058380 0.858196 1.950862 1.827658 -2.575738 -1.214307 0.146005 -0.056718 
5.201951 3.234113 4.097998 2.022141 3.330095 0.556565 1.756932 1.840765 -2.533714 -1.071817 0.111843 -0.052755 
5.560551 3.062000 4.102452 2.535037 3.667612 0.248545 1.267409 2.122771 -2.373480 -0.981010 0.106034 -0.030701 
5.017452 3.159233 4.270109 3.697081 2.761279 0.511430 1.108980 1.402336 -1.689920 -0.977989 0.190816 -0.022754 
4.970351 2.608910 3.427871 4.031063 2.604177 0.341308 0.849723 1.055813 -0.889982 -0.996447 0.167410 0.070783 
5.121460 2.460325 4.214007 2.313822 3.024850 1.184609 1.448681 1.658852 -1.833644 -1.212781 0.368289 0.025359 
6.427981 0.625668 6.686828 1.645691 3.568845 1.396956 0.747546 2.146534 -1.746745 -1.336631 0.238477 -0.016166 
6.327406 1.591856 5.874975 2.269564 4.036242 0.639580 0.611718 2.264444 -1.559885 -1.167320 0.202505 -0.026484 
6.151309 2.741688 4.757537 3.145373 3.192992 0.815184 1.558792 1.822159 -1.687436 -1.019371 0.168394 -0.013529 
5.101538 3.005560 3.775436 2.818547 1.764694 1.930169 2.240431 0.617098 -1.961655 -1.048076 0.282590 0.016481 
5.279821 2.931496 3.784768 2.895601 2.521859 1.921330 1.922250 1.286897 -1.967122 -1.306058 0.292959 0.053148 
5.906043 2.662166 4.032282 2.505395 3.093494 1.541435 1.727368 1.575849 -2.160379 -1.402274 0.197329 0.044655 
5.102980 3.391397 3.714547 2.342793 2.908773 1.691496 1.892466 1.477865 -2.205922 -1.192042 0.213598 0.007739 
4.937885 3.614269 4.265753 2.524853 2.570764 1.263402 1.861744 1.392365 -1.961177 -0.953103 0.225460 -0.052432 
5.085958 2.289303 4.306086 2.624846 3.776151 0.463331 0.693779 1.703072 -1.797889 -0.051987 0.341208 -0.087504 
5.122158 1.694089 4.241826 1.944963 3.662142 1.481686 1.032914 1.954075 -1.775505 -0.551223 0.557742 -0.035132 
4.897401 2.088739 3.433823 2.276241 3.638389 1.572600 1.127562 2.023127 -1.610377 -0.698558 0.433953 0.036329 
4.828922 2.230784 3.909741 3.023682 3.734812 0.662106 0.577884 2.003855 -1.330999 -0.334789 0.346376 -0.014142 
5.303122 1.931270 4.800939 3.378099 4.207492 0.422137 -0.209410 1.902117 -1.256664 -0.563361 0.342921 -0.062516 
5.468742 3.787579 5.648014 2.349162 1.382755 1.068226 2.027255 1.361058 -2.040131 -0.280633 0.203613 -0.201930 
4.937885 4.390056 5.296672 2.639215 1.779914 1.019109 1.868387 0.654258 -1.564680 -0.081728 0.004386 -0.139809 
4.379858 4.201119 4.832024 3.375261 2.062140 1.247016 1.398921 0.165158 -1.139303 -0.009606 0.025981 -0.090380 
4.419408 4.400936 4.795342 3.317658 2.395127 1.454477 1.113570 0.164651 -0.798611 -0.016274 -0.029548 -0.073103 
4.821501 4.767994 5.050040 3.618386 2.665397 1.149209 0.757555 0.413462 -0.635682 -0.082288 -0.107466 -0.071371 
5.216223 2.632957 3.939332 2.669568 3.729553 0.911144 1.348050 2.000810 -1.723457 -0.987604 0.311594 0.046889 
5.028112 2.382066 4.142944 3.114858 3.233251 0.925052 1.167188 1.884783 -1.430588 -0.753641 0.402802 0.031073 
4.940990 2.681617 3.972568 2.971143 2.892157 1.095504 1.580700 1.596030 -1.545191 -0.832163 0.379898 0.035508 
5.597234 1.791067 4.228713 2.296744 3.300199 0.853385 1.610845 1.828956 -1.492450 -0.968051 0.330766 0.085140 
5.093566 2.104920 4.930821 3.613103 2.847815 0.221581 0.323548 1.889731 -1.354629 -0.566538 0.436772 -0.025134 
6.940105 1.917051 4.354973 7.396378 2.718246 -1.713041 1.633600 0.633034 -0.334397 -0.952963 -0.150888 -0.018105 
5.943004 3.109829 4.642041 6.570905 2.598829 -0.831127 1.077888 0.850708 -0.815363 -0.810747 -0.068021 -0.021660 
5.800123 3.051708 4.637435 6.190073 2.184075 -0.386669 1.579871 0.724406 -1.082525 -0.858053 0.074143 -0.031399 
5.829514 3.490867 4.457569 5.570784 2.369955 0.090124 1.903161 0.725695 -1.300019 -0.750910 0.097685 -0.043451 
6.251277 2.737734 3.637327 5.418246 2.625353 0.574235 2.118728 0.657612 -0.912801 -1.261535 0.027727 0.058645 
7.161234 1.300155 2.950305 5.271146 3.277665 -1.292910 2.362720 0.513196 -0.691613 -1.228074 -0.247637 0.117201 
6.945061 1.253360 3.861882 4.153255 3.877903 -1.723662 3.344219 0.447947 -1.296686 -0.985418 -0.587863 0.191727 
6.921126 2.274504 3.708050 3.737919 3.731776 -1.234678 3.488627 0.574472 -1.139999 -1.381684 -0.585910 0.178513 
6.814815 2.964987 3.594425 3.578957 3.999824 -1.261087 3.311811 0.604493 -1.228501 -1.267188 -0.500833 0.166001 
7.186110 3.430061 3.222994 3.615136 3.763847 -1.005400 3.338338 1.058589 -1.297472 -1.429467 -0.461752 0.136825 
5.443026 3.440896 4.321511 2.958107 3.274523 -0.957392 0.497395 1.681729 -1.551664 -1.033479 -0.084011 0.001179 
5.716697 2.655141 5.067591 3.643072 3.315606 -1.344507 1.210695 0.940742 -1.478144 -0.576356 -0.077940 0.012789 
5.661506 2.103955 4.938669 3.127293 3.979067 -0.902464 1.714919 0.658677 -1.592551 -0.605981 -0.146441 0.072161 
5.669047 2.676731 4.503225 3.307181 2.669252 0.458560 2.117514 0.298657 -1.875013 -0.634221 0.132789 -0.032611 
5.554700 3.145050 4.277993 3.007421 3.229149 0.344855 2.053668 0.969364 -2.017194 -0.781559 0.075453 -0.009675 
5.841784 1.722971 4.585564 2.985879 3.763289 -0.570279 0.230906 2.036839 -1.163054 -0.874305 0.073361 0.017016 
5.987047 2.702413 4.404771 2.329973 3.611408 0.475328 1.443698 2.031312 -2.236856 -1.221757 0.096509 -0.019758 
6.194390 1.960487 5.084804 2.584936 4.256761 -0.389910 0.976408 1.701838 -2.136504 -0.838061 0.038939 -0.018010 
4.952345 2.634879 4.324886 4.229480 3.315811 -0.500527 0.263621 1.446772 -1.383281 -0.701541 0.071080 -0.013330 
4.680334 2.680116 4.877041 4.393981 3.820671 -1.533055 0.017182 1.826793 -1.573965 -0.393365 -0.084018 -0.037100 
5.510419 2.738002 4.924906 1.487364 3.324814 0.716990 2.194126 1.785656 -2.629853 -1.086419 0.143801 -0.078378 
5.192952 3.145308 4.107751 1.787875 3.058380 0.858196 1.950862 1.827658 -2.575738 -1.214307 0.146005 -0.056718 
5.201951 3.234113 4.097998 2.022141 3.330095 0.556565 1.756932 1.840765 -2.533714 -1.071817 0.111843 -0.052755 
5.560551 3.062000 4.102452 2.535037 3.667612 0.248545 1.267409 2.122771 -2.373480 -0.981010 0.106034 -0.030701 
5.017452 3.159233 4.270109 3.697081 2.761279 0.511430 1.108980 1.402336 -1.689920 -0.977989 0.190816 -0.022754 
4.970351 2.608910 3.427871 4.031063 2.604177 0.341308 0.849723 1.055813 -0.889982 -0.996447 0.167410 0.070783 
5.121460 2.460325 4.214007 2.313822 3.024850 1.184609 1.448681 1.658852 -1.833644 -1.212781 0.368289 0.025359 
6.427981 0.625668 6.686828 1.645691 3.568845 1.396956 0.747546 2.146534 -1.746745 -1.336631 0.238477 -0.016166 
6.327406 1.591856 5.874975 2.269564 4.036242 0.639580 0.611718 2.264444 -1.559885 -1.167320 0.202505 -0.026484 
6.151309 2.741688 4.757537 3.145373 3.192992 0.815184 1.558792 1.822159 -1.687436 -1.019371 0.168394 -0.013529 
5.101538 3.005560 3.775436 2.818547 1.764694 1.930169 2.240431 0.617098 -1.961655 -1.048076 0.282590 0.016481 
5.279821 2.931496 3.784768 2.895601 2.521859 1.921330 1.922250 1.286897 -1.967122 -1.306058 0.292959 0.053148 
5.906043 2.662166 4.032282 2.505395 3.093494 1.541435 1.727368 1.575849 -2.160379 -1.402274 0.197329 0.044655 
5.102980 3.391397 3.714547 2.342793 2.908773 1.691496 1.892466 1.477865 -2.205922 -1.192042 0.213598 0.007739 
4.937885 3.614269 4.265753 2.524853 2.570764 1.263402 1.861744 1.392365 -1.961177 -0.953103 0.225460 -0.052432 
5.085958 2.289303 4.306086 2.624846 3.776151 0.463331 0.693779 1.703072 -1.797889 -0.051987 0.341208 -0.087504 
5.122158 1.694089 4.241826 1.944963 3.662142 1.481686 1.032914 1.954075 -1.775505 -0.551223 0.557742 -0.035132 
4.897401 2.088739 3.433823 2.276241 3.638389 1.572600 1.127562 2.023127 -1.610377 -0.698558 0.433953 0.036329 
4.828922 2.230784 3.909741 3.023682 3.734812 0.662106 0.577884 2.003855 -1.330999 -0.334789 0.346376 -0.014142 
5.303122 1.931270 4.800939 3.378099 4.207492 0.422137 -0.209410 1.902117 -1.256664 -0.563361 0.342921 -0.062516 
5.468742 3.787579 5.648014 2.349162 1.382755 1.068226 2.027255 1.361058 -2.040131 -0.280633 0.203613 -0.201930 
4.937885 4.390056 5.296672 2.639215 1.779914 1.019109 1.868387 0.654258 -1.564680 -0.081728 0.004386 -0.139809 
4.379858 4.201119 4.832024 3.375261 2.062140 1.247016 1.398921 0.165158 -1.139303 -0.009606 0.025981 -0.090380 
4.419408 4.400936 4.795342 3.317658 2.395127 1.454477 1.113570 0.164651 -0.798611 -0.016274 -0.029548 -0.073103 
4.821501 4.767994 5.050040 3.618386 2.665397 1.149209 0.757555 0.413462 -0.635682 -0.082288 -0.107466 -0.071371 
5.216223 2.632957 3.939332 2.669568 3.729553 0.911144 1.348050 2.000810 -1.723457 -0.987604 0.311594 0.046889 
5.028112 2.382066 4.142944 3.114858 3.233251 0.925052 1.167188 1.884783 -1.430588 -0.753641 0.402802 0.031073 
4.940990 2.681617 3.972568 2.971143 2.892157 1.095504 1.580700 1.596030 -1.545191 -0.832163 0.379898 0.035508 
5.597234 1.791067 4.228713 2.296744 3.300199 0.853385 1.610845 1.828956 -1.492450 -0.968051 0.330766 0.085140 
5.093566 2.104920 4.930821 3.613103 2.847815 0.221581 0.323548 1.889731 -1.354629 -0.566538 0.436772 -0.025134 
6.940105 1.917051 4.354973 7.396378 2.718246 -1.713041 1.633600 0.633034 -0.334397 -0.952963 -0.150888 -0.018105 
5.943004 3.109829 4.642041 6.570905 2.598829 -0.831127 1.077888 0.850708 -0.815363 -0.810747 -0.068021 -0.021660 
5.800123 3.051708 4.637435 6.190073 2.184075 -0.386669 1.579871 0.724406 -1.082525 -0.858053 0.074143 -0.031399 
5.829514 3.490867 4.457569 5.570784 2.369955 0.090124 1.903161 0.725695 -1.300019 -0.750910 0.097685 -0.043451 
6.251277 2.737734 3.637327 5.418246 2.625353 0.574235 2.118728 0.657612 -0.912801 -1.261535 0.027727 0.058645 
7.161234 1.300155 2.950305 5.271146 3.277665 -1.292910 2.362720 0.513196 -0.691613 -1.228074 -0.247637 0.117201 
6.945061 1.253360 3.861882 4.153255 3.877903 -1.723662 3.344219 0.447947 -1.296686 -0.985418 -0.587863 0.191727 
6.921126 2.274504 3.708050 3.737919 3.731776 -1.234678 3.488627 0.574472 -1.139999 -1.381684 -0.585910 0.178513 
6.814815 2.964987 3.594425 3.578957 3.999824 -1.261087 3.311811 0.604493 -1.228501 -1.267188 -0.500833 0.166001 
7.186110 3.430061 3.222994 3.615136 3.763847 -1.005400 3.338338 1.058589 -1.297472 -1.429467 -0.461752 0.136825 
5.443026 3.440896 4.321511 2.958107 3.274523 -0.957392 0.497395 1.681729 -1.551664 -1.033479 -0.084011 0.001179 
5.716697 2.655141 5.067591 3.643072 3.315606 -1.344507 1.210695 0.940742 -1.478144 -0.576356 -0.077940 0.012789 
5.661506 2.103955 4.938669 3.127293 3.979067 -0.902464 1.714919 0.658677 -1.592551 -0.605981 -0.146441 0.072161 
5.669047 2.676731 4.503225 3.307181 2.669252 0.458560 2.117514 0.298657 -1.875013 -0.634221 0.132789 -0.032611 
5.554700 3.145050 4.277993 3.007421 3.229149 0.344855 2.053668 0.969364 -2.017194 -0.781559 0.075453 -0.009675 
5.841784 1.722971 4.585564 2.985879 3.763289 -0.570279 0.230906 2.036839 -1.163054 -0.874305 0.073361 0.017016 
5.987047 2.702413 4.404771 2.329973 3.611408 0.475328 1.443698 2.031312 -2.236856 -1.221757 0.096509 -0.019758 
6.194390 1.960487 5.084804 2.584936 4.256761 -0.389910 0.976408 1.701838 -2.136504 -0.838061 0.038939 -0.018010 
4.952345 2.634879 4.324886 4.229480 3.315811 -0.500527 0.263621 1.446772 -1.383281 -0.701541 0.071080 -0.013330 
4.680334 2.680116 4.877041 4.393981 3.820671 -1.533055 0.017182 1.826793 -1.573965 -0.393365 -0.084018 -0.037100 
5.510419 2.738002 4.924906 1.487364 3.324814 0.716990 2.194126 1.785656 -2.629853 -1.086419 0.143801 -0.078378 
5.192952 3.145308 4.107751 1.787875 3.058380 0.858196 1.950862 1.827658 -2.575738 -1.214307 0.146005 -0.056718 
5.201951 3.234113 4.097998 2.022141 3.330095 0.556565 1.756932 1.840765 -2.533714 -1.071817 0.111843 -0.052755 
5.560551 3.062000 4.102452 2.535037 3.667612 0.248545 1.267409 2.122771 -2.373480 -0.981010 0.106034 -0.030701 
5.017452 3.159233 4.270109 3.697081 2.761279 0.511430 1.108980 1.402336 -1.689920 -0.977989 0.190816 -0.022754 
4.970351 2.608910 3.427871 4.031063 2.604177 0.341308 0.849723 1.055813 -0.889982 -0.996447 0.167410 0.070783 
5.121460 2.460325 4.214007 2.313822 3.024850 1.184609 1.448681 1.658852 -1.833644 -1.212781 0.368289 0.025359 
6.427981 0.625668 6.686828 1.645691 3.568845 1.396956 0.747546 2.146534 -1.746745 -1.336631 0.238477 -0.016166 
6.327406 1.591856 5.874975 2.269564 4.036242 0.639580 0.611718 2.264444 -1.559885 -1.167320 0.202505 -0.026484 
6.151309 2.741688 4.757537 3.145373 3.192992 0.815184 1.558792 1.822159 -1.687436 -1.019371 0.168394 -0.013529 
5.101538 3.005560 3.775436 2.818547 1.764694 1.930169 2.240431 0.617098 -1.961655 -1.048076 0.282590 0.016481 
5.279821 2.931496 3.784768 2.895601 2.521859 1.921330 1.922250 1.286897 -1.967122 -1.306058 0.292959 0.053148 
5.906043 2.662166 4.032282 2.505395 3.093494 1.541435 1.727368 1.575849 -2.160379 -1.402274 0.197329 0.044655 
5.102980 3.391397 3.714547 2.342793 2.908773 1.691496 1.892466 1.477865 -2.205922 -1.192042 0.213598 0.007739 
4.937885 3.614269 4.265753 2.524853 2.570764 1.263402 1.861744 1.392365 -1.961177 -0.953103 0.225460 -0.052432 
5.085958 2.289303 4.306086 2.624846 3.776151 0.463331 0.693779 1.703072 -1.797889 -0.051987 0.341208 -0.087504 
5.122158 1.694089 4.241826 1.944963 3.662142 1.481686 1.032914 1.954075 -1.775505 -0.551223 0.557742 -0.035132 
4.897401 2.088739 3.433823 2.276241 3.638389 1.572600 1.127562 2.023127 -1.610377 -0.698558 0.433953 0.036329 
4.828922 2.230784 3.909741 3.023682 3.734812 0.662106 0.577884 2.003855 -1.330999 -0.334789 0.346376 -0.014142 
5.303122 1.931270 4.800939 3.378099 4.207492 0.422137 -0.209410 1.902117 -1.256664 -0.563361 0.342921 -0.062516 
5.468742 3.787579 5.648014 2.349162 1.382755 1.068226 2.027255 1.361058 -2.040131 -0.280633 0.203613 -0.201930 
4.937885 4.390056 5.296672 2.639215 1.779914 1.019109 1.868387 0.654258 -1.564680 -0.081728 0.004386 -0.139809 
4.379858 4.201119 4.832024 3.375261 2.062140 1.247016 1.398921 0.165158 -1.139303 -0.009606 0.025981 -0.090380 
4.419408 4.400936 4.795342 3.317658 2.395127 1.454477 1.113570 0.164651 -0.798611 -0.016274 -0.029548 -0.073103 
4.821501 4.767994 5.050040 3.618386 2.665397 1.149209 0.757555 0.413462 -0.635682 -0.082288 -0.107466 -0.071371 
5.216223 2.632957 3.939332 2.669568 3.729553 0.911144 1.348050 2.000810 -1.723457 -0.987604 0.311594 0.046889 
5.028112 2.382066 4.142944 3.114858 3.233251 0.925052 1.167188 1.884783 -1.430588 -0.753641 0.402802 0.031073 
4.940990 2.681617 3.972568 2.971143 2.892157 1.095504 1.580700 1.596030 -1.545191 -0.832163 0.379898 0.035508 
5.597234 1.791067 4.228713 2.296744 3.300199 0.853385 1.610845 1.828956 -1.492450 -0.968051 0.330766 0.085140 
5.093566 2.104920 4.930821 3.613103 2.847815 0.221581 0.323548 1.889731 -1.354629 -0.566538 0.436772 -0.025134 
5.698654 2.756554 4.440892 6.815051 2.830905 -0.836032 0.728659 0.823110 -0.457334 -0.810218 -0.168389 -0.020070 
7.005357 2.430860 4.637143 7.012988 2.711321 -1.718115 1.755609 0.595489 -0.596164 -0.923185 -0.071987 -0.012305 
7.646405 1.523113 4.931341 6.245855 2.512953 -2.278379 3.009643 1.028586 -1.150194 -0.889826 -0.103708 0.021616 
6.749456 2.959578 4.569597 5.849398 2.558286 -0.558676 2.363589 0.437344 -1.128174 -0.766084 0.090530 -0.038477 
5.444173 3.245020 3.763416 4.978414 2.819948 0.820679 1.585899 0.879095 -0.944702 -1.256772 0.092988 0.046191 
7.132871 1.307052 2.970803 5.271014 3.257975 -1.264695 2.341716 0.503801 -0.688719 -1.223717 -0.243374 0.115782 
6.616525 1.655600 3.758616 3.984643 3.923398 -1.492409 2.965287 0.321741 -1.084813 -1.041768 -0.495367 0.189201 
6.622515 2.648521 3.587106 3.682038 3.702643 -0.972664 3.187667 0.560970 -1.052976 -1.488661 -0.484279 0.161360 
6.795602 2.972986 3.596061 3.577986 3.999647 -1.238081 3.296442 0.606248 -1.232158 -1.271177 -0.495118 0.164987 
7.314614 3.363569 3.231111 3.588027 3.835005 -1.108474 3.411195 1.037124 -1.302983 -1.401853 -0.487057 0.145744 
5.164289 3.584688 4.164407 3.206326 3.042163 -0.789052 0.443829 1.526411 -1.430265 -1.063157 -0.043397 0.002059 
5.255074 3.099751 4.597499 4.013791 2.902516 -0.905307 0.980873 0.918917 -1.366239 -0.675963 0.001433 -0.004065 
5.609903 2.188662 4.862311 3.169936 3.967370 -0.887248 1.661987 0.671740 -1.584942 -0.617493 -0.120240 0.065635 
6.242357 1.881280 5.163548 2.856563 3.087710 -0.005175 2.576297 0.305282 -2.056331 -0.481254 -0.059743 -0.001645 
5.908788 2.721196 4.702919 2.623544 3.581598 0.063709 2.328119 0.962226 -2.132116 -0.716687 -0.008071 0.006466 
5.221865 2.347801 3.969280 3.519219 3.252195 -0.310044 0.191989 1.937159 -1.027840 -0.903555 0.072036 0.030118 
5.378182 3.214045 3.932038 2.793610 3.184114 0.710596 1.392411 1.852193 -2.044660 -1.266884 0.100169 -0.005609 
5.789637 2.534101 4.531476 3.019447 4.017925 -0.258269 0.864492 1.632223 -2.051918 -0.873941 0.086250 -0.017996 
5.673396 1.919108 5.079979 3.753939 3.949118 -0.919893 0.239137 1.616585 -1.542540 -0.625766 0.082668 -0.040190 
5.110328 2.237918 5.440989 4.271899 4.171811 -1.928597 0.067279 1.898357 -1.612800 -0.381671 -0.103908 -0.050727 
5.387765 2.904305 4.730743 1.642166 3.232029 0.764771 2.173567 1.755031 -2.603209 -1.091133 0.159065 -0.077647 
5.607098 2.651733 4.707662 1.321419 3.433313 0.661606 2.075639 1.899709 -2.694623 -1.203303 0.107820 -0.061459 
5.285415 3.155151 4.201920 1.940932 3.383973 0.520314 1.787307 1.855386 -2.553629 -1.073082 0.108563 -0.055424 
5.298053 3.236707 3.949789 2.676120 3.509586 0.336051 1.233690 2.064316 -2.296256 -0.993181 0.106153 -0.025154 
6.096045 2.252704 5.126499 2.952779 3.498192 0.160351 1.059649 1.725829 -2.011721 -0.900802 0.229609 -0.053830 
6.399880 1.170460 4.678648 3.181651 3.414382 -0.137751 1.092175 1.260770 -1.288419 -0.862590 0.051975 0.079356 
5.754974 1.592520 5.222555 1.564708 3.521150 1.008814 1.515568 1.802499 -2.015570 -1.192955 0.290375 0.028637 
5.712331 1.862263 5.397669 2.368451 3.533422 1.117346 0.761139 1.898157 -1.537506 -1.320705 0.353180 0.002047 
5.726666 2.451606 4.988168 2.963287 3.732255 0.760539 0.503391 2.133200 -1.454886 -1.179098 0.261619 -0.019780 
5.869076 2.954002 4.555111 3.412846 2.971530 0.982999 1.554060 1.709219 -1.582218 -1.057848 0.156391 -0.003814 
5.488392 2.716003 4.098868 2.672387 1.812299 1.995700 2.218198 0.763736 -2.138678 -1.078581 0.274785 0.009704 
4.990548 3.131301 3.575673 2.982840 2.455452 1.876841 2.011277 1.097091 -1.801742 -1.290047 0.311538 0.052774 
5.070004 3.282877 3.459107 2.924000 2.660752 1.698367 1.838295 1.123013 -1.742995 -1.430153 0.223723 0.053286 
5.679357 2.987567 4.153043 2.014912 3.205692 1.526576 1.887399 1.787130 -2.525689 -1.172367 0.219525 -0.017530 
5.025376 3.618180 4.313133 2.406585 2.647849 1.207032 1.952647 1.510939 -2.087492 -0.967612 0.203249 -0.059525 
5.400312 1.951618 4.625804 2.381897 4.014520 0.302101 0.761370 1.682559 -1.812820 -0.048153 0.355439 -0.094751 
5.196198 1.601659 4.334602 1.869280 3.738675 1.445132 1.056862 1.952721 -1.779710 -0.557897 0.557003 -0.034813 
5.645516 1.235847 4.301501 1.649403 4.182881 1.333758 1.189345 2.103413 -1.722666 -0.734118 0.463426 0.025379 
5.261023 1.784637 4.337713 2.762562 4.078295 0.502662 0.561060 2.044169 -1.371681 -0.356493 0.391648 -0.029164 
5.077215 2.152485 4.602971 3.495959 4.013462 0.537486 -0.193788 1.876167 -1.225903 -0.567129 0.328016 -0.052489 
4.929338 3.953961 5.162400 2.842681 1.397371 1.147815 2.002752 0.990931 -1.860250 -0.296144 0.185078 -0.148416 
4.738839 4.363077 5.055547 2.856644 1.879963 1.139176 1.705017 0.480915 -1.422918 -0.119877 0.015361 -0.115189 
4.692083 4.351668 5.435257 3.182344 1.852125 1.046622 1.660632 0.464403 -1.521106 0.097003 0.000191 -0.139120 
4.490168 4.423420 4.868830 3.317446 2.401942 1.458065 1.111555 0.203749 -0.833305 -0.023489 -0.038846 -0.077374 
4.483491 4.519435 4.665591 3.634254 2.719819 1.390932 0.745118 0.192710 -0.479734 -0.126900 -0.050931 -0.063108 
5.235571 2.633087 3.929542 2.667834 3.755269 0.892334 1.339255 2.011850 -1.758553 -0.974585 0.309937 0.045965 
4.909187 2.455334 4.069244 3.204635 3.127950 0.946372 1.174054 1.818808 -1.355464 -0.744872 0.395395 0.033946 
5.161283 2.449171 4.208107 2.808599 3.024638 1.094664 1.541330 1.652581 -1.610511 -0.847350 0.394567 0.031664 
5.545632 1.853913 4.155649 2.353779 3.274949 0.872771 1.600601 1.820425 -1.478558 -0.971521 0.335085 0.085790 
5.204345 1.983789 5.075745 3.549681 2.889751 0.165947 0.309437 1.898763 -1.340508 -0.571056 0.449349 -0.030607 
