5
5
4
5
6
7
7
8
8
10
9
10
11
13
13
14
15
16
18
18
20
21
22
22
24
24
24
24
23
22
21
19
18
17
15
12
8
3
-3
-10
-17
-27
-38
-48
-59
-71
-83
-93
-104
-112
-120
-124
-125
-124
-121
-115
-106
-98
-85
-70
-56
-40
-24
-9
4
15
23
26
25
23
18
12
2
-12
-33
-56
-82
-110
-137
-161
-181
-199
-217
-231
-241
-248
-252
-250
-239
-225
-208
-184
-155
-121
-79
-35
12
68
126
188
256
326
395
469
545
631
720
808
898
983
1069
1147
1217
1287
1346
1399
1437
1459
1474
1474
1458
1426
1365
1288
1205
1096
975
839
685
522
345
148
-73
-308
-540
-784
-1036
-1288
-1535
-1779
-2014
-2220
-2397
-2541
-2645
-2716
-2731
-2697
-2620
-2484
-2313
-2110
-1874
-1610
-1326
-1043
-762
-485
-229
-1
191
353
476
547
577
551
480
386
265
122
-47
-246
-444
-632
-802
-960
-1101
-1191
-1259
-1304
-1307
-1287
-1217
-1113
-999
-843
-676
-497
-301
-87
141
343
537
729
906
1091
1271
1433
1582
1733
1899
2057
2207
2378
2558
2741
2921
3097
3272
3424
3554
3659
3740
3775
3735
3652
3540
3363
3137
2868
2548
2198
1819
1429
1026
601
179
-228
-600
-950
-1281
-1569
-1859
-2142
-2402
-2664
-2901
-3122
-3311
-3446
-3581
-3696
-3776
-3824
-3809
-3746
-3627
-3458
-3248
-2969
-2653
-2298
-1909
-1513
-1097
-697
-324
26
324
569
729
821
848
779
664
499
282
27
-264
-530
-794
-1063
-1292
-1515
-1690
-1805
-1876
-1872
-1830
-1735
-1586
-1413
-1183
-941
-680
-379
-75
246
546
827
1126
1390
1627
1840
2020
2185
2301
2421
2566
2671
2781
2901
3021
3181
3343
3531
3737
3940
4156
4336
4509
4628
4674
4696
4626
4482
4269
3977
3631
3179
2657
2111
1518
928
328
-259
-804
-1343
-1802
-2204
-2575
-2861
-3114
-3314
-3489
-3676
-3812
-3954
-4102
-4261
-4458
-4584
-4701
-4820
-4870
-4918
-4888
-4769
-4575
-4257
-3875
-3415
-2905
-2364
-1761
-1173
-579
-9
463
886
1191
1396
1511
1491
1396
1207
950
645
281
-65
-434
-790
-1101
-1413
-1639
-1794
-1902
-1931
-1905
-1799
-1631
-1412
-1133
-826
-468
-109
239
610
942
1248
1542
1787
2018
2206
2350
2463
2540
2615
2653
2685
2737
2756
2818
2941
3104
3311
3545
3806
4080
4371
4648
4892
5112
5260
5348
5341
5216
5021
4691
4246
3721
3094
2439
1707
944
219
-514
-1199
-1835
-2382
-2822
-3219
-3517
-3753
-3952
-4075
-4207
-4287
-4348
-4475
-4554
-4657
-4761
-4827
-4909
-4921
-4927
-4894
-4731
-4517
-4172
-3764
-3318
-2753
-2184
-1528
-847
-227
400
883
1295
1639
1806
1909
1860
1710
1514
1143
750
299
-183
-571
-999
-1352
-1652
-1907
-2007
-2100
-2070
-1949
-1846
-1589
-1326
-1037
-647
-314
73
409
700
1041
1259
1498
1694
1795
1917
1892
1869
1863
1791
1809
1770
1741
1778
1757
1870
1998
2159
2461
2696
3032
3387
3719
4142
4424
4698
4950
5042
5111
5009
4801
4530
4069
3577
2938
2229
1549
774
75
-645
-1353
-1929
-2505
-2936
-3279
-3584
-3737
-3922
-4011
-4008
-4044
-3965
-3955
-3929
-3871
-3898
-3828
-3809
-3767
-3608
-3510
-3261
-2946
-2624
-2118
-1659
-1123
-518
25
662
1184
1668
2126
2396
2640
2705
2617
2464
2056
1610
1081
430
-163
-841
-1405
-1883
-2401
-2748
-3046
-3194
-3196
-3196
-3004
-2803
-2539
-2096
-1690
-1193
-734
-348
102
418
755
1058
1239
1462
1533
1560
1549
1414
1322
1147
975
861
675
596
549
523
627
697
932
1243
1567
2051
2504
3045
3587
4057
4583
4968
5247
5468
5465
5397
5148
4753
4376
3784
3182
2506
1734
1056
312
-325
-862
-1391
-1752
-2079
-2318
-2425
-2568
-2594
-2622
-2646
-2619
-2712
-2768
-2874
-3030
-3115
-3284
-3399
-3402
-3392
-3229
-3031
-2748
-2347
-1911
-1314
-741
-166
436
917
1390
1763
1968
2061
1959
1787
1504
1057
572
-73
-749
-1390
-2033
-2559
-3083
-3507
-3759
-3962
-4003
-3970
-3869
-3655
-3464
-3164
-2813
-2481
-2075
-1697
-1308
-927
-671
-433
-228
-51
118
196
278
279
210
162
69
6
-22
-26
67
179
363
671
1011
1496
2046
2662
3343
4014
4772
5498
6159
6770
7227
7545
7721
7709
7589
7286
6827
6224
5472
4723
3894
3072
2255
1407
696
46
-540
-998
-1419
-1708
-1934
-2163
-2284
-2448
-2566
-2662
-2874
-3053
-3248
-3457
-3624
-3834
-3982
-4035
-4049
-3889
-3640
-3316
-2904
-2484
-1963
-1403
-835
-265
207
611
900
1038
1100
986
738
390
-131
-668
-1240
-1832
-2369
-2925
-3361
-3689
-3978
-4136
-4199
-4123
-3946
-3724
-3408
-3091
-2739
-2334
-1982
-1618
-1255
-949
-638
-427
-257
-125
-68
21
18
-16
-23
-62
-47
-23
-1
87
165
355
669
1043
1583
2154
2820
3571
4315
5144
5948
6727
7489
8154
8723
9134
9372
9469
9316
9007
8536
7882
7107
6177
5221
4181
3117
2129
1132
201
-641
-1439
-2115
-2698
-3175
-3553
-3961
-4295
-4626
-4972
-5237
-5524
-5813
-6099
-6351
-6495
-6596
-6614
-6493
-6292
-5899
-5384
-4750
-3968
-3168
-2286
-1406
-584
178
805
1338
1721
1903
1927
1763
1467
1061
475
-179
-871
-1594
-2266
-2886
-3413
-3839
-4147
-4287
-4315
-4224
-4007
-3730
-3345
-2889
-2445
-2000
-1568
-1146
-761
-426
-90
199
450
676
827
962
1078
1192
1322
1435
1557
1633
1686
1806
1945
2127
2376
2625
2996
3432
3919
4496
5084
5738
6358
6960
7559
8082
8529
8877
9053
9051
8884
8559
8095
7426
6642
5690
4641
3580
2441
1337
282
-713
-1613
-2465
-3232
-3853
-4386
-4768
-5069
-5325
-5509
-5724
-5886
-6037
-6173
-6222
-6250
-6243
-6204
-6133
-5886
-5540
-5107
-4511
-3912
-3194
-2419
-1637
-777
-31
649
1243
1632
1928
2004
1884
1661
1220
719
60
-725
-1469
-2291
-3020
-3652
-4248
-4626
-4903
-5050
-5022
-4965
-4722
-4382
-3978
-3479
-3054
-2560
-2063
-1671
-1191
-784
-448
-87
139
429
676
869
1101
1224
1384
1529
1634
1855
2034
2155
2370
2516
2787
3081
3338
3774
4198
4772
5358
5909
6531
7086
7638
8197
8626
8983
9192
9196
9142
8816
8402
7841
7045
6193
5183
4166
3101
1992
964
-28
-997
-1855
-2623
-3244
-3743
-4204
-4539
-4861
-5109
-5323
-5537
-5689
-5893
-6044
-6140
-6206
-6133
-6036
-5917
-5652
-5358
-4930
-4370
-3748
-3018
-2340
-1584
-851
-268
302
724
1047
1211
1102
942
615
91
-484
-1210
-1908
-2590
-3267
-3759
-4260
-4621
-4819
-4979
-4860
-4673
-4412
-3985
-3555
-3027
-2525
-2056
-1529
-1115
-712
-306
-22
286
518
753
1055
1202
1407
1589
1703
1850
1982
2171
2334
2411
2583
2783
2983
3282
3526
3932
4361
4749
5269
5748
6295
6813
7296
7796
8182
8469
8719
8768
8705
8509
8078
7584
6828
5959
5028
4016
3004
1896
767
-316
-1325
-2250
-3096
-3885
-4519
-5124
-5593
-5885
-6134
-6299
-6450
-6514
-6552
-6566
-6523
-6428
-6308
-6130
-5875
-5574
-5172
-4696
-4084
-3374
-2604
-1816
-1052
-301
410
1081
1661
2083
2295
2395
2373
2125
1742
1262
665
-26
-799
-1576
-2285
-2909
-3457
-3919
-4269
-4497
-4601
-4581
-4403
-4130
-3792
-3400
-2974
-2505
-2028
-1560
-1108
-717
-369
-38
253
548
762
951
1103
1154
1254
1295
1341
1421
1446
1515
1608
1692
1857
2046
2322
2710
3064
3577
4095
4641
5269
5815
6440
6975
7426
7878
8163
8350
8451
8312
8082
7647
7007
6338
5444
4559
3609
2554
1611
582
-366
-1164
-1999
-2674
-3267
-3814
-4176
-4609
-4889
-5094
-5325
-5362
-5491
-5550
-5499
-5535
-5449
-5370
-5263
-4986
-4759
-4368
-3888
-3404
-2749
-2128
-1436
-708
-103
537
1062
1439
1779
1884
1907
1793
1473
1142
603
-27
-671
-1380
-2012
-2636
-3248
-3745
-4226
-4578
-4782
-4954
-4901
-4776
-4611
-4310
-3955
-3513
-3110
-2672
-2182
-1772
-1338
-901
-517
-137
188
475
703
831
1029
1231
1366
1515
1599
1716
1844
2002
2230
2447
2749
3105
3487
3942
4484
5002
5544
6085
6625
7168
7572
7946
8166
8264
8290
8179
7957
7582
7025
6354
5577
4661
3751
2737
1751
829
-87
-891
-1698
-2389
-2931
-3403
-3781
-4083
-4298
-4406
-4524
-4569
-4580
-4636
-4600
-4603
-4622
-4582
-4511
-4332
-4129
-3904
-3574
-3220
-2777
-2269
-1753
-1185
-632
-88
410
797
1118
1328
1366
1277
1028
658
162
-464
-1119
-1844
-2584
-3326
-4057
-4690
-5217
-5614
-5858
-5976
-5965
-5847
-5645
-5329
-4937
-4438
-3881
-3316
-2701
-2113
-1569
-1011
-494
-43
348
710
1050
1335
1561
1724
1864
2001
2141
2275
2438
2590
2759
2952
3147
3449
3815
4234
4687
5168
5679
6181
6644
7145
7625
8009
8367
8624
8822
8887
8785
8581
8168
7582
6943
6160
5319
4457
3461
2495
1500
582
-255
-1134
-1867
-2526
-3099
-3525
-3929
-4248
-4536
-4820
-4925
-5066
-5221
-5316
-5463
-5498
-5493
-5482
-5409
-5359
-5219
-4970
-4688
-4219
-3727
-3219
-2612
-2083
-1504
-977
-536
-106
152
323
376
249
50
-339
-834
-1391
-2110
-2787
-3442
-4079
-4587
-5076
-5486
-5725
-5847
-5739
-5530
-5252
-4826
-4373
-3778
-3146
-2475
-1756
-1147
-548
74
644
1158
1614
1995
2344
2583
2813
2976
3103
3234
3271
3342
3339
3371
3455
3521
3604
3718
3847
4032
4248
4502
4866
5182
5645
6077
6528
7013
7328
7712
7959
8061
8136
8055
7818
7507
6972
6380
5631
4702
3853
2816
1836
875
-144
-1028
-1919
-2675
-3244
-3797
-4212
-4569
-4934
-5090
-5280
-5391
-5416
-5542
-5582
-5669
-5754
-5737
-5732
-5616
-5426
-5291
-5001
-4672
-4297
-3761
-3291
-2699
-2070
-1555
-981
-506
-90
250
383
471
396
154
-92
-504
-971
-1488
-2144
-2663
-3189
-3714
-4045
-4365
-4535
-4623
-4669
-4494
-4306
-4017
-3582
-3178
-2647
-2087
-1587
-962
-445
27
559
961
1423
1821
2166
2579
2869
3156
3415
3562
3766
3889
3948
4055
4028
4051
4069
4020
4099
4115
4174
4337
4528
4794
5068
5337
5667
5961
6263
6598
6792
6977
7019
6900
6711
6365
5904
5304
4593
3812
2954
1966
1002
74
-867
-1716
-2539
-3286
-3867
-4362
-4744
-5024
-5270
-5363
-5439
-5468
-5402
-5430
-5366
-5262
-5223
-5097
-4997
-4896
-4706
-4554
-4268
-3967
-3659
-3175
-2743
-2225
-1652
-1180
-634
-182
177
557
766
957
1021
875
719
349
-83
-531
-1099
-1582
-2071
-2594
-3012
-3403
-3642
-3765
-3883
-3785
-3644
-3458
-3145
-2826
-2392
-1974
-1590
-1136
-745
-354
71
400
752
1113
1395
1687
1922
2118
2306
2428
2577
2718
2798
2888
2982
3070
3152
3163
3188
3274
3302
3421
3582
3785
4088
4321
4607
4910
5152
5454
5735
5971
6204
6298
6337
6248
5971
5689
5211
4665
4080
3312
2554
1745
898
127
-671
-1345
-1902
-2507
-2934
-3341
-3666
-3820
-4030
-4109
-4158
-4236
-4220
-4261
-4277
-4246
-4308
-4256
-4215
-4197
-4065
-4001
-3810
-3576
-3358
-3017
-2711
-2344
-1889
-1535
-1183
-893
-691
-495
-476
-500
-614
-873
-1135
-1523
-1941
-2353
-2852
-3281
-3623
-3915
-4068
-4176
-4186
-4058
-3879
-3614
-3313
-2950
-2491
-2024
-1539
-1040
-563
-110
284
655
996
1283
1528
1792
2021
2219
2447
2605
2792
2959
3078
3245
3379
3516
3671
3763
3840
3877
3859
3929
3932
3996
4102
4123
4271
4345
4449
4651
4780
5002
5215
5343
5570
5668
5706
5718
5492
5309
4945
4444
3976
3285
2639
1968
1141
418
-349
-1054
-1594
-2236
-2695
-3060
-3425
-3593
-3876
-4072
-4148
-4310
-4337
-4445
-4587
-4607
-4767
-4817
-4886
-5056
-5020
-5068
-5050
-4845
-4682
-4364
-4041
-3736
-3256
-2890
-2482
-2054
-1781
-1415
-1193
-1071
-925
-976
-1038
-1161
-1430
-1641
-1931
-2170
-2311
-2553
-2636
-2688
-2689
-2509
-2363
-2088
-1752
-1459
-1048
-680
-311
108
405
724
996
1183
1431
1587
1733
1920
2029
2192
2352
2489
2696
2875
3104
3347
3508
3674
3768
3787
3830
3810
3744
3648
3498
3408
3260
3107
3016
2918
2908
2951
3053
3250
3467
3678
3952
4186
4424
4636
4760
4863
4802
4649
4420
4050
3587
3045
2421
1773
1074
371
-256
-922
-1515
-2083
-2623
-3078
-3514
-3843
-4070
-4293
-4499
-4665
-4839
-4963
-5123
-5251
-5334
-5488
-5602
-5699
-5719
-5655
-5538
-5313
-5037
-4753
-4406
-4025
-3595
-3124
-2709
-2254
-1811
-1453
-1146
-928
-792
-729
-712
-703
-727
-792
-848
-920
-949
-917
-909
-804
-658
-531
-287
-19
248
513
745
982
1182
1354
1510
1645
1803
1937
2023
2124
2186
2238
2358
2516
2702
2838
2963
3104
3233
3339
3424
3492
3495
3384
3227
3056
2813
2593
2367
2093
1827
1586
1430
1325
1286
1344
1456
1632
1870
2145
2458
2787
3137
3470
3691
3836
3853
3734
3579
3298
2875
2359
1773
1158
504
-193
-889
-1524
-2121
-2687
-3206
-3660
-4037
-4346
-4587
-4800
-4954
-5042
-5101
-5130
-5167
-5208
-5205
-5184
-5162
-5075
-4949
-4756
-4474
-4175
-3839
-3479
-3087
-2640
-2193
-1703
-1176
-701
-247
151
484
802
1029
1199
1323
1393
1434
1403
1346
1276
1169
1071
996
915
851
800
780
780
760
772
804
827
846
828
821
829
816
825
810
778
767
759
784
821
839
897
979
1065
1157
1237
1330
1439
1535
1608
1645
1679
1682
1644
1578
1472
1353
1235
1108
995
891
784
733
715
731
799
868
974
1076
1164
1261
1347
1448
1525
1542
1507
1410
1267
1097
865
618
329
17
-251
-552
-852
-1135
-1393
-1605
-1805
-1959
-2055
-2153
-2234
-2309
-2385
-2431
-2492
-2516
-2503
-2503
-2480
-2454
-2419
-2365
-2312
-2221
-2081
-1937
-1745
-1519
-1276
-1009
-749
-475
-226
17
291
551
797
977
1095
1214
1275
1306
1336
1321
1281
1217
1156
1066
915
768
617
460
328
181
24
-120
-266
-407
-533
-647
-752
-832
-865
-863
-862
-823
-724
-624
-494
-342
-165
51
245
430
628
796
954
1100
1212
1302
1306
1278
1252
1156
1031
877
717
593
445
317
209
81
6
-48
-80
-51
-5
92
217
337
486
594
698
825
902
1005
1082
1105
1153
1137
1093
1051
942
857
758
620
542
432
347
306
200
142
78
-6
-37
-104
-163
-224
-357
-469
-603
-758
-864
-1015
-1150
-1262
-1387
-1457
-1534
-1591
-1585
-1555
-1462
-1340
-1200
-996
-811
-619
-420
-261
-92
51
187
313
361
386
373
313
254
150
45
-49
-195
-319
-433
-552
-638
-721
-770
-779
-780
-727
-649
-577
-494
-425
-347
-250
-153
-46
65
169
258
332
399
448
493
578
659
720
776
824
850
834
800
779
752
704
647
553
438
323
182
39
-110
-272
-406
-531
-645
-739
-833
-888
-901
-885
-817
-740
-644
-501
-326
-112
107
314
526
728
931
1128
1299
1450
1565
1626
1656
1655
1623
1566
1480
1374
1235
1056
880
711
528
354
188
19
-141
-324
-509
-667
-818
-950
-1052
-1119
-1167
-1218
-1252
-1261
-1255
-1209
-1131
-1033
-920
-804
-668
-523
-382
-239
-94
56
208
335
444
547
620
664
679
683
676
656
622
568
506
413
309
215
104
-22
-125
-227
-332
-436
-540
-602
-655
-709
-730
-735
-731
-710
-685
-647
-602
-550
-490
-445
-394
-345
-320
-305
-314
-332
-336
-354
-387
-417
-435
-449
-464
-492
-517
-527
-529
-537
-530
-500
-465
-429
-381
-321
-258
-190
-110
-10
100
214
333
459
595
736
882
1019
1146
1277
1401
1504
1592
1666
1720
1764
1785
1773
1739
1676
1598
1504
1389
1267
1125
976
831
681
532
377
217
61
-95
-235
-364
-484
-581
-669
-742
-805
-859
-890
-898
-887
-854
-806
-744
-672
-593
-500
-409
-316
-215
-125
-50
13
62
99
118
121
101
74
41
-20
-76
-139
-235
-334
-434
-524
-612
-709
-795
-870
-945
-1011
-1057
-1090
-1105
-1110
-1111
-1116
-1121
-1125
-1123
-1097
-1056
-1005
-948
-888
-823
-761
-688
-613
-540
-451
-361
-277
-194
-106
-10
81
169
260
336
405
471
527
575
608
631
654
668
678
684
677
673
674
685
715
744
773
802
838
893
956
1019
1087
1152
1215
1268
1300
1327
1337
1337
1333
1305
1267
1224
1173
1120
1047
964
883
789
693
590
485
394
295
192
103
11
-82
-171
-254
-323
-393
-454
-518
-581
-628
-684
-737
-776
-814
-843
-870
-888
-896
-894
-889
-891
-893
-886
-879
-868
-850
-845
-827
-800
-777
-744
-718
-695
-674
-661
-648
-643
-645
-635
-626
-623
-621
-620
-604
-593
-579
-554
-530
-498
-464
-426
-373
-315
-255
-192
-130
-59
8
69
122
158
193
231
261
297
319
329
339
341
348
362
380
397
408
424
442
456
468
481
492
505
519
538
564
578
585
587
576
561
548
548
548
539
537
540
544
559
574
592
611
626
650
666
676
694
707
714
708
693
677
646
603
564
513
455
390
316
245
160
74
0
-73
-136
-204
-267
-329
-403
-460
-508
-560
-597
-625
-659
-696
-734
-750
-764
-786
-794
-812
-830
-842
-855
-855
-856
-854
-834
-808
-776
-739
-698
-646
-601
-549
-486
-431
-370
-308
-253
-197
-152
-110
-72
-41
-13
10
28
41
47
53
60
68
82
92
106
121
126
137
150
160
165
174
183
191
204
214
225
234
244
258
267
277
286
294
305
319
336
353
369
375
373
377
373
367
370
370
367
361
351
341
323
308
290
265
247
232
214
197
178
157
132
103
84
64
38
12
-15
-34
-51
-68
-78
-90
-96
-95
-98
-102
-105
-101
-103
-111
-114
-119
-129
-136
-142
-147
-156
-165
-183
-203
-219
-233
-246
-258
-272
-286
-292
-299
-301
-296
-289
-287
-287
-279
-269
-261
-247
-228
-203
-181
-161
-130
-94
-68
-38
-2
27
49
67
92
116
135
154
173
188
200
204
210
213
212
212
208
206
204
200
196
190
182
176
168
159
153
145
140
136
130
124
119
111
96
82
73
61
47
37
22
8
-8
-20
-27
-37
-45
-51
-58
-61
-62
-66
-74
-82
-93
-102
-106
-109
-113
-117
-122
-131
-145
-158
-166
-176
-186
-194
-201
-207
-205
-198
-188
-176
-162
-145
-127
-108
-87
-65
-46
-31
-14
6
23
35
48
58
68
77
87
93
95
101
106
112
118
124
132
140
148
155
160
161
161
159
153
142
126
106
89
70
52
38
21
3
-12
-26
-37
-48
-57
-60
-61
-57
-50
-44
-38
-29
-19
-5
9
24
38
53
70
82
91
97
104
113
123
128
130
136
134
128
123
119
110
101
92
80
68
59
46
33
19
4
-12
-31
-50
-66
-83
-102
-123
-140
-153
-164
-176
-190
-205
-217
-224
-226
-226
-224
-221
-218
-210
-194
-182
-172
-156
-141
-125
-113
-102
-93
-86
-79
-74
-69
-68
-65
-60
-57
-53
-50
-47
-45
-42
-40
-38
-36
-37
-30
-23
-17
-11
-3
5
11
21
36
54
68
80
98
115
131
149
166
183
198
214
227
236
240
241
244
245
240
233
225
212
201
186
172
161
147
132
121
113
105
97
94
90
86
80
73
66
65
61
60
59
50
44
36
27
17
8
1
-7
-18
-29
-36
-40
-47
-58
-71
-84
-96
-105
-115
-123
-132
-146
-159
-170
-179
-188
-194
-198
-206
-216
-222
-228
-232
-233
-231
-226
-217
-212
-202
-191
-183
-172
-159
-149
-137
-123
-109
-94
-80
-67
-59
-54
-48
-41
-36
-34
-32
-31
-30
-25
-19
-14
-8
-4
4
13
25
37
47
61
73
87
103
113
121
131
142
150
158
165
172
175
175
178
178
178
179
179
178
179
181
182
181
178
177
176
177
170
166
161
154
146
139
133
125
116
104
93
81
67
53
41
33
22
13
5
-5
-19
-35
-45
-56
-68
-78
-86
-92
-99
-106
-112
-116
-120
-122
-124
-125
-127
-127
-128
-129
-130
-129
-125
-122
-119
-115
-111
-107
-101
-94
-90
-84
-77
-71
-64
-58
-52
-48
-43
-43
-44
-42
-44
-45
-46
-47
-46
-48
-52
-54
-55
-55
-54
-53
-49
-42
-33
-24
-16
-11
-3
8
18
27
34
40
43
43
40
43
42
45
48
47
43
37
34
32
32
34
36
38
40
42
46
49
48
51
54
56
56
60
62
62
60
59
57
55
50
47
46
45
42
42
40
36
35
38
40
40
42
41
42
41
39
38
38
33
30
24
18
11
3
-6
-14
-19
-24
-28
-32
-34
-38
-36
-34
-31
-29
-26
-23
-19
-18
-15
-13
-11
-10
