-12
-11
-10
-9
-8
-7
-6
-4
-3
-1
0
1
1
2
4
4
5
5
5
6
7
7
8
9
10
12
12
13
15
16
18
19
19
20
20
19
19
19
17
15
14
11
11
7
5
3
3
0
-1
-3
-4
-5
-6
-6
-6
-6
-7
-7
-7
-7
-8
-8
-9
-10
-11
-14
-16
-20
-22
-28
-32
-39
-44
-48
-54
-59
-65
-71
-73
-76
-81
-85
-87
-89
-89
-92
-95
-100
-104
-107
-109
-111
-113
-110
-108
-102
-93
-80
-60
-35
-5
34
83
138
195
253
315
381
446
509
562
609
649
674
685
684
667
635
591
534
466
393
323
255
187
122
61
13
-19
-37
-41
-41
-42
-42
-35
-24
-18
-26
-43
-65
-93
-137
-201
-274
-352
-436
-516
-585
-661
-733
-794
-838
-870
-898
-921
-929
-924
-917
-919
-925
-936
-956
-994
-1051
-1116
-1186
-1258
-1332
-1406
-1474
-1534
-1575
-1585
-1560
-1499
-1395
-1248
-1061
-825
-541
-230
98
445
810
1188
1569
1926
2258
2573
2852
3082
3258
3373
3423
3413
3355
3250
3103
2911
2673
2407
2125
1829
1530
1230
956
705
451
219
26
-133
-269
-384
-466
-529
-565
-573
-570
-549
-516
-487
-449
-414
-394
-381
-379
-386
-388
-396
-411
-436
-472
-497
-527
-576
-633
-707
-807
-933
-1067
-1203
-1363
-1556
-1765
-1967
-2164
-2383
-2613
-2846
-3067
-3244
-3360
-3404
-3409
-3405
-3349
-3221
-3032
-2802
-2535
-2227
-1866
-1464
-1042
-618
-201
230
673
1105
1523
1919
2319
2724
3081
3397
3688
3932
4132
4312
4461
4561
4615
4624
4572
4474
4331
4133
3868
3541
3191
2826
2425
1979
1513
1056
624
206
-218
-618
-978
-1278
-1501
-1666
-1758
-1798
-1798
-1724
-1601
-1448
-1269
-1074
-863
-656
-443
-239
-97
6
82
119
134
104
12
-127
-300
-497
-718
-970
-1261
-1569
-1884
-2221
-2557
-2876
-3218
-3564
-3856
-4121
-4379
-4594
-4738
-4821
-4851
-4799
-4702
-4573
-4364
-4091
-3770
-3399
-3010
-2588
-2110
-1599
-1078
-547
-7
545
1115
1699
2283
2836
3360
3908
4467
4996
5484
5933
6351
6708
6992
7229
7376
7413
7347
7177
6904
6529
6072
5542
4955
4323
3638
2924
2191
1452
740
71
-569
-1153
-1643
-2060
-2397
-2635
-2783
-2857
-2847
-2738
-2583
-2405
-2204
-1994
-1756
-1512
-1292
-1081
-880
-714
-596
-501
-434
-417
-430
-469
-521
-597
-714
-873
-1095
-1370
-1679
-2024
-2402
-2817
-3270
-3722
-4167
-4624
-5070
-5476
-5838
-6152
-6384
-6524
-6575
-6505
-6328
-6058
-5689
-5253
-4749
-4168
-3538
-2877
-2188
-1478
-752
-19
723
1457
2173
2889
3595
4324
5074
5772
6399
6999
7603
8168
8644
9060
9421
9691
9825
9822
9687
9424
9039
8540
7935
7191
6333
5411
4428
3424
2398
1351
328
-658
-1565
-2348
-2994
-3519
-3921
-4179
-4294
-4289
-4193
-3989
-3669
-3273
-2842
-2409
-1967
-1558
-1232
-944
-707
-528
-403
-345
-355
-436
-568
-747
-967
-1228
-1531
-1860
-2216
-2601
-3014
-3486
-3991
-4492
-5007
-5530
-6051
-6579
-7063
-7507
-7897
-8204
-8414
-8486
-8458
-8313
-8007
-7585
-7068
-6438
-5685
-4854
-3982
-3027
-2009
-974
65
1090
2098
3066
4008
4937
5814
6641
7437
8219
8947
9576
10162
10701
11146
11509
11810
12006
12090
12028
11812
11482
11004
10360
9567
8643
7611
6502
5356
4151
2888
1630
429
-709
-1814
-2837
-3680
-4369
-4913
-5278
-5479
-5475
-5334
-5118
-4777
-4344
-3852
-3305
-2757
-2243
-1775
-1384
-1093
-892
-755
-717
-791
-928
-1156
-1458
-1786
-2159
-2572
-2995
-3412
-3828
-4246
-4652
-5060
-5490
-5920
-6334
-6728
-7138
-7540
-7894
-8224
-8487
-8646
-8709
-8674
-8563
-8340
-7967
-7450
-6799
-6048
-5218
-4306
-3303
-2239
-1134
2
1133
2269
3407
4488
5509
6465
7372
8245
9065
9851
10602
11273
11854
12395
12880
13267
13574
13775
13846
13770
13537
13156
12634
11970
11135
10163
9103
7946
6686
5323
3891
2418
964
-438
-1804
-3095
-4280
-5319
-6194
-6951
-7559
-7967
-8186
-8248
-8165
-7922
-7526
-7039
-6513
-5940
-5331
-4739
-4194
-3720
-3324
-3012
-2802
-2671
-2638
-2719
-2864
-3048
-3278
-3527
-3796
-4082
-4377
-4684
-4983
-5263
-5555
-5870
-6211
-6555
-6879
-7169
-7414
-7623
-7801
-7903
-7884
-7739
-7477
-7064
-6472
-5737
-4907
-3960
-2882
-1733
-548
636
1814
2982
4116
5212
6261
7252
8187
9084
9961
10790
11550
12256
12928
13567
14132
14607
14967
15206
15332
15311
15152
14835
14310
13615
12750
11700
10507
9162
7699
6156
4525
2869
1206
-428
-2016
-3569
-5025
-6365
-7557
-8562
-9374
-9979
-10396
-10606
-10604
-10428
-10104
-9652
-9072
-8396
-7684
-6953
-6221
-5529
-4905
-4370
-3947
-3630
-3409
-3294
-3257
-3263
-3301
-3355
-3445
-3588
-3738
-3846
-3962
-4126
-4285
-4471
-4708
-4978
-5296
-5633
-5992
-6358
-6680
-6957
-7137
-7178
-7107
-6881
-6502
-5973
-5293
-4483
-3540
-2479
-1317
-90
1168
2429
3666
4872
6034
7168
8256
9253
10196
11089
11936
12731
13454
14104
14666
15133
15505
15767
15896
15885
15709
15359
14840
14154
13306
12318
11175
9873
8450
6930
5356
3707
1992
261
-1447
-3123
-4741
-6265
-7669
-8939
-10048
-10969
-11661
-12113
-12338
-12335
-12105
-11657
-11015
-10219
-9340
-8425
-7487
-6533
-5636
-4850
-4175
-3623
-3209
-2909
-2694
-2564
-2542
-2630
-2764
-2904
-3070
-3262
-3442
-3638
-3843
-4039
-4264
-4521
-4780
-5052
-5349
-5664
-5932
-6124
-6261
-6316
-6278
-6138
-5876
-5481
-4921
-4236
-3458
-2593
-1630
-561
535
1656
2814
3958
5060
6125
7151
8147
9100
10014
10888
11686
12432
13142
13755
14258
14694
15036
15272
15358
15314
15136
14784
14274
13622
12817
11861
10761
9542
8227
6809
5299
3700
2036
311
-1421
-3117
-4753
-6330
-7798
-9128
-10303
-11274
-12031
-12568
-12839
-12861
-12673
-12247
-11649
-10932
-10125
-9224
-8258
-7316
-6451
-5625
-4857
-4190
-3685
-3296
-2930
-2677
-2537
-2436
-2368
-2332
-2336
-2375
-2443
-2542
-2643
-2799
-2990
-3198
-3488
-3825
-4167
-4499
-4803
-5107
-5365
-5527
-5607
-5557
-5376
-5063
-4593
-4025
-3347
-2528
-1612
-616
424
1483
2582
3665
4748
5803
6778
7764
8697
9553
10377
11134
11899
12646
13298
13878
14360
14751
15078
15267
15324
15206
14943
14567
13999
13247
12374
11357
10164
8801
7287
5646
3867
2026
161
-1708
-3543
-5332
-7053
-8623
-10044
-11276
-12293
-13128
-13697
-13989
-14042
-13825
-13418
-12832
-12058
-11191
-10208
-9179
-8162
-7154
-6210
-5330
-4570
-3942
-3386
-2935
-2566
-2299
-2154
-2008
-1872
-1798
-1727
-1693
-1696
-1717
-1801
-1923
-2088
-2336
-2618
-2922
-3256
-3628
-4019
-4318
-4567
-4775
-4855
-4817
-4633
-4260
-3777
-3154
-2406
-1567
-603
420
1501
2612
3699
4828
5922
6933
7942
8871
9751
10582
11327
12053
12739
13369
13974
14510
14949
15264
15460
15591
15539
15295
14879
14236
13426
12455
11306
9980
8459
6823
5121
3317
1427
-526
-2470
-4357
-6215
-7985
-9573
-11017
-12292
-13344
-14146
-14686
-15007
-15043
-14816
-14423
-13821
-13059
-12151
-11127
-10085
-8988
-7876
-6863
-5897
-5042
-4276
-3578
-3050
-2584
-2196
-1915
-1662
-1464
-1286
-1115
-1024
-919
-856
-884
-918
-1032
-1218
-1478
-1863
-2233
-2625
-3076
-3460
-3803
-4045
-4160
-4186
-4078
-3850
-3474
-2897
-2232
-1458
-555
403
1458
2542
3588
4656
5706
6753
7778
8756
9718
10636
11556
12468
13294
14064
14787
15400
15916
16256
16463
16520
16341
15967
15377
14548
13571
12402
11020
9463
7725
5918
4047
2094
77
-1970
-4007
-5948
-7801
-9501
-11053
-12422
-13587
-14597
-15366
-15820
-16023
-15977
-15617
-15025
-14227
-13310
-12283
-11161
-9983
-8759
-7490
-6295
-5205
-4278
-3438
-2633
-1964
-1401
-939
-544
-249
-60
42
104
98
44
-94
-324
-644
-1013
-1427
-1913
-2430
-2959
-3443
-3845
-4186
-4461
-4594
-4635
-4523
-4202
-3761
-3201
-2523
-1756
-887
96
1104
2169
3199
4220
5285
6344
7406
8438
9452
10466
11488
12437
13317
14103
14892
15584
16101
16439
16628
16659
16493
16100
15470
14620
13562
12357
10863
9209
7407
5576
3687
1687
-379
-2453
-4487
-6404
-8203
-9868
-11334
-12682
-13796
-14713
-15371
-15763
-15872
-15746
-15376
-14800
-14048
-13138
-12169
-11098
-9930
-8749
-7617
-6480
-5407
-4398
-3520
-2689
-1927
-1308
-763
-317
51
344
550
691
726
608
439
161
-185
-572
-1048
-1608
-2209
-2744
-3206
-3658
-4047
-4288
-4431
-4409
-4254
-3962
-3491
-2909
-2233
-1439
-574
364
1363
2391
3458
4485
5525
6609
7671
8737
9761
10706
11663
12561
13440
14226
14904
15518
16000
16300
16434
16363
16114
15665
14953
14081
13029
11829
10401
8771
7013
5186
3265
1289
-765
-2797
-4748
-6642
-8391
-10019
-11483
-12735
-13769
-14617
-15190
-15543
-15644
-15503
-15125
-14581
-13912
-13094
-12193
-11233
-10222
-9170
-8127
-7093
-6139
-5223
-4417
-3641
-2894
-2257
-1648
-1062
-587
-163
202
453
665
758
763
656
431
139
-230
-698
-1171
-1658
-2143
-2617
-3066
-3367
-3541
-3583
-3487
-3244
-2853
-2320
-1700
-954
-152
720
1686
2645
3620
4586
5516
6467
7401
8245
9065
9839
10668
11491
12247
12954
13595
14198
14732
15097
15317
15422
15333
15041
14438
13657
12706
11602
10305
8803
7145
5375
3524
1603
-405
-2432
-4326
-6153
-7899
-9542
-10975
-12219
-13253
-14096
-14685
-15060
-15199
-15085
-14759
-14229
-13546
-12686
-11773
-10784
-9704
-8608
-7594
-6555
-5603
-4765
-4008
-3331
-2662
-2087
-1611
-1168
-770
-436
-121
114
317
438
511
497
337
146
-112
-444
-837
-1277
-1698
-2099
-2513
-2869
-3095
-3175
-3146
-3019
-2728
-2272
-1690
-1000
-206
664
1590
2527
3463
4393
5275
6166
7059
7933
8770
9554
10325
11110
11864
12533
13114
13592
14026
14338
14482
14472
14322
14005
13471
12700
11741
10657
9407
8011
6451
4825
3144
1374
-488
-2311
-4015
-5674
-7273
-8774
-10136
-11373
-12397
-13231
-13834
-14236
-14437
-14458
-14228
-13792
-13218
-12504
-11696
-10692
-9654
-8637
-7625
-6542
-5545
-4621
-3816
-3032
-2255
-1603
-1021
-553
-135
236
543
715
872
948
981
859
628
390
69
-342
-817
-1304
-1754
-2158
-2610
-2961
-3199
-3299
-3266
-3054
-2713
-2265
-1705
-1021
-240
553
1369
2169
2996
3807
4543
5247
5978
6724
7411
8028
8631
9268
9916
10538
11097
11635
12164
12615
12945
13120
13206
13128
12883
12412
11739
10906
9923
8750
7392
5902
4333
2736
1041
-667
-2374
-4013
-5598
-7062
-8416
-9663
-10776
-11666
-12403
-12990
-13393
-13581
-13529
-13382
-13082
-12638
-12010
-11292
-10502
-9665
-8759
-7807
-6833
-5857
-4894
-3969
-3050
-2123
-1266
-455
314
1064
1668
2149
2528
2819
3016
3070
2960
2729
2352
1840
1234
535
-165
-870
-1544
-2190
-2729
-3142
-3428
-3546
-3508
-3299
-2888
-2357
-1748
-1047
-361
396
1152
1921
2665
3351
4012
4632
5190
5744
6265
6781
7365
7943
8594
9200
9849
10451
11024
11525
11988
12339
12559
12589
12388
12014
11412
10623
9606
8430
7043
5585
3972
2317
579
-1208
-2977
-4661
-6296
-7856
-9247
-10443
-11424
-12273
-12875
-13325
-13513
-13516
-13334
-13032
-12600
-12021
-11286
-10502
-9672
-8773
-7815
-6820
-5898
-4925
-3959
-2975
-2034
-1135
-311
517
1287
1965
2580
3124
3582
3916
4100
4082
3917
3581
3100
2462
1766
996
168
-666
-1489
-2234
-2884
-3405
-3798
-4042
-4147
-4054
-3782
-3356
-2851
-2226
-1470
-679
141
935
1754
2549
3271
3918
4545
5122
5687
6206
6744
7276
7784
8373
8932
9482
9953
10399
10819
11183
11433
11590
11572
11422
11045
10468
9736
8760
7630
6271
4755
3098
1381
-381
-2121
-3861
-5546
-7145
-8591
-9879
-10963
-11803
-12454
-12875
-13122
-13132
-12959
-12599
-12099
-11469
-10736
-9934
-9104
-8207
-7297
-6401
-5487
-4576
-3646
-2742
-1811
-864
67
997
1868
2664
3408
4062
4632
5090
5369
5462
5374
5124
4709
4130
3391
2531
1603
603
-435
-1466
-2431
-3276
-3958
-4486
-4831
-5004
-4983
-4766
-4389
-3888
-3273
-2536
-1726
-899
-85
726
1524
2250
2881
3481
4023
4511
4988
5458
5885
6312
6780
7275
7794
8326
8859
9397
9865
10259
10564
10715
10723
10549
10187
9570
8758
7767
6544
5102
3524
1816
53
-1735
-3550
-5294
-6900
-8365
-9691
-10803
-11679
-12298
-12684
-12847
-12817
-12547
-12109
-11534
-10853
-10067
-9175
-8240
-7274
-6307
-5302
-4289
-3305
-2343
-1361
-404
565
1524
2478
3385
4197
4930
5568
6109
6490
6683
6690
6530
6194
5703
5023
4198
3253
2189
1037
-157
-1312
-2442
-3504
-4440
-5201
-5751
-6115
-6310
-6302
-6080
-5676
-5122
-4440
-3613
-2712
-1779
-869
-4
829
1605
2320
2950
3529
4053
4534
4963
5361
5738
6158
6600
7097
7615
8132
8687
9173
9611
9925
10135
10242
10188
9921
9427
8662
7666
6468
5087
3547
1848
62
-1790
-3590
-5325
-6931
-8384
-9663
-10711
-11493
-12041
-12366
-12460
-12331
-11982
-11500
-10856
-10098
-9217
-8248
-7233
-6229
-5233
-4234
-3257
-2275
-1286
-298
623
1484
2299
3144
3930
4646
5315
5900
6404
6772
6962
6993
6880
6568
6106
5485
4726
3784
2698
1531
316
-932
-2160
-3342
-4473
-5448
-6225
-6821
-7228
-7406
-7333
-7035
-6559
-5879
-5067
-4148
-3144
-2089
-1014
23
1005
1908
2697
3391
3998
4507
4935
5295
5620
5904
6163
6434
6732
7082
7432
7737
8034
8292
8506
8600
8573
8396
8044
7531
6824
5970
4958
3767
2427
982
-530
-2047
-3599
-5100
-6494
-7720
-8787
-9707
-10418
-10914
-11191
-11229
-11022
-10596
-9980
-9227
-8348
-7388
-6341
-5232
-4110
-3028
-1984
-972
-27
824
1597
2311
2978
3582
4100
4571
5008
5393
5701
5931
6106
6171
6112
5952
5664
5257
4706
4003
3177
2220
1179
77
-1090
-2246
-3378
-4461
-5455
-6307
-6963
-7433
-7687
-7709
-7512
-7150
-6623
-5928
-5094
-4145
-3089
-1975
-866
204
1228
2180
3039
3818
4475
5024
5437
5717
5905
5981
5958
5866
5738
5575
5376
5146
4912
4652
4429
4228
3995
3738
3471
3170
2827
2449
1983
1475
868
208
-500
-1243
-1990
-2770
-3555
-4272
-4888
-5404
-5820
-6129
-6263
-6297
-6207
-5992
-5635
-5162
-4582
-3913
-3186
-2454
-1744
-1012
-330
328
946
1504
1978
2394
2731
3038
3271
3415
3543
3655
3739
3754
3745
3704
3626
3461
3243
2954
2644
2294
1858
1359
797
185
-467
-1139
-1818
-2427
-3042
-3651
-4200
-4649
-4993
-5221
-5344
-5371
-5242
-4953
-4537
-4015
-3363
-2620
-1806
-990
-154
678
1439
2116
2727
3236
3611
3865
4004
4019
3900
3686
3383
3033
2601
2115
1598
1066
565
81
-377
-772
-1100
-1394
-1641
-1804
-1870
-1890
-1856
-1776
-1626
-1418
-1171
-920
-668
-397
-132
111
336
543
722
894
1042
1166
1253
1342
1422
1499
1541
1550
1589
1618
1613
1577
1533
1473
1415
1300
1154
1012
853
688
517
326
128
-49
-213
-345
-458
-539
-580
-588
-573
-535
-491
-432
-381
-345
-290
-242
-208
-230
-271
-325
-437
-573
-711
-856
-1003
-1150
-1304
-1438
-1556
-1651
-1702
-1718
-1717
-1660
-1549
-1425
-1261
-1067
-885
-714
-551
-382
-223
-126
-52
-3
-18
-86
-184
-282
-422
-598
-782
-982
-1175
-1342
-1496
-1599
-1671
-1702
-1674
-1589
-1438
-1239
-979
-691
-358
27
443
883
1321
1758
2213
2654
3056
3406
3720
4010
4240
4403
4494
4517
4454
4328
4164
3919
3604
3249
2868
2461
2026
1560
1089
616
153
-284
-694
-1070
-1410
-1728
-1994
-2205
-2369
-2484
-2552
-2568
-2562
-2509
-2405
-2277
-2116
-1935
-1742
-1507
-1249
-983
-706
-453
-233
-9
200
355
507
631
711
746
737
694
595
446
270
76
-123
-352
-595
-818
-1043
-1268
-1489
-1683
-1846
-1973
-2075
-2156
-2199
-2211
-2187
-2136
-2082
-2026
-1941
-1832
-1713
-1588
-1424
-1262
-1111
-929
-745
-555
-339
-116
132
385
613
859
1104
1337
1551
1768
2006
2208
2372
2521
2651
2745
2807
2836
2839
2808
2756
2701
2633
2532
2418
2295
2153
2021
1867
1714
1572
1406
1219
1006
771
538
275
6
-242
-496
-737
-968
-1189
-1402
-1595
-1743
-1837
-1901
-1919
-1888
-1816
-1705
-1580
-1421
-1234
-1047
-855
-657
-478
-300
-145
-18
108
217
316
395
449
479
487
467
422
350
275
191
85
-40
-192
-370
-549
-742
-947
-1146
-1346
-1530
-1701
-1868
-1992
-2088
-2154
-2149
-2106
-2036
-1930
-1805
-1647
-1460
-1267
-1052
-815
-557
-285
-16
256
505
727
941
1134
1302
1456
1584
1701
1811
1893
1945
1972
1968
1950
1915
1852
1784
1673
1554
1436
1302
1168
1020
862
710
556
429
308
204
123
39
-13
-27
-21
7
54
91
138
188
227
258
268
270
273
262
243
206
165
117
46
-18
-66
-112
-150
-176
-197
-207
-215
-222
-224
-229
-231
-243
-274
-318
-369
-431
-495
-574
-662
-745
-830
-904
-967
-1027
-1067
-1086
-1096
-1076
-1028
-964
-881
-796
-712
-617
-518
-427
-342
-267
-203
-154
-120
-107
-117
-130
-152
-173
-188
-213
-245
-267
-274
-273
-259
-217
-163
-113
-53
20
107
192
273
352
417
467
508
546
573
580
582
582
564
539
505
468
429
392
362
343
327
297
279
275
277
279
276
278
284
282
284
287
292
299
305
319
329
325
341
378
406
442
477
508
535
557
574
586
588
573
556
526
467
402
336
251
153
50
-61
-171
-273
-372
-454
-527
-595
-636
-662
-676
-677
-670
-656
-636
-604
-560
-517
-473
-432
-396
-358
-318
-298
-289
-272
-262
-251
-234
-231
-230
-232
-238
-235
-225
-203
-175
-156
-139
-128
-125
-125
-132
-134
-135
-151
-173
-201
-229
-257
-286
-306
-325
-340
-351
-357
-357
-352
-331
-301
-261
-213
-158
-87
-14
56
134
201
264
330
387
444
485
515
538
549
552
549
539
522
498
467
428
392
354
309
264
217
184
161
141
128
120
112
109
116
127
131
140
154
165
184
202
219
241
256
272
286
294
302
313
318
317
307
281
251
221
175
129
80
28
-29
-95
-166
-242
-315
-386
-451
-507
-557
-591
-607
-617
-620
-607
-586
-559
-519
-470
-423
-374
-324
-272
-218
-170
-125
-78
-44
-22
-3
12
25
27
33
39
40
37
33
26
13
0
-1
5
0
-7
-16
-25
-38
-50
-54
-61
-56
-47
-44
-41
-34
-27
-19
-11
2
24
52
77
101
134
163
189
213
236
261
281
295
297
298
287
265
242
218
195
170
142
123
98
75
56
38
30
22
20
31
39
45
50
51
58
63
70
78
77
74
81
85
81
75
73
74
70
61
58
56
48
37
21
4
-10
-24
-37
-53
-71
-90
-109
-128
-146
-163
-180
-199
-211
-216
-219
-223
-227
-221
-208
-183
-151
-118
-82
-45
-8
27
54
78
97
107
115
113
103
82
55
24
-12
-48
-87
-127
-160
-185
-210
-233
-253
-263
-264
-256
-242
-218
-189
-163
-136
-104
-73
-42
-9
26
59
84
104
125
141
151
158
164
169
174
173
170
167
163
160
155
144
125
105
84
57
31
7
-18
-40
-62
-86
-106
-122
-132
-134
-132
-125
-113
-94
-72
-51
-34
-12
19
53
83
113
141
163
184
209
231
245
252
254
256
252
245
232
212
195
183
167
148
126
104
83
61
40
21
-1
-20
-38
-53
-68
-77
-86
-98
-106
-118
-132
-143
-152
-158
-159
-150
-141
-132
-125
-117
-110
-103
-97
-84
-71
-57
-44
-38
-32
-23
-13
-14
-17
-17
-17
-25
-36
-39
-42
-52
-61
-69
-81
-87
-90
-91
-90
-86
-76
-65
-58
-50
-41
-34
-26
-14
-1
0
-3
-4
-4
-4
-7
-15
-19
-21
-22
-24
-30
-36
-38
-37
-32
-25
-18
-11
-2
11
20
24
34
43
46
55
64
71
77
83
88
94
98
99
104
107
105
106
105
104
102
100
99
99
98
98
92
81
68
54
41
28
14
3
-7
-16
-24
-25
-27
-30
-32
-31
-29
-26
-22
-17
-7
-1
6
17
25
30
36
45
51
52
49
42
37
31
24
18
9
-2
-13
-21
-29
-35
-37
-40
-46
-55
-62
-63
-68
-74
-74
-74
-81
-88
-93
-97
-104
-109
-106
-100
-97
-94
-91
-86
-78
-67
-55
-44
-30
-17
-3
9
19
27
32
33
36
38
35
28
20
15
6
-7
-18
-25
-31
-39
-47
-55
-60
-64
-67
-67
-65
-61
-55
-53
-50
-42
-36
-29
-22
-15
-7
-1
5
11
22
37
51
62
74
89
106
120
134
145
156
166
171
175
175
171
164
156
150
138
125
112
98
84
74
60
50
41
35
30
24
18
11
6
2
-3
-8
-11
-16
-20
-24
-27
-32
-39
-46
-55
-61
-68
-73
-77
-81
-83
-82
-81
-82
-88
-93
-91
-87
-86
-84
-82
-81
-82
-84
-87
-89
-90
-92
-95
-97
-99
-102
-103
-101
-97
-95
-95
-93
-91
-92
-89
-85
-81
-70
-60
-52
-41
-28
-16
-2
12
24
35
45
57
71
83
95
103
110
116
121
122
124
124
129
137
141
144
145
148
147
145
141
137
132
126
123
117
112
104
96
90
80
70
59
46
37
31
23
14
9
5
1
2
1
0
-3
-6
-7
-6
-5
-7
-8
-5
-8
-12
-16
-22
-26
-32
-37
-47
-59
-70
-79
-90
-101
-108
-114
-121
-128
-134
-142
-147
-153
-159
-162
-167
-172
-175
-178
-181
-181
-179
-175
-171
-164
-157
-147
-135
-122
-107
-92
-76
-56
-35
-12
8
27
45
62
80
97
114
132
150
164
172
179
182
184
184
