14
14
14
12
10
8
7
6
4
2
0
-2
-5
-8
-11
-15
-20
-25
-30
-36
-42
-49
-56
-63
-71
-77
-85
-93
-99
-105
-111
-115
-118
-120
-123
-125
-126
-126
-125
-120
-117
-113
-111
-106
-100
-96
-90
-83
-75
-69
-62
-56
-47
-42
-35
-28
-20
-12
-1
14
29
48
72
102
137
175
219
266
316
372
432
495
561
630
697
756
812
868
914
943
962
965
958
943
919
885
838
783
718
643
565
484
409
327
237
152
62
-29
-114
-203
-295
-384
-482
-592
-701
-801
-903
-1009
-1114
-1214
-1297
-1360
-1411
-1454
-1480
-1494
-1500
-1485
-1454
-1413
-1369
-1340
-1315
-1296
-1282
-1264
-1247
-1246
-1263
-1281
-1303
-1329
-1340
-1335
-1324
-1298
-1263
-1206
-1103
-987
-854
-691
-511
-323
-126
73
273
464
651
823
971
1120
1272
1426
1574
1713
1860
2012
2174
2346
2516
2688
2853
3012
3165
3297
3406
3492
3531
3518
3455
3345
3184
2974
2716
2420
2105
1769
1424
1077
728
400
98
-185
-439
-650
-813
-948
-1051
-1120
-1174
-1227
-1270
-1309
-1348
-1392
-1443
-1501
-1562
-1619
-1692
-1773
-1851
-1919
-1961
-1985
-1984
-1951
-1921
-1897
-1867
-1835
-1800
-1767
-1750
-1747
-1764
-1823
-1923
-2037
-2161
-2304
-2453
-2598
-2724
-2831
-2899
-2908
-2870
-2767
-2617
-2417
-2153
-1853
-1511
-1142
-764
-364
27
401
750
1074
1387
1682
1944
2177
2385
2577
2762
2947
3153
3370
3587
3817
4062
4309
4542
4748
4919
5055
5158
5220
5206
5105
4914
4633
4275
3854
3394
2893
2351
1793
1250
725
211
-248
-632
-985
-1290
-1532
-1714
-1844
-1943
-1999
-2028
-2041
-2059
-2110
-2149
-2180
-2216
-2249
-2296
-2354
-2411
-2467
-2512
-2539
-2526
-2481
-2410
-2316
-2204
-2071
-1931
-1816
-1726
-1658
-1637
-1700
-1818
-1964
-2175
-2447
-2745
-3066
-3394
-3699
-3956
-4150
-4285
-4340
-4299
-4169
-3938
-3612
-3201
-2724
-2216
-1649
-1041
-434
167
728
1249
1735
2165
2561
2930
3256
3524
3779
4074
4343
4588
4856
5119
5412
5737
6036
6312
6564
6763
6914
7022
7034
6921
6682
6330
5890
5355
4742
4075
3341
2582
1817
1041
316
-367
-992
-1530
-2000
-2384
-2693
-2920
-3059
-3141
-3174
-3177
-3171
-3160
-3162
-3173
-3162
-3150
-3165
-3164
-3165
-3175
-3155
-3113
-3051
-2959
-2837
-2690
-2544
-2397
-2230
-2064
-1907
-1800
-1761
-1761
-1836
-1997
-2202
-2433
-2702
-3020
-3372
-3725
-4062
-4375
-4620
-4761
-4794
-4711
-4521
-4212
-3775
-3233
-2613
-1961
-1283
-572
140
841
1476
2038
2536
2960
3336
3686
3984
4237
4472
4702
4962
5251
5575
5928
6316
6722
7123
7526
7887
8182
8417
8566
8603
8500
8264
7888
7369
6727
5961
5089
4147
3148
2132
1157
233
-639
-1433
-2123
-2743
-3308
-3760
-4093
-4337
-4504
-4612
-4680
-4729
-4764
-4780
-4786
-4808
-4842
-4878
-4929
-4974
-4973
-4951
-4910
-4818
-4644
-4379
-4043
-3674
-3287
-2882
-2488
-2129
-1810
-1556
-1388
-1303
-1306
-1411
-1617
-1917
-2269
-2645
-3049
-3462
-3829
-4134
-4380
-4521
-4516
-4380
-4110
-3697
-3166
-2526
-1804
-1027
-229
548
1298
1990
2602
3140
3614
4025
4365
4629
4839
5054
5270
5480
5707
5985
6320
6685
7093
7512
7910
8307
8666
8954
9133
9181
9099
8863
8474
7919
7199
6354
5395
4332
3221
2111
1012
-41
-1041
-1979
-2798
-3504
-4104
-4573
-4928
-5180
-5335
-5412
-5425
-5417
-5408
-5403
-5409
-5400
-5387
-5367
-5359
-5369
-5363
-5310
-5196
-5034
-4834
-4591
-4305
-3968
-3557
-3097
-2662
-2263
-1873
-1517
-1216
-986
-859
-842
-951
-1165
-1453
-1811
-2245
-2713
-3160
-3580
-3943
-4214
-4371
-4405
-4306
-4061
-3641
-3084
-2432
-1672
-862
-25
809
1603
2382
3088
3695
4235
4664
4980
5232
5441
5623
5800
6006
6243
6524
6855
7221
7643
8091
8525
8916
9251
9534
9705
9730
9626
9357
8907
8272
7467
6530
5459
4283
3048
1777
508
-719
-1851
-2875
-3793
-4599
-5302
-5869
-6267
-6547
-6716
-6796
-6844
-6842
-6800
-6742
-6677
-6603
-6505
-6400
-6298
-6181
-6032
-5833
-5597
-5311
-4951
-4544
-4073
-3546
-3023
-2493
-1946
-1428
-964
-554
-190
85
243
287
206
9
-271
-662
-1160
-1692
-2212
-2710
-3155
-3502
-3726
-3822
-3778
-3596
-3285
-2835
-2254
-1586
-855
-82
685
1442
2174
2845
3442
3977
4426
4766
5027
5221
5369
5527
5705
5909
6165
6467
6787
7146
7543
7942
8331
8686
8963
9117
9160
9094
8879
8487
7907
7135
6220
5194
4069
2882
1625
324
-901
-2047
-3141
-4118
-4959
-5693
-6318
-6790
-7134
-7403
-7586
-7675
-7681
-7634
-7559
-7442
-7303
-7164
-6995
-6788
-6560
-6297
-5958
-5568
-5146
-4662
-4157
-3612
-3028
-2445
-1826
-1189
-571
-2
486
910
1228
1444
1592
1623
1534
1339
1038
634
149
-367
-911
-1476
-1988
-2423
-2766
-2991
-3083
-3000
-2748
-2360
-1831
-1206
-516
220
926
1602
2247
2807
3267
3639
3930
4134
4300
4439
4549
4663
4795
4992
5283
5652
6048
6454
6915
7393
7837
8264
8617
8862
8964
8879
8649
8235
7609
6799
5840
4780
3604
2329
1007
-342
-1667
-2930
-4106
-5155
-6061
-6818
-7455
-7939
-8260
-8478
-8585
-8579
-8493
-8323
-8122
-7898
-7625
-7330
-7018
-6673
-6285
-5843
-5342
-4783
-4185
-3562
-2877
-2151
-1430
-692
35
731
1372
1957
2489
2882
3148
3308
3337
3241
2984
2601
2120
1522
841
114
-623
-1357
-2049
-2642
-3167
-3587
-3834
-3911
-3829
-3597
-3216
-2681
-2042
-1351
-598
169
861
1449
1961
2399
2754
3033
3238
3400
3542
3668
3831
4072
4379
4758
5230
5778
6373
6967
7549
8104
8580
8934
9122
9115
8912
8520
7944
7170
6198
5089
3897
2621
1274
-92
-1417
-2670
-3841
-4899
-5826
-6601
-7217
-7682
-7974
-8126
-8178
-8125
-7992
-7778
-7498
-7208
-6896
-6550
-6170
-5766
-5340
-4896
-4437
-3922
-3351
-2722
-2028
-1295
-538
204
926
1632
2300
2878
3327
3668
3894
3991
3963
3774
3411
2909
2291
1588
818
-14
-861
-1709
-2535
-3253
-3872
-4391
-4750
-4956
-4992
-4816
-4466
-3998
-3411
-2713
-1926
-1104
-331
409
1106
1687
2154
2544
2872
3098
3266
3439
3616
3836
4131
4486
4909
5417
6008
6651
7278
7872
8413
8822
9080
9163
9046
8720
8193
7452
6489
5371
4115
2737
1311
-108
-1512
-2855
-4083
-5172
-6093
-6851
-7430
-7826
-8057
-8118
-8060
-7894
-7603
-7240
-6835
-6383
-5928
-5476
-5002
-4528
-4064
-3605
-3135
-2640
-2102
-1535
-927
-276
365
991
1627
2238
2784
3238
3598
3856
3979
3950
3766
3411
2891
2272
1555
738
-127
-1044
-1992
-2913
-3780
-4534
-5153
-5664
-6011
-6155
-6122
-5887
-5487
-4951
-4274
-3503
-2656
-1778
-928
-88
719
1425
2033
2556
2987
3337
3614
3857
4082
4309
4580
4890
5272
5727
6231
6798
7373
7925
8447
8870
9146
9262
9167
8843
8340
7636
6688
5572
4356
3034
1624
183
-1215
-2508
-3694
-4755
-5663
-6402
-6951
-7340
-7550
-7581
-7472
-7223
-6903
-6549
-6170
-5783
-5393
-5021
-4645
-4262
-3903
-3570
-3233
-2839
-2388
-1880
-1316
-702
-44
611
1277
1933
2520
3018
3439
3783
3989
4036
3911
3587
3114
2516
1790
966
29
-969
-1948
-2916
-3836
-4653
-5352
-5919
-6331
-6529
-6514
-6314
-5939
-5395
-4706
-3896
-2994
-2061
-1146
-256
579
1305
1914
2408
2798
3095
3313
3485
3620
3769
3959
4185
4498
4905
5389
5949
6570
7229
7853
8388
8825
9112
9227
9160
8871
8352
7619
6664
5518
4259
2916
1486
74
-1234
-2441
-3524
-4469
-5253
-5812
-6174
-6395
-6466
-6407
-6268
-6050
-5771
-5495
-5220
-4962
-4726
-4475
-4244
-4019
-3818
-3620
-3332
-2969
-2529
-2055
-1546
-943
-285
410
1104
1740
2332
2823
3209
3486
3580
3503
3247
2829
2276
1558
719
-223
-1249
-2266
-3271
-4241
-5128
-5936
-6619
-7135
-7453
-7571
-7514
-7251
-6796
-6175
-5394
-4491
-3496
-2462
-1440
-434
518
1365
2095
2723
3256
3665
3986
4249
4445
4625
4842
5126
5483
5888
6347
6877
7452
8015
8548
9027
9391
9605
9634
9459
9078
8470
7640
6641
5508
4273
2976
1633
305
-928
-2023
-2981
-3807
-4459
-4961
-5300
-5456
-5505
-5458
-5332
-5168
-4968
-4763
-4575
-4393
-4230
-4072
-3911
-3755
-3566
-3337
-3045
-2693
-2283
-1787
-1263
-717
-117
511
1139
1705
2198
2613
2871
2986
3012
2897
2598
2124
1521
791
-77
-1036
-2061
-3089
-4085
-5052
-5939
-6734
-7403
-7901
-8217
-8329
-8266
-8008
-7514
-6846
-6040
-5109
-4079
-2986
-1912
-857
144
1042
1852
2559
3167
3664
4040
4365
4660
4930
5202
5507
5861
6233
6645
7150
7709
8264
8752
9154
9497
9705
9711
9534
9175
8603
7814
6855
5764
4559
3272
1942
626
-645
-1800
-2802
-3703
-4441
-4980
-5369
-5611
-5732
-5761
-5690
-5534
-5343
-5139
-4912
-4681
-4462
-4230
-3976
-3721
-3477
-3237
-2933
-2575
-2200
-1760
-1292
-779
-208
337
866
1346
1745
2120
2417
2584
2626
2520
2290
1932
1414
793
94
-696
-1571
-2477
-3393
-4279
-5078
-5814
-6463
-6965
-7318
-7503
-7510
-7303
-6887
-6323
-5600
-4741
-3769
-2710
-1631
-546
488
1435
2313
3074
3686
4182
4587
4883
5055
5154
5218
5266
5342
5462
5609
5826
6120
6451
6825
7222
7583
7843
8008
8108
8084
7931
7612
7082
6381
5503
4495
3443
2319
1138
-22
-1130
-2142
-3034
-3811
-4437
-4906
-5247
-5452
-5491
-5423
-5331
-5193
-5019
-4816
-4568
-4301
-4057
-3857
-3641
-3407
-3188
-2960
-2713
-2423
-2085
-1750
-1402
-991
-519
-57
363
772
1152
1447
1623
1688
1689
1628
1443
1122
705
180
-420
-1064
-1758
-2485
-3232
-3963
-4657
-5293
-5811
-6187
-6414
-6506
-6475
-6252
-5801
-5206
-4474
-3575
-2588
-1581
-537
509
1512
2457
3310
4041
4626
5051
5307
5432
5464
5405
5286
5132
4949
4808
4764
4783
4861
4996
5170
5401
5646
5884
6113
6281
6359
6309
6144
5876
5468
4897
4183
3383
2494
1513
509
-460
-1363
-2220
-3002
-3654
-4193
-4586
-4833
-4997
-5083
-5072
-4979
-4820
-4640
-4456
-4248
-4033
-3835
-3650
-3453
-3241
-3022
-2803
-2554
-2267
-1969
-1639
-1288
-912
-497
-74
339
705
1010
1272
1478
1570
1539
1438
1275
996
616
178
-348
-973
-1646
-2322
-2989
-3629
-4235
-4768
-5187
-5493
-5652
-5649
-5508
-5226
-4764
-4119
-3368
-2543
-1598
-587
415
1426
2375
3203
3925
4510
4960
5264
5405
5424
5339
5149
4903
4679
4460
4251
4102
4001
3948
3999
4133
4335
4585
4823
5038
5215
5350
5417
5327
5086
4706
4179
3560
2856
2076
1225
327
-519
-1291
-1989
-2608
-3156
-3594
-3931
-4178
-4314
-4372
-4366
-4319
-4239
-4129
-4043
-3956
-3832
-3715
-3625
-3540
-3407
-3274
-3134
-2889
-2608
-2345
-2018
-1604
-1154
-693
-229
238
686
1074
1411
1686
1858
1941
1947
1860
1669
1378
994
521
-25
-610
-1216
-1849
-2461
-3023
-3528
-3933
-4204
-4366
-4443
-4384
-4174
-3854
-3446
-2924
-2291
-1605
-861
-85
656
1312
1879
2394
2787
3031
3188
3250
3185
2999
2768
2523
2243
1969
1746
1596
1508
1460
1490
1604
1777
2040
2329
2574
2805
3039
3235
3375
3471
3498
3414
3212
2941
2640
2277
1870
1439
965
486
82
-259
-574
-849
-1059
-1206
-1330
-1429
-1474
-1488
-1512
-1517
-1509
-1554
-1622
-1649
-1643
-1652
-1697
-1744
-1764
-1748
-1692
-1597
-1460
-1282
-1059
-793
-527
-246
102
442
701
920
1090
1205
1278
1265
1182
1001
731
439
85
-312
-718
-1168
-1663
-2122
-2499
-2831
-3116
-3310
-3414
-3430
-3355
-3177
-2913
-2612
-2247
-1817
-1382
-943
-506
-73
320
639
907
1086
1192
1252
1274
1244
1114
947
780
601
458
370
329
333
359
438
570
748
1007
1312
1638
1961
2258
2546
2806
3059
3292
3447
3540
3548
3459
3336
3184
2976
2692
2353
2033
1716
1372
1013
683
406
139
-131
-430
-715
-946
-1166
-1359
-1576
-1790
-1956
-2121
-2255
-2390
-2513
-2573
-2593
-2555
-2472
-2321
-2079
-1809
-1516
-1195
-812
-388
-9
343
679
997
1255
1400
1468
1483
1430
1285
1027
698
319
-81
-524
-1052
-1552
-2000
-2425
-2799
-3146
-3412
-3596
-3682
-3682
-3653
-3525
-3280
-2963
-2606
-2244
-1860
-1430
-1012
-636
-297
-8
237
422
558
653
686
672
616
511
420
386
377
346
325
376
486
680
955
1267
1632
2043
2503
2949
3376
3836
4286
4675
4951
5136
5281
5384
5396
5261
5024
4746
4414
4007
3530
3004
2475
1945
1398
873
349
-179
-647
-1064
-1492
-1877
-2198
-2502
-2766
-2987
-3134
-3225
-3328
-3409
-3412
-3329
-3192
-3024
-2827
-2605
-2322
-1970
-1589
-1210
-823
-415
-9
363
683
940
1164
1328
1359
1279
1128
922
669
341
-84
-592
-1110
-1611
-2122
-2626
-3061
-3420
-3736
-4010
-4188
-4251
-4207
-4091
-3948
-3716
-3373
-3000
-2608
-2210
-1802
-1374
-989
-657
-386
-137
111
279
381
443
490
556
592
621
702
821
979
1135
1286
1500
1800
2161
2524
2882
3213
3528
3897
4246
4515
4711
4862
4980
5007
4970
4892
4753
4555
4275
3946
3609
3258
2876
2450
2000
1549
1114
705
293
-101
-468
-843
-1210
-1541
-1817
-2042
-2248
-2441
-2630
-2772
-2837
-2852
-2826
-2784
-2702
-2550
-2378
-2184
-1967
-1718
-1428
-1151
-900
-670
-448
-212
8
180
285
327
357
347
276
155
-29
-230
-466
-747
-1016
-1289
-1550
-1813
-2087
-2309
-2462
-2561
-2628
-2656
-2632
-2588
-2497
-2346
-2161
-1947
-1726
-1501
-1273
-1040
-791
-556
-371
-214
-60
96
235
383
519
637
783
924
1061
1184
1276
1407
1561
1707
1856
1989
2116
2233
2338
2436
2509
2562
2591
2616
2648
2669
2672
2654
2626
2624
2619
2592
2549
2466
2334
2181
2032
1844
1611
1368
1100
806
481
130
-195
-488
-779
-1093
-1393
-1649
-1852
-1981
-2077
-2142
-2132
-2111
-2072
-1980
-1866
-1725
-1576
-1435
-1317
-1200
-1053
-901
-759
-639
-548
-461
-393
-340
-283
-236
-203
-183
-166
-169
-183
-169
-190
-270
-357
-448
-534
-649
-801
-953
-1120
-1272
-1407
-1542
-1645
-1725
-1774
-1789
-1801
-1780
-1701
-1580
-1453
-1304
-1092
-843
-598
-344
-85
159
387
582
744
904
1068
1201
1294
1340
1354
1394
1429
1413
1370
1315
1276
1218
1139
1088
1053
1028
1010
992
977
975
1003
1044
1090
1135
1158
1192
1237
1265
1292
1325
1339
1312
1267
1221
1160
1080
972
829
673
530
399
252
115
0
-110
-204
-297
-386
-439
-476
-515
-550
-580
-598
-602
-618
-643
-645
-636
-654
-687
-703
-710
-712
-707
-704
-683
-647
-591
-513
-439
-390
-332
-257
-203
-171
-151
-151
-193
-272
-372
-496
-632
-781
-958
-1135
-1292
-1437
-1563
-1656
-1708
-1716
-1694
-1632
-1525
-1383
-1206
-1015
-815
-617
-419
-219
-48
91
212
313
405
473
503
508
493
476
448
404
363
342
340
344
351
370
398
433
465
496
530
556
580
595
599
617
647
665
673
689
729
786
858
931
1003
1098
1197
1295
1404
1507
1601
1677
1714
1727
1718
1681
1613
1515
1388
1242
1090
921
729
534
354
182
7
-155
-284
-394
-484
-562
-646
-717
-766
-795
-816
-849
-889
-927
-962
-994
-1034
-1073
-1104
-1137
-1171
-1197
-1193
-1170
-1143
-1100
-1052
-1007
-949
-883
-823
-766
-709
-661
-622
-598
-587
-574
-573
-585
-594
-599
-594
-589
-591
-589
-584
-560
-528
-497
-459
-411
-354
-293
-243
-201
-162
-110
-61
-33
-6
26
65
106
143
184
235
288
340
392
459
540
617
677
722
769
818
855
870
884
899
898
891
881
866
867
881
887
898
917
942
976
1016
1049
1080
1118
1149
1161
1165
1159
1141
1106
1047
968
880
779
662
534
404
276
153
35
-92
-208
-319
-427
-521
-611
-699
-776
-856
-937
-1021
-1098
-1157
-1206
-1254
-1308
-1351
-1380
-1399
-1388
-1353
-1310
-1262
-1205
-1132
-1033
-906
-773
-650
-543
-447
-348
-256
-182
-124
-81
-48
-31
-30
-43
-70
-100
-136
-182
-225
-260
-282
-290
-298
-297
-282
-260
-231
-192
-135
-65
-2
58
120
185
267
348
417
479
534
589
643
693
740
781
813
834
842
842
838
840
832
804
765
722
678
638
590
528
460
404
345
279
216
157
104
59
14
-15
-23
-28
-28
-21
-14
6
42
76
104
130
152
171
181
185
192
195
179
144
97
49
4
-38
-91
-158
-225
-287
-342
-388
-431
-471
-508
-540
-570
-590
-600
-607
-611
-615
-616
-618
-618
-614
-597
-566
-539
-516
-485
-442
-381
-316
-253
-195
-135
-71
3
79
146
203
247
280
296
305
309
301
285
264
239
207
176
145
113
83
60
41
33
33
42
56
64
68
79
98
122
150
171
174
175
177
177
181
188
193
189
175
170
172
169
159
138
107
75
44
19
-6
-32
-68
-107
-140
-170
-195
-208
-221
-241
-258
-263
-251
-227
-199
-172
-143
-109
-70
-29
22
77
128
168
199
232
268
299
324
342
352
357
356
346
328
306
277
238
192
144
101
56
11
-38
-89
-132
-168
-198
-224
-242
-258
-265
-265
-255
-236
-214
-190
-169
-144
-111
-72
-30
10
46
72
94
119
140
160
179
194
204
207
206
207
199
179
149
115
80
43
9
-22
-55
-92
-138
-182
-217
-248
-280
-311
-333
-349
-364
-368
-365
-360
-349
-334
-314
-293
-268
-235
-200
-168
-138
-109
-81
-54
-21
8
26
38
50
66
74
75
69
61
54
45
36
33
30
29
30
25
21
24
28
37
50
61
73
90
104
125
148
163
177
187
198
213
229
242
254
260
268
278
290
304
307
307
306
302
297
288
274
252
228
199
168
138
108
80
54
24
-6
-33
-51
-65
-78
-89
-99
-105
-105
-107
-108
-111
-110
-112
-116
-116
-119
-121
-124
-129
-135
-142
-147
-153
-154
-151
-152
-154
-155
-157
-156
-154
-148
-144
-147
-152
-155
-152
-150
-152
-152
-147
-134
-125
-115
-103
-91
-82
-71
-62
-50
-37
-29
-19
-14
-13
-12
-14
-16
-18
-22
-28
-34
-34
-31
-25
-26
-34
-41
-45
-47
-49
-49
-48
-47
-49
-47
-43
-39
-33
-27
-19
-6
5
16
26
41
61
79
100
121
139
161
186
206
222
232
243
254
265
275
281
283
283
279
271
263
249
233
217
197
178
161
139
118
98
82
65
44
22
6
-11
-23
-32
-40
-43
-43
-47
-51
-55
-55
-57
-63
-67
-69
-72
-73
-73
-75
-75
-80
-85
-91
-96
-98
-99
-98
-98
-101
-104
-107
-108
-108
-110
-112
-117
-122
-129
-134
-144
-151
-156
-160
-165
-173
-178
-177
-175
-174
-175
-174
-169
-164
-156
-148
-144
-138
-129
-120
-107
-95
-86
-77
-65
-51
-35
-21
-8
5
18
33
50
64
79
92
106
117
126
136
142
149
159
163
166
167
169
169
169
167
162
154
149
142
133
120
107
97
90
84
76
70
66
63
61
60
65
71
76
84
94
103
112
121
129
134
137
136
135
131
127
128
124
117
110
100
87
71
56
41
26
10
-9
-26
-44
-64
-82
-98
-115
-132
-150
-170
-185
-198
-208
-215
-221
-226
-229
-227
-227
-230
-229
-223
-216
-205
-194
-182
-169
-159
-149
-132
-114
-93
-75
-58
-40
-23
-7
9
25
41
51
60
69
76
80
82
80
77
77
77
77
75
77
77
75
73
71
68
64
61
57
51
47
40
34
26
17
11
7
3
0
-1
0
2
6
15
26
37
46
55
66
78
83
85
87
86
86
84
78
69
63
57
48
39
34
30
28
25
22
18
16
15
12
8
0
-10
-19
-31
-44
-56
-67
-79
-92
-99
-104
-107
-107
