-24
-23
-23
-23
-22
-21
-19
-17
-16
-14
-15
-13
-11
-11
-10
-9
-6
-5
-2
1
4
8
13
18
23
29
36
43
51
59
68
78
87
97
107
116
125
134
142
148
153
158
163
166
169
170
169
165
162
158
153
146
141
136
130
122
112
106
95
85
75
61
44
26
5
-17
-42
-70
-101
-140
-183
-226
-275
-332
-390
-447
-507
-567
-620
-671
-721
-761
-797
-831
-866
-893
-918
-930
-929
-932
-925
-915
-895
-854
-807
-751
-691
-628
-551
-465
-368
-261
-155
-45
72
190
317
447
571
691
805
906
1011
1115
1204
1289
1363
1429
1496
1561
1611
1654
1694
1716
1709
1682
1649
1604
1549
1473
1379
1284
1169
1046
913
773
640
511
403
308
216
149
102
76
83
98
128
171
206
243
259
266
231
158
58
-78
-216
-378
-561
-756
-967
-1176
-1377
-1573
-1758
-1926
-2075
-2189
-2290
-2372
-2425
-2477
-2523
-2569
-2603
-2627
-2634
-2626
-2614
-2612
-2597
-2554
-2492
-2401
-2286
-2131
-1958
-1745
-1483
-1198
-877
-549
-214
122
464
803
1113
1408
1676
1909
2103
2277
2423
2550
2661
2738
2789
2842
2908
2948
2983
3014
3048
3061
3045
3019
2956
2865
2741
2585
2417
2228
2008
1765
1505
1224
966
735
512
307
143
11
-85
-122
-127
-91
-31
45
137
214
285
324
340
321
253
142
-15
-218
-460
-740
-1050
-1363
-1673
-1965
-2255
-2524
-2764
-2993
-3194
-3378
-3555
-3715
-3844
-3949
-4031
-4125
-4216
-4278
-4329
-4355
-4354
-4320
-4264
-4161
-4025
-3842
-3587
-3280
-2903
-2485
-2005
-1485
-968
-435
103
656
1202
1730
2214
2661
3074
3466
3833
4160
4459
4693
4897
5082
5256
5418
5548
5655
5709
5749
5759
5728
5675
5576
5427
5212
4897
4513
4090
3638
3168
2667
2173
1657
1137
642
166
-223
-536
-766
-927
-1043
-1088
-1059
-1013
-932
-846
-793
-699
-660
-655
-684
-770
-898
-1130
-1383
-1658
-1950
-2272
-2632
-2969
-3315
-3641
-3947
-4214
-4423
-4640
-4868
-5053
-5238
-5400
-5533
-5683
-5801
-5921
-5998
-6025
-6034
-5969
-5847
-5663
-5405
-5087
-4665
-4158
-3616
-3021
-2418
-1770
-1065
-349
370
1044
1694
2308
2891
3447
3935
4385
4796
5170
5516
5849
6180
6491
6755
7015
7261
7460
7632
7741
7804
7795
7704
7521
7248
6920
6499
6000
5426
4800
4108
3357
2623
1923
1239
578
-40
-605
-1066
-1451
-1745
-1931
-2050
-2099
-2090
-2017
-1911
-1827
-1751
-1689
-1650
-1643
-1686
-1763
-1903
-2106
-2313
-2530
-2758
-3021
-3303
-3568
-3809
-4035
-4242
-4428
-4624
-4828
-5057
-5286
-5500
-5717
-5948
-6211
-6451
-6657
-6822
-6930
-6947
-6866
-6724
-6489
-6152
-5674
-5092
-4444
-3714
-2947
-2152
-1314
-435
404
1194
1942
2641
3303
3887
4415
4939
5423
5868
6325
6773
7235
7677
8088
8496
8857
9229
9548
9817
10035
10124
10090
9943
9682
9273
8765
8155
7431
6582
5657
4712
3703
2696
1709
765
-117
-934
-1670
-2298
-2812
-3221
-3511
-3727
-3858
-3927
-3910
-3834
-3754
-3667
-3586
-3485
-3460
-3443
-3457
-3513
-3621
-3823
-3968
-4134
-4298
-4462
-4628
-4751
-4897
-5010
-5099
-5195
-5315
-5456
-5609
-5766
-5966
-6173
-6379
-6600
-6810
-7018
-7114
-7162
-7108
-6936
-6660
-6206
-5642
-4959
-4201
-3343
-2444
-1504
-529
427
1380
2217
3006
3732
4400
5015
5567
6095
6529
6933
7341
7768
8217
8681
9131
9582
9982
10350
10696
10948
11173
11252
11248
11101
10778
10366
9796
9148
8368
7479
6466
5389
4311
3190
2076
980
-37
-996
-1899
-2709
-3373
-3918
-4387
-4786
-5089
-5287
-5410
-5411
-5382
-5321
-5291
-5260
-5219
-5223
-5171
-5168
-5172
-5247
-5347
-5396
-5448
-5427
-5471
-5519
-5524
-5489
-5394
-5321
-5251
-5245
-5346
-5468
-5570
-5675
-5795
-5988
-6199
-6464
-6691
-6767
-6770
-6640
-6450
-6127
-5671
-5100
-4335
-3447
-2447
-1490
-527
486
1473
2439
3325
4137
4832
5408
5942
6447
6919
7375
7772
8153
8539
8980
9493
9998
10538
10963
11364
11710
11967
12229
12290
12237
11976
11526
10957
10209
9421
8477
7359
6120
4838
3595
2319
1064
-115
-1267
-2326
-3299
-4134
-4733
-5254
-5698
-6070
-6327
-6473
-6581
-6544
-6493
-6431
-6407
-6389
-6304
-6261
-6182
-6132
-6080
-6040
-6039
-5940
-5807
-5635
-5475
-5352
-5187
-5007
-4800
-4632
-4506
-4404
-4461
-4574
-4692
-4834
-4976
-5246
-5512
-5787
-6033
-6166
-6216
-6066
-5878
-5595
-5164
-4600
-3833
-3004
-2054
-1089
-152
802
1699
2648
3530
4252
4894
5447
5962
6448
6951
7465
7893
8332
8764
9249
9806
10354
10942
11401
11807
12152
12401
12646
12729
12668
12353
11850
11242
10484
9709
8756
7648
6384
4999
3704
2393
1107
-140
-1389
-2581
-3713
-4657
-5452
-6128
-6681
-7220
-7650
-7963
-8137
-8145
-8097
-7981
-7912
-7875
-7735
-7531
-7277
-7033
-6819
-6647
-6491
-6302
-6065
-5775
-5538
-5321
-5099
-4880
-4607
-4352
-4129
-3966
-3912
-3930
-3986
-4044
-4157
-4353
-4628
-4953
-5237
-5462
-5553
-5506
-5396
-5201
-4881
-4365
-3681
-2866
-1912
-946
-13
946
1907
2891
3855
4718
5473
6104
6646
7127
7614
8093
8512
8884
9226
9580
10020
10564
11096
11575
11976
12322
12584
12781
12906
12854
12662
12241
11617
10853
9948
8931
7733
6377
4920
3438
1975
548
-859
-2251
-3570
-4787
-5890
-6814
-7544
-8168
-8695
-9146
-9434
-9556
-9568
-9446
-9282
-9084
-8927
-8708
-8422
-8106
-7722
-7410
-7071
-6754
-6427
-6016
-5610
-5134
-4691
-4337
-3984
-3607
-3188
-2802
-2522
-2331
-2319
-2409
-2528
-2731
-2960
-3291
-3674
-4089
-4480
-4725
-4845
-4838
-4717
-4454
-4050
-3466
-2716
-1838
-852
140
1105
2036
2942
3839
4704
5468
6093
6574
6961
7325
7702
8088
8431
8733
9000
9338
9772
10309
10898
11371
11748
12015
12238
12449
12534
12481
12177
11603
10855
9979
9071
8055
6869
5528
4043
2547
1083
-315
-1637
-2953
-4249
-5523
-6650
-7542
-8260
-8863
-9436
-9943
-10317
-10542
-10613
-10552
-10385
-10204
-10034
-9812
-9457
-8984
-8476
-7945
-7473
-7028
-6525
-5981
-5361
-4735
-4129
-3607
-3165
-2681
-2206
-1725
-1347
-1155
-1087
-1173
-1296
-1449
-1694
-1996
-2407
-2866
-3317
-3657
-3777
-3811
-3750
-3612
-3360
-2904
-2276
-1442
-526
400
1294
2122
2940
3771
4610
5314
5869
6300
6641
6988
7344
7704
8040
8330
8586
8875
9291
9812
10336
10800
11128
11408
11644
11834
11990
11958
11721
11185
10437
9585
8599
7554
6314
4879
3301
1653
79
-1429
-2847
-4227
-5616
-6944
-8141
-9086
-9758
-10289
-10719
-11090
-11328
-11364
-11223
-10920
-10562
-10172
-9805
-9426
-8912
-8281
-7598
-6954
-6363
-5791
-5178
-4509
-3754
-2997
-2338
-1747
-1232
-703
-158
331
690
824
773
622
408
167
-171
-629
-1153
-1759
-2310
-2730
-2991
-3127
-3214
-3173
-3003
-2637
-2085
-1403
-594
235
1045
1860
2691
3520
4303
4984
5540
5951
6262
6548
6837
7137
7396
7598
7776
7958
8214
8621
9096
9525
9846
10088
10316
10469
10572
10529
10278
9825
9096
8236
7265
6182
4985
3576
2046
484
-1024
-2443
-3839
-5159
-6398
-7570
-8585
-9419
-10026
-10457
-10811
-11065
-11215
-11231
-11098
-10813
-10424
-10029
-9645
-9212
-8670
-8060
-7386
-6665
-5959
-5273
-4590
-3823
-2984
-2149
-1369
-657
-20
522
1037
1509
1871
2097
2131
2031
1853
1583
1235
776
217
-384
-1000
-1530
-1954
-2258
-2443
-2566
-2561
-2399
-2063
-1582
-970
-259
481
1253
2018
2807
3562
4244
4850
5344
5762
6074
6348
6585
6748
6900
7033
7166
7327
7540
7869
8210
8498
8766
8964
9133
9207
9227
9172
8912
8545
7958
7202
6333
5297
4161
2840
1400
-102
-1627
-3063
-4461
-5801
-7028
-8155
-9131
-9913
-10497
-10899
-11180
-11365
-11423
-11307
-11060
-10682
-10194
-9660
-9065
-8449
-7738
-6974
-6145
-5228
-4378
-3546
-2745
-1903
-1043
-257
524
1213
1833
2377
2811
3177
3385
3435
3343
3102
2802
2411
1947
1398
697
-16
-696
-1324
-1896
-2402
-2745
-2957
-3061
-3023
-2815
-2441
-1934
-1351
-687
48
782
1559
2318
3024
3693
4232
4708
5117
5410
5646
5809
5978
6108
6191
6331
6457
6648
6870
7078
7382
7622
7830
8010
8072
8101
7962
7666
7243
6583
5765
4763
3636
2445
1111
-269
-1696
-3124
-4452
-5731
-6869
-7872
-8785
-9530
-10139
-10550
-10740
-10814
-10755
-10559
-10238
-9789
-9264
-8650
-7994
-7319
-6543
-5728
-4859
-3949
-3095
-2176
-1284
-458
407
1218
2039
2733
3270
3801
4190
4499
4674
4691
4651
4430
4119
3712
3149
2534
1778
991
247
-500
-1183
-1882
-2491
-2962
-3359
-3552
-3590
-3507
-3313
-3014
-2551
-1964
-1285
-538
170
834
1481
2105
2746
3318
3744
4090
4358
4587
4800
5001
5195
5304
5396
5517
5657
5871
6076
6264
6406
6432
6455
6420
6310
6088
5671
5129
4385
3523
2631
1617
541
-605
-1789
-2962
-4093
-5104
-6046
-6880
-7585
-8202
-8631
-8923
-9072
-9015
-8855
-8570
-8193
-7730
-7147
-6488
-5734
-4959
-4189
-3377
-2565
-1723
-856
-21
761
1467
2135
2773
3371
3937
4386
4726
4965
5082
5136
5112
4993
4760
4392
3921
3336
2709
2053
1285
452
-419
-1312
-2169
-2971
-3681
-4275
-4784
-5182
-5427
-5495
-5360
-5019
-4520
-3956
-3298
-2554
-1777
-920
-86
678
1356
1908
2376
2782
3119
3381
3525
3580
3597
3583
3609
3643
3703
3798
3888
4043
4216
4399
4570
4705
4767
4718
4582
4335
3996
3502
2861
2101
1229
294
-697
-1673
-2632
-3575
-4445
-5199
-5799
-6245
-6548
-6686
-6630
-6415
-6041
-5561
-4978
-4297
-3568
-2821
-2081
-1316
-592
83
709
1247
1727
2156
2532
2866
3145
3360
3550
3694
3845
3956
4014
4065
4015
3969
3843
3598
3305
2880
2379
1768
1052
288
-557
-1440
-2344
-3257
-4112
-4909
-5621
-6190
-6630
-6875
-6938
-6836
-6566
-6115
-5475
-4719
-3858
-2973
-2080
-1164
-304
475
1166
1775
2280
2654
2895
3076
3183
3229
3234
3182
3164
3149
3158
3198
3204
3239
3304
3391
3503
3595
3650
3624
3518
3390
3194
2899
2504
1996
1469
893
296
-267
-835
-1368
-1871
-2305
-2659
-2914
-3025
-3060
-3028
-2901
-2715
-2476
-2123
-1725
-1333
-961
-610
-251
78
390
675
915
1104
1243
1358
1467
1562
1619
1628
1610
1583
1512
1447
1393
1291
1156
977
775
541
260
-39
-391
-798
-1252
-1749
-2234
-2716
-3206
-3664
-4127
-4541
-4859
-5095
-5201
-5233
-5170
-4987
-4720
-4308
-3790
-3199
-2526
-1823
-1116
-396
297
940
1529
2036
2474
2809
3033
3193
3294
3335
3283
3180
3046
2901
2775
2637
2507
2389
2274
2196
2148
2136
2143
2129
2120
2077
2020
1987
1910
1815
1677
1481
1256
1005
786
589
379
174
-31
-202
-317
-403
-469
-518
-545
-539
-509
-439
-351
-272
-191
-158
-132
-98
-55
24
70
110
126
99
82
66
64
35
-36
-139
-255
-328
-393
-481
-588
-725
-861
-987
-1108
-1230
-1395
-1570
-1774
-1998
-2215
-2448
-2680
-2911
-3116
-3303
-3458
-3540
-3554
-3520
-3453
-3313
-3103
-2806
-2417
-1959
-1453
-942
-429
65
551
1028
1440
1792
2088
2306
2458
2540
2581
2586
2528
2414
2260
2094
1925
1757
1594
1430
1285
1135
1017
967
969
1002
1045
1124
1223
1331
1433
1520
1598
1655
1702
1717
1696
1653
1590
1487
1337
1181
1026
867
686
489
304
146
-3
-154
-290
-391
-449
-514
-583
-632
-664
-677
-685
-681
-672
-668
-674
-696
-715
-771
-836
-878
-936
-998
-1058
-1100
-1135
-1164
-1163
-1159
-1164
-1149
-1133
-1124
-1126
-1151
-1198
-1254
-1321
-1408
-1507
-1597
-1666
-1710
-1717
-1694
-1651
-1573
-1452
-1280
-1058
-809
-539
-267
1
263
511
751
967
1165
1333
1447
1520
1562
1559
1503
1428
1346
1233
1095
953
810
664
507
376
269
186
168
196
252
326
435
592
761
943
1111
1255
1388
1502
1595
1656
1670
1641
1577
1487
1373
1251
1122
968
781
586
401
218
40
-126
-280
-434
-575
-690
-781
-832
-860
-888
-910
-923
-929
-924
-911
-908
-922
-943
-969
-982
-992
-1013
-1014
-990
-961
-917
-850
-754
-651
-540
-421
-314
-215
-130
-58
-6
11
7
-23
-81
-144
-216
-290
-370
-452
-523
-590
-628
-638
-636
-633
-626
-586
-521
-443
-352
-256
-149
-40
71
175
256
312
342
354
356
343
320
284
246
218
191
180
193
217
239
272
335
411
489
565
643
713
776
843
894
940
985
1019
1039
1042
1037
1025
1009
989
956
905
834
742
630
512
393
276
151
19
-106
-216
-310
-397
-471
-551
-623
-675
-707
-721
-723
-721
-711
-688
-671
-640
-585
-535
-481
-429
-370
-304
-245
-188
-134
-76
-16
38
92
141
175
202
226
230
217
187
147
107
61
-7
-101
-202
-300
-396
-484
-570
-654
-725
-781
-817
-820
-802
-764
-696
-611
-532
-446
-340
-246
-166
-87
-29
10
41
62
78
100
119
126
116
113
114
113
117
124
142
171
208
253
304
354
409
464
511
558
608
652
679
697
702
690
671
650
619
587
552
511
467
425
382
349
329
304
266
236
212
184
145
109
73
32
0
-37
-71
-86
-101
-115
-118
-122
-124
-123
-129
-149
-168
-185
-198
-204
-214
-225
-230
-229
-221
-213
-200
-185
-168
-155
-154
-165
-175
-193
-222
-254
-287
-331
-385
-439
-488
-531
-563
-584
-602
-615
-613
-589
-566
-532
-495
-464
-424
-377
-327
-283
-243
-206
-174
-144
-118
-101
-82
-68
-66
-58
-40
-17
1
27
65
112
179
261
337
411
486
553
604
639
667
689
693
680
653
609
559
509
466
426
391
361
339
328
332
343
364
393
426
466
505
538
569
590
599
595
570
541
496
436
376
305
216
123
37
-41
-125
-203
-273
-333
-377
-409
-438
-464
-480
-492
-501
-500
-501
-512
-533
-547
-559
-574
-581
-585
-589
-593
-593
-588
-579
-560
-530
-496
-457
-419
-383
-347
-318
-295
-282
-269
-266
-269
-267
-274
-286
-295
-302
-311
-323
-328
-320
-301
-274
-242
-203
-159
-103
-36
29
90
160
236
306
373
429
469
500
523
535
539
542
541
532
519
506
491
474
456
436
413
396
383
375
374
374
375
380
384
389
387
384
383
373
360
348
339
326
313
295
274
249
219
195
171
147
123
90
62
41
18
-9
-35
-60
-94
-134
-174
-214
-256
-289
-326
-365
-392
-421
-453
-476
-493
-508
-518
-521
-513
-501
-489
-471
-452
-435
-418
-397
-373
-355
-345
-338
-333
-321
-303
-285
-269
-261
-257
-249
-239
-220
-203
-184
-170
-157
-136
-111
-80
-49
-16
17
50
87
123
154
177
192
209
228
249
259
259
260
257
251
243
244
247
247
243
240
245
254
265
281
298
307
311
316
317
311
305
295
279
259
238
219
197
167
139
115
91
74
61
55
53
51
58
65
74
85
94
103
109
113
115
117
116
108
96
79
64
49
28
2
-23
-52
-78
-96
-116
-129
-144
-159
-173
-190
-202
-216
-222
-223
-230
-239
-246
-254
-261
-267
-275
-287
-302
-311
-317
-321
-318
-309
-295
-277
-256
-231
-200
-167
-132
-95
-58
-20
15
45
76
101
118
129
134
138
138
135
128
112
96
85
71
56
39
24
11
0
-9
-16
-21
-19
-12
-3
6
10
15
19
21
30
41
49
54
56
57
59
59
62
64
68
77
91
105
122
134
142
150
155
155
154
153
147
138
127
113
98
87
74
63
52
43
36
32
32
30
28
32
38
45
57
67
76
84
92
96
93
89
84
72
56
40
23
2
-18
-36
-53
-72
-90
-106
-118
-128
-134
-138
-139
-139
-134
-128
-126
-124
-121
-114
-109
-106
-102
-98
-95
-93
-91
-92
-97
-98
-97
-102
-109
-115
-119
-122
-121
-119
-118
-114
-108
-100
-89
-78
-64
-54
-44
-30
-19
-9
-3
6
16
21
26
31
30
35
40
47
50
48
53
60
61
61
68
74
76
78
82
85
86
87
87
85
85
85
82
80
74
69
66
62
59
55
49
47
45
44
42
37
34
33
