-19
-20
-20
-20
-21
-20
-18
-18
-17
-16
-15
-14
-13
-12
-11
-8
-8
-8
-7
-6
-7
-6
-8
-8
-9
-10
-11
-13
-14
-16
-17
-18
-20
-21
-21
-21
-22
-21
-19
-17
-14
-8
-1
7
16
28
42
58
78
99
121
145
172
199
225
252
277
303
324
340
350
359
363
363
360
351
335
318
302
279
254
226
192
158
118
75
29
-19
-71
-122
-180
-240
-300
-360
-417
-473
-516
-548
-577
-604
-615
-614
-607
-581
-550
-517
-477
-446
-423
-404
-393
-391
-402
-424
-458
-508
-559
-609
-666
-715
-756
-784
-795
-793
-777
-752
-726
-691
-659
-632
-609
-595
-583
-571
-557
-530
-484
-416
-338
-250
-130
10
176
380
611
849
1096
1361
1627
1889
2135
2366
2581
2760
2903
2993
3036
3039
2996
2913
2806
2663
2488
2292
2088
1873
1637
1395
1168
952
731
502
266
31
-213
-446
-669
-899
-1128
-1336
-1525
-1703
-1862
-1985
-2064
-2110
-2112
-2080
-2021
-1946
-1849
-1719
-1588
-1454
-1319
-1187
-1065
-967
-880
-801
-757
-749
-750
-768
-820
-887
-973
-1077
-1201
-1355
-1511
-1668
-1813
-1947
-2052
-2112
-2152
-2174
-2154
-2108
-2034
-1927
-1799
-1654
-1495
-1331
-1154
-960
-762
-558
-329
-87
159
435
750
1077
1417
1778
2141
2521
2906
3282
3645
3990
4293
4570
4823
5016
5152
5235
5258
5222
5116
4934
4685
4390
4044
3650
3233
2797
2345
1901
1458
994
532
92
-314
-697
-1088
-1465
-1808
-2125
-2411
-2660
-2885
-3102
-3291
-3424
-3514
-3564
-3573
-3525
-3434
-3316
-3156
-2960
-2746
-2516
-2283
-2050
-1809
-1582
-1377
-1177
-1005
-875
-773
-711
-703
-741
-830
-967
-1149
-1378
-1641
-1935
-2255
-2581
-2880
-3133
-3349
-3512
-3599
-3598
-3520
-3372
-3147
-2880
-2568
-2213
-1841
-1457
-1078
-698
-337
15
382
750
1121
1512
1913
2323
2768
3262
3803
4357
4918
5480
6037
6585
7080
7497
7832
8063
8183
8201
8115
7925
7612
7159
6588
5958
5278
4561
3823
3064
2316
1585
885
219
-385
-936
-1453
-1938
-2421
-2890
-3326
-3730
-4096
-4419
-4704
-4940
-5123
-5247
-5285
-5224
-5084
-4880
-4611
-4291
-3927
-3535
-3116
-2690
-2275
-1877
-1535
-1246
-995
-796
-643
-556
-544
-575
-661
-830
-1054
-1331
-1655
-2009
-2389
-2780
-3168
-3520
-3820
-4066
-4245
-4345
-4363
-4269
-4059
-3776
-3410
-2985
-2540
-2073
-1611
-1161
-698
-238
192
587
981
1378
1771
2179
2627
3119
3651
4234
4839
5460
6094
6716
7320
7882
8384
8778
9047
9191
9182
9051
8793
8406
7907
7309
6622
5869
5092
4299
3494
2685
1918
1197
489
-203
-859
-1478
-2090
-2690
-3276
-3837
-4396
-4928
-5401
-5838
-6203
-6482
-6668
-6761
-6745
-6596
-6332
-5976
-5543
-5031
-4483
-3917
-3318
-2714
-2163
-1676
-1246
-862
-529
-291
-143
-87
-117
-214
-364
-575
-880
-1267
-1682
-2110
-2563
-3010
-3430
-3822
-4174
-4438
-4579
-4607
-4537
-4377
-4106
-3726
-3252
-2713
-2163
-1612
-1075
-560
-53
420
847
1255
1641
2034
2469
2942
3483
4097
4763
5467
6225
7032
7855
8690
9445
10094
10603
10956
11170
11197
11044
10669
10106
9374
8505
7546
6530
5470
4351
3258
2189
1178
243
-628
-1419
-2159
-2844
-3513
-4153
-4756
-5316
-5842
-6361
-6823
-7226
-7563
-7808
-7923
-7936
-7858
-7668
-7379
-6977
-6466
-5876
-5227
-4549
-3875
-3202
-2562
-1957
-1359
-819
-381
-12
290
467
549
554
453
225
-111
-520
-1002
-1538
-2103
-2645
-3188
-3715
-4163
-4497
-4693
-4761
-4706
-4509
-4160
-3745
-3239
-2654
-2033
-1407
-818
-230
329
868
1369
1827
2260
2674
3139
3655
4227
4830
5501
6246
7005
7814
8619
9436
10169
10807
11339
11712
11954
11975
11836
11463
10878
10107
9159
8107
6939
5718
4435
3172
1935
736
-401
-1432
-2353
-3222
-3959
-4648
-5304
-5899
-6467
-6998
-7496
-7984
-8424
-8768
-9042
-9210
-9229
-9111
-8867
-8480
-7976
-7371
-6682
-5923
-5102
-4267
-3430
-2630
-1873
-1185
-583
-72
335
619
783
855
828
711
489
186
-212
-694
-1210
-1769
-2335
-2916
-3469
-3943
-4304
-4543
-4644
-4602
-4447
-4173
-3788
-3291
-2734
-2115
-1488
-901
-317
230
747
1244
1729
2199
2665
3156
3685
4320
4992
5765
6616
7467
8377
9292
10206
10997
11734
12335
12733
12965
12962
12768
12296
11642
10765
9689
8504
7239
5911
4509
3131
1784
520
-695
-1812
-2819
-3759
-4611
-5403
-6112
-6767
-7377
-7932
-8408
-8851
-9268
-9574
-9779
-9879
-9834
-9661
-9359
-8910
-8351
-7663
-6838
-5930
-4970
-3990
-3011
-2076
-1206
-425
241
788
1228
1558
1762
1849
1828
1671
1374
977
470
-117
-768
-1465
-2141
-2801
-3419
-3988
-4454
-4769
-4931
-4940
-4810
-4541
-4162
-3662
-3075
-2435
-1782
-1124
-500
49
541
958
1378
1814
2271
2759
3299
3960
4708
5563
6490
7528
8590
9625
10644
11536
12342
12925
13364
13603
13608
13379
12879
12183
11198
10049
8718
7262
5699
4065
2448
837
-691
-2154
-3500
-4717
-5771
-6689
-7497
-8171
-8754
-9229
-9649
-9992
-10253
-10451
-10547
-10543
-10416
-10146
-9755
-9207
-8508
-7691
-6749
-5720
-4621
-3504
-2386
-1289
-265
672
1478
2152
2698
3116
3380
3472
3418
3238
2950
2518
1982
1330
560
-251
-1099
-1933
-2777
-3608
-4346
-4945
-5368
-5614
-5659
-5526
-5244
-4800
-4239
-3593
-2930
-2242
-1515
-841
-205
377
890
1360
1807
2308
2863
3501
4194
4996
5949
6976
8071
9152
10279
11294
12208
12998
13564
13977
14085
13971
13575
12920
12014
10851
9532
8041
6461
4794
3086
1387
-234
-1801
-3252
-4543
-5709
-6721
-7616
-8377
-9036
-9597
-10077
-10511
-10852
-11110
-11284
-11350
-11339
-11206
-10899
-10426
-9763
-8939
-7946
-6846
-5667
-4395
-3081
-1754
-504
646
1665
2508
3192
3680
4020
4198
4184
4018
3672
3141
2494
1785
964
68
-858
-1774
-2670
-3537
-4284
-4900
-5331
-5598
-5684
-5540
-5229
-4754
-4170
-3541
-2863
-2189
-1544
-917
-348
153
583
995
1405
1848
2391
3074
3870
4785
5835
6964
8227
9490
10760
11929
12967
13904
14586
15100
15253
15096
14663
13936
12965
11752
10391
8863
7225
5472
3714
1986
313
-1276
-2785
-4179
-5477
-6630
-7666
-8557
-9336
-10003
-10560
-11054
-11465
-11792
-11983
-12036
-11960
-11748
-11374
-10851
-10159
-9327
-8328
-7162
-5923
-4610
-3285
-1962
-676
496
1574
2486
3198
3744
4121
4323
4349
4197
3871
3407
2804
2073
1197
239
-787
-1835
-2814
-3785
-4653
-5398
-6011
-6416
-6621
-6607
-6410
-6030
-5517
-4882
-4142
-3382
-2594
-1846
-1174
-550
23
586
1115
1638
2198
2865
3687
4625
5689
6840
8158
9501
10892
12230
13380
14427
15175
15736
15944
15836
15432
14671
13684
12366
10895
9294
7599
5825
4029
2284
594
-991
-2468
-3782
-4993
-6065
-7041
-7896
-8615
-9269
-9786
-10257
-10690
-10996
-11196
-11248
-11195
-11056
-10732
-10283
-9685
-8972
-8112
-7081
-6014
-4824
-3619
-2417
-1203
-49
1050
2001
2830
3503
3990
4266
4344
4234
3944
3514
2892
2150
1277
339
-658
-1707
-2689
-3673
-4546
-5273
-5857
-6249
-6504
-6513
-6359
-6024
-5467
-4841
-4085
-3322
-2602
-1876
-1234
-630
-100
362
809
1252
1744
2303
2970
3764
4718
5743
6951
8239
9559
10951
12172
13359
14307
15078
15583
15666
15509
14958
14140
13026
11666
10156
8504
6724
4869
3045
1303
-325
-1875
-3273
-4598
-5816
-6887
-7870
-8694
-9398
-9955
-10448
-10916
-11256
-11484
-11591
-11580
-11473
-11183
-10781
-10254
-9534
-8728
-7752
-6673
-5490
-4201
-2927
-1618
-390
769
1846
2739
3503
4106
4509
4707
4697
4468
4073
3507
2836
2021
1057
63
-1013
-2038
-3014
-3942
-4719
-5431
-5945
-6275
-6418
-6274
-5983
-5492
-4854
-4151
-3370
-2601
-1824
-1093
-431
178
700
1174
1626
2048
2499
3070
3700
4451
5378
6422
7665
8944
10301
11599
12749
13816
14619
15290
15594
15577
15243
14486
13531
12295
10851
9238
7480
5648
3794
1991
295
-1330
-2882
-4306
-5627
-6788
-7858
-8802
-9569
-10256
-10801
-11255
-11618
-11840
-11966
-11944
-11827
-11616
-11261
-10817
-10204
-9415
-8556
-7543
-6417
-5210
-3925
-2650
-1297
15
1241
2368
3328
4148
4731
5074
5222
5144
4853
4349
3663
2888
1966
953
-97
-1214
-2268
-3304
-4255
-5069
-5788
-6312
-6641
-6751
-6677
-6446
-5999
-5392
-4674
-3864
-3034
-2152
-1327
-611
86
683
1232
1739
2239
2794
3375
4038
4833
5730
6742
7955
9254
10658
11987
13192
14335
15184
15884
16258
16297
16014
15334
14418
13146
11629
9938
8105
6220
4277
2370
561
-1176
-2799
-4228
-5548
-6731
-7760
-8647
-9376
-10018
-10503
-10907
-11246
-11467
-11632
-11649
-11545
-11359
-11033
-10627
-10096
-9410
-8634
-7698
-6700
-5587
-4357
-3117
-1802
-577
603
1696
2611
3399
3958
4346
4583
4566
4338
3919
3311
2593
1735
818
-168
-1235
-2278
-3330
-4318
-5231
-6021
-6591
-6991
-7208
-7205
-7008
-6560
-5940
-5197
-4297
-3408
-2474
-1566
-746
29
649
1281
1844
2308
2759
3199
3754
4423
5222
6155
7268
8444
9724
11018
12237
13436
14430
15280
15770
15975
15869
15321
14536
13366
11987
10426
8676
6807
4839
2909
1016
-782
-2488
-4050
-5466
-6664
-7693
-8583
-9235
-9777
-10153
-10430
-10634
-10707
-10746
-10661
-10525
-10322
-9947
-9563
-9068
-8470
-7765
-6879
-5939
-4850
-3684
-2492
-1272
-81
1053
2079
3009
3796
4391
4735
4897
4879
4675
4290
3660
2937
2100
1137
94
-1042
-2186
-3324
-4414
-5416
-6338
-7070
-7587
-7906
-7981
-7858
-7448
-6789
-5973
-4964
-3901
-2834
-1787
-784
146
976
1710
2301
2776
3210
3661
4128
4683
5300
6026
6898
7890
8987
10083
11171
12221
13160
13889
14404
14637
14628
14300
13611
12690
11476
10088
8457
6699
4926
3076
1288
-487
-2210
-3784
-5187
-6396
-7441
-8319
-8966
-9495
-9923
-10218
-10457
-10547
-10549
-10502
-10371
-10171
-9886
-9533
-9126
-8632
-8044
-7282
-6367
-5403
-4273
-3110
-1904
-674
498
1720
2781
3705
4480
5000
5331
5477
5406
5113
4597
3882
3082
2127
1106
-7
-1146
-2189
-3267
-4218
-5097
-5819
-6343
-6790
-6996
-7001
-6727
-6269
-5742
-5029
-4195
-3294
-2359
-1450
-596
246
1013
1657
2202
2684
3174
3647
4110
4622
5212
5925
6654
7444
8404
9368
10380
11215
11959
12618
12968
13259
13185
12915
12409
11537
10549
9222
7802
6276
4612
2955
1215
-467
-2050
-3515
-4823
-5979
-6977
-7760
-8412
-8956
-9313
-9571
-9649
-9701
-9714
-9596
-9515
-9312
-9158
-9016
-8689
-8319
-7770
-7184
-6512
-5630
-4684
-3595
-2428
-1234
51
1311
2442
3467
4268
4900
5353
5541
5587
5360
5011
4451
3600
2692
1663
675
-396
-1538
-2582
-3640
-4598
-5505
-6293
-6818
-7181
-7371
-7312
-7070
-6594
-6014
-5304
-4364
-3394
-2292
-1264
-308
591
1329
2051
2691
3286
3777
4242
4672
5098
5594
6129
6823
7492
8216
8908
9559
10266
10816
11382
11690
11809
11829
11528
11070
10337
9441
8381
7102
5679
4108
2488
867
-763
-2350
-3819
-5146
-6225
-7117
-7805
-8299
-8646
-8751
-8738
-8594
-8333
-8081
-7794
-7566
-7354
-7031
-6728
-6408
-6044
-5631
-5148
-4660
-4080
-3359
-2486
-1540
-615
298
1177
1984
2719
3349
3867
4297
4553
4616
4499
4172
3728
3138
2412
1647
740
-257
-1329
-2474
-3501
-4500
-5400
-6116
-6682
-7023
-7287
-7305
-7019
-6542
-5817
-4979
-4036
-3058
-2093
-1103
-203
652
1458
2161
2783
3325
3790
4192
4559
4879
5202
5547
5875
6192
6535
6957
7385
7764
8164
8495
8800
8983
9030
9048
8793
8397
7769
7002
6118
4923
3658
2254
883
-492
-1908
-3159
-4321
-5315
-6117
-6725
-7149
-7343
-7364
-7281
-7133
-6950
-6630
-6319
-5986
-5680
-5425
-5102
-4824
-4499
-4177
-3799
-3299
-2826
-2281
-1676
-1038
-331
333
1002
1707
2365
3010
3546
3925
4236
4391
4470
4444
4215
3880
3341
2664
1878
959
34
-980
-2008
-2984
-3959
-4779
-5499
-5996
-6284
-6523
-6456
-6197
-5774
-5199
-4571
-3764
-2922
-2050
-1160
-316
514
1229
1834
2391
2878
3242
3526
3709
3813
3904
3946
4036
4049
4102
4239
4301
4522
4694
4954
5251
5427
5676
5719
5726
5608
5320
4988
4394
3723
2907
1997
1095
109
-822
-1702
-2527
-3189
-3751
-4208
-4492
-4700
-4744
-4676
-4539
-4260
-4024
-3757
-3484
-3280
-3024
-2814
-2631
-2399
-2192
-1952
-1708
-1473
-1162
-859
-473
-57
319
756
1130
1526
1919
2249
2609
2834
2978
3040
2948
2820
2540
2134
1711
1156
590
-30
-738
-1418
-2136
-2744
-3271
-3758
-4110
-4411
-4561
-4584
-4511
-4262
-3948
-3501
-2941
-2380
-1772
-1166
-553
74
647
1165
1569
1881
2143
2250
2289
2316
2253
2196
2072
1919
1819
1712
1727
1777
1871
2053
2220
2463
2658
2844
3078
3223
3337
3355
3271
3133
2854
2538
2206
1796
1375
913
459
24
-427
-784
-1101
-1376
-1545
-1698
-1801
-1848
-1887
-1866
-1830
-1771
-1716
-1709
-1659
-1601
-1533
-1432
-1378
-1315
-1228
-1145
-1043
-951
-821
-666
-540
-349
-142
63
298
479
659
810
937
1073
1101
1091
994
800
571
242
-96
-472
-879
-1278
-1726
-2150
-2536
-2892
-3169
-3389
-3511
-3536
-3497
-3341
-3078
-2732
-2287
-1820
-1318
-769
-282
189
603
945
1247
1462
1627
1679
1659
1604
1489
1386
1291
1201
1145
1107
1114
1155
1217
1390
1582
1772
2010
2201
2398
2566
2684
2783
2797
2802
2756
2607
2438
2211
1960
1696
1404
1130
834
540
257
-36
-237
-406
-559
-644
-723
-757
-772
-800
-791
-806
-825
-845
-899
-935
-981
-1047
-1109
-1176
-1192
-1183
-1171
-1118
-1086
-1018
-907
-800
-622
-445
-260
-72
65
218
331
408
465
434
366
250
76
-103
-346
-624
-914
-1242
-1521
-1812
-2081
-2289
-2479
-2577
-2626
-2580
-2458
-2288
-2035
-1791
-1502
-1157
-836
-512
-216
31
255
406
523
608
625
633
596
538
477
407
370
337
341
406
498
606
759
944
1181
1434
1685
1956
2194
2445
2647
2797
2932
2990
3042
3034
2949
2828
2632
2415
2182
1930
1677
1418
1178
944
697
474
255
48
-127
-314
-494
-686
-868
-1030
-1210
-1363
-1503
-1637
-1735
-1833
-1911
-1969
-2011
-1992
-1939
-1856
-1741
-1621
-1472
-1284
-1065
-820
-582
-346
-132
60
238
358
447
497
475
419
320
177
-12
-238
-463
-687
-895
-1086
-1265
-1410
-1525
-1602
-1634
-1646
-1615
-1537
-1446
-1334
-1203
-1045
-866
-699
-523
-350
-185
-31
99
203
285
354
426
478
524
557
561
595
615
648
696
731
798
849
948
1062
1166
1291
1396
1532
1654
1761
1884
1981
2079
2143
2173
2179
2140
2070
1961
1816
1640
1424
1201
982
738
508
279
49
-170
-375
-538
-707
-852
-975
-1094
-1187
-1265
-1323
-1370
-1409
-1443
-1450
-1439
-1409
-1369
-1327
-1261
-1187
-1089
-978
-860
-717
-584
-435
-288
-155
-12
122
246
352
433
495
521
513
487
413
317
198
37
-113
-292
-483
-668
-849
-1000
-1154
-1274
-1339
-1378
-1368
-1336
-1268
-1162
-1029
-851
-677
-510
-347
-202
-44
86
173
250
296
326
334
331
323
284
250
230
233
260
302
370
450
546
675
817
960
1117
1265
1400
1528
1635
1729
1791
1820
1819
1794
1755
1664
1549
1416
1254
1082
895
697
514
352
211
81
-55
-180
-288
-378
-458
-531
-588
-666
-745
-816
-884
-931
-984
-1031
-1074
-1113
-1126
-1136
-1125
-1077
-1019
-941
-840
-717
-580
-447
-298
-148
-12
125
249
352
421
462
487
477
432
365
279
171
47
-85
-220
-371
-506
-617
-722
-809
-884
-934
-957
-956
-929
-885
-814
-740
-665
-591
-521
-442
-373
-320
-277
-239
-208
-184
-156
-137
-122
-102
-76
-42
-2
46
110
184
262
340
427
516
609
709
803
885
963
1033
1092
1145
1186
1218
1244
1260
1273
1269
1244
1208
1160
1107
1042
961
884
787
673
562
441
323
199
78
-46
-170
-283
-399
-507
-600
-691
-764
-823
-872
-896
-902
-895
-864
-813
-751
-691
-619
-536
-452
-361
-271
-183
-101
-30
49
116
170
216
235
243
235
212
193
143
78
14
-62
-132
-203
-272
-343
-425
-501
-584
-655
-716
-776
-815
-850
-870
-870
-862
-846
-814
-762
-698
-623
-538
-457
-378
-294
-213
-125
-48
19
91
149
199
248
289
329
369
414
459
496
529
562
599
629
652
675
686
694
704
714
727
733
742
756
763
767
761
757
755
737
717
687
641
589
523
458
392
319
246
164
77
-9
-93
-169
-250
-326
-386
-441
-480
-503
-522
-532
-527
-506
-473
-426
-372
-321
-271
-219
-175
-132
-93
-69
-56
-57
-52
-44
-39
-34
-36
-33
-36
-42
-41
-42
-49
-61
-80
-100
-135
-175
-219
-275
-332
-396
-457
-523
-598
-661
-724
-770
-792
-810
-813
-798
-763
-705
-641
-556
-457
-360
-260
-157
-57
26
98
168
224
262
294
317
335
340
340
342
348
361
372
387
409
425
450
469
478
486
492
500
511
515
515
514
513
519
523
530
540
541
542
544
543
530
509
489
456
420
378
335
294
249
204
162
116
75
38
0
-32
-64
-88
-110
-131
-147
-162
-174
-184
-195
-210
-226
-243
-262
-279
-294
-304
-314
-326
-337
-345
-351
-350
-342
-335
-332
-331
-333
-334
-336
-340
-351
-372
-388
-411
-438
-465
-493
-515
-531
-538
-538
-528
-509
-482
-449
-410
-358
-301
-246
-189
-128
-65
-8
44
95
137
172
198
217
230
234
241
245
245
245
242
238
234
235
242
258
272
284
301
315
330
344
355
365
366
371
373
366
358
348
346
350
357
360
366
376
388
403
421
435
448
448
444
437
419
395
362
313
259
200
133
65
-8
-80
-149
-212
-262
-304
-339
-363
-379
-391
-392
-389
-379
-364
-355
-343
-333
-321
-313
-317
-329
-345
-363
-380
-387
-396
-404
-402
-395
-384
-363
-336
-306
-272
-234
-196
-163
-134
-111
-95
-85
-80
-81
-87
-97
-107
-124
-141
-152
-155
-155
-152
-138
-121
-101
-69
-33
0
32
59
83
107
123
143
158
165
171
172
174
175
177
182
191
200
207
218
231
245
261
277
299
317
330
340
346
351
355
354
342
335
329
323
318
314
310
305
300
297
292
283
271
257
242
226
205
179
148
113
75
37
-3
-42
-80
-119
-153
-183
-211
-236
-256
-271
-284
-290
-296
-300
-301
-302
-300
-301
-299
-295
-292
-290
-287
-282
-278
-274
-270
-264
-255
-240
-227
-211
-194
-175
-153
-133
-115
-99
-92
-86
-81
-83
-89
-95
-107
