-11
-12
-16
-18
-21
-24
-28
-32
-36
-40
-43
-45
-50
-52
-55
-58
-63
-66
-70
-76
-83
-88
-95
-104
-114
-121
-129
-138
-144
-149
-154
-157
-158
-155
-151
-144
-136
-125
-110
-91
-74
-55
-34
-12
15
39
60
85
116
150
186
226
273
325
378
436
497
561
618
675
732
786
827
853
866
860
844
818
782
733
669
594
507
419
333
249
171
96
28
-30
-86
-138
-185
-226
-275
-325
-369
-410
-451
-495
-547
-596
-639
-668
-682
-687
-677
-649
-614
-564
-508
-456
-409
-363
-319
-305
-320
-352
-407
-488
-596
-737
-895
-1063
-1242
-1421
-1584
-1733
-1857
-1943
-1996
-2025
-2023
-1975
-1901
-1808
-1679
-1531
-1383
-1230
-1060
-875
-692
-521
-350
-167
26
219
429
658
903
1173
1467
1783
2107
2441
2778
3105
3401
3671
3908
4080
4190
4236
4210
4124
3974
3760
3494
3185
2833
2451
2065
1679
1297
922
558
230
-70
-361
-634
-871
-1093
-1304
-1486
-1641
-1775
-1896
-2017
-2112
-2161
-2184
-2177
-2133
-2051
-1935
-1775
-1575
-1340
-1081
-812
-547
-285
-39
164
315
427
496
493
418
277
81
-160
-446
-774
-1118
-1459
-1797
-2122
-2420
-2694
-2920
-3102
-3238
-3326
-3369
-3368
-3328
-3244
-3135
-3003
-2844
-2661
-2434
-2180
-1903
-1605
-1280
-914
-523
-96
371
870
1394
1923
2474
3029
3557
4064
4553
5004
5382
5679
5905
6049
6095
6045
5941
5770
5511
5186
4801
4348
3854
3342
2814
2282
1746
1217
699
189
-298
-755
-1188
-1607
-2015
-2390
-2734
-3058
-3334
-3542
-3688
-3765
-3781
-3725
-3574
-3337
-3014
-2621
-2181
-1724
-1255
-751
-240
230
623
945
1172
1268
1272
1192
1018
753
396
-15
-452
-913
-1378
-1828
-2276
-2706
-3107
-3479
-3818
-4129
-4388
-4593
-4762
-4903
-4997
-5023
-4994
-4911
-4754
-4499
-4173
-3794
-3328
-2769
-2149
-1478
-747
38
843
1653
2457
3235
3973
4683
5361
5992
6563
7071
7504
7859
8123
8284
8367
8345
8224
8027
7732
7327
6824
6272
5663
4979
4256
3516
2755
1963
1156
383
-353
-1060
-1744
-2383
-2944
-3455
-3906
-4267
-4556
-4766
-4891
-4922
-4859
-4722
-4509
-4236
-3913
-3522
-3078
-2607
-2117
-1637
-1180
-732
-318
49
356
556
680
739
701
572
364
78
-297
-720
-1171
-1666
-2177
-2707
-3250
-3776
-4278
-4750
-5187
-5541
-5794
-5976
-6073
-6069
-5967
-5771
-5480
-5089
-4594
-4043
-3461
-2812
-2091
-1361
-631
137
926
1719
2516
3320
4107
4887
5653
6387
7123
7820
8455
9026
9500
9865
10130
10305
10367
10252
9971
9572
9015
8309
7525
6682
5764
4776
3767
2761
1758
785
-116
-955
-1749
-2484
-3171
-3786
-4331
-4812
-5192
-5495
-5726
-5872
-5939
-5916
-5813
-5615
-5327
-4983
-4570
-4080
-3525
-2941
-2349
-1755
-1174
-630
-155
220
497
681
763
737
584
316
-31
-458
-966
-1550
-2195
-2872
-3550
-4228
-4895
-5518
-6059
-6500
-6843
-7052
-7137
-7117
-6976
-6729
-6386
-5931
-5384
-4765
-4081
-3333
-2531
-1723
-889
-35
810
1689
2597
3506
4426
5353
6265
7197
8121
9024
9901
10683
11345
11897
12308
12530
12568
12427
12090
11552
10834
9962
8971
7867
6683
5470
4250
3059
1911
815
-216
-1179
-2079
-2912
-3649
-4320
-4946
-5506
-5991
-6401
-6740
-7000
-7162
-7209
-7133
-6946
-6654
-6243
-5734
-5139
-4445
-3703
-2958
-2236
-1583
-978
-438
-28
263
447
496
396
173
-131
-520
-1015
-1573
-2147
-2751
-3382
-4022
-4657
-5243
-5750
-6168
-6503
-6753
-6893
-6924
-6834
-6602
-6255
-5799
-5250
-4648
-3980
-3228
-2416
-1577
-699
209
1136
2065
3015
3966
4907
5881
6834
7806
8796
9732
10599
11385
12079
12657
13101
13372
13453
13340
13031
12500
11776
10900
9874
8745
7510
6200
4899
3647
2405
1192
49
-1050
-2078
-3032
-3917
-4719
-5456
-6101
-6664
-7174
-7616
-7990
-8241
-8358
-8373
-8249
-7978
-7579
-7071
-6448
-5750
-5013
-4244
-3475
-2725
-2029
-1419
-918
-541
-303
-193
-207
-369
-647
-1037
-1517
-2047
-2631
-3248
-3873
-4478
-5044
-5594
-6085
-6459
-6733
-6893
-6925
-6852
-6676
-6373
-5978
-5496
-4928
-4270
-3538
-2788
-1986
-1138
-264
625
1521
2425
3351
4301
5258
6250
7237
8229
9226
10197
11134
11983
12744
13370
13842
14142
14258
14195
13931
13452
12734
11862
10857
9731
8521
7245
5941
4633
3323
2028
803
-340
-1400
-2406
-3371
-4249
-5052
-5789
-6458
-7051
-7549
-7958
-8296
-8514
-8608
-8571
-8398
-8109
-7689
-7176
-6598
-5940
-5217
-4466
-3754
-3114
-2507
-1957
-1561
-1313
-1145
-1079
-1152
-1333
-1609
-1976
-2413
-2907
-3433
-3979
-4525
-5026
-5461
-5879
-6275
-6579
-6753
-6821
-6779
-6604
-6328
-5956
-5484
-4915
-4257
-3538
-2794
-2021
-1199
-338
526
1379
2272
3193
4140
5132
6148
7154
8167
9195
10200
11177
12048
12822
13493
14038
14383
14544
14542
14300
13854
13205
12365
11381
10310
9134
7858
6537
5205
3881
2587
1343
163
-914
-1966
-3001
-3948
-4814
-5609
-6338
-6972
-7514
-7950
-8287
-8495
-8555
-8506
-8370
-8123
-7744
-7271
-6720
-6117
-5458
-4778
-4143
-3568
-3043
-2590
-2248
-2028
-1925
-1921
-2040
-2284
-2623
-3017
-3460
-3937
-4408
-4861
-5311
-5756
-6126
-6426
-6680
-6865
-6944
-6914
-6804
-6587
-6243
-5783
-5242
-4623
-3924
-3153
-2346
-1505
-661
213
1153
2061
2961
3881
4805
5737
6711
7677
8634
9616
10577
11522
12387
13144
13777
14316
14693
14889
14919
14713
14289
13639
12796
11774
10639
9380
8023
6642
5260
3912
2598
1364
234
-813
-1813
-2775
-3672
-4459
-5142
-5764
-6332
-6860
-7313
-7682
-7950
-8128
-8216
-8183
-8042
-7788
-7457
-7055
-6572
-6054
-5530
-5009
-4503
-4048
-3690
-3419
-3226
-3165
-3207
-3344
-3603
-3946
-4336
-4760
-5225
-5711
-6177
-6606
-6981
-7285
-7507
-7615
-7614
-7513
-7309
-6998
-6552
-5990
-5377
-4715
-3967
-3157
-2331
-1479
-583
323
1222
2111
2972
3844
4745
5665
6578
7512
8442
9400
10403
11357
12247
13053
13796
14437
14938
15247
15390
15363
15125
14674
14023
13197
12176
11049
9816
8493
7110
5718
4347
3001
1744
566
-535
-1589
-2556
-3406
-4173
-4899
-5568
-6166
-6726
-7199
-7610
-7943
-8190
-8362
-8438
-8396
-8255
-8040
-7722
-7332
-6881
-6422
-5955
-5494
-5072
-4697
-4397
-4154
-4031
-4031
-4114
-4279
-4502
-4807
-5192
-5604
-6038
-6460
-6836
-7177
-7461
-7668
-7780
-7780
-7659
-7416
-7035
-6548
-5987
-5348
-4623
-3795
-2946
-2071
-1194
-331
540
1411
2274
3103
3932
4746
5568
6390
7265
8150
9053
10006
10950
11889
12747
13553
14261
14858
15281
15546
15631
15458
15060
14430
13630
12661
11576
10329
8960
7502
6017
4591
3188
1866
640
-496
-1578
-2534
-3383
-4156
-4864
-5528
-6126
-6661
-7153
-7597
-7929
-8181
-8359
-8463
-8447
-8324
-8126
-7817
-7436
-6971
-6455
-5930
-5419
-4935
-4529
-4215
-3982
-3826
-3732
-3744
-3896
-4154
-4500
-4898
-5328
-5781
-6216
-6633
-7023
-7366
-7636
-7813
-7880
-7820
-7624
-7267
-6779
-6199
-5505
-4709
-3804
-2840
-1877
-890
97
1039
1941
2835
3686
4486
5273
6060
6845
7677
8522
9358
10238
11122
12024
12860
13631
14302
14879
15315
15539
15603
15431
15024
14372
13533
12503
11336
10041
8610
7131
5623
4155
2723
1347
72
-1073
-2157
-3147
-4009
-4776
-5445
-6035
-6540
-7014
-7470
-7878
-8206
-8470
-8634
-8705
-8740
-8689
-8553
-8295
-7924
-7474
-6963
-6423
-5870
-5336
-4844
-4439
-4125
-3878
-3726
-3712
-3815
-4040
-4363
-4727
-5172
-5670
-6178
-6674
-7107
-7448
-7716
-7912
-7959
-7877
-7677
-7322
-6809
-6184
-5446
-4635
-3730
-2742
-1747
-744
224
1201
2165
3095
3964
4788
5575
6327
7094
7887
8719
9544
10433
11353
12280
13154
13955
14705
15333
15836
16153
16276
16146
15786
15167
14298
13249
12037
10682
9220
7686
6089
4534
3024
1573
213
-1012
-2112
-3129
-4032
-4828
-5536
-6144
-6679
-7159
-7557
-7919
-8235
-8479
-8685
-8862
-8931
-8863
-8701
-8449
-8145
-7741
-7249
-6719
-6193
-5682
-5178
-4748
-4378
-4081
-3913
-3850
-3892
-4061
-4318
-4656
-5076
-5539
-6013
-6474
-6911
-7316
-7660
-7881
-7981
-7989
-7868
-7579
-7148
-6606
-5942
-5182
-4340
-3399
-2397
-1354
-272
803
1818
2770
3644
4446
5245
6044
6797
7486
8202
8929
9655
10464
11293
12185
13055
13852
14613
15252
15733
16062
16246
16155
15793
15154
14291
13257
12040
10677
9151
7551
5911
4304
2767
1304
-60
-1293
-2384
-3356
-4213
-4983
-5679
-6296
-6832
-7300
-7733
-8184
-8588
-8907
-9135
-9287
-9389
-9402
-9306
-9118
-8848
-8469
-8014
-7511
-6969
-6401
-5867
-5394
-4974
-4607
-4300
-4108
-4072
-4144
-4270
-4530
-4880
-5268
-5690
-6095
-6471
-6780
-7019
-7193
-7274
-7202
-6985
-6623
-6102
-5472
-4749
-3931
-3020
-2037
-1002
40
1081
2117
3115
4029
4889
5701
6448
7149
7812
8454
9076
9694
10317
10971
11631
12315
12989
13638
14247
14760
15174
15408
15483
15338
14955
14304
13402
12303
11022
9598
8034
6410
4748
3136
1577
111
-1205
-2377
-3413
-4322
-5091
-5765
-6344
-6861
-7312
-7702
-8087
-8484
-8866
-9209
-9507
-9756
-9951
-10045
-10024
-9886
-9652
-9328
-8906
-8408
-7830
-7187
-6541
-5909
-5339
-4864
-4453
-4124
-3899
-3766
-3721
-3786
-3931
-4134
-4383
-4672
-4995
-5283
-5527
-5727
-5835
-5864
-5792
-5584
-5241
-4750
-4120
-3394
-2560
-1627
-643
382
1418
2451
3436
4355
5183
5926
6583
7160
7680
8154
8611
9019
9432
9885
10429
11023
11687
12359
12969
13523
13976
14358
14563
14640
14502
14098
13459
12606
11533
10244
8833
7316
5761
4167
2616
1114
-311
-1612
-2761
-3779
-4700
-5500
-6192
-6796
-7350
-7841
-8296
-8712
-9114
-9484
-9819
-10116
-10339
-10492
-10531
-10455
-10290
-10047
-9698
-9245
-8681
-8065
-7415
-6723
-6040
-5398
-4798
-4267
-3802
-3372
-3019
-2737
-2573
-2523
-2559
-2663
-2823
-3047
-3300
-3551
-3754
-3930
-4088
-4165
-4132
-3954
-3627
-3179
-2592
-1890
-1085
-223
676
1592
2505
3357
4134
4850
5468
5992
6442
6814
7106
7363
7601
7899
8253
8721
9276
9891
10587
11280
12000
12652
13242
13681
13962
14037
13858
13439
12724
11794
10655
9353
7873
6320
4724
3100
1520
7
-1399
-2717
-3881
-4901
-5811
-6625
-7323
-7932
-8453
-8896
-9321
-9724
-10085
-10396
-10669
-10852
-10961
-10978
-10909
-10752
-10476
-10091
-9591
-8990
-8293
-7571
-6797
-5970
-5144
-4347
-3616
-2912
-2251
-1715
-1322
-1078
-948
-919
-1017
-1188
-1450
-1770
-2129
-2528
-2914
-3222
-3422
-3513
-3453
-3295
-2961
-2478
-1879
-1156
-358
503
1383
2283
3141
3932
4631
5230
5711
6106
6407
6639
6824
6982
7199
7455
7767
8113
8572
9068
9650
10264
10844
11420
11886
12256
12440
12484
12321
11942
11307
10430
9385
8175
6877
5498
4091
2637
1180
-235
-1561
-2769
-3864
-4869
-5806
-6630
-7352
-8007
-8585
-9079
-9549
-9980
-10366
-10681
-10932
-11114
-11178
-11143
-10990
-10735
-10391
-9960
-9437
-8805
-8071
-7281
-6460
-5603
-4717
-3829
-2947
-2105
-1346
-677
-151
266
597
810
889
835
683
443
149
-190
-547
-907
-1231
-1484
-1676
-1754
-1689
-1462
-1103
-640
-75
564
1266
1974
2653
3258
3795
4220
4557
4821
4992
5093
5164
5263
5359
5483
5673
5979
6366
6872
7458
8102
8773
9419
10066
10614
11078
11376
11521
11461
11179
10649
9890
8949
7815
6552
5129
3630
2054
485
-1063
-2577
-3995
-5305
-6502
-7608
-8563
-9406
-10111
-10674
-11092
-11391
-11596
-11705
-11713
-11637
-11510
-11290
-10993
-10600
-10140
-9604
-8999
-8285
-7470
-6591
-5624
-4597
-3529
-2455
-1401
-384
576
1458
2251
2907
3406
3728
3862
3816
3590
3229
2727
2111
1412
685
-10
-643
-1194
-1619
-1908
-2065
-2066
-1891
-1558
-1149
-652
-69
531
1134
1740
2319
2855
3292
3646
3950
4180
4367
4513
4649
4789
4942
5156
5460
5874
6384
6963
7556
8147
8707
9266
9760
10137
10363
10382
10219
9843
9262
8453
7454
6286
4955
3480
1892
273
-1333
-2881
-4319
-5641
-6831
-7879
-8764
-9487
-10064
-10485
-10773
-10970
-11081
-11097
-11059
-10953
-10748
-10470
-10138
-9746
-9254
-8654
-7959
-7190
-6357
-5426
-4363
-3208
-2013
-812
383
1532
2583
3537
4358
5016
5498
5802
5902
5780
5457
4977
4356
3606
2769
1871
983
124
-690
-1422
-2065
-2597
-2976
-3209
-3292
-3224
-3020
-2675
-2219
-1681
-1094
-492
104
688
1258
1772
2196
2576
2912
3184
3424
3653
3860
4079
4333
4634
4971
5372
5848
6347
6877
7398
7899
8320
8617
8798
8798
8629
8273
7730
6970
5996
4863
3606
2227
770
-703
-2195
-3644
-5003
-6221
-7276
-8193
-8968
-9566
-10002
-10270
-10350
-10275
-10074
-9777
-9397
-8929
-8379
-7754
-7077
-6347
-5561
-4755
-3949
-3115
-2274
-1422
-543
333
1209
2084
2934
3737
4488
5143
5674
6075
6334
6455
6389
6137
5687
5080
4332
3413
2407
1325
194
-928
-2010
-3019
-3908
-4636
-5198
-5567
-5728
-5684
-5466
-5065
-4523
-3865
-3119
-2320
-1483
-647
168
904
1569
2149
2623
3031
3379
3669
3912
4118
4303
4501
4718
4998
5283
5551
5826
6099
6379
6598
6780
6861
6858
6703
6377
5931
5280
4473
3516
2474
1333
111
-1151
-2422
-3637
-4772
-5802
-6731
-7513
-8138
-8560
-8794
-8861
-8752
-8491
-8086
-7593
-7016
-6388
-5709
-4987
-4282
-3583
-2875
-2174
-1510
-838
-147
559
1267
1976
2682
3351
4023
4648
5203
5695
6088
6370
6518
6504
6323
5998
5503
4864
4076
3148
2120
1023
-96
-1247
-2363
-3403
-4377
-5254
-5970
-6505
-6878
-7046
-7029
-6796
-6342
-5754
-5069
-4260
-3373
-2434
-1466
-534
370
1204
1950
2587
3093
3490
3781
3994
4110
4140
4125
4080
4022
3941
3848
3792
3778
3792
3800
3785
3743
3682
3576
3410
3191
2881
2495
1999
1404
765
89
-613
-1325
-2015
-2666
-3266
-3786
-4191
-4479
-4654
-4714
-4637
-4448
-4181
-3832
-3430
-2951
-2424
-1905
-1362
-834
-358
97
542
929
1270
1576
1837
2084
2298
2489
2654
2803
2934
3034
3119
3170
3187
3176
3121
2990
2792
2514
2147
1692
1157
553
-116
-831
-1594
-2359
-3139
-3880
-4547
-5150
-5602
-5910
-6106
-6184
-6097
-5822
-5404
-4855
-4196
-3440
-2663
-1866
-1035
-240
491
1134
1678
2111
2442
2667
2813
2843
2772
2667
2486
2259
2022
1808
1592
1397
1244
1119
1023
982
976
970
1014
1045
1079
1119
1149
1175
1179
1161
1080
962
810
654
491
323
160
1
-129
-227
-294
-336
-316
-272
-186
-39
118
282
452
633
814
976
1117
1247
1319
1351
1372
1345
1298
1219
1109
983
849
723
592
436
289
158
27
-103
-226
-327
-414
-520
-653
-796
-963
-1140
-1322
-1555
-1822
-2095
-2389
-2679
-2929
-3166
-3377
-3532
-3631
-3663
-3623
-3482
-3232
-2907
-2544
-2120
-1635
-1128
-621
-131
360
804
1170
1465
1671
1798
1850
1834
1741
1576
1342
1069
794
502
215
-31
-249
-419
-518
-555
-525
-432
-259
-17
281
621
983
1365
1741
2095
2409
2691
2932
3088
3162
3178
3131
3028
2881
2701
2490
2241
1988
1757
1538
1319
1111
934
784
651
539
416
269
104
-64
-241
-454
-687
-923
-1180
-1450
-1684
-1895
-2083
-2233
-2332
-2367
-2361
-2330
-2248
-2113
-1935
-1706
-1463
-1194
-926
-693
-505
-347
-217
-163
-175
-238
-364
-557
-776
-1010
-1260
-1496
-1697
-1850
-1948
-1984
-1983
-1912
-1778
-1595
-1361
-1093
-796
-498
-219
60
336
557
726
824
857
844
791
713
610
479
329
197
91
-7
-84
-105
-76
-1
115
264
454
685
960
1247
1536
1832
2113
2371
2587
2765
2909
3002
3037
3011
2932
2811
2665
2502
2303
2071
1798
1512
1231
952
695
433
171
-69
-307
-546
-790
-1033
-1237
-1417
-1606
-1790
-1935
-2043
-2139
-2215
-2246
-2242
-2232
-2184
-2097
-1984
-1844
-1681
-1490
-1283
-1067
-850
-625
-398
-184
24
201
339
448
532
572
571
552
504
414
305
193
55
-94
-244
-403
-536
-652
-753
-815
-860
-881
-869
-832
-789
-734
-657
-568
-482
-393
-305
-238
-169
-101
-57
-22
1
20
39
62
100
146
174
189
225
294
383
496
611
709
832
971
1090
1207
1327
1433
1516
1591
1638
1668
1676
1657
1629
1585
1513
1417
1305
1171
1026
879
730
574
411
240
66
-97
-256
-415
-571
-710
-831
-941
-1039
-1118
-1173
-1201
-1203
-1205
-1190
-1157
-1116
-1061
-1007
-954
-883
-800
-713
-603
-488
-378
-267
-152
-27
103
236
356
452
542
616
662
691
687
646
587
503
393
253
103
-57
-227
-394
-551
-680
-786
-879
-945
-983
-997
-988
-952
-896
-829
-758
-686
-607
-521
-445
-374
-301
-234
-163
-100
-39
18
59
105
147
185
225
277
329
367
408
458
512
569
618
663
692
705
716
714
700
688
680
681
679
664
653
645
623
612
626
637
623
606
581
553
524
483
446
394
325
256
182
104
19
-68
-141
-220
-291
-341
-384
-400
-393
-385
-369
-334
-294
-255
-207
-168
-125
-90
-62
-29
1
8
8
3
-11
-24
-42
-72
-109
-131
-147
-174
-206
-230
-261
-289
-318
-355
-391
-441
-494
-541
-589
-637
-684
-717
-749
-779
-803
-826
-833
-820
-797
-768
-731
-688
-628
-558
-483
-398
-320
-257
-189
-107
-22
49
114
178
240
297
350
386
411
435
457
482
496
490
486
484
477
465
444
421
410
407
415
434
448
467
492
519
561
610
651
677
700
720
741
760
756
741
719
690
660
615
559
514
468
415
368
328
291
260
232
207
183
152
116
79
20
-47
-110
-178
-252
-329
-404
-488
-569
-629
-682
-716
-724
-729
-729
-710
-670
-624
-574
-527
-488
-435
-376
-336
-321
-338
-357
-371
-399
-451
-515
-589
-648
-698
-749
-791
-820
-821
-798
-758
-706
-645
-567
-474
-368
-259
-161
-75
15
106
179
226
259
273
282
293
295
291
275
274
283
293
316
336
373
416
466
516
568
618
649
677
714
740
743
742
733
724
712
680
640
598
564
546
539
523
503
483
466
468
469
457
449
442
422
388
343
285
224
174
116
41
-34
-106
-176
-229
-274
-332
-384
-437
-487
-515
-534
-554
-583
-610
-624
-634
-644
-657
-658
-653
-648
-645
-641
-636
-626
-607
-581
-555
-535
-508
-473
-427
-381
-340
-307
-274
-225
-175
-125
-84
-58
-27
10
43
70
95
110
124
143
161
173
188
197
201
210
221
226
232
237
242
252
257
260
262
263
273
282
279
279
283
294
307
307
302
299
292
288
283
267
245
224
201
167
135
110
77
38
12
-9
-34
-51
-60
-66
-65
-60
-56
-51
-50
-49
-38
-33
-30
-18
-13
-9
-9
-17
-17
-14
-11
-6
-10
-22
-27
-20
-7
-6
-15
-27
-35
-44
-60
-73
-90
-114
-129
-140
-152
-167
-183
-200
-213
-223
-230
-236
-239
-233
-216
-197
-174
-151
-131
-97
-53
-19
15
48
85
119
144
163
173
179
184
188
188
185
172
156
141
126
109
89
61
38
25
14
-1
-24
-44
-52
-58
-71
-88
-102
-112
-116
-117
-121
-130
-136
-137
-135
-137
-143
-142
-136
-132
-123
-109
-97
-86
-71
-55
-42
-26
-14
-6
13
27
27
25
19
16
22
29
32
28
23
29
38
42
48
52
60
71
85
102
115
127
143
157
173
187
193
194
196
200
205
208
208
214
219
217
211
202
196
186
177
173
163
143
121
103
88
67
38
10
-14
-36
-57
-80
-96
-107
-118
-131
-144
-159
-178
-191
-196
-202
-209
-218
-223
-227
-228
-227
-225
-228
-235
-235
-230
-225
-223
-220
-210
-200
-193
-189
-182
-171
-160
-147
-132
-121
-105
-86
-69
-50
-29
-11
13
41
66
91
111
131
152
173
194
211
224
232
237
243
250
246
237
227
218
209
195
179
166
155
147
135
115
94
76
58
37
17
-1
-19
-29
-37
-46
-59
-73
-85
-88
-85
-79
-74
-68
-54
-32
-13
1
15
31
44
55
61
65
67
63
61
56
45
26
3
-18
-37
-56
-75
-96
-113
-127
-138
-151
-164
-173
-180
-177
-169
-164
-156
-145
-135
-123
-111
-99
-86
-73
-60
-42
-27
-14
0
14
26
37
42
47
56
64
78
87
95
104
114
121
124
123
125
127
129
131
129
126
121
115
112
108
100
90
82
77
71
65
56
50
44
44
48
46
44
44
44
44
42
34
22
10
2
-10
-21
-33
-44
-54
-67
-86
-104
-116
-127
-137
-143
-150
-156
-162
-162
-158
-155
-153
-148
-145
-143
-142
-138
-137
-139
-136
-133
-132
-133
-131
-126
-117
-108
-99
-87
-76
-65
-48
-33
-19
-5
13
31
49
62
74
89
106
117
129
141
148
152
158
163
166
169
171
177
183
191
198
202
204
205
202
196
187
180
177
175
167
155
141
127
112
96
81
63
44
25
10
-7
-22
-32
-42
-49
-56
-63
-70
-76
-82
-85
-83
-85
-89
-93
-92
-92
-97
-108
-118
-123
-126
-127
-131
-139
-141
-140
-140
-144
-148
-147
-148
-147
-146
-144
-142
-139
-136
-132
-131
-128
-124
-119
-112
-104
-98
-92
-84
-72
-58
-41
-26
-14
1
20
35
49
62
79
99
118
133
143
153
165
173
179
178
176
173
169
165
161
154
147
141
135
131
125
115
104
96
91
85
80
75
70
66
61
54
44
