-2
-2
-3
-2
-1
-2
-1
0
1
2
3
3
4
4
5
6
7
8
8
9
9
9
10
10
11
12
13
12
12
13
13
14
14
15
15
16
16
16
17
18
18
18
16
16
15
14
12
10
8
5
2
0
-3
-5
-7
-10
-12
-15
-18
-21
-24
-25
-29
-31
-34
-36
-38
-41
-44
-47
-52
-57
-64
-74
-82
-88
-93
-98
-103
-107
-112
-114
-114
-114
-111
-108
-108
-108
-112
-114
-114
-116
-119
-124
-133
-140
-143
-140
-130
-110
-88
-59
-21
21
69
124
185
249
308
359
399
434
462
487
507
515
519
526
539
566
604
653
709
760
800
834
859
879
885
867
819
730
617
497
373
247
120
-5
-125
-239
-332
-398
-444
-475
-497
-510
-513
-509
-510
-516
-531
-562
-601
-632
-677
-752
-828
-888
-933
-965
-993
-1034
-1075
-1109
-1125
-1118
-1116
-1126
-1155
-1204
-1263
-1321
-1358
-1364
-1370
-1367
-1353
-1346
-1315
-1260
-1177
-1075
-975
-877
-777
-651
-505
-373
-245
-108
65
284
515
748
966
1183
1410
1646
1888
2087
2232
2343
2423
2506
2589
2639
2645
2604
2584
2586
2593
2613
2610
2573
2500
2397
2273
2110
1904
1633
1295
947
583
200
-223
-636
-977
-1281
-1499
-1628
-1658
-1567
-1409
-1182
-886
-534
-97
334
720
1023
1189
1281
1245
1097
862
506
42
-529
-1121
-1637
-2082
-2460
-2798
-3063
-3184
-3215
-3139
-3002
-2858
-2717
-2653
-2622
-2601
-2639
-2719
-2871
-3070
-3229
-3349
-3373
-3317
-3146
-2852
-2484
-2007
-1436
-783
-85
529
1025
1414
1717
1971
2092
2080
1918
1657
1392
1151
1025
991
998
1045
1158
1450
1908
2441
2995
3477
3964
4424
4826
5178
5377
5434
5327
5068
4734
4323
3858
3263
2534
1844
1220
708
237
-217
-590
-938
-1226
-1422
-1541
-1577
-1643
-1769
-1888
-1938
-1859
-1777
-1663
-1472
-1225
-873
-393
210
865
1453
1928
2295
2556
2708
2642
2333
1764
975
37
-938
-1889
-2851
-3803
-4644
-5302
-5771
-6002
-6047
-6018
-5975
-5900
-5812
-5708
-5604
-5510
-5505
-5586
-5631
-5551
-5242
-4788
-4236
-3556
-2741
-1792
-712
394
1437
2307
2972
3478
3811
3993
3987
3764
3344
2854
2385
1987
1707
1561
1541
1653
1863
2205
2697
3297
3911
4404
4845
5260
5639
5982
6212
6331
6342
6196
5961
5634
5269
4855
4259
3606
2950
2316
1697
1033
413
-186
-757
-1249
-1720
-2092
-2439
-2841
-3213
-3556
-3728
-3758
-3756
-3659
-3485
-3117
-2538
-1865
-1044
-155
705
1470
2051
2517
2806
2839
2554
1912
1064
46
-1087
-2203
-3292
-4263
-5130
-5864
-6321
-6513
-6449
-6290
-6139
-5957
-5779
-5608
-5506
-5517
-5564
-5665
-5747
-5734
-5576
-5167
-4587
-3845
-2931
-1805
-471
881
2185
3389
4377
5118
5562
5778
5781
5472
4958
4269
3560
2928
2346
1895
1572
1381
1399
1575
1960
2520
3124
3758
4321
4947
5617
6252
6786
7126
7346
7424
7357
7225
6949
6494
5830
4941
4071
3224
2359
1422
401
-574
-1464
-2244
-2908
-3493
-4030
-4572
-5123
-5580
-5896
-6035
-6150
-6267
-6231
-5981
-5494
-4787
-3850
-2748
-1627
-554
511
1565
2570
3289
3582
3486
3062
2442
1636
702
-315
-1434
-2574
-3593
-4379
-4844
-5066
-5185
-5312
-5422
-5420
-5392
-5390
-5455
-5621
-5863
-6170
-6396
-6400
-6146
-5652
-5031
-4229
-3162
-1830
-268
1347
2886
4279
5448
6372
7019
7412
7484
7167
6547
5715
4872
4115
3377
2653
1967
1474
1239
1187
1415
1834
2330
2833
3317
3991
4753
5488
6090
6448
6704
6864
6866
6769
6513
6107
5415
4411
3378
2408
1548
578
-576
-1705
-2767
-3703
-4455
-5094
-5607
-6119
-6719
-7265
-7622
-7652
-7540
-7398
-7211
-6913
-6294
-5323
-4109
-2697
-1231
215
1571
2824
4081
5172
5919
6142
5855
5334
4619
3630
2435
1078
-345
-1790
-3124
-4083
-4694
-5070
-5396
-5712
-5846
-5790
-5619
-5454
-5403
-5441
-5573
-5700
-5680
-5500
-5111
-4582
-3953
-3091
-1875
-294
1356
2871
4317
5689
6877
7725
8199
8364
8137
7429
6309
5066
3884
2648
1390
201
-758
-1404
-1763
-1805
-1556
-1066
-448
245
1086
2091
3189
4255
5050
5657
6184
6582
6803
6790
6651
6347
5682
4701
3618
2635
1721
571
-728
-1961
-3027
-3957
-4841
-5528
-6012
-6467
-6982
-7474
-7702
-7697
-7657
-7533
-7316
-6887
-6219
-5341
-4137
-2659
-944
867
2543
4181
5784
7234
8320
8777
8790
8419
7628
6472
4944
3339
1716
-33
-1662
-2984
-3854
-4421
-4900
-5163
-5277
-5334
-5356
-5401
-5393
-5470
-5705
-5995
-6282
-6363
-6199
-5787
-5087
-4195
-3050
-1593
29
1721
3374
4896
6063
6698
6992
7060
6810
6087
4909
3547
2192
849
-400
-1465
-2278
-2912
-3382
-3519
-3252
-2723
-2025
-1203
-270
809
2021
3313
4451
5426
6341
7138
7680
7974
8062
7925
7424
6500
5371
4268
3162
1839
430
-852
-1933
-2918
-3756
-4352
-4746
-5112
-5595
-6040
-6275
-6327
-6360
-6402
-6351
-6108
-5701
-4964
-3841
-2358
-691
991
2755
4542
6301
7902
9119
9801
9929
9578
8847
7640
6124
4470
2683
755
-1175
-2726
-3901
-4822
-5575
-6170
-6583
-6921
-7226
-7420
-7576
-7712
-7972
-8310
-8454
-8414
-8064
-7452
-6601
-5479
-4160
-2550
-802
903
2623
4166
5408
6233
6641
6822
6604
5938
4883
3649
2397
1033
-299
-1517
-2553
-3405
-4100
-4420
-4365
-4013
-3410
-2663
-1634
-321
1199
2850
4366
5840
7222
8382
9302
9867
10210
10264
9796
8880
7697
6497
5263
3735
2165
717
-537
-1652
-2676
-3363
-3821
-4300
-4891
-5449
-5746
-5899
-6177
-6459
-6638
-6559
-6255
-5794
-4929
-3655
-2028
-201
1690
3721
5809
7682
9188
10135
10674
10771
10240
9160
7559
5708
3663
1378
-870
-2820
-4456
-5806
-6963
-7730
-8114
-8327
-8426
-8523
-8451
-8363
-8421
-8529
-8677
-8702
-8516
-8234
-7727
-6964
-5872
-4407
-2828
-1089
738
2588
4299
5602
6580
7219
7410
7163
6447
5378
4062
2492
893
-734
-2245
-3533
-4587
-5238
-5535
-5432
-4949
-4159
-3081
-1664
140
2226
4214
6025
7740
9377
10853
11945
12647
12863
12565
11700
10430
9063
7711
6141
4302
2408
750
-545
-1616
-2449
-3117
-3656
-4280
-4966
-5509
-5862
-6221
-6748
-7311
-7736
-7896
-7768
-7261
-6315
-4933
-3221
-1187
1084
3513
5931
8063
9799
10984
11582
11562
10879
9539
7679
5457
3099
716
-1578
-3614
-5388
-6789
-7782
-8319
-8512
-8536
-8529
-8538
-8559
-8563
-8606
-8800
-9093
-9376
-9457
-9304
-8883
-8101
-6964
-5603
-4011
-2179
-187
1857
3674
5118
6116
6780
7069
6893
6258
5182
3848
2325
756
-710
-2042
-3199
-4095
-4723
-4894
-4629
-3883
-2755
-1469
145
2039
4137
6176
8056
9867
11442
12579
13323
13633
13624
13070
11835
10331
8727
7185
5434
3550
1861
393
-816
-1811
-2577
-3004
-3470
-4131
-4791
-5366
-5733
-6271
-6993
-7670
-8175
-8312
-8165
-7590
-6450
-4938
-3110
-1026
1330
3964
6426
8505
10040
11017
11501
11308
10461
8922
6867
4560
2098
-382
-2699
-4758
-6485
-7930
-8975
-9569
-9863
-9930
-9991
-10036
-10006
-9929
-9873
-9856
-9801
-9641
-9301
-8760
-7968
-6882
-5510
-3913
-2154
-335
1509
3262
4773
5966
6804
7326
7461
7136
6346
5220
3949
2612
1254
-129
-1444
-2499
-3317
-3837
-3907
-3619
-2943
-2029
-820
834
2769
4852
6804
8576
10247
11707
12934
13814
14180
14092
13335
12097
10637
9096
7580
5772
3734
1728
-64
-1477
-2600
-3516
-4288
-5172
-6014
-6770
-7311
-7602
-8039
-8596
-9130
-9442
-9399
-8978
-8137
-6932
-5485
-3757
-1788
523
3050
5388
7378
8873
9884
10436
10475
9923
8746
7007
4894
2592
361
-1708
-3683
-5561
-7249
-8514
-9307
-9727
-9916
-10012
-10085
-10117
-10056
-9853
-9530
-9161
-8853
-8586
-8152
-7331
-6073
-4542
-2917
-1308
362
2183
4050
5841
7326
8324
8819
8798
8411
7742
6815
5577
3933
2087
269
-1318
-2517
-3407
-3983
-4192
-4092
-3549
-2592
-1129
790
2858
4970
6903
8705
10459
11993
13221
13976
14186
13926
13043
11717
10143
8420
6637
4583
2441
408
-1379
-2799
-4007
-5061
-5896
-6614
-7199
-7727
-8182
-8510
-8944
-9434
-9876
-10128
-10044
-9673
-8999
-7966
-6639
-4867
-2607
-67
2578
5044
7258
9172
10623
11596
12007
11763
10752
8918
6673
4411
2155
-150
-2580
-4842
-6654
-8051
-8963
-9428
-9551
-9544
-9616
-9631
-9404
-8961
-8552
-8424
-8395
-8208
-7760
-6992
-5982
-4724
-3279
-1743
-95
1766
3808
5775
7343
8357
8910
9106
8930
8320
7295
5912
4212
2304
444
-1197
-2540
-3594
-4426
-4914
-5020
-4627
-3725
-2479
-870
962
2924
4958
6869
8723
10450
11832
12801
13146
13073
12589
11606
10315
8679
6906
4993
2871
806
-1081
-2584
-3694
-4738
-5613
-6326
-6856
-7224
-7593
-7807
-8002
-8301
-8657
-9014
-9084
-8749
-8174
-7354
-6272
-4743
-2664
-263
2217
4570
6795
8839
10489
11639
12273
12302
11574
10038
7983
5848
3698
1390
-1102
-3494
-5441
-6949
-8072
-8765
-9122
-9311
-9470
-9573
-9432
-9087
-8716
-8515
-8486
-8390
-8059
-7419
-6479
-5287
-3944
-2514
-954
802
2668
4507
6039
7069
7642
7857
7767
7289
6409
5117
3538
1833
160
-1379
-2738
-3918
-4886
-5540
-5750
-5485
-4809
-3799
-2530
-936
914
2988
5101
7065
8909
10563
11873
12817
13346
13420
12968
11942
10559
8943
7209
5246
3090
1003
-846
-2392
-3683
-4765
-5559
-6178
-6687
-7048
-7276
-7265
-7284
-7506
-7823
-8014
-7929
-7582
-7027
-6222
-5169
-3775
-2045
-21
2406
4928
7217
9099
10626
11828
12601
12788
12295
11070
9244
6989
4514
2087
-288
-2615
-4838
-6747
-8182
-9103
-9563
-9718
-9804
-9784
-9608
-9304
-8873
-8455
-8106
-7865
-7576
-7047
-6271
-5243
-4056
-2848
-1556
-163
1361
2924
4332
5431
6064
6315
6277
5917
5283
4360
3095
1536
-122
-1613
-2948
-4077
-4985
-5751
-6212
-6245
-5855
-5052
-3959
-2568
-878
1035
3096
5135
7176
9064
10617
11859
12800
13330
13282
12602
11478
10039
8416
6621
4610
2617
676
-1121
-2600
-3664
-4362
-4896
-5397
-5810
-6089
-6168
-6119
-6147
-6281
-6516
-6707
-6677
-6334
-5629
-4673
-3554
-2164
-390
1782
4200
6565
8690
10449
11754
12645
13102
13027
12236
10709
8661
6323
3924
1593
-683
-2898
-5004
-6805
-8073
-8823
-9171
-9406
-9611
-9743
-9817
-9727
-9447
-9115
-8858
-8725
-8550
-8127
-7360
-6263
-5103
-3889
-2625
-1351
34
1458
2754
3726
4216
4359
4271
3973
3462
2659
1610
397
-798
-1829
-2740
-3529
-4238
-4783
-4956
-4822
-4369
-3687
-2845
-1737
-395
1213
3076
5053
6985
8702
10177
11493
12592
13392
13653
13362
12561
11353
9877
8221
6462
4566
2663
859
-743
-2016
-2935
-3625
-4141
-4638
-4991
-5158
-5234
-5306
-5537
-5800
-6029
-6127
-6002
-5647
-5057
-4277
-3328
-1926
-106
2003
4108
5931
7598
8985
10047
10684
10808
10427
9398
7719
5730
3585
1502
-582
-2689
-4605
-6321
-7653
-8624
-9245
-9500
-9608
-9692
-9718
-9681
-9414
-9078
-8782
-8491
-8215
-7755
-7127
-6322
-5333
-4266
-3124
-1962
-806
473
1653
2655
3409
3855
4122
4169
4072
3792
3223
2529
1743
913
178
-541
-1092
-1577
-2072
-2414
-2574
-2428
-2038
-1543
-823
27
1102
2445
3952
5700
7298
8704
9963
10975
11878
12493
12673
12451
11667
10562
9245
7763
6251
4537
2820
1137
-427
-1687
-2721
-3508
-4163
-4843
-5373
-5814
-6063
-6180
-6440
-6698
-7002
-7214
-7158
-6841
-6154
-5315
-4433
-3322
-1935
-40
2077
3972
5634
7030
8178
8968
9409
9593
9232
8165
6490
4464
2556
693
-1287
-3334
-5318
-6959
-8267
-9235
-9761
-9993
-10039
-10038
-9925
-9520
-8978
-8404
-7978
-7665
-7241
-6745
-6113
-5343
-4530
-3622
-2637
-1509
-210
1159
2505
3612
4429
5046
5525
5907
6058
5826
5193
4258
3311
2375
1423
537
-352
-1254
-2091
-2752
-3069
-3077
-2846
-2459
-1994
-1287
-339
883
2311
3812
5306
6682
7964
9139
10134
10963
11462
11490
11108
10369
9507
8484
7267
5833
4226
2652
1144
-212
-1286
-2187
-3070
-4028
-4937
-5504
-5853
-6147
-6553
-7012
-7336
-7529
-7535
-7259
-6667
-5875
-5082
-4111
-2675
-854
1161
3072
4832
6491
7888
8930
9615
9969
9865
9106
7804
6207
4470
2636
648
-1425
-3405
-5136
-6520
-7556
-8282
-8766
-9074
-9235
-9252
-9077
-8774
-8497
-8323
-8179
-7964
-7601
-7097
-6528
-5858
-5019
-3983
-2758
-1413
-21
1368
2632
3689
4543
5229
5686
5825
5668
5220
4563
3776
2822
1804
768
-239
-1076
-1849
-2543
-3119
-3536
-3692
-3685
-3482
-3071
-2501
-1800
-1019
-24
1260
2732
4207
5514
6741
7940
9008
9965
10723
11263
11480
11156
10503
9712
8828
7799
6451
4944
3399
1828
372
-992
-2168
-3183
-4191
-5115
-5894
-6388
-6634
-6834
-6943
-6911
-6708
-6293
-5752
-5025
-4152
-3168
-2005
-711
770
2370
3896
5303
6519
7520
8303
8744
8859
8528
7719
6571
5103
3458
1689
-199
-2081
-3958
-5727
-7218
-8449
-9342
-9974
-10443
-10754
-10925
-10837
-10531
-10158
-9721
-9233
-8634
-7895
-7041
-6030
-4971
-3905
-2822
-1706
-438
889
2121
3151
3926
4557
5056
5407
5588
5482
5093
4464
3707
2968
2244
1486
667
-201
-996
-1649
-2100
-2371
-2593
-2738
-2772
-2631
-2228
-1614
-880
-50
811
1802
2990
4283
5627
6887
7951
8856
9704
10471
11062
11368
11340
10945
10250
9363
8379
7284
5942
4378
2733
1129
-363
-1749
-2984
-4026
-4977
-5800
-6431
-6774
-6832
-6815
-6670
-6368
-5911
-5268
-4567
-3761
-2774
-1732
-698
274
1232
2182
2985
3668
4194
4563
4698
4480
4042
3470
2763
1878
723
-537
-1764
-2985
-4072
-5013
-5847
-6593
-7311
-7884
-8159
-8157
-8037
-7971
-7891
-7681
-7334
-6794
-6140
-5454
-4823
-4277
-3697
-3001
-2112
-1044
-5
880
1645
2377
3198
4014
4668
5076
5221
5154
4871
4484
4073
3536
2816
1930
1073
457
23
-308
-657
-976
-1082
-1039
-881
-650
-437
-244
-145
-37
197
489
837
1110
1344
1788
2455
3293
4158
4974
5836
6713
7517
8195
8746
9208
9311
8905
8164
7275
6390
5313
3928
2440
986
-345
-1593
-2713
-3516
-4168
-4822
-5418
-5796
-5751
-5482
-5262
-5101
-4868
-4463
-3962
-3441
-2826
-2214
-1690
-1292
-956
-476
67
462
690
807
868
853
742
596
380
118
-236
-649
-1005
-1297
-1546
-1847
-2271
-2709
-3089
-3405
-3700
-4074
-4447
-4815
-5130
-5342
-5415
-5348
-5225
-5084
-4799
-4247
-3464
-2560
-1667
-804
21
852
1701
2523
3225
3709
3917
3970
3960
3951
3938
3782
3519
3175
2786
2467
2254
2126
1995
1714
1357
976
651
438
232
21
-286
-721
-1106
-1361
-1402
-1310
-1251
-1115
-895
-495
102
857
1867
2941
3963
4945
5840
6804
7696
8350
8808
8955
8838
8385
7552
6611
5584
4466
3195
1732
315
-1040
-2276
-3336
-4303
-5109
-5832
-6530
-7091
-7515
-7677
-7705
-7742
-7678
-7530
-7147
-6553
-5837
-4933
-3968
-3013
-2070
-1184
-223
646
1325
1860
2145
2307
2330
2223
2080
1855
1622
1304
893
648
452
274
90
-213
-550
-959
-1369
-1753
-2168
-2587
-3093
-3588
-3913
-4143
-4177
-4044
-3765
-3296
-2756
-2059
-1205
-299
681
1604
2408
3129
3721
4269
4696
4969
5085
4978
4767
4484
4139
3750
3257
2688
2103
1524
1027
571
153
-254
-683
-1024
-1290
-1527
-1699
-1858
-2006
-2155
-2281
-2267
-2162
-2053
-1945
-1747
-1382
-944
-433
231
1032
1938
2846
3687
4500
5235
5869
6335
6559
6589
6397
5957
5251
4330
3338
2255
1050
-208
-1461
-2576
-3499
-4271
-4916
-5446
-5787
-5997
-6123
-6057
-5798
-5424
-5088
-4813
-4486
-4075
-3575
-2956
-2256
-1561
-955
-383
225
903
1696
2490
3129
3612
3967
4235
4486
4656
4698
4547
4174
3626
2980
2333
1666
880
-3
-906
-1816
-2693
-3454
-4031
-4491
-4857
-5131
-5312
-5343
-5213
-4951
-4559
-4071
-3503
-2871
-2200
-1500
-783
-16
793
1600
2332
2986
3605
4138
4556
4882
5062
5041
4885
4585
4127
3566
2959
2275
1490
667
-136
-856
-1473
-2032
-2542
-2985
-3427
-3787
-3987
-4064
-4075
-4058
-3960
-3773
-3493
-3065
-2518
-1888
-1239
-590
170
973
1826
2706
3510
4274
4936
5491
6006
6362
6572
6603
6390
6005
5442
4816
4121
3277
2358
1337
280
-719
-1668
-2469
-3164
-3761
-4223
-4584
-4733
-4705
-4557
-4257
-3905
-3440
-2886
-2309
-1639
-976
-330
305
854
1366
1810
2212
2557
2744
2894
2938
2900
2833
2637
2377
2022
1588
1103
488
-117
-710
-1391
-2044
-2662
-3193
-3639
-4033
-4273
-4404
-4431
-4347
-4165
-3806
-3355
-2835
-2248
-1657
-1001
-365
241
862
1418
1928
2344
2631
2898
3084
3213
3256
3162
2997
2702
2330
1912
1427
935
365
-255
-866
-1483
-1996
-2468
-2884
-3185
-3434
-3577
-3644
-3652
-3528
-3311
-2991
-2623
-2264
-1842
-1410
-956
-470
29
569
1037
1412
1779
2115
2450
2767
3029
3237
3309
3305
3270
3236
3202
3113
2999
2832
2610
2393
2172
1995
1824
1588
1352
1094
826
576
318
101
-100
-321
-549
-782
-928
-1003
-1066
-1080
-1068
-1017
-937
-845
-698
-525
-318
-119
34
188
318
425
530
619
689
700
642
549
442
364
283
147
-11
-174
-319
-450
-597
-729
-850
-966
-1058
-1139
-1170
-1145
-1151
-1202
-1277
-1338
-1341
-1320
-1300
-1295
-1320
-1387
-1463
-1475
-1424
-1352
-1279
-1241
-1197
-1102
-987
-854
-720
-614
-555
-557
-564
-580
-644
-732
-838
-940
-1035
-1101
-1123
-1132
-1092
-1002
-857
-655
-451
-228
20
283
555
790
1031
1276
1430
1539
1620
1690
1792
1873
1913
1927
1936
1947
1906
1870
1882
1840
1754
1631
1509
1432
1360
1300
1226
1133
1041
927
854
812
752
694
603
508
450
442
463
451
436
477
543
606
684
777
848
873
895
897
891
861
756
621
466
291
127
-65
-266
-445
-613
-754
-901
-1025
-1130
-1258
-1384
-1506
-1602
-1667
-1750
-1832
-1910
-1957
-1949
-1910
-1847
-1787
-1723
-1622
-1513
-1389
-1248
-1121
-1022
-976
-946
-890
-840
-795
-783
-788
-783
-787
-754
-712
-682
-628
-585
-545
-493
-402
-278
-195
-113
-12
79
170
235
311
412
482
535
579
623
664
678
676
651
635
651
671
677
670
683
713
730
763
806
835
826
772
738
713
668
629
582
539
494
464
489
539
631
750
844
956
1105
1285
1447
1558
1657
1730
1761
1750
1700
1664
1595
1461
1329
1191
1051
922
783
650
507
365
232
92
-44
-197
-352
-499
-687
-879
-1040
-1187
-1315
-1431
-1527
-1611
-1688
-1743
-1783
-1803
-1795
-1774
-1745
-1715
-1668
-1602
-1532
-1433
-1311
-1188
-1084
-994
-880
-752
-641
-546
-457
-385
-350
-317
-252
-184
-123
-54
17
70
101
156
218
230
206
173
130
56
-34
-108
-183
-280
-370
-430
-444
-425
-390
-339
-283
-224
-149
-60
37
126
211
280
324
385
458
523
576
629
694
748
789
838
904
963
1013
1057
1082
1083
1072
1054
1017
972
910
836
748
644
551
480
400
304
235
185
141
104
96
111
123
126
130
142
152
155
159
159
137
98
75
53
17
-18
-51
-93
-140
-180
-196
-201
-212
-223
-247
-283
-312
-338
-363
-392
-427
-459
-498
-526
-538
-546
-558
-561
-535
-498
-454
-396
-343
-289
-240
-210
-180
-152
-129
-114
-121
-145
-174
-199
-221
-249
-272
-278
-294
-322
-321
-290
-266
-258
-255
-244
-222
-183
-138
-93
-65
-49
-13
31
75
128
184
222
241
264
303
337
363
377
389
403
413
431
456
468
457
432
404
370
332
299
256
196
129
74
30
-10
-40
-70
-108
-149
-178
-189
-188
-202
-218
-225
-245
-263
-270
-264
-258
-256
-244
-230
-228
-217
-184
-150
-140
-142
-141
-149
-158
-152
-150
-157
-170
-163
-132
-94
-42
28
95
146
195
259
328
383
432
468
484
484
484
485
482
462
439
408
369
338
304
268
237
202
158
109
56
6
-44
-99
-151
-195
-240
-286
-316
-328
-337
-344
-339
-323
-307
-279
-224
-165
-105
-37
34
110
182
260
347
414
456
482
499
500
485
461
417
347
263
182
115
54
-7
-64
-130
-196
-246
-280
-304
-332
-367
-412
-460
-502
-533
-554
-571
-587
-594
-593
-577
-540
-481
-410
-346
-289
-228
-158
-93
-37
7
40
58
70
80
93
104
100
89
73
57
51
48
43
25
-1
-30
-61
-76
-77
-79
-77
-79
-74
-62
-43
-21
-1
19
32
37
46
66
88
108
114
119
129
136
147
160
173
181
173
167
162
153
149
144
139
133
123
126
139
150
170
195
216
232
255
291
318
337
349
354
360
364
362
365
374
377
374
370
360
348
335
322
297
256
205
146
91
36
-23
-87
-153
-214
-263
-299
-319
-337
-353
-358
-351
-343
-329
-305
-279
-259
-240
-224
-206
-189
-175
-165
-165
-167
-168
-162
-155
-159
-168
-179
-188
-195
-204
-213
-228
-248
-262
-267
-273
-290
-305
-309
-317
-327
-337
-345
-344
-333
-310
-281
-254
-227
-190
-149
-103
-58
-16
24
54
71
91
113
128
135
140
136
126
121
123
126
124
121
122
120
123
133
145
157
172
193
216
241
272
306
344
380
412
439
467
494
514
527
533
531
523
508
489
466
431
394
357
313
260
200
143
86
21
-43
-109
-167
-216
-267
-315
-354
-380
-394
-397
-389
-367
-340
-313
-290
-259
-227
-195
-158
-121
-82
-53
-35
-14
5
16
23
26
23
17
11
3
-9
-22
-41
-68
-97
-126
-153
-169
-190
-215
-240
-262
-274
-275
-267
-252
-240
-228
-211
-188
-153
-109
-70
-36
-7
23
57
89
120
141
148
142
132
123
115
107
101
86
61
42
33
33
42
45
41
32
23
19
17
15
13
2
-15
-25
-22
-7
12
20
22
27
37
63
98
128
149
161
167
183
192
194
186
159
122
85
51
21
-3
-28
-57
-88
-111
-117
-108
-92
-76
-64
-56
-41
-16
15
42
61
71
72
63
57
57
60
62
59
47
39
38
42
51
50
40
22
3
-15
-30
-46
-70
-99
-128
-159
-177
-187
-190
-185
-183
-181
-169
-150
-120
-81
-49
-20
3
25
51
78
99
110
109
101
94
91
92
97
96
89
78
67
61
59
53
37
19
4
-11
-17
-20
-22
-28
-41
-51
-49
-36
-16
4
19
28
37
49
72
91
104
109
103
91
74
57
45
29
8
-13
-36
-53
-66
-76
-82
-91
-107
-119
-123
-123
-124
-125
-134
-145
-150
-145
-133
-120
-106
-92
-75
-57
-32
-3
25
47
60
67
76
84
91
97
97
83
70
58
42
28
15
-2
-25
-50
-72
-84
-89
-88
-90
-95
-98
-98
-88
-72
-53
-34
-21
-9
9
32
58
81
101
120
139
160
181
201
217
226
225
221
214
205
192
174
148
117
85
53
23
0
-18
-40
-61
-78
-93
-104
-106
-106
-107
-108
-107
-106
-102
-93
-85
-77
-68
-57
-41
-23
-2
18
36
53
59
66
76
81
83
78
66
49
30
17
6
-9
-28
-46
-58
-71
-81
-89
-99
-113
-126
-136
-140
-142
-139
-131
-127
-122
-114
-97
-76
-58
-43
-25
-9
5
24
39
52
61
70
77
80
80
77
72
72
65
52
37
24
11
-2
-16
-31
-45
-54
-60
-64
-66
-65
-64
-65
-64
-58
-50
-40
-32
-24
-16
-9
0
17
33
48
60
69
77
85
95
100
100
98
93
89
81
76
72
68
59
48
37
28
23
18
11
2
-8
-14
-16
-15
-15
-16
-17
-17
-18
-11
3
16
28
40
53
65
80
99
113
121
122
119
113
106
98
87
74
56
38
22
8
-5
-18
-31
-44
-60
-73
-81
-89
-98
-108
-117
-125
-129
-129
-125
-122
-120
-118
-113
-103
-94
-82
-69
-58
-51
-42
-33
-25
-18
-16
-16
-15
-20
-22
-26
-30
-34
-41
-45
-51
-56
-58
-56
-55
-54
-54
-53
-55
-56
-55
-52
-47
-43
-37
-26
-14
-1
16
32
45
57
69
78
86
92
97
100
99
101
103
103
102
97
90
84
79
73
68
63
58
52
45
39
32
25
18
9
0
-3
-6
-5
-1
1
2
5
11
22
34
44
50
55
58
