7
6
6
5
5
5
6
6
6
5
5
5
4
5
5
4
4
4
3
3
3
2
2
2
1
0
0
-1
-2
-3
-4
-5
-7
-8
-8
-10
-11
-12
-15
-14
-16
-17
-18
-18
-20
-19
-20
-20
-19
-18
-18
-17
-16
-16
-15
-15
-13
-13
-12
-10
-9
-6
-4
-1
1
6
9
14
19
24
32
39
48
57
66
76
87
96
105
114
121
128
130
133
133
130
126
120
111
97
84
70
57
44
30
22
16
10
5
4
7
14
28
40
56
76
93
105
115
120
122
118
108
86
54
16
-31
-84
-137
-194
-259
-322
-386
-455
-521
-583
-643
-699
-761
-821
-881
-940
-993
-1037
-1076
-1110
-1133
-1135
-1117
-1082
-1034
-960
-854
-729
-589
-423
-238
-52
144
343
538
726
907
1088
1257
1397
1518
1625
1721
1798
1856
1901
1925
1922
1904
1871
1815
1728
1609
1461
1292
1108
904
662
394
135
-112
-360
-598
-809
-981
-1130
-1249
-1316
-1325
-1273
-1170
-1008
-782
-502
-180
196
614
1033
1430
1803
2145
2414
2582
2646
2609
2445
2150
1747
1251
669
30
-653
-1335
-1980
-2575
-3074
-3475
-3806
-4053
-4193
-4238
-4216
-4144
-4021
-3869
-3709
-3544
-3376
-3197
-3024
-2854
-2660
-2436
-2177
-1872
-1514
-1098
-646
-166
343
872
1408
1936
2445
2915
3326
3681
3986
4229
4391
4476
4466
4387
4267
4087
3847
3558
3213
2823
2391
1948
1510
1053
592
146
-261
-623
-963
-1261
-1508
-1717
-1899
-2036
-2104
-2124
-2101
-2032
-1921
-1749
-1526
-1242
-886
-478
-20
497
1104
1761
2408
3013
3559
4015
4346
4528
4565
4427
4071
3489
2727
1851
876
-189
-1297
-2365
-3373
-4300
-5086
-5673
-6093
-6394
-6568
-6607
-6500
-6284
-6001
-5702
-5417
-5119
-4816
-4521
-4210
-3893
-3559
-3197
-2819
-2357
-1759
-1071
-364
344
1071
1848
2650
3403
4094
4720
5237
5636
5931
6175
6377
6470
6425
6275
6072
5849
5583
5228
4808
4353
3853
3256
2610
2023
1470
845
161
-466
-972
-1410
-1823
-2211
-2532
-2761
-2938
-3017
-2987
-2861
-2696
-2537
-2316
-1978
-1517
-950
-331
311
1013
1823
2702
3529
4266
4914
5449
5762
5847
5787
5552
5006
4096
2905
1629
308
-1111
-2581
-3998
-5263
-6412
-7408
-8138
-8604
-8873
-9025
-9089
-8990
-8712
-8326
-7964
-7655
-7302
-6905
-6511
-6094
-5624
-5085
-4481
-3843
-3133
-2300
-1316
-273
726
1709
2708
3710
4640
5443
6152
6749
7196
7482
7639
7781
7895
7858
7644
7387
7192
7017
6746
6379
5979
5554
5034
4385
3735
3140
2506
1721
861
102
-522
-1123
-1713
-2228
-2636
-2968
-3229
-3372
-3376
-3256
-3083
-2883
-2583
-2104
-1455
-728
-1
731
1538
2482
3437
4262
4967
5571
6004
6143
6009
5736
5257
4396
3111
1631
214
-1263
-2918
-4615
-6151
-7469
-8673
-9679
-10310
-10669
-10901
-11047
-11006
-10722
-10318
-9854
-9407
-8993
-8531
-8013
-7434
-6785
-6103
-5319
-4435
-3504
-2503
-1334
37
1356
2486
3593
4753
5921
6925
7677
8279
8700
8942
9022
9025
9102
9143
8999
8691
8405
8297
8199
7928
7559
7144
6709
6112
5307
4496
3723
2852
1742
549
-432
-1259
-2071
-2846
-3536
-4015
-4347
-4544
-4564
-4410
-4099
-3788
-3477
-3028
-2394
-1598
-767
2
781
1594
2592
3579
4309
4894
5412
5775
5793
5514
5173
4645
3673
2241
626
-789
-2249
-3954
-5694
-7169
-8388
-9528
-10452
-10966
-11214
-11378
-11499
-11442
-11077
-10600
-10114
-9714
-9358
-8913
-8386
-7751
-7050
-6341
-5521
-4557
-3471
-2286
-963
542
1948
3116
4228
5407
6584
7534
8146
8584
8935
9178
9250
9272
9412
9535
9480
9329
9306
9504
9676
9638
9483
9247
8990
8522
7813
6978
6045
4947
3533
2039
790
-345
-1502
-2601
-3602
-4334
-4867
-5187
-5310
-5282
-5092
-4866
-4571
-4088
-3456
-2721
-1957
-1279
-572
137
1128
2198
2997
3611
4129
4599
4810
4704
4485
4086
3266
2015
441
-906
-2242
-3901
-5722
-7400
-8741
-9977
-11086
-11744
-12103
-12433
-12628
-12642
-12296
-11840
-11369
-10943
-10618
-10181
-9617
-8906
-8043
-7234
-6373
-5291
-4057
-2645
-1208
443
2179
3586
4862
6155
7460
8613
9316
9785
10189
10430
10612
10617
10658
10848
10904
10931
11024
11319
11695
11811
11794
11655
11347
10935
10129
9056
7874
6499
4944
3120
1351
-181
-1663
-3023
-4236
-5225
-5823
-6221
-6369
-6303
-6063
-5604
-5222
-4780
-4180
-3578
-2912
-2285
-1747
-1205
-728
-90
593
1148
1709
2129
2494
2720
2723
2630
2318
1709
810
-426
-1613
-2838
-4267
-5740
-7266
-8556
-9670
-10599
-11207
-11661
-11990
-12150
-12231
-12022
-11671
-11246
-10736
-10337
-9795
-9157
-8374
-7436
-6504
-5479
-4241
-2892
-1418
73
1691
3371
4783
6070
7195
8270
9198
9767
10172
10510
10667
10782
10808
10913
11218
11480
11754
11940
12273
12709
12995
13079
12914
12549
12038
11120
9847
8406
6798
5108
3121
1106
-673
-2241
-3664
-5019
-6101
-6749
-7193
-7487
-7596
-7400
-6903
-6559
-6269
-5798
-5177
-4527
-4040
-3526
-2881
-2316
-1760
-1059
-215
638
1257
1775
2270
2640
2891
2843
2538
1953
967
-260
-1528
-2842
-4265
-5861
-7395
-8731
-9925
-10771
-11341
-11684
-11921
-12056
-11976
-11691
-11263
-10766
-10314
-9808
-9180
-8466
-7549
-6500
-5315
-4077
-2740
-1197
438
2097
3782
5297
6587
7718
8697
9543
10103
10414
10516
10504
10497
10463
10397
10516
10776
11074
11405
11799
12336
12771
12994
13062
12918
12547
11890
10757
9311
7741
6093
4221
2122
140
-1616
-3209
-4604
-5733
-6493
-6989
-7426
-7669
-7630
-7267
-6840
-6618
-6436
-6172
-5861
-5534
-5188
-4752
-4327
-3944
-3440
-2651
-1570
-528
228
893
1617
2286
2711
2842
2780
2308
1329
46
-1261
-2533
-3926
-5533
-7139
-8502
-9487
-10157
-10675
-10968
-11094
-11110
-10958
-10576
-10024
-9378
-8802
-8326
-7801
-7073
-6132
-5148
-4155
-3042
-1781
-441
982
2471
4003
5402
6552
7481
8362
9210
9816
10152
10338
10465
10517
10561
10655
10945
11309
11674
11995
12270
12640
13026
13217
13102
12742
12160
11330
10103
8673
7100
5420
3520
1357
-665
-2301
-3709
-5123
-6408
-7353
-7955
-8475
-8812
-8852
-8641
-8436
-8436
-8353
-8043
-7567
-7122
-6729
-6221
-5609
-5013
-4155
-2996
-1809
-782
92
1084
2059
2856
3386
3650
3556
3004
1990
900
-50
-1149
-2570
-4189
-5562
-6696
-7637
-8366
-8912
-9339
-9631
-9823
-9835
-9611
-9236
-8860
-8679
-8449
-7997
-7304
-6440
-5491
-4526
-3414
-2056
-544
1021
2637
4265
5634
6733
7719
8678
9482
9983
10171
10195
10227
10372
10580
10772
11148
11613
12046
12477
12982
13543
13955
14019
13744
13231
12561
11620
10157
8375
6482
4521
2328
14
-2069
-3902
-5617
-7171
-8498
-9471
-10063
-10546
-10877
-10981
-10809
-10576
-10454
-10198
-9791
-9325
-8757
-8088
-7339
-6478
-5473
-4130
-2679
-1251
154
1451
2733
3813
4686
5391
5783
5642
4944
3877
2830
1691
296
-1308
-3048
-4595
-5921
-6964
-7765
-8397
-8912
-9281
-9545
-9505
-9219
-8897
-8630
-8496
-8268
-7833
-7062
-6130
-5207
-4227
-3011
-1620
-86
1549
3277
4987
6366
7549
8648
9697
10485
10886
11003
11055
11042
11010
11025
11089
11279
11468
11800
12186
12567
12907
13167
13237
13023
12466
11697
10694
9220
7421
5408
3402
1226
-1155
-3464
-5446
-7167
-8758
-10168
-11223
-11882
-12362
-12572
-12509
-12150
-11721
-11359
-10918
-10297
-9515
-8688
-7825
-6917
-5949
-4961
-3633
-2095
-628
714
1977
3303
4460
5339
5967
6375
6312
5702
4550
3374
2199
718
-1080
-2995
-4589
-5992
-7167
-8077
-8694
-9172
-9460
-9615
-9493
-9163
-8737
-8329
-8120
-7848
-7442
-6760
-5939
-5088
-4228
-3088
-1679
-135
1425
3126
4985
6585
7875
9034
10222
11192
11757
11921
11995
12065
12092
12025
11936
12057
12304
12505
12690
12993
13313
13509
13444
13131
12526
11647
10481
8837
6845
4700
2473
124
-2363
-4779
-6926
-8804
-10376
-11684
-12698
-13325
-13669
-13748
-13548
-13031
-12343
-11768
-11186
-10460
-9579
-8551
-7459
-6398
-5333
-4184
-2777
-1144
463
2010
3368
4640
5748
6622
7245
7527
7315
6556
5288
3861
2502
885
-975
-2980
-4689
-6130
-7306
-8146
-8704
-9046
-9222
-9297
-9172
-8728
-8239
-7799
-7598
-7389
-6998
-6359
-5550
-4755
-3927
-2889
-1570
-92
1526
3261
5139
6725
7942
9018
10101
11075
11522
11522
11304
11082
10851
10549
10238
10127
10095
10052
10096
10326
10796
11150
11292
11114
10720
10198
9455
8260
6632
4734
2684
496
-1860
-4059
-6112
-7991
-9740
-11261
-12381
-13008
-13244
-13287
-13242
-12918
-12284
-11597
-10824
-9993
-9080
-8119
-7150
-6143
-5070
-3849
-2444
-1085
235
1587
2998
4407
5611
6520
7226
7675
7775
7401
6606
5748
4709
3312
1581
-133
-1589
-2888
-4192
-5293
-6102
-6659
-7107
-7562
-7733
-7621
-7424
-7469
-7592
-7458
-7090
-6694
-6256
-5714
-4938
-3966
-2911
-1640
-105
1662
3299
4649
5916
7235
8407
9275
9755
9971
9999
9867
9650
9393
9180
9000
8729
8525
8672
9100
9572
9865
10080
10197
10215
10018
9537
8753
7615
5923
3852
1751
-261
-2320
-4640
-6897
-8869
-10479
-11773
-12672
-13162
-13341
-13420
-13299
-12763
-11827
-10755
-9946
-9218
-8393
-7463
-6579
-5682
-4623
-3489
-2472
-1502
-223
1412
3151
4571
5794
7013
8198
9067
9478
9559
9243
8370
6949
5367
3743
2084
151
-1875
-3701
-5156
-6269
-7161
-7778
-8150
-8287
-8299
-8126
-7826
-7382
-7001
-6758
-6553
-6215
-5669
-5090
-4475
-3705
-2660
-1476
-147
1375
3076
4733
6159
7387
8515
9553
10216
10521
10537
10353
9935
9376
8835
8390
7955
7425
7098
7051
7239
7352
7408
7453
7465
7253
6758
6150
5374
4201
2537
712
-1118
-2880
-4807
-6759
-8527
-9935
-11007
-11845
-12338
-12387
-12118
-11754
-11247
-10453
-9304
-8175
-7268
-6448
-5509
-4482
-3546
-2715
-1792
-745
260
1145
2208
3653
5160
6400
7370
8304
9196
9767
9841
9582
9015
7998
6433
4666
2957
1146
-908
-3038
-4842
-6199
-7240
-8066
-8616
-8894
-8904
-8807
-8537
-8016
-7377
-6865
-6601
-6332
-5843
-5180
-4498
-3813
-3057
-2105
-995
262
1673
3262
4848
6101
7052
7986
8901
9546
9735
9543
9177
8615
7863
7053
6338
5722
4993
4189
3750
3754
3921
3932
3875
3935
3993
3891
3650
3389
2998
2171
860
-515
-1756
-2907
-4291
-5826
-7147
-8195
-8998
-9514
-9631
-9327
-8854
-8364
-7690
-6737
-5427
-4161
-3246
-2515
-1720
-839
-84
492
1136
1829
2355
2781
3403
4599
5925
6854
7414
7989
8711
9193
9148
8760
8131
6968
5215
3145
1336
-392
-2388
-4617
-6637
-8010
-8888
-9528
-9899
-9942
-9762
-9397
-9006
-8326
-7497
-6762
-6311
-6136
-5818
-5193
-4394
-3676
-3035
-2233
-1054
240
1682
3272
4973
6497
7525
8305
9074
9727
9874
9412
8511
7489
6333
5097
3836
2696
1678
638
-214
-673
-646
-379
-113
67
322
744
1275
1646
1689
1541
1184
605
-196
-1033
-1782
-2504
-3370
-4288
-4900
-5017
-4863
-4683
-4338
-3764
-2984
-2189
-1387
-491
369
1012
1361
1546
1750
1959
2007
1918
1711
1669
1901
2279
2693
3095
3632
4216
4653
4909
5177
5370
5201
4427
3440
2524
1516
227
-1303
-2678
-3826
-4895
-5854
-6487
-6778
-6828
-6938
-6955
-6709
-6300
-5848
-5577
-5390
-5136
-4823
-4491
-4133
-3688
-3050
-2314
-1528
-684
367
1670
2860
3783
4594
5418
6131
6481
6429
6147
5725
5104
4221
3186
2230
1292
284
-676
-1368
-1734
-1978
-2119
-2141
-1985
-1661
-1232
-779
-310
94
405
651
869
1100
1280
1427
1440
1331
1249
1291
1390
1419
1350
1348
1379
1361
1376
1441
1478
1371
1131
896
709
513
266
-69
-403
-700
-900
-953
-921
-853
-758
-588
-322
-5
336
680
959
1123
1107
1016
954
812
479
-49
-612
-1114
-1598
-2040
-2376
-2667
-2917
-3126
-3224
-3170
-3056
-2931
-2871
-2876
-2858
-2780
-2669
-2569
-2508
-2408
-2210
-1891
-1474
-970
-329
365
984
1573
2228
2907
3440
3710
3773
3691
3478
3124
2625
2053
1445
742
38
-594
-1080
-1434
-1738
-1963
-2103
-2115
-1979
-1754
-1503
-1225
-899
-480
-47
393
913
1485
2044
2507
2930
3395
3860
4211
4406
4474
4491
4391
4148
3842
3438
2927
2298
1623
951
302
-304
-894
-1473
-2022
-2480
-2809
-3014
-3165
-3231
-3197
-3058
-2881
-2691
-2400
-2021
-1685
-1445
-1204
-896
-601
-456
-387
-300
-191
-128
-150
-141
-70
-17
-35
-66
-28
58
87
40
-76
-237
-412
-615
-840
-1076
-1286
-1458
-1620
-1741
-1721
-1579
-1378
-1126
-822
-445
-52
304
618
895
1114
1227
1212
1129
1000
835
600
339
94
-147
-357
-533
-674
-759
-805
-804
-716
-612
-489
-331
-118
85
253
467
760
1069
1343
1596
1868
2172
2431
2645
2817
2974
3083
3088
3018
2923
2778
2554
2241
1862
1481
1080
648
203
-196
-555
-924
-1286
-1601
-1849
-2033
-2194
-2349
-2447
-2472
-2452
-2434
-2368
-2199
-2001
-1807
-1597
-1352
-1041
-731
-480
-227
41
308
522
691
871
1050
1163
1182
1172
1198
1203
1124
1017
911
823
688
504
329
151
-53
-284
-515
-728
-923
-1124
-1328
-1541
-1701
-1792
-1847
-1874
-1872
-1793
-1659
-1526
-1402
-1217
-983
-766
-608
-450
-279
-131
-18
36
88
139
150
154
188
246
322
402
502
643
794
970
1140
1292
1400
1473
1548
1581
1552
1501
1445
1362
1246
1116
1034
978
941
910
904
937
967
986
988
966
928
856
713
522
287
49
-206
-500
-794
-1048
-1250
-1414
-1547
-1606
-1570
-1453
-1281
-1086
-832
-519
-210
57
294
527
739
866
911
904
879
815
701
564
450
371
296
200
128
118
130
136
105
61
38
-3
-116
-280
-449
-615
-828
-1093
-1324
-1488
-1626
-1762
-1851
-1848
-1774
-1679
-1553
-1377
-1147
-906
-700
-512
-322
-140
-11
59
96
125
150
146
118
104
109
122
135
152
201
288
368
423
463
522
600
649
667
682
700
698
644
584
542
516
480
411
344
313
300
293
289
284
315
352
377
396
437
495
523
520
530
556
578
577
544
515
490
453
411
378
355
338
298
249
245
289
323
323
313
318
328
318
282
241
196
122
7
-106
-183
-254
-338
-434
-509
-544
-549
-547
-548
-553
-540
-514
-498
-485
-466
-454
-468
-510
-554
-580
-609
-645
-697
-755
-807
-853
-884
-903
-896
-885
-885
-867
-807
-727
-636
-542
-449
-346
-237
-118
-1
100
194
274
329
355
381
425
453
447
419
391
379
369
342
318
291
262
234
214
211
208
190
161
139
141
169
190
204
215
231
253
289
338
381
431
492
553
602
658
713
753
769
772
771
765
741
693
626
547
451
354
266
172
80
-21
-120
-197
-257
-303
-334
-353
-373
-384
-385
-376
-371
-370
-363
-356
-367
-388
-397
-397
-405
-419
-426
-417
-407
-395
-377
-348
-313
-283
-258
-237
-217
-206
-200
-205
-228
-250
-261
-270
-281
-285
-280
-262
-223
-193
-171
-140
-98
-65
-41
-27
-19
-21
-34
-47
-61
-84
-112
-130
-133
-131
-131
-111
-76
-42
1
58
137
213
277
338
389
423
451
476
495
493
479
461
434
406
378
351
328
296
269
256
245
233
222
200
167
136
110
87
71
55
35
11
-2
3
13
28
40
51
66
86
115
145
164
162
146
124
95
61
25
-15
-64
-116
-162
-208
-244
-277
-308
-334
-356
-370
-371
-356
-335
-332
-341
-328
-307
-287
-261
-233
-201
-176
-146
-106
-63
-24
6
30
57
85
113
139
148
139
123
110
101
90
76
55
31
9
-3
0
1
-1
0
-2
-6
-8
-6
3
1
-16
-29
-28
-24
-23
-26
-27
-28
-41
-47
-44
-31
-20
-17
-14
-1
20
36
45
49
44
41
37
32
37
41
34
30
34
48
69
89
103
114
120
124
124
117
112
102
81
55
27
13
-1
-25
-49
-56
-43
-28
-17
0
29
53
67
85
107
118
117
103
86
71
47
21
-7
-39
-61
-75
-83
-87
-85
-71
-61
-66
-64
-53
-48
-48
-52
-59
-68
-75
-77
-77
-71
-61
-46
-24
5
33
56
72
83
93
103
104
90
67
38
4
-35
-75
-111
-142
-178
-212
-234
-242
-237
-225
-216
-205
-187
-162
-133
-110
-93
-69
-45
-28
-9
9
28
51
69
90
114
143
174
195
215
232
244
251
254
251
243
225
194
160
131
105
75
44
18
-6
-25
-37
-41
-39
-40
-43
-46
-44
-42
-46
-53
-55
-53
-55
-57
-53
-47
-45
-43
-39
-30
-19
-4
12
26
38
50
59
66
66
64
63
60
54
56
58
53
44
36
32
27
20
9
-4
-24
-49
-77
-105
-130
-151
-170
-187
-198
-199
-195
-188
-174
-157
-139
-120
-102
-82
-61
-48
-35
-18
-4
10
22
35
46
54
63
71
84
97
105
111
114
109
105
104
101
99
89
74
64
54
46
39
31
25
21
17
14
13
12
17
20
22
25
29
36
33
33
37
30
19
8
-5
-17
-28
-41
-53
-62
-71
-80
-84
-83
-79
-68
-56
-47
-36
-23
-14
-8
3
16
28
41
51
55
59
64
61
57
54
49
42
34
19
5
-8
-23
-41
-64
-84
-98
-111
-125
-133
-137
-139
-140
-136
-126
-111
-92
-73
-56
-37
-14
8
31
52
70
86
100
109
117
125
125
123
120
115
107
99
91
83
77
69
61
55
50
42
32
19
7
-2
-6
-8
-7
-5
-1
3
6
8
13
21
24
26
29
29
27
24
17
5
-6
-16
-22
-30
-36
-39
-43
-44
-40
-32
-24
-21
-20
-19
-20
-21
-22
-26
-33
-43
-57
-67
-68
-68
-73
-79
-84
-88
-92
-90
-89
-86
-83
-85
-82
-76
-75
-75
-72
-70
-68
-65
-59
-51
-41
-32
-23
-8
12
34
50
62
79
95
107
114
119
118
115
111
105
99
94
87
78
67
57
52
49
47
49
52
53
51
51
50
48
45
41
38
32
28
27
26
25
21
20
24
27
31
35
35
36
32
29
27
20
10
0
-10
-19
-29
-34
-37
-40
-44
-44
-41
-38
-33
-32
-36
-43
-51
-59
-67
-74
-82
-89
-95
-99
-101
-101
-99
-96
-90
-82
-71
-65
-65
-64
-62
-60
-60
-60
-59
-58
-58
-56
-51
-44
-35
-25
-14
-2
10
22
36
48
60
69
79
85
85
89
89
86
84
83
84
84
85
88
88
87
90
89
88
83
75
69
62
58
54
47
40
30
21
13
7
5
4
3
4
4
4
5
8
14
18
16
15
16
17
14
11
7
2
-2
-6
-6
-6
-8
-11
-14
-17
-19
-20
-22
-28
-37
-45
-53
-62
-71
-81
