16
15
15
15
14
15
16
17
17
16
16
16
14
13
12
10
7
4
2
0
-2
-4
-5
-8
-9
-9
-10
-11
-10
-12
-12
-13
-13
-13
-14
-14
-16
-16
-17
-18
-18
-17
-18
-18
-18
-19
-18
-19
-20
-21
-22
-22
-24
-24
-25
-25
-24
-23
-23
-22
-21
-20
-19
-18
-17
-17
-16
-16
-15
-15
-14
-12
-9
-4
1
11
21
32
47
64
82
100
118
135
148
159
167
171
174
173
174
178
183
186
192
205
220
239
256
273
283
283
269
245
212
168
111
47
-19
-80
-127
-161
-179
-176
-149
-104
-44
36
126
207
271
313
337
338
304
235
130
4
-133
-278
-420
-546
-651
-740
-813
-851
-860
-853
-845
-847
-869
-912
-979
-1071
-1184
-1302
-1424
-1550
-1669
-1749
-1765
-1725
-1645
-1520
-1331
-1089
-838
-586
-337
-94
138
321
456
559
635
677
682
686
715
760
805
875
977
1120
1263
1400
1541
1695
1851
1986
2100
2204
2319
2411
2465
2492
2527
2546
2516
2428
2317
2202
2058
1841
1565
1296
1042
764
432
99
-185
-431
-706
-973
-1166
-1308
-1433
-1552
-1592
-1519
-1367
-1202
-980
-658
-249
185
601
1015
1401
1701
1825
1787
1630
1378
954
344
-366
-1069
-1741
-2397
-2999
-3464
-3734
-3880
-3914
-3814
-3593
-3329
-3116
-2972
-2839
-2730
-2716
-2832
-3008
-3161
-3266
-3314
-3274
-3091
-2737
-2239
-1676
-1023
-243
561
1270
1844
2313
2661
2822
2778
2568
2294
1984
1598
1185
847
661
587
579
709
1023
1481
1968
2438
2938
3492
4015
4385
4601
4743
4825
4758
4517
4199
3836
3389
2813
2170
1633
1184
688
120
-356
-643
-828
-1018
-1208
-1312
-1358
-1463
-1678
-1886
-2020
-2180
-2443
-2731
-2839
-2747
-2523
-2237
-1790
-1003
-6
980
1884
2805
3668
4251
4420
4285
3910
3154
1908
326
-1252
-2691
-4114
-5545
-6705
-7394
-7660
-7637
-7343
-6758
-5964
-5208
-4618
-4081
-3562
-3211
-3223
-3508
-3790
-3923
-3954
-3928
-3741
-3228
-2351
-1279
-83
1298
2802
4152
5131
5806
6356
6680
6545
5864
4892
3938
2993
1967
975
317
-57
-248
-314
1
737
1655
2467
3178
4109
5151
6031
6502
6792
7020
7107
6880
6390
5854
5283
4503
3419
2390
1653
1016
215
-654
-1279
-1626
-1916
-2302
-2687
-2925
-3149
-3565
-4126
-4628
-5022
-5524
-6108
-6581
-6664
-6357
-5882
-5218
-4262
-2668
-806
1031
2640
4204
5674
6628
6969
6739
6272
5269
3576
1354
-698
-2434
-4200
-6010
-7433
-8065
-8161
-7999
-7597
-6829
-5839
-4997
-4443
-3942
-3429
-3202
-3507
-4088
-4541
-4684
-4656
-4534
-4168
-3368
-2079
-514
1159
3011
4917
6571
7686
8372
8819
8967
8541
7387
5913
4522
3259
1886
579
-427
-1020
-1355
-1439
-1102
-291
764
1612
2379
3353
4534
5527
6119
6442
6712
6877
6725
6276
5807
5359
4612
3481
2342
1530
819
-141
-1249
-2106
-2594
-2985
-3496
-3983
-4246
-4458
-4923
-5505
-5863
-6067
-6522
-7151
-7623
-7661
-7361
-6896
-6228
-5158
-3401
-1305
925
3090
5253
7214
8727
9661
9909
9723
8884
7248
4822
2298
41
-2212
-4541
-6642
-7999
-8621
-8780
-8589
-7875
-6775
-5800
-5137
-4514
-3811
-3353
-3439
-3868
-4302
-4560
-4658
-4570
-4182
-3426
-2300
-829
967
3000
5072
6936
8346
9263
9753
9906
9539
8449
6814
5009
3245
1444
-262
-1661
-2638
-3323
-3732
-3688
-3079
-2063
-1056
-100
1017
2344
3589
4537
5275
5903
6377
6446
6133
5736
5389
4740
3561
2303
1341
564
-457
-1580
-2346
-2681
-2987
-3523
-3862
-3806
-3747
-4047
-4463
-4684
-4931
-5470
-6185
-6657
-6728
-6588
-6235
-5599
-4428
-2814
-721
1734
4214
6481
8413
10183
11354
11833
11591
10840
9356
7000
4268
1676
-576
-2926
-5227
-6941
-7742
-7966
-7926
-7494
-6688
-5899
-5378
-4947
-4399
-3982
-4042
-4544
-5162
-5571
-5663
-5447
-4940
-4190
-3160
-1748
67
2111
4133
5962
7320
8118
8471
8571
8264
7277
5689
3831
2055
377
-1230
-2568
-3546
-4263
-4813
-4866
-4283
-3341
-2340
-1431
-298
1011
2384
3560
4563
5524
6310
6716
6686
6662
6610
6180
5173
3968
2975
2062
855
-561
-1612
-2119
-2593
-3247
-3634
-3605
-3581
-3928
-4331
-4463
-4610
-5059
-5761
-6174
-6284
-6229
-5956
-5273
-4026
-2563
-471
2055
4696
6899
8919
10922
12310
12888
12574
11944
10532
8146
5137
2482
361
-2061
-4694
-6738
-7662
-8020
-8202
-7988
-7288
-6500
-6071
-5839
-5466
-5087
-5131
-5732
-6429
-6820
-6871
-6667
-6225
-5517
-4450
-2917
-993
1018
3033
4952
6396
7163
7525
7753
7616
6754
5245
3393
1645
-25
-1608
-2936
-3926
-4634
-5237
-5215
-4642
-3644
-2554
-1344
134
1734
3474
5007
6355
7455
8383
9025
9276
9301
9031
8382
7175
5757
4550
3485
2231
740
-459
-1131
-1663
-2262
-2641
-2715
-2828
-3294
-3796
-4123
-4469
-5132
-5997
-6549
-6823
-6808
-6601
-5868
-4758
-3313
-1138
1518
4253
6404
8462
10325
11591
11911
11597
11029
9546
7032
3978
1431
-783
-3316
-5976
-7877
-8782
-9287
-9601
-9421
-8696
-7988
-7619
-7310
-6768
-6297
-6344
-6843
-7332
-7508
-7436
-7096
-6498
-5651
-4447
-2893
-1020
987
3094
5045
6533
7413
7895
8156
7879
6937
5427
3736
2027
286
-1390
-2829
-3950
-4849
-5361
-5262
-4570
-3525
-2374
-999
716
2717
4802
6630
8167
9461
10540
11273
11610
11636
11341
10475
8995
7392
6057
4775
3091
1223
-224
-1090
-1802
-2511
-2966
-3076
-3321
-3917
-4367
-4472
-4636
-5360
-6333
-7054
-7347
-7369
-7158
-6475
-5368
-3833
-1879
701
3545
6234
8572
10439
11800
12512
12666
12131
10741
8356
5495
2658
-103
-2843
-5430
-7565
-9155
-10256
-10775
-10624
-10078
-9568
-9221
-8773
-8230
-7848
-7805
-7956
-8202
-8486
-8614
-8394
-7793
-6970
-5956
-4584
-2721
-581
1524
3459
5167
6533
7388
7837
7849
7347
6260
4701
2951
1237
-334
-1875
-3281
-4349
-4934
-5070
-4686
-3823
-2627
-1255
403
2445
4737
6929
8765
10345
11730
12860
13483
13720
13651
13072
11688
9853
8227
6850
5197
3202
1315
-81
-1069
-1985
-2690
-3010
-3194
-3756
-4550
-5015
-5153
-5553
-6444
-7480
-8143
-8380
-8351
-8023
-7236
-5874
-4207
-2108
599
3696
6617
8924
10685
11967
12742
12809
12083
10512
8106
5070
1872
-1081
-3786
-6335
-8630
-10416
-11559
-12067
-12017
-11595
-11061
-10542
-10042
-9558
-9134
-8823
-8663
-8635
-8654
-8499
-7972
-7085
-6021
-4779
-3138
-1099
1078
3122
5039
6744
7963
8608
8830
8657
8039
6913
5341
3566
1711
-111
-1788
-3126
-4141
-4909
-5130
-4718
-3875
-2864
-1592
256
2501
4793
6780
8633
10503
12160
13283
13882
14299
14379
13629
11959
10127
8611
7155
5141
2765
785
-502
-1600
-2907
-3821
-4129
-4331
-5084
-5929
-6190
-6144
-6616
-7773
-8794
-9158
-9099
-9109
-8834
-7932
-6387
-4613
-2376
605
3929
6905
9086
10912
12393
13492
13652
12886
11227
8775
5766
2545
-365
-3154
-5863
-8411
-10318
-11438
-11808
-11669
-11295
-10808
-10289
-9701
-9125
-8609
-8261
-8168
-8242
-8309
-8121
-7526
-6597
-5559
-4387
-2838
-826
1443
3702
5757
7491
8779
9577
9947
9763
9125
7877
6134
4078
1895
-140
-2004
-3553
-4993
-6062
-6464
-6162
-5357
-4343
-2966
-1067
1332
3826
6059
8182
10319
12236
13485
14110
14567
14815
14289
12680
10657
8967
7422
5361
2882
760
-729
-2052
-3527
-4646
-5030
-5218
-5893
-6848
-7295
-7284
-7614
-8571
-9545
-9962
-10027
-10119
-9993
-9066
-7387
-5635
-3674
-911
2594
5987
8538
10701
12767
14456
14964
14376
13240
11451
8746
5339
2183
-577
-3353
-6273
-8771
-10304
-10976
-11250
-11361
-11216
-10723
-10044
-9492
-9099
-8740
-8371
-8217
-8362
-8429
-7867
-6735
-5686
-4817
-3446
-1264
1140
3177
5065
6963
8567
9463
9747
9752
9395
8330
6491
4355
2306
367
-1584
-3414
-5018
-6232
-6844
-6828
-6265
-5213
-3838
-2151
-129
2354
5000
7389
9521
11437
13088
14129
14754
15106
14978
13907
11949
10031
8506
6801
4466
2048
223
-1274
-2844
-4164
-4721
-4899
-5558
-6640
-7370
-7471
-7612
-8336
-9241
-9861
-10188
-10380
-10246
-9413
-8055
-6378
-4595
-2161
1116
4676
7718
10007
12096
13851
14952
14891
14082
12615
10327
7117
3547
564
-2118
-4927
-7799
-9937
-11083
-11555
-11724
-11600
-11105
-10456
-9951
-9642
-9280
-8842
-8589
-8732
-8992
-8877
-8109
-7038
-6067
-4860
-3003
-601
1729
3845
6022
8042
9400
9968
10173
10136
9479
7919
5763
3605
1596
-499
-2589
-4396
-5728
-6660
-7231
-7169
-6405
-5026
-3591
-2094
-94
2602
5369
7417
9200
11102
12978
14069
14582
15009
15203
14440
12501
10629
9365
8039
5765
3144
1082
-411
-1890
-3473
-4542
-5078
-5747
-6922
-7923
-8137
-8070
-8613
-9765
-10538
-10523
-10151
-9839
-9176
-7822
-6023
-4178
-1945
1341
4996
8002
9996
11860
13720
14950
15088
14323
13102
11000
7974
4643
1903
-477
-3127
-5976
-8296
-9625
-10181
-10334
-10364
-10291
-10026
-9676
-9503
-9314
-9021
-8856
-9105
-9532
-9505
-8786
-7670
-6636
-5523
-3877
-1767
473
2665
4821
6664
7889
8524
8679
8463
7832
6692
4923
2761
693
-1119
-2772
-4369
-5681
-6567
-7071
-7353
-7131
-6088
-4698
-3513
-2212
-127
2419
4693
6531
8496
10681
12478
13448
14124
14871
15209
14410
12723
11182
9860
8171
5658
3081
1137
-347
-1991
-3739
-4847
-5255
-5753
-6809
-7660
-7757
-7654
-8139
-8946
-9325
-9079
-8689
-8391
-7611
-6087
-4105
-2140
202
3181
6320
9092
11190
12978
14455
15409
15436
14506
12892
10791
8216
5259
2412
-228
-2768
-5245
-7372
-8756
-9381
-9687
-10011
-10262
-10228
-10097
-10132
-10158
-9979
-9852
-10050
-10353
-10196
-9360
-8147
-6961
-5678
-4018
-1973
222
2233
4149
5754
6800
7144
7081
6875
6354
5227
3374
1414
-375
-1804
-3106
-4368
-5415
-6281
-6781
-6922
-6551
-5773
-4837
-3916
-2999
-1575
497
2904
5075
6872
8726
10684
12488
13775
14811
15579
15596
14543
12906
11612
10467
8590
5765
3086
1185
-355
-2026
-3560
-4413
-4912
-5721
-6662
-6922
-6455
-6272
-6943
-7761
-7827
-7337
-6882
-6536
-5873
-4613
-3051
-1362
701
3445
6304
8546
10091
11478
12890
13845
13882
12856
11206
9214
6846
4124
1395
-1205
-3757
-6263
-8375
-9768
-10605
-11113
-11612
-11992
-11987
-11650
-11291
-11021
-10791
-10561
-10320
-10033
-9410
-8438
-7270
-6163
-5068
-3545
-1592
323
1917
3375
4719
5752
6306
6548
6592
6253
5380
4057
2767
1678
619
-681
-2003
-3199
-4037
-4479
-4643
-4616
-4492
-3950
-3200
-2229
-946
934
3096
5046
6629
8279
10417
12509
13855
14426
14837
15036
14537
13210
11817
10559
8955
6596
3894
1831
553
-784
-2529
-4010
-4821
-5350
-6196
-7065
-7388
-7414
-7807
-8587
-9064
-8712
-8079
-7709
-7162
-5904
-4030
-2103
-288
1785
4162
6357
7900
8957
9955
10792
10809
9864
8549
7281
5852
3859
1653
-207
-1691
-3266
-4968
-6247
-6971
-7617
-8544
-9418
-9892
-10099
-10443
-10977
-11283
-11187
-10901
-10580
-10111
-9253
-7931
-6392
-4943
-3511
-1782
121
1732
2846
3850
4937
5718
5911
5674
5484
5303
4826
3958
3033
2316
1675
951
148
-513
-1051
-1474
-1962
-2433
-2559
-2384
-2060
-1846
-1354
-437
840
2316
3893
5581
7157
8729
10210
11672
12748
13315
13499
13302
12538
11238
9980
8757
7024
4567
2162
370
-1091
-2738
-4467
-5732
-6528
-7436
-8376
-8762
-8566
-8462
-8763
-9006
-8753
-8022
-7204
-6492
-5680
-4455
-2990
-1476
186
2206
4289
5974
7273
8478
9717
10589
10757
10233
9345
8100
6353
4364
2402
314
-2077
-4430
-6360
-7818
-8921
-9805
-10501
-10897
-10966
-10805
-10514
-10083
-9597
-9197
-8890
-8613
-8130
-7319
-6342
-5493
-4579
-3224
-1568
85
1651
3343
4938
6175
6989
7522
7842
7764
7156
6114
4896
3566
2165
747
-553
-1780
-2773
-3556
-4097
-4443
-4397
-4051
-3611
-3014
-2291
-1340
-219
1259
2801
4321
5726
7215
8812
10282
11414
12295
13085
13369
12937
12089
11385
10507
8978
6897
4898
3202
1488
-407
-2142
-3421
-4528
-5781
-6963
-7595
-7773
-8035
-8545
-8921
-8786
-8270
-7771
-7253
-6359
-5015
-3560
-2102
-254
2137
4499
6231
7558
9054
10508
11331
11278
10702
9783
8342
6381
4255
2242
118
-2255
-4645
-6573
-7897
-8800
-9566
-10268
-10804
-11040
-11017
-10939
-10872
-10798
-10727
-10761
-10755
-10325
-9444
-8454
-7511
-6345
-4696
-2709
-694
1219
3122
4773
5992
6820
7434
7818
7658
6916
5795
4665
3534
2316
926
-402
-1361
-2085
-2773
-3347
-3537
-3553
-3629
-3733
-3479
-2801
-2071
-1449
-780
359
1912
3547
5097
6690
8401
10071
11531
12725
13797
14572
14697
13998
12874
11836
10719
9051
6806
4538
2564
710
-1166
-2788
-3961
-5028
-6309
-7474
-7881
-7703
-7677
-7949
-8065
-7671
-6996
-6382
-5634
-4541
-3311
-2249
-1267
304
2375
4186
5289
6223
7438
8575
9166
9152
9028
8533
7335
5547
3832
2324
447
-1997
-4520
-6468
-7998
-9387
-10674
-11713
-12380
-12720
-12812
-12579
-12032
-11345
-10711
-10140
-9392
-8243
-6843
-5631
-4729
-3793
-2525
-1094
174
1391
2639
3779
4545
5051
5661
6240
6521
6126
5452
4778
4192
3443
2413
1376
356
-583
-1600
-2348
-2822
-3071
-3349
-3638
-3490
-2926
-2168
-1389
-384
787
1995
3332
4874
6521
7868
8896
9884
10887
11643
11945
12059
12057
11679
10739
9692
8792
7724
6082
4152
2545
1219
-198
-1783
-3183
-4228
-5107
-6035
-6695
-6887
-6834
-6901
-7045
-6921
-6379
-5671
-5082
-4540
-3887
-3052
-2203
-1144
126
1426
2537
3462
4368
5222
5949
6272
6202
5679
4721
3452
2070
559
-1229
-3149
-4994
-6593
-7914
-8848
-9441
-9810
-9991
-9893
-9453
-8813
-8140
-7566
-7042
-6567
-6217
-5869
-5367
-4790
-4351
-3924
-3269
-2291
-1124
83
1313
2557
3775
4880
5781
6488
7025
7170
6857
6261
5610
4937
4086
2978
1860
967
300
-324
-811
-958
-965
-961
-930
-666
-224
192
399
516
738
1031
1337
1683
2250
2948
3592
4220
5061
6168
7310
8135
8725
9289
9768
9783
9328
8749
8093
6965
5232
3464
2018
710
-900
-2553
-3768
-4574
-5373
-6167
-6473
-6336
-6241
-6348
-6327
-5946
-5478
-5199
-4985
-4585
-4013
-3549
-3090
-2418
-1542
-784
-214
371
1050
1723
2117
2319
2384
2277
1844
1205
616
3
-800
-1769
-2651
-3384
-3976
-4505
-4998
-5353
-5554
-5694
-5823
-5868
-5748
-5594
-5518
-5442
-5183
-4750
-4268
-3779
-3186
-2343
-1395
-444
567
1665
2822
3879
4735
5368
5847
6220
6344
6168
5809
5413
4855
4103
3275
2589
2085
1510
920
431
133
-81
-306
-465
-594
-744
-973
-1171
-1350
-1455
-1451
-1417
-1271
-1013
-381
548
1617
2707
3844
5155
6505
7736
8681
9472
9922
9901
9385
8678
7938
6906
5413
3582
1880
472
-835
-2223
-3446
-4343
-5109
-5956
-6579
-6695
-6550
-6597
-6867
-6922
-6621
-6225
-5938
-5591
-5076
-4551
-4091
-3583
-2851
-1983
-1196
-575
-64
515
1161
1780
2129
2246
2264
2278
2186
1900
1565
1184
721
85
-537
-1028
-1358
-1717
-2249
-2766
-3127
-3314
-3467
-3636
-3788
-3830
-3818
-3805
-3659
-3287
-2814
-2462
-2148
-1598
-816
-74
567
1190
1794
2306
2672
2992
3259
3354
3239
3038
2778
2464
2189
1975
1742
1398
1149
1162
1308
1413
1489
1590
1648
1614
1484
1326
1118
820
424
-51
-456
-676
-647
-539
-393
-26
673
1576
2429
3290
4291
5294
5974
6337
6619
6839
6713
6066
5223
4433
3564
2405
1057
-141
-1082
-1928
-2849
-3653
-4134
-4365
-4647
-4973
-5069
-4897
-4736
-4776
-4790
-4637
-4414
-4374
-4392
-4265
-4002
-3804
-3657
-3361
-2933
-2433
-2023
-1556
-970
-267
454
1097
1711
2302
2891
3324
3558
3704
3838
3761
3340
2737
2126
1527
773
-164
-1079
-1828
-2538
-3297
-3924
-4265
-4407
-4522
-4577
-4466
-4121
-3676
-3281
-2859
-2276
-1613
-1038
-543
-16
622
1257
1800
2310
2861
3411
3886
4285
4651
4935
5111
5214
5174
5005
4715
4332
3914
3317
2515
1709
971
234
-622
-1509
-2243
-2838
-3400
-3895
-4177
-4253
-4183
-4046
-3787
-3327
-2658
-1862
-1036
-124
851
1805
2692
3493
4246
4876
5318
5600
5699
5597
5335
4962
4462
3833
3063
2250
1420
555
-361
-1264
-2038
-2726
-3340
-3894
-4335
-4644
-4810
-4857
-4814
-4628
-4331
-4014
-3664
-3205
-2634
-2058
-1532
-1005
-428
151
682
1199
1744
2262
2640
2918
3167
3363
3466
3408
3200
2848
2324
1731
1096
396
-400
-1295
-2201
-3038
-3750
-4316
-4794
-5205
-5428
-5421
-5233
-4892
-4413
-3764
-3051
-2366
-1610
-713
215
979
1635
2300
2939
3478
3919
4276
4532
4629
4567
4482
4328
4033
3582
3054
2478
1834
1150
466
-195
-936
-1732
-2442
-2971
-3373
-3754
-4079
-4296
-4392
-4408
-4327
-4105
-3762
-3435
-3117
-2669
-2069
-1378
-686
62
886
1743
2567
3386
4232
5008
5568
5905
6193
6416
6436
6229
5872
5413
4816
4059
3256
2516
1791
978
97
-679
-1280
-1820
-2326
-2736
-3005
-3165
-3274
-3325
-3252
-3041
-2832
-2699
-2533
-2254
-1924
-1624
-1389
-1099
-724
-382
-63
281
692
1089
1401
1670
1973
2243
2392
2436
2421
2362
2210
1947
1575
1134
676
169
-377
-923
-1432
-1879
-2304
-2716
-3043
-3231
-3349
-3386
-3333
-3189
-2953
-2669
-2334
-1952
-1554
-1147
-746
-381
-36
312
644
880
1013
1097
1172
1204
1137
1033
908
739
506
182
-109
-354
-655
-1005
-1346
-1602
-1800
-2014
-2169
-2256
-2286
-2297
-2260
-2109
-1885
-1599
-1277
-920
-500
-27
443
936
1458
2006
2546
3017
3421
3770
4089
4319
4425
4419
4361
4221
3983
3645
3255
2865
2445
1979
1504
1103
722
341
-35
-400
-734
-1043
-1320
-1574
-1807
-1991
-2097
-2126
-2060
-1910
-1694
-1423
-1100
-710
-266
170
574
955
1286
1570
1812
1990
2087
2109
2085
2017
1898
1718
1500
1253
971
648
320
-1
-346
-701
-1060
-1418
-1774
-2098
-2372
-2600
-2806
-2999
-3120
-3192
-3239
-3232
-3150
-3027
-2888
-2707
-2453
-2158
-1855
-1538
-1173
-810
-506
-227
46
284
411
448
470
469
387
250
119
12
-106
-232
-307
-342
-358
-377
-392
-377
-340
-304
-282
-263
-220
-147
-89
-38
32
132
253
388
520
657
818
961
1077
1187
1309
1423
1508
1576
1634
1670
1688
1704
1727
1765
1793
1795
1776
1740
1721
1686
1622
1551
1484
1424
1362
1294
1216
1141
1080
1003
885
763
647
526
406
303
229
184
135
77
45
26
22
27
1
-52
-106
-177
-259
-350
-461
-591
-735
-881
-1024
-1151
-1277
-1407
-1540
-1657
-1751
-1817
-1878
-1938
-1983
-2025
-2067
-2103
-2090
-2056
-2022
-1996
-1947
-1842
-1717
-1593
-1478
-1343
-1187
-1041
-911
-771
-589
-418
-270
-145
6
174
310
418
514
611
684
724
740
736
700
648
579
510
455
399
338
289
266
254
254
265
278
282
282
305
349
388
425
471
538
624
716
811
910
1006
1089
1159
1243
1328
1374
1397
1409
1421
1425
1398
1353
1302
1243
1176
1106
1044
983
897
792
688
581
472
378
282
181
90
18
-44
-92
-122
-155
-208
-256
-274
-274
-292
-345
-410
-467
-517
-575
-624
-662
-703
-757
-817
-855
-870
-882
-926
-986
-1022
-1035
-1053
-1071
-1093
-1115
-1119
-1106
-1074
-1015
-930
-851
-779
-711
-617
-496
-381
-284
-212
-141
-62
7
55
78
86
92
76
55
53
62
74
67
43
25
20
14
-3
-22
-31
-37
-51
-58
-60
-81
-129
-175
-187
-175
-151
-136
-101
-50
8
80
166
281
408
514
609
725
845
942
993
1013
1019
1010
980
925
858
767
663
572
500
442
385
328
268
203
141
105
67
6
-63
-133
-186
-216
-237
-260
-277
-280
-269
-241
-196
-138
-78
-31
-1
37
81
115
120
118
133
151
160
161
171
179
173
161
153
147
130
92
36
-25
-70
-100
-136
-176
-211
-238
-257
-273
-277
-265
-265
-288
-316
-328
-323
-322
-336
-355
-353
-336
-318
-297
-271
-246
-228
-220
-216
-209
-205
-222
-250
-258
-251
-249
-249
-237
-217
-187
-149
-104
-47
13
56
88
122
163
195
205
213
228
237
245
248
249
253
255
265
280
295
301
295
281
258
234
214
189
145
85
35
-1
-42
-88
-127
-168
-213
-246
-272
-287
-292
-299
-298
-281
-251
-214
-170
-136
-107
-72
-33
-4
12
28
32
17
8
7
9
16
15
5
-1
6
32
59
70
78
86
93
95
91
87
86
82
81
90
102
99
82
70
68
72
77
86
97
115
138
170
209
248
275
279
275
268
258
238
207
165
115
65
12
-34
-69
-91
-110
-126
-128
-115
-90
-56
-21
11
50
95
138
168
186
208
240
267
281
292
300
305
303
295
273
246
198
130
60
-6
-61
-114
-173
-238
-312
-380
-432
-475
-506
-536
-566
-587
-598
-605
-608
-600
-580
-556
-520
-467
-410
-359
-304
-238
-161
-89
-30
22
65
97
122
146
167
170
152
123
100
84
62
29
-7
-46
-86
-130
-171
-196
-210
-232
-254
-262
-254
-226
-197
-170
-128
-75
-21
34
89
140
191
236
274
311
347
375
386
386
389
397
399
391
378
361
346
337
328
325
315
293
270
256
253
248
228
204
184
174
172
170
168
168
181
201
221
249
282
310
325
335
342
341
321
288
243
182
119
59
-7
-78
-147
-216
-283
-338
-372
-400
-434
-462
-477
-485
-478
-461
-450
-442
-426
-396
-361
-321
-276
-234
-194
-150
-111
-79
-46
-22
-12
-9
-10
-19
-36
-55
-77
-96
-116
-139
-156
-176
-208
-247
-280
-299
-311
-328
-341
-346
-342
-326
-302
-269
-226
-182
-141
-94
-42
12
57
88
116
150
182
205
218
227
235
235
229
225
223
217
198
174
154
141
126
109
91
76
66
66
78
94
105
121
144
168
202
246
285
313
340
363
381
391
397
397
390
367
338
312
280
232
178
128
84
43
2
-39
-74
-109
-140
-161
-176
-186
-191
-197
-199
-192
-182
-174
-172
-167
-158
-145
-130
-109
-88
-72
-58
-43
-28
-15
-7
-9
-8
-14
-28
-44
-57
-79
-109
-141
-170
-197
-223
-243
-255
-262
-263
-259
-250
-233
-220
-207
-182
-148
-114
-85
-60
-39
-15
11
35
58
75
91
101
109
122
136
144
143
143
141
135
124
110
100
86
66
47
33
16
-4
-23
-40
-53
-55
-59
-64
-60
-51
-38
-20
-3
14
29
43
58
80
106
124
135
139
140
142
140
134
129
115
95
81
74
67
56
46
37
31
27
29
35
37
35
36
39
44
44
35
19
4
-6
-13
-24
-33
-41
-49
-53
-51
-48
-51
-56
-62
-63
-61
-63
-64
-64
-68
-74
-81
-80
-75
-72
-72
-76
-73
-60
-53
-55
-55
-50
-47
-46
-44
-40
-32
-27
-21
-12
6
22
33
39
47
56
60
62
63
63
60
53
48
46
46
45
39
34
33
33
30
24
18
9
0
-8
-16
-22
-29
-36
-39
-40
-36
-31
-27
-23
-18
-14
-9
-5
-3
1
6
10
15
20
24
25
28
28
24
23
23
17
7
-1
-11
-19
-29
-38
-44
-49
-56
-59
-59
-61
-64
-67
-68
-64
-57
-49
-43
-33
-17
-7
9
27
45
59
68
73
78
82
80
75
67
57
48
38
22
7
-8
-22
-35
-44
-51
-60
-71
-81
-89
-91
-89
-87
-81
-73
-61
-44
-28
-11
9
32
51
69
87
103
120
136
148
156
163
171
171
162
151
139
120
98
77
55
29
6
-14
-31
-46
-61
-73
-83
-90
-92
-91
-88
-84
-76
-68
-60
-49
-38
-28
-18
-7
8
24
37
48
59
66
72
80
77
71
61
46
28
9
-8
-23
-40
-55
-69
-82
-92
-99
-107
-116
-123
-126
-129
-130
-128
-124
-118
-108
-96
-86
-76
-62
-47
-36
-25
-11
3
12
16
23
29
32
32
32
29
26
20
15
10
2
-7
-15
-21
-24
-27
-28
-28
-27
-27
-21
-12
-3
5
12
20
31
43
55
67
77
89
101
113
122
129
131
132
129
126
120
114
104
96
89
78
69
64
59
53
46
40
33
26
20
14
8
1
-6
-9
-11
-13
-17
-21
-22
-21
-19
-15
-13
-10
-9
-5
-5
-6
-7
-6
-5
-6
-5
-4
-4
-7
-12
-13
-13
-16
-22
-27
-31
-41
-50
-55
-62
-71
