-8
-6
-5
-2
-1
-1
0
0
1
0
-1
-1
0
-1
0
1
3
3
5
7
9
11
12
14
14
15
15
16
17
17
17
18
18
19
21
23
26
29
33
37
39
42
44
45
45
44
43
41
38
35
35
33
35
35
37
39
41
42
42
40
35
27
17
2
-13
-31
-52
-74
-93
-109
-126
-141
-151
-161
-171
-184
-199
-220
-244
-277
-319
-366
-414
-462
-506
-543
-570
-586
-586
-575
-551
-511
-463
-411
-355
-301
-257
-221
-193
-172
-152
-128
-101
-69
-19
50
139
238
348
474
602
723
840
948
1035
1090
1121
1129
1122
1114
1098
1070
1048
1032
1030
1023
1013
1018
1017
1003
953
870
776
653
502
338
179
47
-65
-147
-186
-185
-125
-26
104
277
468
657
827
982
1116
1193
1205
1148
1028
856
623
336
19
-324
-669
-1016
-1351
-1644
-1895
-2097
-2266
-2403
-2502
-2599
-2684
-2771
-2887
-3000
-3130
-3283
-3423
-3527
-3575
-3573
-3517
-3377
-3132
-2793
-2389
-1927
-1430
-921
-425
24
427
766
1012
1170
1258
1290
1301
1298
1287
1293
1344
1448
1596
1802
2059
2334
2625
2894
3116
3301
3430
3463
3410
3307
3161
2967
2723
2458
2181
1903
1609
1308
1056
861
690
513
344
214
110
13
-105
-229
-324
-434
-538
-618
-641
-596
-535
-432
-236
37
374
753
1154
1577
1970
2264
2429
2460
2359
2081
1610
980
254
-533
-1377
-2223
-3006
-3656
-4167
-4568
-4803
-4851
-4785
-4647
-4472
-4306
-4187
-4128
-4139
-4216
-4345
-4487
-4585
-4599
-4492
-4227
-3778
-3157
-2400
-1522
-576
392
1290
2043
2646
3068
3238
3170
2955
2618
2202
1765
1374
1080
926
948
1139
1500
1980
2560
3190
3820
4431
4950
5336
5546
5591
5521
5335
5035
4656
4206
3728
3230
2711
2254
1842
1464
1102
746
424
112
-201
-526
-877
-1215
-1559
-1940
-2314
-2641
-2854
-3016
-3111
-3047
-2827
-2400
-1806
-1081
-236
666
1581
2420
3111
3601
3822
3751
3381
2691
1785
680
-557
-1825
-3078
-4162
-5045
-5734
-6202
-6453
-6491
-6404
-6258
-6063
-5933
-5909
-5991
-6160
-6370
-6602
-6758
-6798
-6673
-6293
-5648
-4739
-3609
-2311
-889
561
1965
3241
4269
5016
5461
5575
5424
5032
4488
3858
3196
2597
2102
1784
1659
1732
1979
2365
2880
3486
4131
4789
5413
5968
6425
6713
6863
6910
6862
6707
6418
6038
5567
5040
4464
3864
3256
2642
1996
1320
648
26
-558
-1181
-1844
-2532
-3180
-3834
-4489
-5069
-5544
-5876
-6097
-6140
-5916
-5420
-4687
-3771
-2713
-1492
-192
1074
2227
3149
3838
4162
4101
3744
3082
2171
1026
-283
-1605
-2861
-3982
-4925
-5687
-6202
-6547
-6733
-6764
-6742
-6660
-6615
-6652
-6733
-6885
-7021
-7121
-7157
-7049
-6784
-6254
-5429
-4363
-3016
-1479
178
1889
3530
5095
6413
7391
8005
8195
8035
7537
6762
5821
4719
3591
2552
1639
989
593
440
516
761
1281
1989
2810
3680
4498
5346
6124
6730
7206
7599
7947
8156
8092
7896
7642
7352
6889
6132
5308
4458
3503
2357
1095
-67
-1205
-2512
-3892
-5202
-6261
-7183
-8168
-9026
-9578
-9809
-9848
-9742
-9241
-8288
-7064
-5692
-4248
-2456
-385
1532
3103
4355
5478
6319
6508
6187
5589
4772
3619
1994
346
-1036
-2208
-3343
-4480
-5210
-5468
-5576
-5692
-5825
-5839
-5838
-6148
-6650
-7185
-7616
-7988
-8490
-8781
-8578
-7907
-6869
-5591
-3893
-1737
569
2851
4909
6823
8538
9646
10107
10066
9657
8897
7652
6111
4546
3093
1852
668
-299
-891
-1170
-1160
-981
-619
-57
477
995
1539
2175
3022
3825
4568
5190
5814
6540
7176
7693
8111
8277
8196
7740
6989
6190
5210
4026
2472
722
-861
-2302
-3655
-4953
-6203
-7266
-8275
-9153
-9732
-10020
-10017
-9943
-9806
-9350
-8469
-7122
-5560
-3792
-1703
381
2336
4133
5844
7402
8408
8657
8380
7733
6850
5575
3973
2404
893
-608
-2077
-3111
-3548
-3750
-4027
-4402
-4737
-4898
-5123
-5605
-6232
-6873
-7540
-8337
-8989
-9054
-8550
-7714
-6659
-5258
-3325
-985
1457
3804
5987
7827
9107
9727
9913
9759
9114
7841
6161
4349
2604
993
-484
-1720
-2758
-3564
-4246
-4675
-4755
-4571
-4328
-4073
-3703
-3156
-2414
-1311
157
1703
3329
4961
6736
8531
10149
11499
12474
13016
13011
12264
11064
9691
8046
5989
3471
1060
-1076
-3059
-4903
-6563
-7864
-8882
-9869
-10726
-11276
-11379
-11184
-11108
-10847
-10106
-8910
-7439
-5697
-3424
-879
1528
3693
5801
7955
9878
11013
11418
11330
10914
10003
8486
6931
5411
3730
1854
97
-1141
-1926
-2614
-3372
-4276
-5034
-5673
-6528
-7431
-8286
-9125
-10065
-10978
-11405
-11293
-10715
-9710
-8391
-6621
-4377
-1901
566
2972
5269
7044
8026
8579
8791
8550
7755
6442
4900
3210
1610
125
-1275
-2434
-3420
-4404
-5247
-5723
-5893
-6043
-6189
-6036
-5708
-5109
-4130
-2699
-809
1339
3623
5895
8342
10977
13266
14860
16011
16770
16884
16022
14498
12667
10532
8122
5264
2369
-96
-2182
-4180
-6098
-7542
-8515
-9521
-10475
-11044
-11269
-11264
-11291
-11072
-10431
-9410
-8085
-6506
-4240
-1466
1131
3319
5592
8134
10363
11620
12202
12371
12079
11119
9402
7626
5991
4194
1874
-477
-2009
-2864
-3742
-4733
-5671
-6359
-7006
-7898
-8740
-9507
-10275
-11325
-12514
-13068
-12917
-12406
-11677
-10577
-8850
-6636
-4187
-1524
1195
3734
5759
7038
7895
8423
8568
8027
6807
5325
3658
2001
429
-1120
-2557
-3767
-4854
-5671
-6162
-6300
-6304
-6279
-5897
-5233
-4234
-2991
-1406
661
3103
5685
8184
10715
13434
15874
17581
18767
19578
19965
19335
17626
15393
13010
10618
7710
4359
1281
-1383
-3823
-6088
-7817
-8943
-10036
-11231
-12103
-12486
-12323
-12072
-11895
-11482
-10741
-9612
-8256
-5995
-3061
-494
1497
3657
6408
9166
11071
12084
12632
12648
12091
10601
9038
7742
6021
3400
550
-1193
-2116
-3209
-4625
-6021
-7186
-8110
-9180
-10194
-11046
-11901
-13178
-14852
-15706
-15494
-14925
-14331
-13452
-11829
-9552
-6827
-3765
-730
2160
4654
6391
7689
8749
9324
9022
7869
6462
4816
3134
1704
209
-1336
-2755
-3814
-4561
-5091
-5237
-5312
-5525
-5399
-4850
-4068
-3045
-1880
-225
1933
4623
7490
10089
12911
15815
18153
19773
21072
22128
22325
21016
18730
16103
13625
11020
7449
3534
107
-2626
-5157
-7475
-9098
-10301
-11606
-12744
-13371
-13405
-12942
-12609
-12342
-12040
-11215
-9851
-7769
-4763
-1904
241
2223
5000
8217
10832
12314
13251
13570
13221
12001
10297
8988
7401
4833
1463
-1153
-2402
-3383
-4928
-6598
-8066
-9166
-10235
-11349
-12145
-12937
-14098
-15824
-17186
-17266
-16675
-16033
-15132
-13634
-11483
-8882
-5709
-2202
1130
4088
6415
8130
9607
10621
10755
10041
8862
7399
5576
3970
2534
875
-788
-2150
-3153
-3977
-4527
-4806
-5152
-5486
-5343
-4918
-4189
-3197
-2054
-398
2033
5155
8078
10800
13900
17009
19419
21270
22865
23846
23545
21736
19032
16182
13673
10631
6415
2124
-1319
-4161
-6872
-9022
-10423
-11634
-12907
-13932
-14449
-14263
-13605
-13353
-13445
-13242
-12224
-10768
-8714
-5730
-2913
-749
1455
4513
7805
10544
12309
13246
13446
13245
12334
10578
8995
7233
4530
1023
-1610
-2955
-4165
-5763
-7307
-8707
-9842
-10636
-11483
-12312
-13113
-14007
-15311
-16311
-16148
-15512
-14899
-13798
-12003
-9749
-6939
-3481
17
3033
5804
8251
9874
10993
11685
11663
10824
9482
7913
6042
4440
2987
1202
-503
-1533
-2257
-3138
-3895
-4256
-4652
-5254
-5241
-4838
-4295
-3529
-2577
-917
1582
4772
7792
10574
13858
17212
19619
21334
22896
23756
23170
20968
18196
15241
12341
8984
4636
253
-3274
-6035
-8626
-10736
-11953
-12883
-14105
-15092
-15473
-15218
-14633
-14416
-14576
-14564
-13678
-12178
-10449
-7687
-4455
-1688
678
3617
7352
10760
13034
14266
14824
14945
14488
12791
10832
8943
6635
3318
-70
-2062
-3351
-4956
-6864
-8558
-9813
-10580
-11394
-12221
-13055
-13717
-14526
-15604
-15880
-15252
-14248
-13108
-11503
-9203
-6407
-3065
434
3475
6290
9041
11148
12356
12880
13011
12433
10892
9016
6967
5161
3442
1367
-749
-2363
-3376
-4404
-5570
-6299
-6554
-6946
-7134
-6946
-6262
-5301
-4157
-2294
299
3562
6757
9649
12807
16175
18909
20723
21993
22823
22600
20794
18114
15134
12250
8993
4891
744
-2661
-5140
-7416
-9575
-11088
-11987
-12817
-13727
-14323
-14348
-14050
-14127
-14332
-14264
-13402
-12018
-10202
-7460
-4448
-1589
1034
4217
8017
11555
13827
15169
16046
16324
15581
13828
12247
10450
7835
4358
1360
-495
-1976
-3788
-5769
-7285
-8393
-9477
-10714
-11608
-12365
-13512
-15094
-16367
-16639
-16367
-15803
-14885
-13483
-11412
-8659
-5314
-1970
1168
4140
6842
8921
10313
11050
11258
10878
9597
7786
5931
4496
2870
746
-1163
-2466
-3533
-4771
-5755
-6299
-6706
-7182
-7458
-7321
-6746
-5854
-4752
-2775
154
3431
6401
9463
13050
16500
19310
21409
23029
23794
23456
21842
19392
16637
13856
10549
6367
2288
-1031
-3565
-5931
-8091
-9812
-11065
-11981
-12908
-13623
-13714
-13411
-13666
-14204
-14078
-12984
-11568
-10034
-7455
-4263
-1147
1636
4789
8582
12240
14657
15807
16637
17118
16523
14451
12376
10461
7780
4180
898
-1233
-2968
-4939
-7043
-8700
-9881
-10873
-12018
-13013
-13796
-14800
-16229
-17440
-17691
-17375
-16794
-15814
-14319
-12355
-9747
-6368
-2929
285
3382
6319
8540
9951
10837
11233
10976
9778
7985
6085
4583
2879
697
-1312
-2697
-3854
-5283
-6301
-6585
-6733
-7221
-7590
-7339
-6524
-5538
-4365
-2372
506
3828
6760
9633
13254
16988
20074
22196
23825
24867
24779
23433
21260
18569
15640
12184
7997
3941
523
-2143
-4750
-7267
-9144
-10473
-11497
-12351
-12990
-13184
-13186
-13527
-13933
-13808
-12782
-11399
-10105
-7952
-4963
-1896
848
3869
7603
11138
13613
15003
16022
16620
16283
14596
12482
10433
7968
4684
1243
-1222
-3171
-5291
-7579
-9457
-10859
-11984
-13157
-14366
-15436
-16448
-17510
-18570
-19049
-18713
-17871
-16785
-15331
-13290
-10544
-7105
-3507
-153
2903
5790
8232
9804
10712
11143
11047
10131
8560
6854
5268
3615
1807
-29
-1607
-2880
-4116
-5161
-5905
-6412
-6860
-7250
-7123
-6547
-5743
-4420
-2231
688
3777
6805
9952
13494
17089
20274
22604
24193
25086
24957
23676
21595
19231
16462
13036
9080
5164
1749
-917
-3322
-5787
-7966
-9492
-10569
-11542
-12307
-12684
-12901
-13263
-13624
-13613
-12844
-11445
-9969
-8628
-6911
-4433
-1532
1219
3876
6556
8956
10802
12043
12830
13284
13250
12313
10495
8518
6776
4772
2295
-351
-2913
-5306
-7570
-9718
-11731
-13464
-14849
-16190
-17457
-18158
-18258
-18057
-17617
-16718
-15277
-13531
-11446
-9030
-6540
-3917
-1242
1197
3406
5407
7090
8220
8852
9370
9522
9133
8411
7440
6293
5086
3772
2224
598
-865
-2196
-3692
-4896
-5723
-6276
-6699
-6780
-6279
-5247
-3424
-850
2206
5396
8649
11755
15085
18478
21402
23211
24003
24303
23723
21943
19430
16732
13695
9993
5743
1830
-1165
-3353
-5563
-8029
-9907
-10785
-11404
-12175
-12786
-12972
-13200
-13838
-14419
-14423
-13676
-12581
-11519
-10212
-7803
-4546
-1235
1784
4987
8373
11190
13173
14491
15318
15289
14150
11878
9330
7005
4540
1460
-1775
-4196
-5982
-7695
-9353
-10602
-11508
-12274
-13128
-13995
-14753
-15382
-15954
-16569
-16708
-16141
-15127
-13706
-11780
-9304
-6385
-3066
396
3577
6309
8767
10634
11685
12198
12170
11586
10223
8373
6485
4736
3169
1446
-428
-1895
-2829
-3736
-4605
-5147
-5170
-5131
-5241
-4946
-4250
-2791
-648
1796
4361
6990
9727
12656
15699
18532
20694
21792
22328
21985
20681
18777
16553
13940
10469
6515
2860
-108
-2444
-4565
-6991
-9114
-10566
-11618
-12463
-13135
-13418
-13849
-14582
-15043
-14880
-14012
-12764
-11541
-10100
-7630
-4248
-811
2146
5187
8451
11183
13070
14250
15137
15387
14499
12360
9907
7952
5934
3099
-55
-2392
-4039
-5686
-7479
-8991
-10144
-11197
-12365
-13591
-14417
-14896
-15592
-16597
-17107
-16594
-15599
-14437
-12867
-10667
-7835
-4684
-1566
1460
4460
7234
9218
10297
11136
11729
11582
10619
9007
7303
5698
4104
2363
472
-1073
-2314
-3615
-4755
-5327
-5609
-5748
-6006
-5890
-5292
-4171
-2288
-95
2396
4944
7445
10145
13313
16314
18719
19996
20670
20945
20296
18977
16949
14594
11875
8462
4894
1902
-382
-2304
-4671
-6943
-8479
-9570
-10358
-11139
-11823
-12206
-12764
-13360
-13555
-13229
-12386
-11553
-10282
-8240
-5722
-2955
-95
2933
6072
8763
10862
12626
13915
14673
14377
13429
12195
10494
8371
5897
3515
1387
-648
-2715
-4774
-6745
-8384
-9992
-11560
-12895
-14092
-15141
-16168
-16848
-17030
-16777
-16120
-15227
-13926
-11929
-9313
-6571
-3999
-1400
1313
3699
5633
7138
8189
8908
9089
8692
7892
7008
6072
4700
3078
1694
456
-698
-1895
-3081
-4109
-4943
-5438
-5818
-6210
-5998
-5321
-4456
-2967
-768
1968
4591
7066
9840
12936
16051
18561
19884
20722
21312
20955
19425
17320
15398
13014
9573
5889
2881
777
-1041
-3431
-5805
-7269
-7785
-8297
-9238
-9744
-9703
-9990
-10766
-11364
-11219
-10460
-9773
-9271
-8451
-6551
-3800
-1148
1370
4174
7080
9543
11410
12918
14057
14507
13935
12167
9864
7734
5518
2749
-363
-3098
-5400
-7625
-9542
-10956
-11961
-12764
-13653
-14605
-15252
-15368
-15421
-15826
-16202
-16109
-15581
-14655
-13286
-11450
-9261
-6838
-4181
-1433
1478
4335
6626
8190
9248
10001
10223
9817
8961
7755
6204
4452
2720
1252
128
-899
-2110
-3218
-3662
-3694
-3792
-3939
-3767
-3060
-2188
-1149
374
2422
4727
6812
8784
11233
14064
16527
18129
19133
20009
20118
19109
17551
15835
13923
11139
7673
4557
2182
188
-2099
-4545
-6145
-7005
-7884
-8843
-9499
-9476
-9525
-10154
-10731
-10749
-10057
-9181
-8563
-7744
-6321
-4374
-2276
-266
1923
4218
6115
7640
8748
9594
10165
10120
9331
7893
6371
4974
3395
1456
-556
-2512
-4326
-6092
-7780
-9202
-10456
-11757
-13283
-14620
-15397
-15824
-16292
-16664
-16513
-15832
-14735
-13223
-11257
-8934
-6564
-4240
-1883
611
3028
4954
6255
7287
8024
8341
8252
7833
7392
6604
5579
4558
3662
3003
2325
1390
462
-230
-694
-1109
-1737
-2164
-2406
-2312
-1899
-1504
-765
641
2529
4569
6518
8715
11356
13737
15652
16951
17897
18678
18599
17481
15752
13887
11972
9339
6149
3271
878
-1115
-3095
-4943
-6135
-6793
-7348
-8032
-8548
-8410
-8258
-8631
-9191
-9436
-9140
-8743
-8549
-8178
-7263
-5754
-3993
-2263
-190
2169
4300
5879
7135
8323
9218
9375
8690
7464
6043
4454
2517
370
-1724
-3673
-5606
-7380
-8746
-9692
-10537
-11523
-12383
-12918
-13240
-13476
-13693
-13698
-13395
-13002
-12421
-11409
-9792
-7773
-5772
-3736
-1488
948
3324
5244
6746
8058
9035
9475
9310
8913
8554
7903
6827
5537
4389
3508
2675
1819
1018
256
-377
-985
-1543
-1862
-2061
-2142
-2075
-1829
-1192
-96
1465
3285
5034
6818
8920
11153
13096
14451
15405
16061
16076
15251
13848
12375
10741
8510
5751
3271
1442
-148
-1962
-3731
-4867
-5493
-6183
-7057
-7654
-7797
-7973
-8609
-9306
-9480
-9222
-9005
-8906
-8402
-7229
-5742
-4206
-2591
-690
1417
3288
4762
6052
7124
7807
7826
7255
6402
5303
3975
2354
582
-1029
-2533
-4017
-5420
-6652
-7570
-8417
-9340
-10175
-10809
-11230
-11657
-12104
-12278
-12143
-11728
-11097
-10209
-8827
-7180
-5394
-3433
-1376
766
2818
4598
6104
7302
8156
8636
8708
8580
8124
7336
6433
5524
4704
3795
2857
2037
1395
805
124
-571
-1066
-1467
-1852
-2285
-2495
-2289
-1907
-1341
-570
690
2347
3972
5521
7318
9304
11171
12294
12944
13537
13798
13412
12230
10886
9653
8013
5755
3458
1646
361
-1242
-3006
-4288
-4991
-5462
-6276
-7023
-7230
-7310
-7652
-8154
-8304
-7828
-7418
-7246
-6857
-5987
-4683
-3453
-2329
-919
631
2031
3065
3930
4847
5493
5575
5195
4691
4233
3489
2296
973
-229
-1369
-2719
-4145
-5331
-6235
-7126
-8135
-9030
-9555
-9793
-10050
-10368
-10388
-9915
-9177
-8405
-7559
-6342
-4833
-3362
-1987
-480
1180
2656
3708
4508
5292
5987
6400
6340
6055
5793
5467
4964
4330
3753
3192
2505
1663
947
462
104
-377
-1050
-1653
-1973
-2090
-2180
-2102
-1804
-1278
-654
257
1589
3163
4805
6250
7589
9008
10379
11507
12252
12550
12554
11975
10972
9930
8769
7447
5772
3855
2084
557
-741
-2031
-3383
-4368
-5200
-5941
-6449
-6729
-6739
-6829
-7109
-7223
-7038
-6533
-5917
-5544
-5020
-4298
-3464
-2588
-1769
-808
130
794
1305
1754
2216
2646
2616
2220
1696
1247
755
29
-749
-1595
-2623
-3714
-4699
-5511
-6179
-6872
-7547
-8103
-8313
-8216
-8075
-7810
-7335
-6724
-6019
-5192
-4155
-2936
-1760
-719
155
1058
2075
2955
3580
4007
4363
4600
4638
4557
4441
4234
3923
3472
2993
2661
2416
2095
1586
1166
940
729
534
411
444
607
681
709
900
1350
2030
2565
3091
3905
4891
5883
6703
7542
8529
9337
9797
10006
10086
10154
9737
8824
7689
6436
5131
3498
1732
186
-1233
-2598
-3958
-5182
-5916
-6497
-6983
-7311
-7418
-7222
-7112
-7038
-6750
-6361
-5920
-5617
-5370
-4894
-4372
-3791
-3235
-2684
-1988
-1405
-904
-443
-62
392
671
690
563
308
68
-302
-826
-1317
-1876
-2419
-2930
-3425
-3720
-4005
-4317
-4596
-4852
-4896
-4790
-4654
-4458
-4221
-3870
-3432
-2936
-2272
-1553
-801
-24
681
1391
2107
2753
3276
3637
3870
4041
4087
4085
3984
3708
3374
3075
2829
2622
2415
2238
2145
2042
2026
2013
2023
2082
2079
2054
2096
2137
2237
2367
2450
2569
2654
2999
3469
3895
4337
4776
5296
5846
6153
6324
6423
6393
6199
5539
4773
4026
3135
2045
682
-597
-1605
-2586
-3578
-4542
-5252
-5542
-5834
-6117
-6210
-6063
-5707
-5517
-5421
-5152
-4781
-4445
-4339
-4265
-3923
-3532
-3240
-2992
-2626
-2058
-1578
-1241
-903
-453
77
373
449
555
679
675
425
63
-190
-454
-785
-1179
-1550
-1752
-1907
-2131
-2378
-2482
-2381
-2301
-2313
-2299
-2176
-1918
-1700
-1522
-1220
-807
-358
-19
302
807
1359
1809
2110
2363
2684
2891
2912
2865
2811
2777
2576
2258
2045
1919
1831
1678
1553
1625
1754
1849
1894
1945
2096
2118
2010
1911
1840
1804
1608
1320
1232
1243
1252
1248
1316
1634
1959
2165
2310
2490
2782
2877
2659
2394
2161
1892
1329
507
-133
-647
-1206
-1890
-2526
-2790
-2915
-3143
-3390
-3465
-3278
-3111
-3118
-3112
-3002
-2798
-2687
-2713
-2658
-2532
-2389
-2353
-2350
-2145
-1847
-1605
-1404
-1171
-798
-434
-163
78
300
590
763
747
759
810
821
683
432
254
125
-18
-237
-504
-644
-720
-864
-1022
-1059
-919
-805
-798
-749
-626
-456
-335
-261
-112
92
272
379
511
772
1020
1155
1254
1396
1586
1735
1788
1814
1840
1865
1828
1716
1651
1653
1648
1572
1513
1525
1564
1579
1544
1481
1420
1349
1215
991
727
482
210
-78
-369
-595
-725
-829
-890
-878
-765
-573
-395
-218
-11
182
311
324
290
217
62
-150
-413
-669
-900
-1154
-1361
-1489
-1513
-1465
-1435
-1352
-1187
-1001
-837
-753
-683
-607
-573
-587
-689
-772
-801
-851
-904
-936
-865
-697
-547
-397
-252
-49
210
367
482
603
691
762
732
687
709
713
693
587
497
524
522
462
377
315
308
231
85
-62
-203
-307
-471
-662
-762
-790
-784
-801
-793
-668
-508
-347
-187
-23
197
386
495
591
710
842
895
879
903
961
1012
1001
973
1009
1031
998
912
827
784
665
447
225
42
-119
-354
-633
-853
-1011
-1124
-1236
-1304
-1291
-1230
-1173
-1131
-1022
-836
-639
-463
-311
-155
16
156
279
406
526
615
673
748
825
878
909
926
920
904
878
845
794
719
616
470
306
163
34
-99
-243
-394
-542
-685
-785
-870
-936
-963
-982
-979
-951
-900
-817
-731
-621
-485
-354
-203
-38
140
303
436
552
642
710
770
793
773
723
634
540
435
315
187
61
-45
-162
-252
-290
-307
-310
-306
-309
-301
-275
-225
-172
-149
-116
-72
-68
-81
-71
-43
-18
-4
11
41
88
145
184
228
280
323
343
329
298
263
206
120
15
-100
-213
-343
-489
-625
-733
-829
-926
-1010
-1064
-1078
-1050
-1001
-939
-855
-740
-600
-458
-316
-159
6
172
325
463
611
755
870
950
1015
1079
1124
1131
1125
1103
1043
966
886
797
689
564
449
326
187
46
-88
-199
-308
-433
-540
-615
-662
-702
-728
-710
-675
-625
-548
-455
-326
-175
-26
118
265
433
595
717
838
949
1034
1085
1098
1110
1104
1072
1015
927
830
715
581
447
302
148
-27
-215
-370
-509
-639
-762
-877
-967
-1044
-1099
-1113
-1100
-1069
-1041
-1006
-935
-842
-740
-639
-546
-445
-356
-273
-185
-121
-67
-39
-43
-60
-95
-136
-184
-250
-329
-416
-492
-549
-606
-657
-707
-746
-752
-746
-739
-715
-659
-574
-491
-401
-290
-171
-45
81
205
349
499
639
768
882
989
1078
1143
1185
1193
1172
1136
1083
1004
919
836
736
624
522
442
375
314
254
194
159
152
145
138
139
146
146
148
163
197
243
281
311
342
388
449
502
540
573
597
607
606
591
551
487
412
339
252
161
64
-45
-168
-300
-419
-526
-635
-747
-846
-938
-1013
-1077
-1131
-1158
-1165
-1158
-1138
-1096
-1033
-955
-877
-806
-742
-680
-622
-572
-529
-493
-468
-461
-449
-423
-394
-365
-340
-311
-269
-228
-184
-140
-88
-36
-11
14
52
66
66
60
62
74
88
111
139
180
237
290
340
396
451
501
534
558
576
591
603
602
596
598
590
572
563
566
565
555
546
558
573
567
548
541
544
537
519
506
508
509
490
457
432
422
409
385
355
319
278
237
187
143
107
59
-1
-54
-95
-133
-179
-228
-262
-291
-322
-349
-375
-397
-417
-448
-481
-501
-514
-527
-545
-564
-576
-586
-589
-589
-580
-566
-564
-558
-535
-512
-495
-483
-468
-449
-430
-410
-389
-368
-348
-328
-305
-271
-234
-199
-163
-127
-85
-43
0
44
84
116
137
157
174
178
179
183
186
189
184
172
164
162
172
175
171
176
187
198
193
184
180
166
157
145
135
135
131
130
139
159
194
227
261
309
354
401
441
472
505
531
550
552
538
526
503
470
440
403
365
326
287
254
219
180
135
88
42
-14
-76
-139
-197
-248
-298
-340
-363
-384
-390
-388
-382
-357
-327
-302
-269
-235
-208
-196
-205
-213
-226
-250
-281
-318
-347
-371
-402
-425
-437
-432
-418
-412
-392
-360
-327
-296
-270
-235
-208
-189
-171
-159
-145
-127
-121
-115
-96
-69
-46
-22
18
66
114
162
201
236
272
299
319
327
330
331
308
274
246
215
187
156
127
111
108
110
105
108
123
140
158
174
188
199
199
200
210
217
233
244
245
257
274
289
298
303
306
301
292
282
263
233
191
139
88
35
-22
-77
-129
-173
-212
-244
-267
-285
-299
-317
-332
-334
-339
-341
-345
-344
-335
-326
-320
-305
-280
-252
-227
-205
-176
-148
-124
-102
-84
-72
-64
-63
-65
-68
-71
-74
-83
-87
-85
-82
-79
-77
-74
-71
-71
-68
-64
-61
-55
-50
-44
-36
-24
-8
10
34
60
86
118
149
183
213
241
261
270
275
275
263
247
238
220
199
181
166
153
146
141
137
139
140
137
138
146
146
134
125
129
129
121
113
109
109
107
99
92
92
95
95
86
77
70
58
39
19
-3
-26
-54
-89
-115
-136
-157
-187
-222
-243
-261
-279
-292
-296
-296
-302
-309
-304
-291
-272
-259
-249
-232
-210
-184
-160
-135
-106
-81
-64
-48
-33
-19
-7
2
4
4
5
0
-3
-3
-6
-15
-25
-29
-27
-29
-28
-28
-27
-22
-14
-5
2
10
21
29
36
50
64
80
98
112
124
137
154
165
176
186
192
188
182
178
170
159
150
137
122
106
95
86
74
61
50
45
43
40
38
40
44
48
54
65
78
92
101
108
116
122
123
120
119
115
107
93
78
68
56
41
23
4
-16
-37
-59
-82
-105
-129
-158
-183
-204
-224
-239
-253
-261
-260
-255
-244
-233
-217
-194
-166
-138
-110
-86
-60
-37
-16
5
21
31
39
44
48
51
45
36
28
14
-4
-23
-42
-59
-76
-101
-125
-142
-156
-166
-169
-168
-158
-144
-127
-108
-83
-55
-25
3
33
62
88
107
120
129
140
148
150
149
151
155
152
145
140
139
133
121
108
94
82
68
53
41
31
23
20
22
26
31
40
50
60
76
90
102
113
123
134
141
146
151
151
147
141
132
122
108
93
78
61
39
14
-9
-29
-50
-75
-100
-120
-141
-163
-180
-188
-191
-191
-189
-183
-172
-159
-145
-131
-113
-95
-80
-66
-52
-38
-25
-14
-5
-2
-2
-1
-4
-9
