9
10
10
10
12
12
12
12
13
11
12
12
12
10
10
9
8
6
4
2
0
-3
-6
-8
-10
-12
-14
-16
-19
-20
-21
-23
-26
-29
-32
-35
-38
-43
-48
-53
-57
-62
-65
-67
-68
-68
-65
-60
-54
-48
-42
-35
-32
-29
-29
-32
-35
-37
-42
-44
-45
-43
-35
-21
-4
17
43
72
99
124
147
164
174
178
180
181
181
179
186
198
212
231
263
301
339
369
393
409
411
399
372
340
299
245
179
116
73
44
24
20
43
81
119
157
193
226
235
211
165
110
41
-50
-160
-271
-367
-441
-507
-561
-590
-596
-597
-593
-582
-580
-601
-660
-760
-871
-992
-1141
-1308
-1476
-1619
-1712
-1770
-1800
-1777
-1696
-1571
-1416
-1240
-1032
-801
-587
-417
-254
-74
92
223
343
487
665
857
1048
1264
1506
1749
1947
2119
2310
2473
2566
2605
2622
2621
2556
2408
2238
2087
1918
1704
1459
1221
999
744
429
125
-127
-363
-626
-878
-1064
-1185
-1272
-1349
-1374
-1309
-1182
-1027
-857
-637
-330
12
332
662
1050
1501
1925
2253
2510
2730
2866
2821
2595
2246
1803
1207
453
-351
-1105
-1807
-2511
-3158
-3637
-3919
-4090
-4215
-4243
-4179
-4105
-4110
-4183
-4229
-4273
-4376
-4506
-4574
-4504
-4313
-4034
-3621
-3043
-2325
-1527
-683
174
996
1737
2334
2753
3021
3169
3190
3083
2886
2702
2578
2470
2392
2429
2586
2803
3033
3299
3617
3921
4104
4140
4098
3998
3770
3378
2873
2355
1820
1246
674
179
-184
-450
-686
-847
-815
-621
-425
-317
-198
-2
146
113
-15
-71
-100
-236
-417
-445
-242
54
320
712
1398
2167
2764
3150
3494
3758
3671
3137
2358
1510
443
-913
-2365
-3588
-4557
-5448
-6244
-6712
-6745
-6572
-6404
-6191
-5902
-5623
-5517
-5630
-5843
-6071
-6351
-6687
-6960
-7017
-6713
-6120
-5326
-4351
-3099
-1607
-96
1259
2449
3522
4344
4743
4769
4641
4449
4050
3430
2872
2591
2528
2515
2626
2992
3552
4135
4704
5283
5871
6356
6605
6672
6586
6373
6002
5468
4804
4117
3473
2844
2193
1558
1060
697
396
125
-80
-158
-172
-272
-465
-650
-749
-948
-1331
-1762
-2028
-2175
-2354
-2509
-2422
-2005
-1485
-961
-230
804
1807
2507
2987
3442
3772
3617
2984
2194
1310
175
-1233
-2572
-3638
-4614
-5589
-6342
-6664
-6727
-6785
-6823
-6761
-6710
-6773
-6987
-7258
-7549
-7916
-8268
-8468
-8449
-8206
-7690
-6854
-5755
-4438
-2912
-1214
476
1987
3298
4403
5240
5704
5873
5843
5653
5282
4811
4451
4248
4184
4222
4409
4781
5307
5873
6412
6914
7325
7640
7770
7722
7500
7102
6579
5930
5212
4471
3767
3092
2420
1748
1175
759
446
120
-285
-623
-816
-1048
-1424
-1872
-2256
-2592
-3035
-3565
-3981
-4174
-4274
-4366
-4335
-3943
-3261
-2489
-1712
-797
310
1369
2145
2625
2961
3111
2880
2191
1222
162
-980
-2261
-3538
-4635
-5474
-6080
-6525
-6786
-6806
-6661
-6488
-6406
-6436
-6497
-6624
-6911
-7346
-7787
-8088
-8235
-8229
-7955
-7290
-6206
-4886
-3392
-1666
226
2066
3693
5085
6304
7216
7684
7773
7603
7320
6855
6248
5665
5256
5011
4914
4965
5225
5647
6145
6685
7192
7644
8061
8374
8462
8286
7930
7532
7008
6281
5339
4431
3631
2761
1728
738
4
-583
-1278
-2062
-2582
-2843
-3137
-3644
-4196
-4509
-4755
-5190
-5713
-6114
-6304
-6445
-6553
-6490
-6139
-5499
-4625
-3586
-2407
-1130
239
1647
2789
3496
3910
4195
4158
3515
2442
1356
335
-943
-2512
-3825
-4553
-5042
-5652
-6176
-6194
-5868
-5758
-5923
-6061
-6083
-6269
-6792
-7341
-7704
-7937
-8087
-8039
-7630
-6824
-5628
-4089
-2360
-573
1345
3351
5209
6623
7664
8523
9110
9186
8797
8353
7918
7253
6343
5620
5297
5161
4915
4816
5125
5694
6125
6378
6861
7506
7858
7683
7367
7227
6964
6131
4972
3966
3158
2162
790
-400
-1088
-1625
-2361
-3190
-3514
-3395
-3434
-3806
-4199
-4223
-4221
-4645
-5311
-5807
-6061
-6367
-6862
-7070
-6708
-6012
-5138
-4134
-2735
-1018
744
2430
3856
5005
5786
6167
6091
5446
4300
2947
1387
-379
-2190
-3747
-4802
-5679
-6423
-6798
-6721
-6367
-6170
-6043
-5821
-5753
-5968
-6461
-7011
-7483
-8050
-8572
-8757
-8596
-8002
-7024
-5613
-3804
-1805
423
2700
4825
6672
8066
9165
9849
9913
9529
8855
8088
7130
5950
4942
4279
3801
3482
3300
3594
4179
4732
5343
5949
6683
7242
7394
7324
7114
6812
6282
5365
4363
3448
2486
1434
258
-653
-1169
-1685
-2184
-2641
-2729
-2573
-2707
-2963
-3213
-3343
-3533
-4110
-4807
-5385
-5863
-6304
-6826
-7076
-6676
-5943
-4999
-3935
-2362
-146
1884
3469
4721
6067
7250
7494
6932
6236
5397
4003
1925
-116
-1494
-2761
-4159
-5398
-5966
-5842
-5798
-5860
-5762
-5550
-5382
-5667
-6128
-6590
-7208
-7899
-8617
-9193
-9371
-9156
-8452
-7374
-6067
-4175
-1891
518
2773
4743
6708
8304
9263
9645
9686
9523
8814
7620
6427
5356
4328
3344
2508
2147
2010
2004
2361
2896
3537
4017
4543
5285
5816
5968
5851
5743
5587
5054
4128
3282
2586
1829
775
-262
-805
-1145
-1537
-2138
-2529
-2381
-2230
-2399
-2789
-3013
-3043
-3437
-4282
-5040
-5403
-5699
-6261
-6788
-6583
-5825
-4907
-3985
-2688
-748
1183
2888
4416
5895
7114
7643
7582
7193
6428
5233
3672
1921
264
-1312
-2670
-3764
-4615
-5085
-5268
-5196
-5103
-5108
-4969
-4937
-5253
-5912
-6651
-7251
-7934
-8744
-9243
-9160
-8683
-7904
-6770
-4948
-2716
-414
1837
4083
6367
8175
9399
10128
10372
10131
9401
8262
6962
5529
4098
2797
1689
837
333
196
410
772
1302
1994
2815
3697
4246
4652
4808
4923
4854
4504
3881
3205
2547
1829
965
76
-415
-726
-995
-1447
-1716
-1538
-1267
-1310
-1610
-1893
-1990
-2370
-3118
-3972
-4636
-5171
-5880
-6577
-6791
-6429
-5746
-4867
-3757
-2056
-139
1851
3690
5310
6701
7562
7948
7861
7262
6246
4860
3195
1443
-309
-1793
-2924
-3823
-4425
-4801
-4858
-4674
-4545
-4438
-4569
-4911
-5424
-6148
-6931
-7784
-8603
-9184
-9436
-9217
-8436
-7208
-5445
-3330
-981
1546
3920
6150
7956
9203
9879
9901
9491
8665
7426
5934
4280
2727
1421
351
-340
-717
-792
-455
107
821
1535
2267
3195
3868
4267
4386
4511
4753
4619
4067
3530
3256
3028
2439
1575
1180
1080
906
378
-119
-25
89
-230
-802
-1184
-1244
-1638
-2514
-3349
-3932
-4418
-5155
-5951
-6212
-5998
-5596
-4974
-4075
-2558
-815
877
2571
4192
5758
6835
7329
7445
7137
6392
5181
3578
1968
385
-1137
-2444
-3487
-4054
-4334
-4518
-4498
-4403
-4183
-4127
-4459
-5003
-5740
-6560
-7548
-8685
-9573
-10016
-10103
-9832
-9174
-7819
-5863
-3699
-1438
752
3071
5193
6672
7543
7904
7915
7462
6371
5012
3651
2354
1145
4
-641
-816
-735
-378
301
1211
2204
3019
3964
4905
5567
5910
6003
6261
6388
6099
5568
5220
5043
4702
3888
3265
3024
2823
2295
1433
979
913
616
-63
-807
-1163
-1343
-2061
-3021
-3761
-4114
-4540
-5347
-5992
-5948
-5487
-4961
-4442
-3461
-1813
-34
1671
3198
4771
6291
7255
7614
7508
7083
6357
5034
3247
1406
-242
-1661
-3080
-4347
-5049
-5372
-5525
-5659
-5686
-5490
-5569
-6009
-6693
-7439
-8171
-9131
-10188
-10940
-11274
-11170
-10685
-9748
-8101
-6035
-3725
-1299
1129
3589
5660
7173
8159
8603
8608
7992
6879
5641
4292
2919
1617
580
-46
-416
-572
-299
275
1065
1740
2462
3495
4386
4960
5205
5523
5985
6112
5712
5306
5152
5055
4473
3607
3191
3110
2855
2106
1428
1425
1577
1266
635
197
189
-89
-883
-1775
-2363
-2782
-3589
-4668
-5327
-5415
-5242
-5069
-4720
-3631
-2025
-404
1102
2696
4471
5944
6730
7045
7027
6670
5689
4089
2347
695
-867
-2430
-3900
-4904
-5389
-5674
-5811
-5762
-5454
-5208
-5364
-5802
-6391
-7005
-7848
-8985
-10026
-10690
-10920
-10826
-10330
-9134
-7259
-5046
-2696
-252
2332
4790
6685
7966
8715
9041
8796
7862
6614
5239
3785
2324
976
3
-596
-940
-951
-575
116
940
1722
2728
3843
4809
5452
5855
6410
6918
7030
6733
6472
6374
6052
5181
4246
3708
3334
2638
1616
936
743
553
40
-544
-763
-812
-1249
-2058
-2843
-3354
-3969
-5011
-6116
-6758
-6930
-6944
-6929
-6442
-5204
-3557
-1862
-202
1737
3754
5365
6319
6810
7092
6933
6007
4571
3050
1526
-11
-1647
-3023
-3955
-4583
-5023
-5380
-5491
-5408
-5438
-5716
-6235
-6839
-7497
-8351
-9281
-10073
-10506
-10501
-10234
-9559
-8235
-6403
-4228
-1992
373
2879
5151
6967
8192
9060
9525
9398
8765
7875
6855
5748
4504
3264
2352
1711
1288
919
814
1114
1604
2128
2600
3295
4182
4830
5145
5438
5932
6380
6343
5995
5846
5778
5363
4454
3588
3174
2699
1838
856
320
216
-156
-851
-1435
-1589
-1727
-2393
-3307
-3954
-4405
-5086
-6102
-7017
-7304
-7290
-7286
-7176
-6485
-5052
-3466
-1983
-444
1339
3137
4400
5029
5398
5588
5331
4368
3024
1770
601
-638
-1974
-3072
-3655
-3968
-4270
-4570
-4656
-4548
-4622
-4999
-5562
-6112
-6651
-7396
-8289
-8954
-9194
-9025
-8616
-7905
-6542
-4635
-2501
-405
1706
3987
6015
7527
8475
9065
9361
9070
8227
7133
6042
4926
3722
2513
1667
1140
820
611
575
928
1357
1798
2275
2861
3535
4027
4351
4720
5153
5532
5677
5660
5689
5623
5291
4743
4146
3666
3056
2153
1277
581
94
-566
-1340
-1874
-2247
-2683
-3384
-4086
-4585
-5057
-5738
-6448
-6942
-7062
-7043
-6916
-6409
-5485
-4154
-2750
-1378
119
1677
3090
4050
4556
4877
4849
4315
3339
2206
1230
214
-873
-1748
-2286
-2439
-2521
-2671
-2685
-2657
-2745
-3134
-3820
-4548
-5425
-6447
-7481
-8403
-8885
-8977
-8744
-8009
-6789
-5021
-2954
-858
1286
3310
5200
6647
7480
7912
7934
7559
6772
5687
4632
3681
2680
1789
1088
763
694
551
527
656
975
1231
1264
1445
1815
2223
2501
2701
3242
4017
4612
5023
5396
5902
6289
6124
5697
5275
4804
4044
2770
1597
750
-73
-1037
-2104
-2756
-3069
-3503
-4041
-4501
-4734
-4959
-5478
-6027
-6323
-6391
-6367
-6381
-6069
-5292
-4246
-3018
-1716
-168
1510
2998
4247
5159
5833
6222
6048
5489
4713
3817
2792
1539
378
-514
-1227
-1851
-2437
-2771
-2918
-3202
-3600
-4091
-4608
-5174
-5935
-6680
-7277
-7687
-7836
-7792
-7339
-6403
-5181
-3687
-2107
-410
1373
2954
4257
5199
5860
6244
6186
5748
5107
4387
3624
2713
1809
1138
575
99
-374
-739
-864
-954
-981
-974
-783
-313
211
758
1431
2327
3402
4373
5184
6002
6748
7239
7288
6938
6490
5891
4940
3718
2429
1382
418
-606
-1532
-2170
-2503
-2791
-3131
-3403
-3589
-3814
-4187
-4750
-5269
-5665
-5969
-6222
-6313
-6033
-5342
-4373
-3206
-1834
-240
1463
2997
4250
5268
6105
6565
6516
6040
5377
4596
3641
2561
1557
777
157
-449
-1001
-1392
-1669
-2015
-2550
-3175
-3817
-4493
-5314
-6149
-6841
-7307
-7507
-7463
-7126
-6393
-5330
-4096
-2751
-1316
168
1533
2628
3432
3978
4260
4299
4104
3749
3217
2599
1941
1268
690
158
-311
-740
-1095
-1423
-1718
-1933
-1984
-1892
-1664
-1246
-598
304
1338
2428
3607
4837
5999
6963
7632
8073
8226
8029
7420
6569
5599
4492
3263
1983
870
-30
-823
-1552
-2122
-2540
-2891
-3305
-3740
-4117
-4513
-5005
-5569
-5980
-6139
-6190
-6115
-5791
-5065
-3999
-2849
-1580
-104
1525
3084
4353
5398
6305
6894
7055
6849
6435
5881
5053
4023
2940
1918
1009
100
-811
-1644
-2361
-2983
-3647
-4355
-5011
-5590
-6121
-6696
-7230
-7524
-7634
-7603
-7418
-7012
-6276
-5335
-4263
-3093
-1793
-418
841
1933
2893
3649
4099
4275
4177
3883
3348
2618
1837
1033
191
-707
-1486
-2005
-2348
-2637
-2778
-2587
-2072
-1409
-704
160
1366
2708
3893
4904
6025
7258
8234
8680
8858
9128
9240
8821
7896
7024
6299
5350
3990
2554
1523
726
-295
-1521
-2501
-3068
-3589
-4414
-5296
-5780
-5985
-6356
-6935
-7256
-6959
-6456
-6088
-5645
-4721
-3304
-1912
-711
635
2267
3836
4937
5673
6400
7019
7206
6862
6252
5665
4950
3895
2635
1425
402
-607
-1726
-2765
-3562
-4210
-4889
-5621
-6255
-6733
-7176
-7655
-8121
-8431
-8567
-8580
-8463
-8068
-7347
-6369
-5203
-3899
-2454
-921
612
1986
3113
3995
4623
4924
4860
4492
3920
3229
2444
1587
807
180
-267
-556
-705
-667
-462
-147
161
483
833
1238
1618
1901
2196
2647
3261
3834
4359
5030
5883
6677
7180
7497
7796
7993
7735
6991
6100
5216
4156
2708
1152
-124
-1117
-2114
-3166
-3967
-4289
-4413
-4671
-4925
-4894
-4605
-4406
-4397
-4237
-3765
-3169
-2719
-2306
-1580
-601
308
982
1656
2493
3280
3735
3930
4118
4305
4224
3805
3325
2955
2560
1926
1124
423
-129
-789
-1655
-2532
-3248
-3933
-4793
-5725
-6470
-6988
-7444
-7922
-8177
-8055
-7652
-7157
-6597
-5750
-4647
-3534
-2525
-1554
-524
443
1134
1574
1907
2213
2367
2285
2117
1989
1878
1712
1516
1404
1365
1351
1369
1369
1385
1375
1329
1256
1114
916
740
675
701
749
871
1264
1830
2399
2898
3512
4316
5010
5361
5501
5655
5736
5432
4676
3880
3210
2427
1299
100
-753
-1317
-1957
-2704
-3186
-3187
-3077
-3178
-3236
-2962
-2431
-2110
-2036
-1822
-1271
-744
-525
-353
139
800
1215
1402
1676
2170
2558
2639
2618
2741
2884
2779
2390
2009
1745
1399
850
224
-297
-730
-1273
-1929
-2503
-2956
-3366
-3856
-4331
-4643
-4827
-5015
-5200
-5254
-5128
-4901
-4634
-4306
-3834
-3233
-2613
-1996
-1358
-678
-18
565
1061
1469
1757
1957
2069
2054
1903
1684
1479
1263
1007
749
576
489
380
250
178
223
313
302
228
185
185
150
14
-88
-31
97
181
306
626
1147
1688
2145
2676
3316
3918
4307
4515
4675
4718
4484
4020
3473
2925
2298
1516
738
109
-397
-878
-1307
-1566
-1605
-1581
-1577
-1521
-1314
-1076
-914
-802
-702
-575
-468
-428
-424
-382
-308
-229
-164
-71
62
229
369
464
573
712
837
886
857
806
724
522
223
-147
-543
-966
-1491
-2099
-2676
-3202
-3693
-4166
-4546
-4804
-4952
-5002
-4953
-4734
-4385
-3945
-3424
-2837
-2217
-1612
-1039
-460
95
558
903
1144
1349
1506
1545
1477
1358
1262
1178
1042
908
830
791
732
640
565
506
432
310
187
73
-58
-200
-346
-476
-516
-461
-308
-35
310
726
1285
2001
2799
3587
4313
5055
5765
6324
6671
6849
6930
6829
6406
5719
4973
4227
3342
2239
1154
305
-395
-1101
-1758
-2176
-2290
-2365
-2517
-2558
-2366
-2121
-2069
-2187
-2250
-2200
-2268
-2492
-2699
-2697
-2593
-2555
-2491
-2181
-1622
-1088
-679
-222
382
943
1235
1283
1244
1136
813
260
-362
-964
-1548
-2223
-2912
-3450
-3825
-4110
-4339
-4456
-4428
-4304
-4140
-3946
-3728
-3437
-3080
-2731
-2419
-2071
-1631
-1158
-728
-314
108
520
880
1153
1355
1523
1647
1680
1599
1495
1439
1400
1338
1250
1227
1287
1321
1319
1369
1463
1559
1585
1519
1474
1455
1422
1338
1241
1238
1259
1254
1281
1390
1597
1873
2170
2489
2879
3316
3710
3994
4191
4353
4411
4316
4045
3645
3174
2623
1985
1295
608
-40
-614
-1138
-1572
-1874
-2040
-2086
-2072
-2014
-1884
-1731
-1597
-1522
-1519
-1546
-1617
-1744
-1913
-2093
-2203
-2257
-2280
-2228
-2104
-1859
-1555
-1267
-972
-667
-359
-117
-24
12
36
-20
-189
-451
-696
-875
-1075
-1312
-1530
-1676
-1767
-1851
-1926
-1991
-2042
-2097
-2165
-2218
-2233
-2200
-2123
-2026
-1905
-1722
-1482
-1196
-898
-584
-226
127
439
703
937
1182
1394
1539
1647
1769
1921
2073
2169
2267
2396
2530
2613
2607
2581
2551
2462
2275
2027
1761
1504
1214
921
662
451
266
110
8
-13
46
141
284
462
640
820
1031
1255
1474
1627
1748
1830
1887
1904
1872
1817
1723
1553
1351
1180
1014
814
551
300
81
-141
-396
-676
-930
-1142
-1388
-1670
-1939
-2149
-2330
-2529
-2718
-2837
-2879
-2893
-2891
-2833
-2674
-2474
-2267
-2036
-1760
-1445
-1144
-885
-665
-453
-234
-62
42
107
155
187
172
115
55
-8
-89
-195
-316
-432
-563
-710
-851
-983
-1104
-1187
-1248
-1290
-1266
-1179
-1046
-864
-645
-399
-123
165
455
738
996
1224
1420
1580
1703
1801
1881
1927
1940
1931
1921
1902
1845
1759
1647
1510
1345
1153
952
737
492
231
1
-196
-373
-541
-673
-754
-790
-778
-724
-621
-478
-317
-133
79
297
502
700
906
1105
1280
1443
1590
1713
1824
1890
1901
1863
1784
1681
1522
1304
1048
769
455
126
-187
-482
-767
-1032
-1268
-1470
-1638
-1791
-1920
-2009
-2063
-2109
-2136
-2149
-2130
-2066
-1988
-1904
-1771
-1595
-1405
-1222
-1013
-759
-482
-226
-1
216
427
599
717
809
882
914
880
797
708
601
448
276
97
-75
-251
-425
-566
-673
-735
-779
-822
-839
-815
-755
-685
-619
-542
-447
-356
-287
-216
-120
-9
101
206
330
473
603
733
873
1006
1122
1209
1264
1291
1285
1231
1140
1021
882
730
566
398
238
103
-7
-106
-186
-235
-255
-261
-243
-223
-197
-163
-142
-115
-74
-8
58
119
186
258
337
415
485
549
607
648
676
670
641
609
560
465
337
206
77
-55
-194
-333
-452
-566
-698
-822
-916
-973
-1011
-1029
-1021
-991
-937
-860
-769
-647
-493
-340
-206
-80
65
215
343
455
554
644
718
746
755
751
724
688
624
533
449
353
231
90
-60
-198
-330
-470
-603
-708
-786
-846
-890
-911
-888
-829
-760
-689
-599
-491
-360
-230
-118
9
142
259
352
424
497
568
617
640
654
659
646
606
551
501
445
370
267
140
20
-102
-234
-365
-492
-596
-688
-784
-859
-904
-915
-915
-911
-880
-823
-741
-644
-544
-437
-317
-199
-88
18
122
222
311
392
472
555
634
691
742
792
834
861
872
864
843
809
763
709
653
599
543
477
414
367
335
316
297
282
275
267
263
263
255
252
241
216
187
158
131
90
40
-5
-51
-95
-133
-164
-188
-203
-217
-232
-244
-245
-236
-233
-241
-245
-246
-267
-295
-312
-319
-322
-338
-349
-350
-346
-345
-351
-354
-347
-340
-339
-344
-339
-318
-310
-314
-317
-315
-305
-299
-306
-308
-301
-299
-300
-302
-293
-274
-266
-275
-291
-299
-300
-305
-309
-301
-287
-280
-281
-269
-241
-206
-173
-142
-101
-49
5
48
90
142
198
245
285
324
359
392
411
431
461
498
526
540
551
558
567
576
581
575
561
547
520
491
458
419
383
343
289
241
200
161
124
85
56
35
17
3
-3
1
10
22
33
49
70
92
117
147
178
211
243
266
290
310
314
307
295
281
263
222
172
120
58
-10
-81
-148
-209
-274
-341
-404
-459
-501
-537
-571
-592
-609
-630
-645
-649
-643
-628
-610
-591
-572
-545
-511
-479
-446
-404
-351
-306
-273
-245
-214
-185
-164
-153
-135
-117
-102
-101
-101
-86
-63
-47
-37
-18
5
36
57
65
85
116
134
136
136
153
183
199
202
204
217
235
241
237
239
248
247
231
214
213
217
210
187
165
158
154
137
118
111
117
123
117
117
131
153
164
165
179
206
234
249
262
285
318
343
349
354
368
377
370
351
336
328
313
277
230
192
163
124
71
18
-26
-68
-115
-170
-213
-241
-268
-304
-338
-352
-358
-373
-397
-412
-408
-400
-405
-415
-410
-390
-366
-349
-329
-296
-257
-223
-197
-174
-137
-104
-88
-82
-72
-55
-46
-52
-57
-50
-41
-38
-39
-31
-13
6
11
9
15
29
36
27
21
22
18
2
-15
-24
-20
-14
-20
-20
-3
19
34
44
57
78
98
107
117
127
141
155
166
179
198
217
231
241
252
269
277
273
269
265
255
235
213
192
172
155
131
106
81
52
21
-8
-35
-58
-79
-103
-129
-147
-158
-165
-169
-170
-170
-170
-173
-173
-168
-162
-160
-165
-169
-167
-158
-154
-150
-143
-133
-123
-108
-92
-75
-61
-51
-45
-39
-32
-31
-28
-23
-10
2
11
27
44
60
78
87
97
111
123
131
133
130
126
120
110
95
79
62
47
31
14
1
-9
-20
-30
-35
-32
-28
-30
-31
-25
-17
-10
-5
3
16
31
47
64
83
104
124
139
148
160
174
181
182
180
177
175
164
151
134
114
95
74
55
35
14
-12
-40
-61
-78
-94
-113
-131
-150
-168
-183
-197
-207
-214
-220
-224
-225
-224
-221
-219
-220
-221
-220
-215
-209
-207
-204
-198
-193
-184
-175
-167
-159
-149
-139
-129
-116
-101
-83
-60
-42
-20
2
27
53
78
102
127
149
165
176
186
194
199
197
191
186
185
182
171
160
150
139
127
113
97
86
77
65
53
46
41
42
44
48
59
74
88
102
115
133
152
166
177
187
196
202
202
198
195
189
180
168
150
133
116
95
70
48
27
9
-11
-35
-56
-75
-95
-114
-133
-146
-155
-166
-178
-186
-186
-187
-193
-199
-200
-199
-199
-199
-198
-188
-178
-171
-164
-153
-140
-130
-125
-119
-114
-108
-106
-107
-105
-101
-95
-88
-85
-78
-66
-61
-61
-54
-46
-40
-37
-33
-25
-11
-3
2
9
18
25
29
32
33
37
40
39
36
34
37
37
35
35
36
37
38
37
38
42
51
56
61
68
78
86
91
101
109
116
121
124
129
135
144
145
145
146
150
155
154
150
148
146
143
136
131
127
119
107
94
79
63
45
27
14
1
-9
-18
-28
-35
