-10
-9
-8
-7
-8
-9
-10
-10
-11
-12
-12
-13
-13
-13
-12
-13
-11
-11
-12
-11
-11
-11
-11
-11
-11
-11
-11
-10
-8
-6
-3
1
6
10
15
18
22
26
30
32
35
38
39
42
44
48
52
58
64
73
83
93
102
111
114
114
109
100
83
59
32
3
-25
-50
-72
-88
-97
-95
-83
-62
-34
-3
30
61
92
118
142
162
181
195
204
213
219
218
208
186
152
98
29
-50
-145
-254
-372
-491
-605
-704
-791
-855
-897
-922
-926
-919
-907
-893
-882
-876
-872
-875
-878
-867
-838
-788
-715
-611
-477
-318
-140
40
214
364
484
567
606
606
563
488
400
311
242
209
210
262
374
533
729
957
1197
1424
1648
1855
2020
2138
2203
2221
2197
2127
2008
1882
1755
1597
1408
1212
1027
830
612
372
130
-110
-350
-586
-803
-991
-1147
-1265
-1334
-1349
-1292
-1153
-937
-645
-305
73
494
915
1294
1597
1802
1893
1853
1681
1379
950
429
-158
-782
-1412
-2006
-2514
-2920
-3211
-3394
-3468
-3445
-3356
-3219
-3085
-3000
-2969
-2999
-3084
-3197
-3306
-3379
-3387
-3295
-3069
-2705
-2206
-1588
-898
-175
542
1209
1773
2193
2431
2463
2308
2015
1622
1170
728
355
106
3
44
232
561
1000
1480
1972
2437
2817
3120
3352
3505
3581
3589
3546
3474
3405
3335
3289
3264
3245
3227
3165
3016
2774
2452
2054
1547
917
217
-487
-1167
-1806
-2351
-2772
-3081
-3273
-3325
-3220
-2968
-2611
-2165
-1640
-1073
-467
148
745
1286
1719
2042
2226
2262
2177
1954
1592
1096
472
-247
-998
-1724
-2405
-3009
-3524
-3937
-4215
-4368
-4418
-4399
-4360
-4335
-4341
-4400
-4511
-4653
-4805
-4931
-4986
-4915
-4704
-4305
-3687
-2872
-1887
-787
376
1544
2609
3499
4173
4585
4692
4513
4120
3555
2874
2161
1512
978
618
480
559
862
1328
1900
2498
3066
3598
4035
4363
4604
4758
4818
4793
4714
4661
4665
4716
4778
4837
4883
4822
4626
4279
3797
3165
2325
1290
145
-1020
-2159
-3245
-4230
-5042
-5647
-6034
-6185
-6082
-5735
-5210
-4547
-3795
-2964
-2081
-1190
-335
447
1155
1744
2193
2490
2606
2543
2282
1802
1121
310
-561
-1456
-2345
-3171
-3875
-4428
-4839
-5085
-5162
-5111
-4976
-4817
-4704
-4654
-4653
-4711
-4820
-4950
-5038
-5054
-4938
-4592
-4010
-3194
-2146
-914
424
1790
3104
4293
5271
5945
6269
6243
5920
5327
4516
3591
2650
1752
1022
508
214
215
476
903
1440
2063
2718
3363
3930
4402
4805
5119
5324
5403
5454
5527
5594
5625
5597
5502
5296
4967
4493
3865
3113
2204
1074
-196
-1482
-2741
-3942
-5063
-6072
-6908
-7518
-7919
-8089
-7965
-7552
-6923
-6119
-5134
-3981
-2691
-1290
142
1504
2755
3812
4612
5156
5411
5358
4931
4144
3086
1852
527
-816
-2093
-3254
-4217
-4933
-5404
-5622
-5608
-5452
-5257
-5079
-4969
-4959
-5050
-5222
-5457
-5686
-5839
-5879
-5701
-5214
-4398
-3233
-1751
-65
1752
3581
5280
6740
7860
8530
8695
8383
7629
6506
5151
3655
2093
649
-584
-1520
-2079
-2248
-2079
-1648
-961
-123
781
1686
2552
3380
4111
4676
5062
5327
5595
5833
5941
5995
6050
6043
5867
5500
5011
4424
3693
2698
1431
51
-1375
-2858
-4351
-5768
-7005
-8037
-8889
-9517
-9814
-9693
-9187
-8402
-7376
-6086
-4537
-2809
-996
822
2618
4314
5724
6727
7357
7686
7655
7179
6236
4955
3535
2033
454
-1056
-2331
-3392
-4235
-4838
-5194
-5281
-5161
-4970
-4900
-4970
-5084
-5275
-5610
-6032
-6437
-6722
-6827
-6724
-6325
-5472
-4138
-2496
-704
1204
3152
5013
6660
7896
8603
8783
8450
7566
6213
4633
3001
1410
-109
-1489
-2534
-3116
-3314
-3223
-2875
-2226
-1367
-517
264
1005
1792
2618
3321
3877
4399
5019
5729
6372
6975
7600
8170
8526
8455
8036
7470
6730
5635
4084
2267
436
-1389
-3229
-5012
-6576
-7784
-8717
-9431
-9863
-9921
-9558
-8919
-8103
-7110
-5881
-4342
-2637
-907
889
2754
4587
6140
7340
8268
8921
9179
8857
7970
6681
5105
3306
1334
-634
-2372
-3826
-5030
-5997
-6616
-6781
-6653
-6460
-6333
-6280
-6247
-6319
-6593
-7023
-7468
-7780
-7937
-7930
-7575
-6695
-5273
-3473
-1479
661
2888
5062
6919
8260
9079
9356
9006
7993
6447
4666
2814
926
-891
-2484
-3652
-4327
-4611
-4530
-4112
-3368
-2432
-1497
-573
374
1417
2523
3513
4383
5223
6119
7066
7919
8669
9383
10004
10341
10185
9611
8808
7767
6377
4556
2476
376
-1688
-3685
-5553
-7137
-8359
-9338
-10114
-10593
-10655
-10284
-9637
-8816
-7806
-6563
-5024
-3255
-1299
845
3076
5235
7138
8742
10039
10926
11331
11090
10169
8767
6957
4889
2669
387
-1709
-3569
-5161
-6383
-7174
-7463
-7392
-7213
-7048
-6933
-6841
-6846
-7015
-7288
-7613
-7892
-8061
-8014
-7583
-6694
-5305
-3520
-1495
733
3040
5263
7220
8705
9611
9863
9441
8411
6857
4967
2909
768
-1344
-3295
-4904
-6061
-6790
-7046
-6917
-6494
-5733
-4760
-3715
-2670
-1504
-77
1461
2928
4317
5771
7409
9019
10346
11446
12405
13071
13133
12566
11631
10479
9041
7074
4663
2211
-99
-2284
-4334
-6113
-7460
-8510
-9417
-10128
-10472
-10344
-9913
-9321
-8606
-7670
-6348
-4684
-2743
-532
1857
4281
6535
8491
10205
11626
12542
12743
12131
10839
9031
6840
4407
1872
-555
-2776
-4758
-6388
-7553
-8138
-8288
-8288
-8237
-8182
-8135
-8178
-8370
-8660
-9036
-9405
-9690
-9763
-9437
-8648
-7356
-5611
-3567
-1299
1056
3348
5480
7210
8390
8951
8870
8152
6832
5084
3119
1093
-878
-2719
-4293
-5454
-6195
-6514
-6511
-6239
-5627
-4735
-3713
-2661
-1502
-57
1674
3445
5100
6773
8626
10495
12110
13430
14521
15370
15630
15065
13908
12495
10910
8917
6410
3760
1279
-1068
-3332
-5354
-6878
-8028
-9047
-9946
-10581
-10754
-10559
-10207
-9713
-8949
-7845
-6409
-4627
-2422
132
2813
5339
7554
9591
11372
12643
13205
12909
11861
10247
8160
5699
3032
399
-2023
-4226
-6135
-7563
-8379
-8707
-8854
-8919
-8944
-9002
-9159
-9485
-9879
-10279
-10756
-11222
-11449
-11186
-10392
-9176
-7516
-5408
-2907
-214
2435
4913
7051
8674
9643
9921
9567
8634
7193
5364
3284
1166
-833
-2582
-3998
-5097
-5863
-6307
-6438
-6234
-5727
-4994
-4112
-3140
-1930
-295
1621
3590
5520
7534
9675
11788
13637
15104
16299
17100
17137
16287
14892
13287
11389
8960
6105
3193
507
-1943
-4230
-6193
-7764
-9093
-10282
-11228
-11738
-11824
-11638
-11270
-10726
-9922
-8722
-7083
-5020
-2611
2
2619
5074
7330
9368
11096
12264
12611
12098
10929
9306
7284
4896
2368
-97
-2429
-4505
-6206
-7404
-8107
-8509
-8798
-9038
-9209
-9346
-9570
-9910
-10294
-10698
-11070
-11259
-11062
-10384
-9273
-7789
-5923
-3621
-1025
1617
4111
6349
8215
9502
10139
10212
9726
8705
7196
5327
3403
1531
-230
-1766
-3088
-4132
-4844
-5258
-5339
-5102
-4659
-4051
-3334
-2468
-1304
313
2280
4263
6139
8021
10045
12052
13773
15106
16047
16478
16124
14988
13492
11893
9969
7522
4663
1798
-733
-2937
-4925
-6669
-8159
-9491
-10648
-11505
-11942
-12029
-11918
-11701
-11339
-10634
-9405
-7623
-5413
-2938
-358
2190
4637
6980
9099
10775
11767
11910
11296
10110
8520
6604
4405
2010
-377
-2527
-4333
-5693
-6584
-7131
-7541
-7895
-8184
-8411
-8628
-8942
-9375
-9929
-10565
-11096
-11276
-10907
-10030
-8882
-7430
-5463
-2982
-247
2435
4949
7202
8970
10074
10544
10530
10066
8976
7230
5106
2965
1056
-653
-2219
-3626
-4796
-5614
-6062
-6161
-5908
-5327
-4544
-3725
-2801
-1434
525
2831
5045
6993
8981
11155
13261
14940
16114
16917
17115
16347
14794
12969
11185
9097
6319
3155
115
-2376
-4425
-6316
-7975
-9370
-10534
-11479
-12154
-12366
-12179
-11850
-11494
-11066
-10257
-8856
-6900
-4567
-2111
360
2843
5382
7846
10002
11687
12638
12711
12053
10836
9237
7320
5000
2437
-123
-2413
-4261
-5735
-6832
-7618
-8260
-8722
-9017
-9244
-9475
-9834
-10301
-10884
-11524
-11942
-11900
-11341
-10417
-9225
-7588
-5295
-2474
490
3352
6053
8445
10287
11428
11899
11832
11182
9840
7868
5557
3304
1269
-596
-2348
-3949
-5241
-6125
-6631
-6760
-6549
-6044
-5329
-4556
-3655
-2342
-390
1962
4208
6223
8345
10718
13109
15095
16507
17554
18019
17477
16009
14207
12445
10318
7410
3971
616
-2173
-4464
-6601
-8567
-10170
-11404
-12434
-13236
-13533
-13361
-12978
-12632
-12300
-11545
-10096
-8110
-5853
-3489
-981
1666
4276
6782
9105
11108
12486
12913
12538
11755
10661
9093
6984
4567
2126
-153
-2116
-3776
-5071
-6022
-6815
-7519
-8108
-8517
-8857
-9303
-9886
-10592
-11233
-11575
-11573
-11140
-10286
-9098
-7530
-5511
-2960
-97
2731
5410
7734
9533
10785
11418
11467
10960
9784
7965
5740
3435
1231
-777
-2527
-4176
-5638
-6673
-7244
-7431
-7324
-6928
-6248
-5405
-4465
-3281
-1530
774
3104
5133
7076
9257
11618
13777
15431
16602
17312
17273
16253
14588
12803
10844
8282
5053
1629
-1394
-3828
-5947
-7928
-9610
-10793
-11631
-12372
-12769
-12571
-11994
-11390
-10972
-10440
-9269
-7502
-5530
-3537
-1367
1118
3650
6068
8377
10507
12298
13322
13425
12943
12124
10909
9089
6776
4328
1896
-406
-2516
-4277
-5579
-6663
-7601
-8376
-8987
-9374
-9720
-10120
-10591
-11164
-11579
-11729
-11616
-11152
-10316
-9009
-7228
-5064
-2558
108
2832
5364
7427
9000
9966
10336
10100
9193
7792
5975
3917
1734
-496
-2403
-3982
-5303
-6276
-6994
-7364
-7381
-7165
-6700
-6106
-5292
-4301
-3250
-1797
98
2324
4672
6850
9119
11578
14015
16063
17437
18402
18786
18161
16637
14512
12239
9646
6334
2736
-642
-3320
-5512
-7694
-9394
-10446
-11040
-11419
-11700
-11381
-10629
-9976
-9541
-9223
-8383
-7053
-5661
-4089
-2316
-188
2098
4256
6525
8784
10789
12218
12756
12763
12360
11466
10049
7931
5557
3182
806
-1361
-3360
-4910
-6078
-7259
-8249
-9049
-9577
-9924
-10512
-11126
-11686
-12097
-12246
-12310
-11931
-11033
-9785
-8083
-6104
-3676
-916
1732
4232
6354
8031
9204
9681
9609
8897
7601
5997
4073
2030
-53
-1977
-3416
-4617
-5581
-6280
-6692
-6619
-6453
-6249
-5797
-5158
-4259
-3348
-2239
-430
1821
4301
6611
8819
11457
14038
16147
17668
18623
19150
18628
16970
14740
12208
9629
6497
2873
-490
-3324
-5359
-7018
-8423
-9159
-9532
-9666
-9721
-9660
-9036
-8395
-8092
-8036
-8034
-7415
-6447
-5326
-3856
-2164
36
2403
4741
7336
9745
11692
12826
13086
12968
12233
10825
8738
6070
3384
560
-2134
-4312
-6088
-7362
-8441
-9303
-9646
-9781
-9771
-9838
-10096
-10327
-10733
-11108
-11276
-11249
-10833
-10171
-9144
-7548
-5512
-3043
-420
2190
4696
6735
8255
9178
9486
9177
8138
6647
4860
2783
645
-1406
-3137
-4419
-5348
-5932
-6241
-6245
-5960
-5504
-4895
-4272
-3645
-2966
-2260
-1494
-293
1595
3845
6016
8035
10265
12774
15199
17161
18556
19471
19651
18594
16620
14371
12079
9342
5739
1987
-1226
-3688
-5645
-7486
-8802
-9425
-9775
-10053
-10182
-9728
-8887
-8448
-8380
-8388
-7992
-7079
-6142
-5077
-3793
-2190
-221
1837
4112
6459
8431
9969
10844
11193
11217
10754
9806
8066
5809
3528
1255
-746
-2615
-4477
-6072
-7480
-8500
-9220
-9822
-10141
-10596
-11152
-11679
-12157
-12169
-11909
-11516
-10945
-10257
-8986
-7164
-5027
-2607
-317
2006
4169
5819
7158
8009
8439
8371
7576
6500
5218
3884
2630
1104
-279
-1438
-2308
-2729
-3195
-3511
-3735
-3958
-3920
-3961
-3931
-3693
-3452
-2911
-2375
-1466
368
2606
5070
7122
9087
11634
14134
16205
17492
18163
18533
17768
15950
13797
11593
9507
6567
3011
-87
-2494
-4178
-5921
-7505
-8283
-8820
-9316
-9801
-9890
-9236
-8879
-8944
-9040
-8865
-7985
-7105
-6159
-4798
-3237
-1377
418
2359
4676
6617
8117
9154
9805
10317
10147
9421
8267
6619
4733
2589
677
-873
-2527
-4158
-5729
-7025
-7911
-8680
-9212
-9662
-10114
-10492
-10912
-11033
-10756
-10330
-9792
-9206
-8342
-7031
-5488
-3729
-1902
-97
1624
3009
4174
5231
5998
6376
6305
5867
5279
4490
3596
2646
1700
867
-3
-725
-1153
-1539
-1919
-2291
-2614
-2690
-2744
-2813
-2778
-2581
-2058
-1461
-598
895
2733
4730
6521
8239
10340
12385
14054
15103
15562
15772
15202
13874
12254
10405
8418
5810
2854
229
-1995
-3716
-5370
-6916
-7843
-8502
-8965
-9214
-9244
-8868
-8620
-8487
-8212
-7728
-6742
-5721
-4745
-3549
-2276
-724
1005
2803
4671
6113
7285
8250
8795
9114
8884
8217
7231
5739
4066
2282
656
-781
-2462
-4077
-5452
-6555
-7362
-8244
-8957
-9489
-9977
-10342
-10799
-10998
-10834
-10616
-10222
-9666
-8752
-7365
-5823
-4117
-2372
-507
1492
3149
4497
5559
6233
6614
6514
6072
5430
4528
3604
2419
1162
224
-578
-1262
-1902
-2297
-2345
-2380
-2340
-2286
-2264
-2097
-2122
-2128
-1869
-1404
-725
1
1268
3017
4841
6762
8655
10688
12768
14464
15729
16468
16741
16369
14907
13012
10985
8683
5982
2806
-147
-2639
-4750
-6462
-7919
-8797
-9179
-9522
-9563
-9284
-8646
-7901
-7438
-6964
-6471
-5700
-4662
-3759
-2678
-1494
-243
1169
2531
4110
5626
6823
7822
8305
8523
8575
8192
7426
6098
4528
3005
1357
-229
-1945
-3693
-5250
-6807
-8115
-9173
-10074
-10781
-11518
-12095
-12361
-12394
-12019
-11582
-11054
-10147
-8959
-7369
-5581
-3678
-1669
144
1854
3363
4558
5575
6183
6402
6273
5726
5055
4197
3170
2070
910
82
-570
-1244
-1729
-2063
-2170
-2201
-2316
-2305
-2323
-2321
-2255
-2256
-2036
-1552
-894
34
1137
2663
4460
6344
8380
10244
12036
13664
14864
15589
15716
15323
14409
12832
10982
8827
6404
3900
1285
-970
-2824
-4277
-5360
-6351
-7006
-7276
-7355
-7082
-6591
-6083
-5672
-5354
-4774
-4035
-3247
-2451
-1831
-1199
-483
373
1427
2427
3318
4041
4447
4807
5161
5358
5245
4703
3971
3135
2169
1079
-223
-1643
-3194
-4882
-6421
-7775
-8975
-10096
-11168
-12001
-12537
-12682
-12436
-12050
-11506
-10672
-9484
-8030
-6499
-4840
-3200
-1778
-423
916
2224
3363
4121
4646
4883
4942
5030
4944
4705
4257
3639
3085
2566
2179
1753
1151
652
189
-159
-354
-516
-518
-517
-586
-592
-440
53
540
865
1386
2080
2945
3784
4649
5826
7022
8138
9077
9862
10736
11413
11669
11543
11112
10573
9556
8038
6381
4574
2752
725
-1334
-3074
-4571
-5757
-6723
-7402
-7554
-7447
-7123
-6521
-5806
-4941
-4147
-3438
-2810
-2305
-1715
-1268
-1055
-898
-788
-613
-384
-126
201
427
674
967
1160
1366
1474
1412
1067
405
-341
-1133
-2041
-3101
-4283
-5389
-6387
-7279
-7908
-8326
-8544
-8589
-8477
-8121
-7604
-6891
-6020
-5173
-4242
-3261
-2272
-1236
-316
531
1352
2161
2970
3662
4262
4714
4930
5064
5079
4909
4669
4293
3777
3142
2545
2100
1677
1352
1105
858
741
737
772
871
916
872
675
456
294
32
-198
-350
-481
-519
-314
159
809
1704
2903
4169
5426
6692
7858
8855
9539
9815
9680
9254
8496
7241
5711
4105
2451
745
-963
-2394
-3442
-4116
-4553
-4864
-4783
-4360
-3896
-3467
-3028
-2576
-2406
-2540
-2681
-2829
-2933
-3124
-3547
-3871
-3953
-3750
-3359
-2875
-2170
-1431
-756
-114
468
1167
1726
1839
1646
1193
634
-43
-828
-1566
-2423
-3308
-4138
-4870
-5234
-5404
-5504
-5573
-5640
-5455
-5106
-4685
-4184
-3753
-3301
-2823
-2303
-1618
-887
-176
453
1040
1730
2414
3041
3533
3817
4015
4084
4040
3921
3670
3336
2877
2403
2022
1649
1378
1134
868
650
451
366
315
149
-97
-390
-609
-762
-953
-1089
-1139
-1088
-967
-731
-236
416
1145
1861
2555
3447
4433
5273
5909
6348
6674
6843
6784
6557
6135
5558
4797
3801
2827
1999
1273
488
-397
-1208
-1818
-2211
-2481
-2707
-2857
-2924
-2946
-2949
-2968
-2976
-2986
-3026
-3151
-3289
-3294
-3207
-3110
-3026
-2888
-2597
-2219
-1838
-1455
-1026
-536
-109
212
492
695
783
710
520
295
25
-279
-621
-944
-1178
-1396
-1606
-1787
-1917
-1988
-2035
-2040
-2058
-2086
-2095
-2157
-2228
-2201
-2096
-1951
-1780
-1545
-1231
-914
-560
-177
212
550
758
922
1115
1297
1390
1339
1245
1186
1164
1234
1290
1349
1491
1613
1726
1822
1926
2006
1922
1726
1511
1308
1121
856
518
225
4
-152
-260
-244
-76
110
275
432
676
1026
1328
1567
1816
2086
2361
2571
2743
2915
3044
3134
3116
3019
2947
2803
2527
2141
1679
1165
568
-46
-647
-1223
-1708
-2136
-2494
-2705
-2846
-2957
-3027
-3068
-3056
-3046
-3006
-2956
-2946
-2907
-2852
-2801
-2674
-2430
-2110
-1722
-1242
-692
-131
433
961
1412
1788
2094
2293
2317
2230
2038
1743
1404
989
522
95
-311
-721
-1105
-1416
-1647
-1857
-2061
-2255
-2412
-2476
-2489
-2485
-2442
-2343
-2176
-1944
-1619
-1211
-756
-232
309
796
1306
1841
2295
2621
2827
2955
3020
3016
2940
2784
2580
2348
2100
1833
1560
1265
953
622
227
-177
-530
-848
-1178
-1562
-1898
-2115
-2254
-2324
-2376
-2344
-2189
-2020
-1830
-1553
-1181
-800
-491
-182
164
569
973
1291
1576
1857
2128
2368
2547
2726
2868
2892
2813
2630
2424
2201
1879
1473
1020
579
147
-296
-669
-986
-1292
-1533
-1698
-1786
-1807
-1797
-1748
-1665
-1520
-1338
-1140
-903
-673
-466
-268
-52
182
406
614
805
957
1078
1157
1193
1204
1159
1045
869
669
455
217
-19
-252
-484
-691
-875
-1044
-1194
-1336
-1459
-1570
-1659
-1708
-1733
-1729
-1675
-1563
-1391
-1156
-900
-638
-345
-49
220
472
706
906
1038
1072
1037
971
893
807
688
527
339
143
-46
-215
-368
-507
-648
-802
-955
-1085
-1185
-1279
-1368
-1435
-1485
-1515
-1498
-1441
-1350
-1210
-1036
-834
-596
-325
-32
247
511
763
1005
1236
1439
1591
1707
1811
1917
2005
2065
2115
2131
2134
2146
2121
2068
2022
1942
1807
1632
1442
1249
1050
831
592
365
164
-10
-169
-309
-421
-516
-582
-601
-592
-572
-548
-520
-490
-438
-343
-254
-193
-143
-99
-53
-8
19
27
22
7
-22
-64
-94
-112
-135
-169
-220
-257
-276
-303
-345
-401
-461
-532
-625
-722
-814
-898
-972
-1039
-1088
-1131
-1163
-1182
-1179
-1142
-1093
-1031
-956
-902
-855
-789
-730
-691
-667
-651
-647
-652
-646
-616
-574
-528
-501
-483
-446
-383
-308
-243
-191
-159
-143
-110
-67
-27
18
65
120
201
305
427
554
676
768
839
929
995
1014
1012
996
957
893
827
766
701
649
609
574
555
561
583
598
591
585
589
598
598
596
619
653
679
711
743
788
841
895
957
999
1034
1057
1043
1021
988
940
881
803
713
610
516
432
331
257
182
86
-5
-125
-252
-385
-534
-681
-830
-964
-1092
-1230
-1330
-1392
-1410
-1388
-1334
-1250
-1169
-1074
-955
-859
-770
-682
-622
-599
-615
-642
-664
-684
-706
-757
-803
-818
-821
-797
-761
-716
-656
-601
-544
-498
-445
-387
-360
-350
-319
-274
-235
-199
-155
-96
-25
45
114
200
302
389
449
496
552
602
615
604
582
547
504
453
396
346
296
242
193
165
151
142
139
149
168
204
241
271
300
343
385
417
450
488
524
555
578
590
605
619
623
619
609
601
597
596
598
604
597
573
533
494
465
431
378
318
256
191
130
75
26
-23
-70
-115
-153
-186
-212
-235
-263
-302
-346
-390
-426
-459
-497
-529
-568
-613
-649
-670
-671
-675
-682
-673
-660
-639
-610
-584
-550
-513
-473
-431
-384
-329
-276
-221
-165
-115
-54
7
60
111
158
186
200
203
201
190
166
119
61
8
-41
-92
-135
-172
-206
-236
-258
-265
-261
-262
-259
-243
-218
-187
-146
-95
-45
3
57
122
180
233
292
344
400
453
486
516
539
551
544
510
473
444
403
358
317
269
221
169
118
72
35
10
-15
-47
-75
-95
-109
-122
-138
-149
-153
-154
-151
-145
-136
-119
-98
-79
-62
-45
-28
-14
-18
-38
-52
-60
-75
-98
-120
-137
-151
-164
-170
-171
-166
-163
-159
-150
-131
-105
-78
-63
-49
-23
11
48
83
111
143
177
199
219
246
275
287
283
276
263
242
204
153
108
63
16
-31
-72
-106
-131
-149
-157
-162
-151
-127
-107
-88
-64
-27
10
39
68
96
116
127
138
154
170
184
199
214
232
255
280
294
291
284
276
259
224
177
134
84
23
-44
-112
-175
-236
-293
-340
-378
-404
-422
-432
-426
-413
-391
-365
-344
-321
-295
-273
-258
-244
-223
-200
-187
-182
-178
-165
-153
-156
-167
-181
-191
-201
-212
-223
-231
-233
-231
-222
-200
-173
-145
-112
-78
-39
4
45
80
116
154
182
197
205
217
236
252
260
266
279
298
317
330
340
347
348
340
328
314
289
255
212
169
139
109
76
53
34
25
23
24
37
59
85
108
134
161
187
208
228
245
259
274
278
279
283
290
293
289
277
263
245
216
180
142
107
62
16
-29
-74
-116
-157
-197
-230
-262
-293
-318
-340
-362
-377
-390
-400
-404
-403
-399
-395
-390
-379
-360
-332
-304
-275
-242
-210
-184
-164
-146
-135
-127
-121
-116
-113
-118
-128
-138
-147
-151
-153
-159
-170
-175
-172
-165
-160
-154
-144
-132
-117
-99
-79
-61
-40
-17
6
32
58
83
113
140
161
176
189
196
200
205
211
210
202
194
193
191
183
177
174
177
178
173
166
164
158
152
151
155
160
162
169
180
198
227
252
277
299
322
345
359
364
366
362
346
313
278
240
198
157
108
57
13
-27
-64
-101
-137
-159
-180
-197
-206
-216
-222
-227
-229
-230
-229
-224
-219
-212
-202
-190
-174
-154
-136
-116
-97
-81
-67
-51
-40
-39
-45
-53
-65
-82
-100
-120
-139
-157
-171
-188
-206
-219
-226
-228
-231
-233
-226
-218
-210
-199
-188
-171
-147
-124
-98
-73
-50
-27
-4
19
44
62
76
86
98
105
109
107
102
94
83
71
58
44
30
21
11
0
-11
-13
-12
-10
-1
12
27
45
70
94
120
147
177
207
233
257
274
284
290
290
285
273
262
248
229
205
187
166
139
111
87
65
40
11
-18
-41
-61
-77
-89
-102
-112
-117
-115
-109
-103
-92
-81
-70
-56
-37
-15
1
12
23
29
33
36
35
31
25
17
6
-8
-26
-43
-59
-70
-79
-91
-103
-113
-122
-130
-137
-141
-144
-141
-137
-132
-124
-115
-106
-95
-82
-67
-49
-33
-17
-8
3
14
22
27
27
25
22
19
14
8
4
-2
-10
-16
-20
-26
-28
-29
-28
-26
-27
-30
-29
-26
-24
-22
-19
-17
-14
-8
0
8
18
27
32
40
47
54
58
61
61
59
54
44
36
28
19
12
5
-4
-12
-17
-16
-16
-15
-13
-9
-5
-2
1
4
7
10
15
22
31
39
45
51
54
56
58
59
59
55
49
42
35
31
28
24
19
17
17
17
15
10
5
0
-6
-11
-15
-17
-20
-23
-25
-28
-27
-22
-16
-9
1
15
24
33
43
51
55
60
62
60
57
52
44
34
23
14
2
-8
-19
-30
-38
-45
-49
-50
-53
-56
-55
-52
-49
-43
-35
-30
-24
-18
-10
-4
2
8
12
13
14
11
7
6
2
-2
-4
-7
-9
-9
-13
-17
-20
-23
-26
-29
-35
-43
-47
-54
-63
-70
-75
-77
-77
-75
-69
-63
-57
-49
-39
-29
-24
-16
-5
4
12
19
22
23
26
29
30
27
25
23
21
14
6
-3
-8
-15
-23
-31
-40
-47
-49
-51
-52
-54
-55
-48
-39
-30
-21
-11
2
13
25
37
48
58
68
78
86
92
99
107
114
117
120
121
121
118
117
113
104
93
84
73
62
49
37
27
17
5
-6
-15
-23
-27
-29
-28
-29
-27
-23
-17
-11
-8
-3
1
6
13
19
23
26
28
31
33
33
33
32
28
22
14
3
-7
-15
-25
-38
-50
-64
-75
-82
-91
-100
-109
-116
-120
-122
-122
-122
-121
-118
-112
-104
-96
-86
-74
-65
-53
-42
-31
-22
-15
-9
-6
-2
1
5
6
4
1
-2
-7
-10
-14
-18
-20
-22
-24
-26
-30
-32
-33
-31
-28
-25
-19
-13
-3
8
16
24
35
46
55
63
73
82
89
94
97
97
97
97
96
