-1
0
1
-9
-4
3
0
8
3
-9
2
3
1
7
-1
2
7
15
15
3
14
10
9
24
10
7
13
10
11
13
3
8
10
10
14
4
7
8
6
15
3
0
12
7
8
8
-4
-5
-3
-3
-1
-9
-12
-8
-10
-5
-8
-14
-8
-8
-9
-6
-8
-15
-10
-5
-7
-1
-7
-9
-7
-1
-3
-17
-15
-6
-3
-12
-11
-6
-10
-3
-5
-13
-10
-6
-7
-11
-7
-1
-3
-5
3
9
2
-4
0
4
1
-9
-4
-4
-15
-3
-4
-12
-2
-5
-6
4
6
-1
-12
-7
4
-1
-1
-5
-1
12
6
5
14
8
4
7
4
1
1
3
9
11
5
-2
1
11
7
1
2
12
15
7
13
16
15
9
10
19
10
12
8
4
7
-5
5
7
-3
-4
-1
0
-15
-9
-1
-13
-10
1
-7
-15
-14
-19
-18
-10
-11
-5
-3
-7
5
-1
0
7
1
2
3
11
5
-3
8
14
9
-1
-2
3
-3
-10
-6
3
13
9
-1
-1
-7
-12
0
1
-8
-12
-6
6
4
2
8
8
6
2
3
5
5
14
16
10
8
10
3
1
-3
-6
5
3
-1
-1
-8
-8
-6
-2
-5
-17
-14
-12
-11
-3
-7
-1
2
-2
1
1
9
3
-3
2
-3
4
6
-1
-3
0
0
-5
2
2
0
-4
-2
0
-6
-1
-3
-2
-3
-8
1
-4
-7
-5
-9
-7
-1
-2
1
3
-4
-3
-1
4
3
-2
6
6
6
6
0
0
2
6
10
9
5
-1
-6
-1
6
5
-1
-1
2
3
3
4
6
0
5
18
13
12
7
1
11
8
10
14
5
7
4
6
12
3
3
-2
-7
-6
-7
-10
-17
-13
-7
-11
-9
-12
-16
-14
-17
-24
-26
-24
-21
-23
-26
-33
-30
-21
-28
-20
-23
-24
-16
-24
-17
-15
-18
-7
-6
-5
2
-7
-16
-15
-11
-9
-10
-12
-6
-5
-5
5
2
7
16
9
8
13
10
11
22
23
13
15
29
24
20
20
14
23
23
20
23
26
31
32
35
29
23
32
33
35
43
32
20
32
37
26
20
25
26
24
32
27
8
9
18
13
5
0
-14
-13
-16
-29
-26
-23
-27
-28
-25
-21
-33
-50
-41
-26
-28
-34
-31
-37
-50
-52
-44
-43
-50
-48
-47
-50
-57
-59
-42
-29
-34
-42
-53
-57
-41
-16
-9
-6
-4
-21
-15
24
32
25
53
67
57
74
97
95
107
143
152
155
158
138
143
179
196
186
183
190
173
152
145
133
106
76
73
63
8
-42
-55
-97
-143
-159
-187
-222
-270
-319
-344
-362
-392
-397
-371
-387
-435
-450
-432
-404
-375
-338
-297
-292
-289
-240
-175
-137
-109
-65
-17
8
30
79
113
133
157
185
222
212
192
226
231
204
225
245
219
203
207
199
206
232
238
229
212
205
242
287
314
337
328
306
342
416
489
535
563
568
581
604
586
609
659
634
608
547
304
43
-14
34
17
-80
-305
-665
-947
-999
-896
-809
-900
-1135
-1296
-1342
-1351
-1246
-1040
-938
-932
-886
-827
-802
-728
-460
-100
130
194
172
171
251
468
779
993
983
813
696
746
808
841
918
895
669
459
385
292
192
188
170
25
-183
-363
-501
-561
-542
-494
-480
-582
-743
-823
-761
-613
-442
-340
-337
-388
-411
-257
-8
141
244
322
325
358
454
530
653
813
851
851
809
584
474
658
729
650
592
94
-513
-365
-176
-448
-434
-513
-1224
-1455
-1003
-1034
-1173
-887
-1001
-1210
-837
-728
-897
-466
-46
-54
261
554
297
352
926
1260
1445
1622
1470
1341
1505
1649
1857
2055
1788
1499
1603
1508
1304
1431
1388
1040
941
944
655
382
159
-164
-300
-309
-546
-918
-1229
-1591
-1859
-1751
-1592
-1818
-2244
-2437
-2420
-2356
-2147
-1897
-1923
-2060
-1931
-1640
-1368
-1119
-907
-635
-277
-59
49
298
576
796
1143
1465
1461
1308
1320
1467
1657
1749
1606
1418
1263
1010
854
882
738
405
218
86
-255
-600
-696
-722
-816
-899
-1045
-1252
-1352
-1370
-1404
-1284
-1056
-1129
-1248
-1013
-1053
-1473
-1272
-664
-541
-501
-326
-632
-941
-546
-66
175
427
298
-92
61
422
471
761
1196
1149
971
965
918
1021
1470
1933
2164
2016
1466
1275
1845
2373
2558
2737
2591
2101
1978
2215
2396
2600
2709
2489
2200
1590
346
-232
657
1375
765
-316
-1429
-2756
-3270
-2260
-1180
-1603
-3186
-4495
-4643
-4078
-3685
-3341
-2779
-2872
-3826
-4088
-3135
-2429
-2237
-1315
-109
-224
-1213
-1238
-21
1229
1875
2201
2239
1631
921
1406
2945
3706
3041
2344
2173
1752
1335
1769
2407
2066
1050
350
105
-137
-449
-342
61
-287
-1415
-2041
-1892
-1865
-1816
-1215
-966
-1767
-2588
-2439
-1731
-1159
-793
-599
-744
-1073
-1069
-523
288
867
929
842
979
598
-272
310
1865
1954
1288
1132
164
-1104
-226
1407
1358
661
-171
-1483
-1662
-459
111
44
92
-645
-1596
-1257
-417
-91
310
744
544
184
106
435
1345
2199
2472
2510
2293
1771
2055
3331
4036
3769
3411
3095
2718
2924
3703
3808
2586
1014
525
1091
1462
861
-338
-1402
-2340
-3046
-2778
-2047
-2740
-4628
-5300
-4655
-4700
-5368
-5102
-4302
-4258
-4840
-5015
-4317
-3583
-3244
-2461
-1172
-863
-1888
-1978
-61
1674
1788
1665
2121
2187
1875
2459
3928
4491
3610
2856
3095
3440
3028
2684
3062
3003
1888
967
997
1043
517
116
308
30
-1271
-2115
-1737
-1305
-1604
-1887
-2823
-4567
-4316
-2726
-2416
-2597
-2974
-4575
-5322
-3135
-1203
-1442
-1716
-2092
-2781
-1784
233
872
898
1256
1141
1015
1696
2672
3309
3857
4201
4009
3693
3429
3807
5092
5701
4913
4231
4014
3588
3905
5042
5232
4133
3216
2884
2760
3364
3835
3308
2315
295
-1851
-1484
724
1085
-1064
-2922
-4304
-5827
-5488
-3438
-2739
-4455
-6798
-7853
-7178
-5911
-5524
-5400
-4442
-4483
-6325
-6611
-4201
-2312
-1990
-1307
-455
-1006
-1946
-973
1833
4034
3819
2221
1854
2726
3141
3843
5517
5951
3953
2203
2791
3892
3838
3570
3426
2580
1119
-182
-211
990
1351
-60
-1203
-1660
-4137
-5680
-2730
-905
-2870
-4387
-5354
-7515
-6983
-3044
-1896
-3376
-4050
-5313
-6069
-3387
-233
-68
-494
-316
-875
-903
915
3145
4084
4178
3790
3249
3309
4035
5847
7556
7129
5345
4483
4786
5472
6708
7515
6507
4592
3964
4172
4021
4801
5720
4928
3362
2402
267
-2715
-1016
3081
2655
-978
-4273
-6744
-7204
-4375
-1765
-2396
-5107
-9181
-11470
-8535
-4503
-4772
-6541
-6283
-6697
-8574
-8136
-4619
-1936
-1785
-2461
-3086
-3022
-2182
-766
2045
4972
4470
957
-212
2679
5395
5938
6385
6290
4068
2180
2894
5183
6603
5602
3269
1700
1387
796
857
2575
1532
-2134
-3258
-2902
-3547
-3452
-2805
-4503
-6406
-5813
-5873
-6587
-5290
-4296
-5245
-5483
-4589
-4488
-4103
-2258
-656
-582
-897
-376
796
2367
3704
4483
4705
4220
4512
6143
7237
7370
7548
7449
6971
7027
7650
7966
7729
7616
7140
6198
5922
6146
6428
6432
5477
2129
-1646
-620
2650
2466
-252
-3088
-5908
-7590
-6224
-4057
-4058
-6216
-9884
-12110
-10470
-8030
-8326
-9147
-8081
-8005
-10107
-10558
-7700
-4776
-3747
-3694
-3991
-3948
-3405
-2080
1050
4367
4483
1816
897
3376
5952
6758
7290
7520
6258
4792
4923
6563
7862
7463
5718
4144
3377
1244
-136
2376
3660
778
-2390
-4127
-5785
-5628
-2897
-2578
-5249
-7333
-8699
-8801
-6378
-3972
-4456
-5924
-6221
-5818
-4864
-2943
-684
372
213
-203
368
2132
3710
5520
7254
6938
5518
5536
7065
8809
10063
10109
8878
7512
7430
8325
9072
9482
9005
7665
6506
6329
4811
1114
911
4238
4399
609
-3043
-5172
-6120
-5007
-3463
-3955
-6603
-10672
-13236
-11298
-7565
-7740
-10691
-11404
-10585
-11138
-11615
-9400
-6450
-5628
-6470
-7100
-6004
-3904
-2259
-541
1849
2888
1225
115
2814
6844
7958
6974
6487
6448
6362
6750
8208
9537
8926
6684
4896
3769
2872
4003
5332
3633
753
-1592
-4038
-4716
-1955
-514
-3544
-6839
-8080
-8458
-7475
-5020
-4031
-5894
-7697
-7468
-6394
-4957
-2569
-748
-992
-1938
-1692
-46
2101
4443
6222
5995
4850
4951
6300
8350
10475
10971
9531
8182
8288
9189
10496
11705
11174
9779
8115
4274
1362
4003
8201
7082
1796
-2469
-5025
-5805
-3578
-1082
-2113
-6780
-12013
-13935
-11420
-7902
-7886
-10623
-12099
-12574
-13986
-14014
-10370
-6368
-6199
-8817
-10265
-8850
-6058
-3244
-509
1337
756
-1733
-1906
2453
7200
8317
6981
5898
5695
6190
7502
9462
11051
10227
7332
4759
3470
4617
7034
6810
4087
1639
-1120
-4028
-2612
1212
202
-4076
-6550
-7551
-7781
-5894
-3638
-4384
-6670
-7586
-7362
-6612
-4473
-1732
-924
-2196
-3175
-1977
178
2359
4876
5715
4634
3902
4714
6888
9461
10998
10243
8588
8124
9143
10939
12259
12669
12027
8189
2499
2582
8147
10322
6838
1756
-2145
-4433
-4026
-1488
-164
-2219
-7918
-13128
-13023
-9538
-8065
-9558
-10895
-11841
-14070
-16098
-14469
-9696
-6703
-7999
-11306
-12174
-9601
-6561
-3835
-934
275
-2001
-4553
-2076
3742
7114
7007
5777
5008
4885
5819
8398
10966
11341
9306
6375
3851
3781
7534
9751
7262
4392
1918
-1814
-2744
1936
4543
472
-4006
-6058
-7222
-6209
-2822
-1531
-4345
-7339
-8113
-7580
-5983
-2910
-784
-1883
-4196
-4710
-2591
376
3172
4802
4020
2517
2334
4468
7777
10267
10462
8456
7417
8518
10658
12576
13911
12041
5521
2239
6010
10929
10783
6278
1594
-3063
-3857
144
2569
711
-4370
-9446
-11976
-10147
-6779
-7271
-9377
-10738
-12723
-15186
-15098
-11530
-8188
-7480
-9803
-12784
-12987
-9828
-5570
-2894
-1830
-2982
-5697
-5584
-827
4413
5934
4706
3114
2516
3466
6488
9676
10180
8920
6738
5094
4626
5578
8735
9368
6128
3234
1515
-223
295
4068
4092
-714
-3755
-4744
-5137
-3208
-603
-1845
-5368
-7065
-6699
-5274
-3553
-1808
-1710
-3514
-4578
-3551
-1093
1389
2960
3031
2069
1564
3140
5800
7855
9168
8276
7012
6826
8020
11384
14135
14401
8386
1421
3941
10344
12244
9080
5163
1119
-2782
-1476
2117
3120
222
-5462
-9761
-10038
-7413
-7032
-8403
-8408
-9337
-13432
-17168
-14774
-9452
-6950
-8711
-12780
-14047
-12131
-9277
-6168
-3439
-2796
-5611
-8135
-5444
595
3882
3597
2436
1895
2376
3509
5885
8561
10123
9034
5553
4290
5720
7305
8674
9080
7183
3766
1781
1342
2263
4675
4270
-72
-3164
-3483
-3255
-2014
-562
-1820
-4607
-6101
-6136
-5223
-3164
-1481
-2220
-4063
-4651
-3260
-832
1155
2130
2305
1842
1373
2707
5587
7950
8540
7514
6993
7902
9735
11594
12987
11921
6253
3145
7479
11834
10666
6612
3330
587
-555
1160
2649
1479
-2315
-6499
-8709
-8176
-6631
-7014
-8559
-9653
-11203
-14101
-15373
-12451
-8811
-8290
-11237
-14124
-13479
-10440
-7497
-5782
-4815
-5102
-6921
-7030
-3224
1470
2986
1856
896
1468
2919
4473
6598
8438
8375
6528
4650
4753
7002
9100
8824
6703
4748
3409
2440
3260
5156
4559
1362
-1198
-1987
-1959
-785
391
-1069
-3685
-4796
-4668
-4061
-2823
-1594
-1963
-3666
-4466
-3112
-892
602
1336
1415
912
1087
2739
4691
6282
7214
6782
6125
7093
9339
10961
12012
10960
5783
3117
7412
11772
10501
6566
3603
787
-228
1933
3571
2174
-1805
-6051
-8045
-7100
-5426
-5951
-7726
-9087
-10907
-13507
-14121
-11213
-8124
-8179
-11304
-14039
-13240
-10105
-7315
-6012
-5752
-6343
-7663
-7278
-3703
483
1901
499
-858
-106
2017
3974
5497
6564
6617
5258
3858
4746
6702
7403
7478
6673
4659
3345
3586
4157
4535
4546
2695
-109
-1204
-503
779
1029
-620
-2716
-3491
-3129
-2406
-1674
-1572
-2073
-2894
-3250
-2287
-579
806
1057
849
1080
1750
2892
4327
5930
6868
6458
6234
7790
9702
11385
11271
6152
3212
7874
11918
10059
6530
4791
2360
776
2679
4050
2740
-1072
-5094
-6389
-5492
-4646
-5892
-7593
-8402
-9864
-12311
-13332
-11306
-8747
-8398
-11149
-14065
-13261
-10242
-7989
-7298
-6974
-6861
-7839
-7571
-4428
-835
507
-355
-1376
-638
1490
3370
4761
5679
5717
4816
3742
4294
6748
8244
6952
5167
4611
4140
3894
4646
5086
4115
2169
407
-96
492
1288
1096
-494
-2445
-3127
-2431
-1642
-1174
-1438
-2109
-2776
-2953
-1813
-285
817
882
551
984
1773
3281
4808
5479
5974
6213
6540
7904
9861
11509
9668
4259
3711
9153
11884
9008
5628
3961
1580
1127
3463
4317
2258
-2122
-5620
-6299
-5121
-4173
-5422
-7398
-8911
-10571
-12447
-12428
-10013
-7967
-8564
-12195
-14358
-12340
-9054
-7042
-7095
-7467
-7712
-8201
-7003
-3655
-555
62
-1384
-2455
-964
1754
3537
4419
4814
4665
3809
3294
4345
6861
7877
6056
4290
3519
4019
5214
5264
4655
3834
2002
174
904
2534
2256
1042
-468
-1870
-1811
-579
-104
-721
-1118
-1522
-2158
-1983
-538
974
1222
600
305
1279
2657
3652
4580
5108
5350
5860
6975
8640
10639
8994
3057
2996
9421
11586
8079
5170
3671
1429
1504
3756
4346
2326
-1816
-4979
-5453
-4133
-3289
-4776
-6555
-7921
-9733
-11372
-11185
-8955
-7193
-7971
-11631
-13980
-11685
-8093
-6710
-7279
-7579
-7777
-8355
-7110
-3860
-1172
-793
-2131
-3116
-1756
904
2745
3670
3889
3715
3094
2365
3705
6849
7363
5034
3751
3541
3787
4979
5464
4458
3391
2132
798
1477
2931
2545
1065
-225
-1127
-940
55
354
-93
-753
-1466
-1840
-1131
318
1325
1486
908
774
1462
2880
4599
5392
5554
5543
6484
7724
9598
10298
4697
2049
7989
11582
8455
5016
4423
2221
1001
3336
4330
2697
-1430
-4664
-4906
-4043
-3696
-5034
-6394
-7636
-9321
-10970
-11011
-9338
-8066
-7908
-10630
-13569
-12221
-8555
-6682
-7450
-8017
-7823
-7952
-7121
-4391
-1775
-1047
-1868
-3187
-2043
1428
3355
2702
2459
3949
4215
3037
3442
6183
6823
4255
3855
4719
4282
4224
4675
4051
2579
2190
2025
1621
1778
1679
865
-372
-1143
-446
697
46
-1129
-960
-562
-641
-436
554
1245
1387
1321
1444
2617
4114
4962
5105
5421
6582
7932
8969
10283
7699
2272
4864
11451
11084
6683
4836
3550
1088
2454
5080
4324
984
-3435
-5096
-4201
-3138
-3594
-5512
-6810
-8517
-10543
-11079
-9652
-8159
-7751
-9015
-12654
-13680
-10261
-6959
-6697
-8227
-8371
-8240
-8139
-5913
-2841
-1484
-2060
-3271
-3477
-637
2434
2446
1953
2905
3703
3046
2548
4120
6572
6003
3654
3658
4003
3752
4510
4968
3624
2061
1770
1441
1505
2407
2145
449
-966
-825
190
486
-243
-918
-688
-444
-700
-344
1008
1688
1364
1502
1772
2780
4392
5075
5438
6007
7245
8175
9524
8454
2816
3673
10624
11663
7050
4632
4419
1756
1768
5099
5268
1848
-2732
-4687
-3988
-2682
-2828
-5143
-6567
-7754
-9827
-10881
-9524
-7945
-8121
-8918
-11530
-13377
-10903
-7275
-6384
-8195
-8913
-8265
-7849
-6184
-3421
-1873
-2103
-3148
-3950
-1684
2300
3238
1527
1538
3551
3652
2848
4144
6391
5644
3338
3803
4470
4392
5057
4803
3265
2461
2441
1954
2212
2703
1851
547
-486
-793
523
1554
-33
-1513
-951
-281
-271
275
1383
1285
1042
1610
1985
3307
4986
5326
4888
6209
7865
8872
10192
5396
1050
7070
12735
9581
4790
5111
3811
881
3041
5767
4547
-517
-4246
-4160
-3306
-2490
-3687
-5832
-6925
-8619
-10929
-10794
-8254
-7614
-8396
-10182
-13091
-12865
-9316
-6411
-7133
-9236
-9187
-8441
-7693
-5543
-2984
-2194
-2708
-4191
-4201
-178
3165
2546
631
1376
3356
3167
2773
5136
7547
4394
1415
3980
5937
5131
4695
4744
2654
1100
2512
3428
2995
2053
1050
-79
-1074
-230
1817
1736
-996
-2096
-744
102
349
1061
1861
1309
774
1366
2781
5096
5742
4981
5336
6859
7969
10291
10111
2899
2389
10495
12211
7003
4803
6091
2991
961
4166
5689
3142
-1880
-4011
-3374
-2967
-3097
-4785
-5859
-6727
-9109
-11163
-10112
-7896
-8022
-8749
-10694
-13066
-12013
-8475
-6443
-8088
-9472
-8658
-8040
-7327
-5300
-2844
-2097
-3255
-4821
-3070
1150
2288
1072
1313
2936
2811
1806
3184
6335
6481
3132
2889
4528
4344
4786
5705
4249
1861
2259
2987
2290
2621
2871
1288
-524
-701
609
1656
579
-918
-654
-314
-690
-112
1495
1706
922
1215
1593
2384
4306
5492
5097
5683
7062
8667
10098
4672
808
8028
13088
8669
4107
5484
4466
1218
3583
6338
4912
-360
-4073
-3127
-2038
-1953
-3425
-5329
-6361
-8156
-10307
-9860
-7380
-7351
-8532
-10072
-12521
-12290
-9103
-6198
-7056
-9733
-9610
-8192
-7261
-5732
-3763
-2755
-3107
-4815
-4612
-246
2427
1117
193
1620
2595
1877
2254
4978
7016
4042
1201
3354
5236
5062
5086
4970
2799
1100
2709
3865
3318
2859
1783
151
-544
720
2430
1806
-215
-1080
-593
-26
363
1376
2151
1607
655
961
2802
4580
5555
5263
5267
6511
7785
10445
7655
1134
4966
12205
10519
4876
4980
5762
1926
2077
5183
5401
1691
-3108
-3605
-2290
-2152
-3460
-5054
-5810
-7382
-9749
-10521
-8431
-7395
-8312
-9433
-11678
-12455
-10422
-7536
-6680
-8802
-9997
-8786
-7388
-6455
-5084
-3563
-2806
-4086
-5473
-2360
1712
1662
-374
-25
2349
2668
1714
3122
6621
5303
646
2720
6413
4872
3885
5448
3993
855
2623
5065
3228
2043
2568
1386
-115
531
2253
2243
209
-1008
-277
519
425
861
1789
1635
908
1087
2465
4067
5074
5119
4855
6019
7339
9699
9891
2642
1312
9982
12653
6846
4098
6016
3471
898
3962
6060
3780
-1515
-3955
-2680
-2180
-2736
-4158
-5271
-6209
-8459
-10507
-9286
-6949
-7337
-8516
-10264
-12056
-11421
-8586
-5798
-6873
-9705
-9443
-7496
-6337
-5470
-4076
-2555
-2758
-5329
-4591
600
2773
548
-923
1284
3032
1719
1795
5482
6775
1704
306
4956
5466
3384
4427
4765
1388
512
3671
3969
2124
1991
1671
45
-594
1099
2604
1408
-871
-1151
116
472
658
1639
2087
1339
855
2075
3464
4569
5448
5351
5950
7081
9635
8231
874
2937
11897
11600
4853
3927
5998
2581
1720
5216
5652
2159
-2654
-3706
-2261
-1761
-2683
-4351
-5575
-7089
-8744
-9678
-8087
-6769
-7675
-8664
-10994
-11889
-9683
-7114
-6046
-7792
-9627
-9032
-6861
-5135
-4735
-4237
-2785
-2939
-5336
-3539
1867
2641
-557
-673
2195
2481
1312
2822
6267
5425
752
1405
5061
5176
4260
4684
3556
916
1700
4302
4137
2624
2025
1183
47
576
2388
2718
745
-682
-409
290
851
1513
2257
1818
994
1593
2651
3733
5279
5797
5433
5693
7371
10030
6099
-1
5592
12920
9022
2896
4747
5679
1278
2250
5700
4655
185
-3645
-3181
-2054
-2012
-3167
-5096
-6329
-7588
-9003
-9259
-7473
-7229
-8260
-9358
-11486
-11212
-8898
-6986
-6881
-8742
-9630
-8628
-6722
-5093
-4797
-4680
-3298
-3786
-5378
-2224
2285
1609
-1767
-832
2831
2901
1369
3082
6168
3947
409
3316
6138
4573
3988
4927
3091
1217
3714
5172
3072
2409
2883
1378
289
1854
3271
2033
-122
-242
787
841
1023
1960
2043
1148
1127
2623
3663
3903
5045
5740
5633
5947
8413
9106
2016
729
10076
12256
5057
2491
5572
3232
746
4314
5679
2461
-2389
-3825
-2371
-2142
-2295
-3523
-5277
-7075
-8621
-8901
-7787
-6715
-7258
-8024
-10292
-11867
-9534
-6824
-5898
-7269
-9211
-9240
-7493
-4960
-4054
-4613
-3819
-3085
-4828
-4472
195
2657
408
-1491
160
2345
1932
1690
4581
5262
1422
597
3858
5468
4323
3748
3609
1672
1494
4014
4516
2690
1893
1946
969
705
2462
3298
1376
-260
414
1136
1225
1992
2912
2417
1162
2104
3971
4395
4814
5858
6594
6417
8395
7720
802
2383
11243
11084
4017
2787
5148
1642
910
5302
5381
1045
-3701
-4095
-2345
-2008
-2554
-4027
-5594
-7683
-9305
-8951
-6776
-6305
-7971
-8480
-10541
-11930
-8869
-5540
-5575
-8235
-9477
-8499
-6733
-4570
-3747
-4236
-3871
-3533
-4927
-3489
1046
1914
-595
-1381
472
1913
1519
1792
4415
4283
549
768
3980
4884
4097
3747
2833
968
1892
4529
4380
2616
2197
1902
869
1425
3287
3628
1477
63
1236
1993
2036
2623
3419
3012
1668
2856
4679
5183
5534
6074
6998
7159
9081
6973
412
4101
12005
10001
3226
3517
5305
1038
1371
5418
4649
-87
-4109
-3620
-2488
-2538
-3294
-4680
-6071
-8137
-9484
-8981
-6997
-7030
-8467
-8860
-10906
-11592
-8634
-5963
-6231
-8537
-9478
-8392
-6411
-4499
-4161
-4774
-3860
-3323
-4791
-2862
1596
1432
-1581
-1079
1700
2116
1245
2475
4517
3234
1038
2172
4205
4697
4291
3757
2544
1434
2639
4578
4087
2389
2087
1765
761
1487
3448
3017
592
-65
1047
1838
1893
2173
2833
2556
1617
2359
4320
5209
5105
5594
6790
7129
8889
7559
851
3023
11534
10749
3885
3319
5605
1635
778
5308
5239
676
-3601
-3674
-2463
-2761
-3141
-4136
-5862
-8100
-9395
-9032
-7317
-6900
-8228
-8631
-10457
-11617
-8939
-6087
-5764
-7799
-9158
-8386
-6418
-4182
-3759
-4386
-3367
-2830
-4478
-2924
1615
2232
-431
-870
1296
2454
2025
2298
4505
4627
1196
1136
4464
5194
3943
3915
3450
1126
1567
4655
4227
1835
1933
1866
359
759
2862
3070
630
-703
572
1380
1169
1691
2678
2242
969
1919
3837
4482
4757
5421
6230
6388
8565
8338
1422
1906
10767
11566
4285
3023
6345
2768
563
4722
5697
1704
-2887
-3539
-2196
-2396
-3278
-4129
-5284
-7553
-9364
-9325
-7352
-6993
-8941
-8848
-9894
-11762
-9800
-6884
-6385
-8152
-9507
-8606
-6726
-5055
-4415
-5091
-4399
-2743
-4167
-3977
799
2237
-1181
-1869
1595
3207
1927
1834
4201
4525
1521
2012
5289
5156
3587
4332
4299
1630
2271
5803
4759
1571
2247
3012
1289
1413
3561
3463
649
-469
1122
1888
1415
1741
2304
1628
833
1798
3776
4252
3940
4623
5301
5592
7034
9789
6201
-474
4366
12309
8920
2669
4774
5988
1038
1294
5351
4888
387
-3266
-2804
-2141
-2876
-3297
-3815
-5561
-8172
-9438
-8611
-6808
-7327
-8458
-8794
-11029
-11426
-8832
-6618
-6578
-8749
-9843
-8551
-6454
-4956
-4999
-5276
-3771
-3612
-5479
-2927
1575
1003
-1901
-1261
1785
2522
1675
2829
4682
3109
1259
3375
5553
5083
4481
4602
3064
1951
4337
5978
4170
2365
2499
2420
1636
2468
4113
3009
196
-256
1207
1829
1785
2096
1825
858
656
2099
3890
4143
3663
3797
4852
5348
6828
9380
4568
-808
5278
11583
7156
2329
5391
4963
130
1572
5210
4474
-136
-3165
-2503
-2328
-2773
-3050
-3585
-5134
-7666
-9265
-8145
-6116
-6750
-7583
-8398
-10476
-10592
-8319
-5814
-6040
-8398
-9209
-8057
-6174
-4975
-5039
-4658
-3331
-4245
-5599
-2463
1230
274
-2152
-945
1595
1566
989
2647
4767
3043
418
2672
5641
4513
3596
5108
3683
840
3459
6662
3970
1683
3350
3045
846
2129
4825
3178
138
490
1641
1726
1826
2231
2422
1532
828
1929
3748
4151
3511
3966
4941
4923
6247
9306
5273
-1283
4152
11660
7731
1946
4436
5504
635
1030
5193
4830
234
-3240
-2422
-1746
-2468
-2897
-3191
-4439
-7232
-8823
-7707
-5886
-6398
-7413
-7944
-9915
-10289
-8132
-5987
-5960
-8029
-9110
-8150
-6260
-5149
-5343
-4951
-3731
-4443
-5950
-3244
791
41
-2728
-1773
932
1024
409
2062
4168
2635
268
2165
4680
4340
3879
4677
3386
1116
3236
6318
4693
2264
3268
3576
1607
2192
4798
4207
1154
537
1952
2388
2191
2543
2897
2174
1100
1465
3800
4687
3359
3594
4774
4839
5293
8700
7523
-33
1236
9341
9280
3122
3105
5724
1681
-249
3562
4889
1648
-2249
-2885
-2484
-2699
-2859
-2948
-3731
-6438
-8558
-8312
-6337
-5800
-7161
-7573
-8887
-10251
-8941
-6492
-5358
-6814
-8687
-8403
-6477
-5010
-4780
-4719
-3889
-3613
-5034
-4122
-290
1135
-1072
-2646
-655
1568
1365
1264
3247
3731
495
11
4246
5447
3197
3619
4174
1214
986
5627
6183
2231
2005
3424
1806
1225
3897
4952
2308
147
866
2115
2284
2587
3061
2282
1038
1055
2801
4499
4167
3560
3803
3988
4534
6408
9249
6680
-437
1170
8863
8995
3535
3005
4865
1277
-876
2805
4893
1942
-2536
-3752
-2814
-2829
-2890
-2682
-3802
-6440
-8664
-8579
-6189
-5087
-6488
-7579
-8854
-10173
-8947
-5769
-4350
-6405
-8802
-8335
-6249
-4900
-4079
-3603
-3520
-4033
-5110
-3605
113
1392
-610
-2424
-1062
1280
1780
1855
3236
3118
155
599
4415
4800
3390
3855
3355
961
1793
5654
5608
2447
2005
2801
1919
1844
3941
4743
2246
37
731
2154
2584
2912
2846
1582
1017
1581
2484
4224
4753
3290
2795
4046
5174
6208
8813
7148
-168
461
8578
9457
3843
3033
4850
1126
-1086
2919
5159
2022
-2404
-3504
-2967
-3069
-2854
-2598
-3426
-6147
-8958
-9042
-6392
-5095
-6420
-7381
-8843
-10598
-9469
-6042
-4429
-6421
-8649
-8521
-6998
-5269
-4028
-3721
-3753
-4156
-5203
-4109
-512
1384
-104
-2196
-1446
885
1679
1920
3347
3563
923
344
3642
5165
4064
4123
3878
1467
1542
5153
5876
3251
2477
2805
1724
1719
3938
4602
2297
547
814
1613
2189
2798
3165
1912
610
1183
2567
4046
4350
3690
3181
3379
4616
6131
8939
7378
200
616
7916
9076
4141
3288
5075
1510
-922
2315
4637
2380
-1617
-3196
-3302
-3296
-3141
-2884
-3392
-6008
-8712
-9158
-6947
-5657
-6735
-7345
-8774
-10568
-9660
-6642
-4860
-6310
-8355
-8319
-6861
-5384
-4237
-3652
-3432
-3665
-4760
-3935
-419
1602
247
-1347
-571
1037
1560
1917
3615
4290
2157
902
2798
4816
4630
4220
4076
2315
1284
3706
5590
3763
2261
2706
1953
1073
2633
4037
2719
718
424
1246
1709
2157
2624
2105
955
775
1968
3194
3851
3671
3092
3040
3759
5311
7272
8159
3812
-857
3712
9549
7013
2768
3940
4136
93
233
4218
4841
1010
-2763
-3081
-2361
-2154
-2234
-2609
-3991
-6822
-8663
-7626
-5305
-5426
-6910
-7722
-9473
-10278
-8110
-5302
-5280
-7588
-8865
-8299
-6599
-4760
-3914
-4066
-4388
-4787
-4977
-2972
316
1094
-969
-2250
-935
1021
1997
2796
3746
2754
882
1498
3961
5398
4736
3729
2984
1934
2557
5180
5696
3225
1947
2332
1931
2058
3762
3905
1574
-56
430
1530
2026
2185
1840
805
-12
553
2191
3134
3073
2370
1932
2548
3655
5155
6784
7537
3646
-1175
2766
9476
8232
3217
3301
4019
436
598
4909
5931
1991
-2717
-3127
-1547
-1176
-1333
-1572
-3171
-6679
-8734
-7139
-4235
-4382
-6537
-7881
-9773
-10268
-7716
-4929
-4874
-7574
-9550
-8944
-6688
-4412
-3499
-4142
-5143
-5595
-5345
-2937
404
1042
-1057
-2791
-1809
991
2807
3040
3319
2437
349
1364
4652
5598
4630
3988
2828
1380
2801
5603
5331
3363
2330
1541
1314
2524
3786
3305
1508
-19
-255
914
2048
2239
1646
406
-440
302
2132
2948
2693
2448
1901
1816
3017
5090
6196
6370
5721
1739
292
5948
9557
5949
2677
3659
2644
529
2811
5539
3979
-481
-3150
-2366
-911
-855
-1819
-2752
-4758
-7590
-8052
-5395
-3811
-5674
-7522
-8567
-9784
-8890
-6025
-4704
-6236
-8422
-8996
-7566
-5125
-3427
-3738
-4842
-5003
-4920
-3953
-1066
1004
123
-1774
-1907
-388
1711
3193
3131
2356
1392
1272
2861
4666
4894
3854
2998
2203
1823
3446
5357
4378
2049
1567
1847
1722
2512
3392
2343
483
-57
424
1326
2110
1689
537
-136
-83
758
2196
2631
1776
1386
1690
2134
3037
4748
5411
4960
5438
3191
262
4257
9318
6862
2210
2842
3708
1422
2302
5372
4493
101
-2645
-1707
-304
-399
-1399
-2403
-3934
-6208
-6971
-5157
-3485
-4898
-7004
-7719
-8497
-8334
-6336
-4660
-5423
-7680
-8739
-7459
-4960
-3417
-3798
-4944
-5023
-4526
-4064
-2011
440
265
-1780
-2520
-777
1346
1988
2422
3014
1708
258
2007
4568
4581
3555
3581
2838
1121
2486
5639
5018
2186
1931
2435
1259
1709
3935
3378
525
-419
663
1055
913
1309
1187
-77
-1151
-279
1364
1740
1137
810
1059
1196
1925
3301
4230
4128
3815
4990
4156
1212
3342
8091
6967
2316
2355
4395
2862
2194
4252
4292
794
-1978
-939
502
-316
-1545
-2227
-3490
-5258
-5791
-4619
-3605
-4782
-6824
-7440
-7256
-6960
-6277
-5375
-5332
-6832
-7980
-6723
-4449
-3500
-4106
-4811
-4262
-3579
-3472
-2196
-273
-11
-1412
-2012
-402
1477
1740
1295
1907
2210
1206
1563
3463
4068
2821
2293
2973
2453
1874
3398
4265
2302
983
1997
2307
1615
1887
2176
895
-192
527
1266
778
304
389
117
-190
330
1070
1082
922
975
1122
2107
2657
2522
3216
3895
3778
4018
6013
5393
1533
2636
7053
6571
2900
3100
4600
2346
1173
3142
3795
1320
-1183
-1106
-756
-1366
-2083
-2257
-2723
-4517
-5986
-5643
-4205
-4641
-6275
-6260
-6325
-7255
-6949
-5073
-4193
-5711
-6968
-5946
-4422
-3924
-3735
-3347
-2992
-3241
-3416
-2142
-492
105
-503
-1023
-460
442
893
1074
2079
2323
986
835
2101
3003
2707
2200
2380
1933
1118
1789
3096
2662
1230
1087
1607
1178
670
1362
1644
391
-345
344
728
190
158
655
380
-91
432
1195
1188
1021
1428
2065
2326
2363
2960
3907
4141
3906
5093
6323
3651
1334
4810
7929
5250
2511
3909
4055
1733
2176
4163
3194
9
-1405
-572
-390
-1254
-1864
-2277
-3534
-5257
-5696
-4529
-3932
-5281
-6234
-6140
-6785
-7152
-5819
-4382
-5030
-6713
-6780
-5251
-4012
-3763
-3784
-3531
-3260
-3343
-2984
-1427
-130
-396
-1206
-1006
-17
731
1143
1573
1889
1369
921
1902
2759
2380
2330
2756
2158
1508
2318
2922
2176
1635
1609
1363
1458
1610
1014
635
749
293
-37
454
580
12
-249
-158
-129
285
662
524
450
689
1118
1564
2161
2541
2572
2806
3226
3910
4894
5827
4568
1806
2915
6603
6476
3506
3311
4193
2423
1608
3432
4118
1795
-818
-907
-162
-620
-1353
-1394
-2249
-4421
-5481
-4511
-3430
-4159
-5323
-5682
-6322
-6726
-5847
-4310
-3992
-5434
-6610
-5981
-4421
-3424
-3297
-3542
-3535
-3566
-3595
-2380
-630
-348
-1323
-1753
-1149
-149
627
1004
1243
870
130
603
2283
2854
1941
1682
1959
1502
1500
3015
3440
1548
672
1472
1639
1493
2035
1766
173
-268
611
871
815
939
349
-626
-733
31
1028
1362
596
-10
338
913
1610
2587
2952
2285
1927
2757
3744
4540
5594
5070
2356
1706
4814
6725
4938
3471
3681
2691
1500
2791
4490
3267
296
-952
-445
-441
-959
-885
-1229
-3255
-5161
-4827
-3449
-3351
-4251
-4901
-5777
-6677
-6138
-4528
-3744
-4573
-6043
-6551
-5505
-3941
-3164
-3385
-3939
-4203
-4180
-3363
-1588
-693
-1380
-2233
-2211
-1202
-47
702
1134
711
-279
-140
1464
2641
2460
1840
1535
1422
1302
2315
3813
3192
1200
453
1429
2198
2112
2305
1702
-75
-609
696
1540
918
338
94
-757
-1129
101
1362
1184
80
-562
-62
906
1739
2276
2460
2064
1432
2054
3886
4896
4775
5047
4340
2154
2721
6280
7369
4720
3092
3460
2808
2363
3892
4848
2732
-387
-1047
-10
434
12
-724
-1966
-3905
-5074
-4154
-2659
-3018
-4726
-5872
-6299
-6363
-5525
-4037
-3881
-5641
-7113
-6582
-4810
-3536
-3411
-3924
-4505
-4794
-4304
-2733
-1161
-1124
-2286
-2858
-2179
-996
73
657
642
47
-620
-69
1744
2968
2355
1261
1341
1627
1564
2501
3711
3089
1385
948
1687
2125
2196
2317
1853
477
-228
630
1473
1140
497
264
-242
-792
-191
1031
1149
69
-499
-30
629
1159
1680
2005
1770
1485
1978
3107
3829
3937
4428
4774
3568
2300
3666
6259
6035
3660
2948
3374
2881
2701
3779
3799
1387
-683
-458
359
138
-808
-1552
-2528
-4012
-4534
-3627
-2987
-3936
-5274
-5737
-5881
-5921
-5248
-4262
-4591
-6051
-6583
-5651
-4353
-3738
-3866
-4264
-4583
-4368
-3440
-2252
-1562
-1714
-2250
-2328
-1586
-345
501
563
439
271
214
966
2259
2723
2180
1907
2001
1996
2483
3235
3076
2395
2196
2076
2028
2537
2809
2133
1282
1033
1181
1372
1334
1018
632
166
-132
123
439
357
35
-207
-48
167
379
912
1136
924
1044
1567
2028
2337
2650
2861
2993
3421
4096
3900
2891
2871
4068
4667
3777
3024
3063
2602
1880
2094
2570
1607
11
-334
-215
-754
-1364
-1599
-2064
-3070
-3937
-4054
-3804
-4049
-4549
-4894
-5262
-5616
-5627
-5037
-4608
-4983
-5528
-5457
-4790
-4105
-3799
-3843
-3812
-3533
-3233
-2717
-1954
-1438
-1486
-1624
-1214
-468
76
379
759
977
855
993
1695
2367
2402
2135
2230
2403
2362
2718
3186
2864
2302
2348
2552
2404
2455
2470
1755
1275
1557
1645
1352
1157
854
370
198
386
499
347
132
-128
-370
-123
385
501
340
290
407
641
1130
1678
1705
1461
1766
2323
2513
2929
3607
3220
2214
2279
3232
3876
3593
2900
2305
1809
1743
2045
2194
1621
396
-532
-800
-737
-866
-1359
-2022
-2957
-3878
-4007
-3492
-3419
-3959
-4590
-5130
-5328
-5000
-4313
-3992
-4440
-5003
-5074
-4571
-3714
-3071
-3106
-3456
-3460
-3058
-2372
-1543
-988
-1111
-1481
-1153
-334
200
595
950
839
589
936
1759
2401
2503
2229
1969
2018
2526
3040
2982
2754
2539
2147
2235
2824
2843
2184
1726
1591
1305
1156
1449
1450
716
48
-22
38
21
81
-65
-490
-774
-719
-312
199
354
-17
-421
-116
620
1104
1482
1718
1362
1167
1917
2685
2921
3306
3420
2507
1920
2707
3649
3619
2995
2398
1707
1375
1692
1900
1581
623
-531
-1189
-1129
-889
-1210
-1842
-2674
-3566
-3847
-3430
-3053
-3469
-4192
-4568
-4698
-4598
-4130
-3593
-3743
-4341
-4528
-4105
-3385
-2826
-2603
-2706
-2955
-2830
-2095
-1299
-866
-779
-942
-930
-432
384
954
1101
1024
873
1132
1782
2371
2572
2320
2005
1938
2327
2838
2863
2536
2221
1883
1689
2050
2381
1907
1149
870
811
611
683
821
296
-485
-695
-484
-353
-307
-364
-754
-1204
-1094
-604
-328
-322
-418
-437
-272
14
322
706
1018
917
884
1379
1729
1754
2231
2783
2502
2236
2817
3147
2668
2686
3072
2551
2097
2588
2671
1723
1278
1630
1249
463
341
284
-391
-1105
-1196
-1311
-1871
-2292
-2486
-2850
-3249
-3378
-3390
-3438
-3631
-3900
-3989
-3903
-3723
-3580
-3504
-3418
-3351
-3223
-2920
-2550
-2268
-2114
-2006
-1768
-1423
-1083
-743
-445
-250
-183
-45
344
772
960
1001
1197
1331
1246
1412
1889
2081
1773
1533
1710
1836
1744
1862
1945
1523
1117
1199
1321
1195
1066
960
691
331
241
449
460
174
-21
-113
-327
-475
-254
-59
-311
-602
-535
-347
-309
-169
144
201
-31
-52
441
910
909
986
1339
1318
1138
1649
2288
2229
2133
2474
2429
1932
2246
3016
2664
1889
2114
2364
1583
1230
1817
1530
464
170
340
14
-609
-785
-811
-1483
-2210
-2196
-2008
-2364
-2876
-2999
-2964
-3224
-3533
-3268
-2974
-3270
-3563
-3441
-3125
-2980
-2950
-2678
-2463
-2543
-2428
-1985
-1666
-1513
-1323
-1113
-932
-699
-355
-64
73
218
486
653
743
993
1184
1226
1355
1542
1530
1464
1633
1725
1575
1584
1680
1502
1390
1514
1380
1054
990
1100
936
649
624
551
246
103
215
126
-162
-243
-195
-299
-432
-306
-212
-373
-502
-417
-199
-132
-166
31
329
283
150
512
987
1081
1076
1309
1432
1373
1714
2205
2255
2118
2256
2258
1916
2162
2800
2527
1633
1608
2026
1576
1102
1385
1305
357
-159
174
46
-732
-1026
-859
-1318
-2101
-2184
-1934
-2202
-2734
-2810
-2725
-2987
-3251
-3093
-2832
-3029
-3329
-3199
-2883
-2799
-2831
-2647
-2447
-2401
-2259
-1906
-1637
-1543
-1390
-1181
-937
-694
-453
-174
73
212
295
553
868
967
990
1198
1417
1407
1421
1657
1773
1516
1423
1698
1740
1506
1402
1455
1334
1111
1111
1184
994
679
671
696
494
441
537
397
28
-30
145
91
-36
-49
-42
-193
-279
-89
76
63
-39
-18
148
277
430
604
622
533
680
999
1125
1174
1341
1392
1321
1487
1827
1936
1826
1769
1609
1356
1548
1949
1769
1198
911
832
736
709
626
318
-235
-691
-739
-672
-838
-1203
-1532
-1834
-2188
-2334
-2145
-2102
-2566
-3005
-2979
-2905
-2957
-2825
-2640
-2809
-3128
-3019
-2590
-2336
-2235
-2130
-2105
-2121
-1867
-1356
-991
-890
-895
-801
-534
-206
135
395
488
461
524
884
1307
1415
1398
1492
1455
1462
1775
1976
1856
1724
1707
1627
1550
1691
1822
1544
1151
1090
1068
970
1011
929
573
290
273
288
215
125
-53
-291
-360
-259
-216
-240
-283
-409
-497
-395
-196
-53
-27
-41
-4
70
272
583
696
580
597
786
930
1140
1419
1401
1125
1131
1373
1501
1628
1665
1502
1344
1251
1239
1341
1415
1177
758
541
390
219
302
356
-189
-855
-956
-886
-1076
-1219
-1219
-1629
-2278
-2339
-2028
-2080
-2298
-2322
-2500
-2820
-2753
-2371
-2199
-2318
-2370
-2301
-2223
-2027
-1657
-1367
-1357
-1395
-1264
-905
-525
-387
-258
-95
-68
22
378
774
826
672
746
956
1014
1126
1383
1427
1193
1079
1216
1309
1300
1279
1164
989
891
903
919
916
789
484
335
430
467
321
233
190
-41
-187
-20
134
-7
-264
-291
-241
-283
-174
-16
-88
-230
-218
-92
52
183
245
207
227
369
481
556
723
856
776
701
853
1042
1141
1187
1139
1047
1036
1123
1222
1208
1056
882
812
866
916
835
665
440
273
256
251
189
63
-157
-372
-471
-496
-527
-614
-846
-1077
-1144
-1153
-1177
-1203
-1298
-1488
-1611
-1559
-1458
-1466
-1532
-1557
-1610
-1625
-1492
-1327
-1273
-1338
-1365
-1262
-1094
-944
-845
-789
-761
-741
-649
-454
-311
-267
-248
-215
-178
-115
60
174
123
99
168
253
330
422
476
444
371
410
571
606
556
589
588
513
537
645
666
605
522
449
408
411
474
481
372
266
267
326
367
346
300
317
313
318
405
507
515
445
509
605
606
657
789
855
796
807
939
1020
983
943
1009
1054
977
920
991
1049
936
818
820
805
711
606
552
535
475
359
264
246
180
55
8
-60
-183
-269
-287
-334
-518
-627
-629
-712
-830
-895
-945
-1023
-1097
-1161
-1184
-1213
-1316
-1346
-1306
-1316
-1408
-1416
-1310
-1342
-1430
-1342
-1203
-1218
-1208
-1084
-1060
-1065
-942
-796
-767
-737
-614
-568
-575
-458
-272
-231
-280
-203
-66
16
65
120
127
86
150
276
324
334
352
324
289
348
457
494
441
396
403
424
472
544
560
512
512
528
503
538
652
656
544
528
622
700
706
678
670
642
647
715
747
731
693
679
652
584
591
669
687
566
442
470
536
518
452
398
340
280
307
341
273
185
147
149
138
86
53
50
-6
-92
-100
-40
-23
-111
-212
-234
-233
-233
-223
-252
-289
-330
-412
-411
-347
-370
-426
-494
-579
-600
-553
-528
-516
-548
-698
-774
-628
-492
-592
-738
-706
-659
-699
-686
-597
-596
-681
-730
-703
-606
-530
-506
-476
-493
-585
-562
-335
-193
-256
-300
-223
-172
-167
-33
139
121
61
150
255
304
385
488
534
484
458
541
622
666
699
700
626
569
582
611
645
592
491
467
445
382
359
392
361
225
151
207
189
62
31
64
-12
-96
-45
0
-86
-163
-112
-55
-67
-69
-63
-48
-37
-40
12
77
61
7
55
158
150
128
203
237
173
165
234
235
204
243
306
255
136
141
224
229
174
127
83
67
64
40
22
-5
-37
-89
-151
-176
-190
-195
-220
-297
-354
-335
-319
-346
-342
-335
-372
-395
-351
-296
-314
-331
-294
-291
-303
-256
-210
-222
-234
-211
-181
-188
-208
-158
-137
-182
-173
-130
-129
-157
-146
-117
-131
-145
-123
-84
-66
-84
-109
-110
-71
-37
-42
-84
-99
-55
-38
-26
-10
-33
-74
-96
-55
-10
-20
-39
-34
-41
-61
-30
57
99
53
21
45
99
154
171
164
152
149
162
195
238
247
201
163
210
252
227
200
226
244
191
172
220
236
229
214
188
198
219
234
270
298
268
224
240
290
288
272
302
291
239
239
259
241
239
245
174
110
147
156
68
42
87
53
-39
-75
-49
-55
-114
-171
-207
-199
-195
-221
-228
-265
-322
-327
-280
-261
-297
-304
-274
-280
-316
-299
-234
-197
-238
-302
-260
-195
-209
-194
-151
-162
-215
-183
-90
-106
-151
-115
-82
-106
-135
-82
-12
-54
-147
-125
-44
-40
-63
-40
-44
-111
-122
-35
13
-51
-93
-63
-67
-91
-43
5
-38
-95
-83
-55
-57
-24
49
51
-8
-11
51
126
153
143
148
147
140
176
223
264
277
216
233
290
246
216
257
290
237
188
215
198
135
130
157
90
10
24
13
-48
-77
-74
-100
-141
-174
-213
-208
-181
-200
-234
-212
-211
-277
-263
-159
-124
-176
-156
-90
-93
-97
-24
67
78
55
79
128
181
255
321
300
249
263
331
412
415
356
350
354
293
260
335
352
242
139
111
112
105
105
73
-29
-109
-93
-68
-105
-145
-165
-215
-267
-240
-221
-252
-252
-257
-288
-273
-238
-241
-239
-224
-225
-234
-198
-137
-142
-162
-122
-74
-79
-82
-34
-8
-7
2
15
30
75
118
68
23
91
149
119
86
99
77
41
45
59
64
23
-20
-33
-41
-53
-64
-60
-95
-177
-190
-123
-124
-188
-178
-160
-216
-249
-188
-128
-150
-183
-164
-141
-150
-115
-25
11
-51
-73
17
97
114
140
182
173
149
201
277
277
240
250
281
282
248
245
291
273
205
196
232
216
150
131
148
115
54
61
91
47
-7
-15
-28
-36
-15
-17
-47
-87
-98
-63
-66
-105
-107
-78
-66
-89
-119
-119
-94
-94
-112
-119
-119
-101
-80
-91
-137
-129
-58
-56
-115
-130
-78
-47
-79
-88
-52
-53
-109
-132
-74
-25
-66
-95
-76
-84
-74
-22
9
-21
-71
-51
18
34
-11
17
81
48
-11
21
120
130
73
71
78
77
107
154
138
87
78
108
119
111
129
130
102
87
75
79
106
118
74
27
36
66
67
38
26
12
-11
-8
-7
-39
-54
-29
-38
-90
-111
-73
-39
-64
-72
-55
-66
-73
-42
-21
-37
-39
-13
-5
-35
-30
25
39
15
12
49
57
28
47
79
60
37
43
44
20
-3
3
7
-16
-30
-40
-40
-45
-69
-60
-52
-74
-82
-60
-59
-94
-95
-53
-34
-63
-83
-74
-63
-35
-10
-23
-43
-45
-37
-12
12
-1
-5
14
6
-9
11
47
57
43
24
26
30
39
68
67
43
24
29
50
45
31
31
28
1
-37
-19
21
-4
-30
-17
-34
-65
-61
-24
-8
-30
-52
-63
-46
-8
11
8
-26
-49
-15
25
21
-1
8
26
24
8
-6
35
79
37
-7
16
46
31
14
30
29
14
2
-7
-1
1
11
2
-21
-17
-9
10
21
-17
-28
10
19
-12
-32
8
31
-9
-14
2
2
9
26
38
31
34
38
31
50
60
73
85
73
74
87
120
118
81
101
131
104
72
96
121
87
56
65
70
46
18
15
7
-16
-5
-14
-57
-75
-61
-54
-102
-135
-127
-129
-118
-123
-139
-130
-119
-117
-138
-114
-57
-72
-84
-66
-62
-47
-16
8
-11
-18
25
43
34
42
77
83
44
44
76
100
94
58
56
58
39
35
33
28
3
-34
-44
-44
-44
-45
-84
-125
-145
-129
-112
-133
-143
-160
-174
-161
-138
-110
-136
-172
-152
-133
-125
-119
-95
-77
-106
-104
-59
-21
-12
-17
16
30
14
42
103
139
102
74
114
148
156
146
151
159
131
150
