-2
-8
-13
-12
-13
-7
-9
-12
-12
-10
-3
0
2
-3
-6
-5
-8
-7
-5
-1
4
7
12
3
-3
-1
-3
-4
-3
-1
-6
0
3
-4
3
0
-4
2
-2
1
1
2
6
-5
-7
-2
2
5
4
2
6
7
4
7
5
5
10
5
3
4
3
-3
-5
-3
-3
-2
-10
-8
-3
-3
3
3
7
14
18
20
13
17
21
8
4
8
13
5
0
5
1
-3
-6
-7
-3
-9
-10
-3
2
4
0
5
2
-7
-3
-4
-2
-2
-5
1
0
2
0
-7
-11
-15
-14
-9
-10
-13
-11
-11
-17
-18
-11
-10
-10
-14
-12
-1
-5
0
5
3
4
2
8
10
5
-2
-2
-6
-16
-13
-11
-10
-8
-5
-13
-28
-22
-15
-17
-22
-22
-21
-19
-13
-13
-10
-16
-24
-14
-7
-6
-2
6
-1
1
18
21
19
8
2
11
13
14
12
4
-4
-4
1
-2
-4
-5
6
13
8
14
17
16
17
34
51
37
35
41
29
30
44
45
37
28
22
18
12
10
9
10
4
-9
-14
-14
-9
-2
0
0
-1
-8
-10
-3
5
12
5
-3
2
-1
-9
-15
-15
-18
-22
-20
-14
-23
-41
-32
-21
-30
-29
-12
-18
-35
-24
-13
-12
-13
0
22
24
11
4
7
16
25
41
48
24
7
15
31
35
36
25
2
-1
20
33
27
14
6
-1
9
27
29
10
0
0
-4
-3
7
7
-11
-15
-1
3
-5
-14
-19
-28
-39
-26
-10
-25
-36
-26
-10
-25
-48
-37
-27
-31
-30
-20
-15
-27
-32
-14
4
2
-3
0
1
2
8
14
16
20
19
12
3
1
-1
-3
1
-4
-7
-5
-2
0
9
24
14
14
27
26
31
36
37
37
31
43
58
41
24
35
35
16
8
22
23
-9
-20
-7
-16
-28
-19
3
-11
-40
-25
-6
-7
2
30
47
20
-1
30
41
25
25
33
25
-1
7
38
19
-24
-21
9
10
-1
21
25
-2
-17
16
59
37
5
20
38
18
-5
5
-1
-30
-24
-11
-14
-39
-47
-17
-40
-79
-51
-28
-37
-39
-28
-19
-39
-35
2
-6
-16
-3
5
-16
-52
-28
-1
-45
-60
-18
-24
-77
-68
-4
17
-3
23
32
-33
-71
-25
48
59
31
28
-4
-69
-67
-12
-10
-63
-65
-33
-61
-93
-75
-73
-80
-48
-9
-4
-21
-31
5
52
38
40
91
97
54
50
69
25
0
65
111
75
31
32
30
-3
27
156
179
38
-25
109
217
87
-8
118
149
37
107
305
81
-682
-888
-126
269
-88
-437
-772
-1498
-1862
-830
243
-282
-1313
-1569
-1498
-1424
-738
343
283
-928
-1325
-595
60
481
946
1068
481
54
664
1502
1881
2081
2065
1758
1494
1794
2590
3042
3056
2937
2452
2027
2373
3219
3669
3414
2950
1799
64
115
1999
2682
1114
-739
-1630
-2577
-3073
-1535
-295
-2291
-5197
-5462
-4312
-4467
-4635
-3210
-3079
-5478
-6439
-4373
-2647
-2956
-2772
-1431
-1749
-3200
-2169
685
1584
608
694
1571
1145
948
2878
4398
3401
2105
2399
2890
2656
3040
4038
3602
1837
1044
1570
1925
1749
1669
1302
-8
-1156
-972
-403
-484
-1032
-1824
-2668
-3304
-3325
-2727
-2491
-2866
-3348
-3796
-3855
-3364
-2593
-2021
-2081
-2185
-1971
-1707
-918
178
686
647
569
951
1596
2132
2853
3351
3146
2850
3011
3703
4304
4378
4441
4304
3830
3750
4214
4827
4863
4215
3808
3713
3589
3649
3882
3578
1788
-57
289
1377
848
-676
-1716
-2662
-4216
-4723
-3313
-2996
-5328
-7190
-6604
-6008
-6908
-6743
-4974
-5154
-7218
-7078
-4694
-3664
-4095
-3153
-1459
-1765
-2667
-1050
1596
2046
1323
2015
3034
2644
2620
4377
5568
4620
3610
3964
4363
4054
4047
4588
4187
2533
1608
1975
2168
1684
1073
478
-574
-1706
-1751
-1274
-1430
-2620
-4585
-5378
-4611
-3884
-3526
-3909
-5083
-6113
-6016
-4206
-2442
-2489
-3346
-3709
-2968
-1610
-445
822
1339
703
559
1362
2668
3897
4388
4427
4135
3759
4056
5031
6072
6240
5448
4775
4569
4818
5483
5927
5723
4914
4122
4132
4666
4898
4697
4035
2236
-82
-469
1237
1944
176
-2106
-3474
-4802
-5641
-4406
-3080
-4967
-8432
-9166
-7589
-7389
-8005
-6803
-5869
-7791
-9413
-7370
-4422
-4116
-4415
-2938
-2135
-3191
-2781
484
2934
2214
1368
2487
3270
3066
4258
6437
6462
4468
3847
4980
5487
5228
5322
5329
3912
1986
1959
3002
2881
1851
945
78
-1203
-1859
-1370
-2081
-3922
-4871
-5212
-4973
-4814
-5319
-5960
-6882
-6847
-5596
-4836
-4588
-4519
-4403
-3827
-2982
-1413
-64
-22
390
1290
1791
2487
3642
4872
5231
4913
5153
5748
6215
6677
7099
7255
6567
5864
6246
6725
6822
6688
6249
5786
5444
5564
5873
5607
4369
1911
-16
786
2333
1666
-777
-3016
-4381
-5555
-5684
-4245
-4336
-7609
-10360
-9754
-8389
-8931
-9316
-7868
-7879
-10215
-10501
-7533
-5257
-5527
-5308
-3558
-3177
-4015
-2397
1338
2855
1616
1371
3042
3796
3883
5698
7502
6594
4831
5055
6396
6704
6221
6450
6151
4161
2819
3381
4231
3591
2223
1502
-224
-2403
-2275
-1927
-2913
-3948
-5265
-6489
-7310
-7288
-6395
-6434
-7067
-7279
-7295
-6815
-5754
-4152
-2968
-3336
-3181
-1587
-420
668
2153
3133
3308
3465
4616
6074
6882
7372
7620
7628
7609
7730
8497
8894
8257
8012
7930
7397
7095
7211
7709
7867
7137
6232
4180
878
314
2915
4255
1766
-2614
-4698
-5203
-6067
-5053
-3486
-5697
-10860
-13270
-10626
-8587
-10161
-10353
-8877
-10637
-13667
-12317
-7457
-5467
-7160
-6935
-4995
-5319
-5438
-1626
2787
2638
20
559
3350
4519
5295
7488
8557
6407
4506
6141
8474
8603
7887
7586
6487
4313
3587
5330
6408
4869
1974
-155
-1022
-2005
-2063
-1759
-3175
-5422
-7486
-7946
-7324
-7283
-7454
-7667
-7935
-8323
-8425
-7085
-4968
-3973
-3900
-3839
-3022
-1271
369
1970
3330
3825
3828
4409
6306
8117
8610
8582
8624
8773
9000
9277
9957
10143
9439
8694
8086
8131
8300
8377
8819
8713
7131
3103
-508
1065
4810
4664
584
-3353
-5163
-6654
-6915
-3969
-2690
-7616
-13757
-13958
-10358
-9802
-11429
-10183
-9284
-13325
-16212
-12234
-6637
-6260
-8413
-7429
-5949
-7087
-6101
-399
3800
1842
-1230
556
4013
4817
6035
8896
9089
5884
4422
7386
10152
9433
8466
8446
6805
4273
4273
7165
7398
3283
944
222
-1643
-2387
-1822
-1842
-4217
-7280
-7935
-7810
-7842
-7265
-7144
-7905
-9126
-9337
-7525
-5792
-4658
-3684
-4119
-4231
-2276
182
1874
2857
3654
4014
4141
5634
8144
9449
9070
8539
9029
9609
9581
10152
10961
10370
8967
8432
8831
9089
9131
9285
9559
8338
2948
-1464
1551
6460
5660
-7
-3908
-4925
-7216
-7521
-3219
-1729
-8326
-15712
-14831
-9862
-10223
-12913
-10765
-9541
-14656
-18349
-13438
-6307
-6559
-10003
-8776
-6607
-7932
-7228
-714
4535
1881
-2695
-574
4390
5737
6262
9052
9725
6018
4121
7655
11564
11036
8986
8670
7518
4696
3656
6186
7953
3986
-395
-692
-1796
-2934
-1998
-2145
-4248
-7644
-9214
-7855
-6582
-6342
-7230
-8230
-8131
-7972
-7087
-4800
-3392
-3078
-3297
-3392
-1146
1734
2974
3791
4744
5002
5050
6666
9254
10466
9926
9154
9348
9956
10332
11032
11398
10703
9643
9299
10005
10423
11213
9574
2738
-403
3929
7606
4935
-660
-2747
-4231
-7773
-7029
-2266
-2910
-10558
-15974
-13362
-9707
-12558
-14538
-10767
-10447
-16409
-19222
-13408
-7337
-9039
-11693
-9070
-7372
-9415
-8107
-868
3600
-326
-3704
171
4598
5020
5863
9019
9520
5929
5079
9613
12043
9980
8734
9062
7899
5556
5945
7354
5288
2837
2224
827
-919
-1680
-2099
-3032
-4505
-5277
-6305
-7478
-6926
-6478
-6985
-7342
-7080
-6458
-6236
-5321
-3410
-2853
-3271
-1951
246
1400
1859
2931
4551
5153
5454
7039
8724
8870
8572
9249
10191
10395
10424
10860
10960
10495
10351
10822
11444
12294
8738
1476
1768
7531
8658
3878
-1065
-2116
-4307
-7159
-4553
-966
-4784
-12974
-15808
-11706
-9494
-13543
-14451
-10864
-12437
-18341
-19204
-12109
-7420
-10933
-13227
-9997
-8526
-10232
-7743
-307
2318
-2994
-4958
744
5158
4961
5662
8528
8043
4830
5692
10072
11877
10642
9249
8015
6335
5584
7315
8592
6925
4042
1420
-170
154
1295
647
-1821
-3982
-5061
-5718
-5305
-4027
-4527
-6415
-7155
-6753
-6209
-5032
-3455
-2941
-3587
-3702
-2130
-69
1483
2474
3187
3520
3402
4693
7256
8632
8600
8341
8554
9172
9798
10894
11642
11715
11662
11314
11714
8727
3534
5178
10017
10025
4426
-575
-754
-1841
-3981
-2040
-196
-5509
-13374
-13916
-8765
-8109
-13101
-14187
-11991
-14419
-18453
-17021
-11106
-9302
-13488
-14987
-11630
-9928
-10506
-7664
-2330
-1880
-5977
-5750
145
3727
3464
4163
5645
5297
4574
6519
9507
10220
9434
8207
7120
6912
7443
8407
8249
6754
4884
2869
2214
3204
3439
1703
-553
-1710
-2216
-2594
-2154
-2240
-3900
-5141
-5032
-4566
-4482
-4181
-3384
-3468
-4089
-3431
-1831
-661
50
796
1436
1842
2526
4055
5823
6553
6409
6686
7612
8761
9777
9740
10000
11310
12259
12131
8147
4318
6466
9688
9780
6363
2369
529
-1276
-1835
293
497
-4459
-9981
-10881
-8383
-8264
-11226
-11516
-10886
-13530
-16555
-15930
-11907
-10026
-12214
-13459
-12333
-11768
-11136
-8338
-4524
-3600
-6221
-6813
-3314
431
2236
2770
2989
2974
3004
4422
6992
8697
8587
6980
5720
6046
7222
8264
8119
7007
5604
4019
3333
4147
4722
3625
1621
164
-369
-510
-224
-285
-1468
-2538
-2874
-3169
-2958
-1874
-1347
-2009
-2903
-2476
-1098
-249
661
1400
1458
1521
2093
3520
5125
5992
5973
5500
6221
8648
10223
10780
10861
7737
4070
5297
9614
11267
7728
3498
2211
1013
212
1625
2238
-563
-5616
-8469
-7356
-6477
-7695
-8524
-8999
-11045
-14305
-15588
-12381
-8917
-9932
-12668
-13380
-12325
-11311
-9856
-6636
-4645
-6627
-8728
-6667
-2728
-629
229
1018
1065
460
871
3472
6527
7374
5934
4196
3855
5292
7162
7861
7431
5995
4110
3396
4482
5853
5290
3335
2001
1234
594
1077
1889
1252
-279
-1453
-1772
-1757
-903
309
-378
-1775
-2144
-1459
-174
880
1608
1344
503
1058
2686
4074
5060
5262
5028
5275
6335
8484
10020
10768
10151
5343
2672
6684
10828
10476
6288
3059
1452
-742
228
3789
3183
-2517
-7754
-8605
-6358
-6130
-7655
-7444
-8640
-12348
-15414
-14308
-9509
-7882
-10603
-12713
-12818
-12442
-11202
-7787
-4112
-4688
-8517
-8921
-5271
-1695
206
922
735
-486
-754
1455
4492
6509
6373
4339
2741
3105
5286
7309
7241
6148
4542
2672
2674
4539
5662
4615
2484
911
140
560
2027
2112
448
-954
-1523
-1768
-1230
417
785
-1011
-2356
-1819
-405
769
1656
1966
1552
1038
1490
3290
5157
5914
5555
5313
6011
7729
9488
10950
12071
7699
1594
3950
10280
11994
7592
3375
2816
419
-1248
2222
4506
164
-6478
-8854
-6645
-5549
-7765
-7911
-7261
-10116
-14551
-16211
-11697
-7224
-9082
-12523
-12929
-12087
-11825
-10057
-5547
-3091
-6803
-9912
-6895
-2638
-498
597
1292
535
-965
157
3369
5925
7126
5685
2847
2278
4433
6989
7413
6449
5245
3085
1970
3619
5545
5069
2877
1263
495
-104
989
2471
1291
-480
-1208
-1724
-1918
-897
887
434
-1931
-2423
-1047
25
1020
1993
2018
1441
1281
2462
4440
5645
5951
5914
5812
6694
8847
10286
11618
11984
6275
1422
5812
11960
12000
6580
2749
1979
-571
-519
3966
4301
-1918
-7906
-9110
-6559
-5583
-7502
-7763
-8426
-11911
-15719
-15890
-10460
-7048
-10239
-13773
-13900
-12768
-11499
-8774
-4838
-4273
-8557
-10189
-6250
-1907
360
1008
569
-791
-1173
1349
4473
6554
7197
4950
2237
2536
5703
8354
7539
5789
4669
2815
2349
4533
6044
4696
2159
582
6
286
1958
2379
171
-1353
-1650
-1986
-1630
-79
1021
-739
-3107
-2469
-551
688
1469
1635
1270
706
1191
3238
5216
6005
5589
4708
5499
7628
9118
10117
10850
11519
7570
1401
4573
11667
12273
7414
2865
1751
-37
-932
2893
4869
-414
-7275
-9723
-7704
-5121
-6507
-8058
-8534
-11407
-14825
-15980
-11865
-6906
-8584
-13180
-14354
-12784
-11065
-8788
-5415
-3733
-6808
-10009
-7547
-2282
1117
1491
270
-695
-563
1152
3981
6455
7171
5261
2454
2315
5137
7839
7748
5962
4529
3023
2277
3712
5665
5349
2752
395
-108
714
1948
2345
826
-869
-1579
-1992
-1378
319
1072
-357
-2391
-2455
-798
603
1831
2315
1482
930
1390
3033
5094
6228
6040
5643
5946
7393
9645
10943
11617
8029
2418
4474
9742
11209
8358
4175
2326
309
-715
2089
3744
-183
-5647
-8285
-7603
-6117
-7347
-8025
-8083
-10572
-13977
-15882
-12666
-8116
-8840
-12297
-13593
-12685
-11571
-9670
-6186
-3858
-6167
-9364
-7589
-3003
67
775
501
225
-69
852
3283
5759
7065
5771
3349
2856
4627
7095
7563
6361
5327
3635
2217
3303
5309
5192
3079
1067
202
109
996
1895
821
-615
-1214
-1952
-1957
-630
553
81
-1664
-2197
-980
380
1584
2208
2147
1772
1714
3083
5030
6294
6703
6372
6525
8168
10139
12010
10227
4273
4023
8844
10880
9216
5597
3720
1910
-235
1605
3916
1362
-3892
-7182
-7005
-5579
-6862
-8473
-8052
-9299
-12440
-15218
-13863
-9213
-8614
-11861
-13442
-12555
-11482
-10562
-8090
-4952
-5440
-8601
-8382
-4375
-740
325
49
-48
2
727
2550
4869
6649
6238
4044
3000
4299
6789
7728
6439
5383
4628
3386
3181
4736
5564
3913
1542
579
754
1080
1580
1024
-512
-1078
-1275
-1950
-1354
288
158
-1512
-2395
-1267
270
884
1689
2083
1839
1716
2497
4456
5801
6083
5903
6245
7956
9556
11499
11200
5013
2454
7657
11474
10324
6042
3178
1932
-220
837
4105
2672
-3035
-7457
-7958
-5877
-5969
-7889
-8034
-9154
-12179
-15108
-14794
-9956
-7556
-10789
-13844
-13597
-12015
-10424
-8331
-5411
-5104
-8414
-9359
-5850
-1241
854
207
-565
-777
148
2317
4508
6279
6601
4621
2728
3541
6548
8468
7122
5465
4909
3746
3313
4764
6158
5086
2240
804
986
1554
2492
2021
91
-862
-1000
-1300
-961
333
680
-865
-2352
-1647
75
1116
1728
1677
1591
1631
2053
3822
5589
6267
6119
5646
6694
9112
10666
12044
8664
2277
4339
9654
10980
8660
4527
2714
235
-1190
2399
4211
39
-5410
-8368
-7800
-5996
-7306
-8022
-7881
-10567
-13927
-16071
-13171
-8062
-8654
-12471
-14052
-13293
-11765
-9898
-6935
-4436
-6296
-9683
-8633
-3948
-207
583
179
-399
-743
492
2876
5445
7156
5985
3455
2660
4425
7695
8329
6528
5581
4462
3279
3873
5822
6312
4014
1650
1072
1173
1934
2728
1472
-450
-972
-1103
-1381
-442
729
126
-1660
-2483
-974
757
1460
1736
1452
1443
1835
2821
4624
5944
6304
5924
6281
8310
10322
12113
9363
2643
3841
9925
11290
8458
4847
3663
1350
-1013
2052
4779
1174
-4935
-7913
-6972
-5442
-6853
-8003
-7729
-9872
-13226
-15508
-13467
-8588
-8390
-12247
-14229
-13216
-11568
-10121
-7843
-5269
-6119
-9476
-9054
-4490
-490
377
-485
-962
-625
811
2945
4953
6444
6165
3971
2641
4496
7842
8398
6301
5253
5045
4034
3881
5607
6399
4282
1634
1056
1462
2210
2922
1568
-400
-980
-970
-1083
-382
791
186
-1765
-2670
-951
987
1380
1588
1327
1297
1756
2735
4634
5725
5746
5597
5949
7763
9775
11516
11133
4836
1768
7234
11104
10066
6185
3281
1801
-957
168
4185
2913
-3102
-7588
-8121
-6386
-6326
-7718
-7640
-9179
-12451
-14902
-14728
-10409
-7752
-10275
-13583
-14249
-12512
-10286
-8263
-5827
-5338
-8286
-9734
-6386
-1501
696
207
-787
-1212
-111
2380
4660
5919
6082
4605
2809
3248
6459
8800
7142
5131
4714
4087
3869
5005
6313
5115
2204
993
1240
1818
2870
2487
147
-1289
-949
-604
-582
183
709
-701
-2562
-1827
505
1649
1592
1392
1461
1569
2285
3920
5773
6195
5657
5849
6904
9036
11034
12437
8170
1701
4938
10613
11264
8159
4580
3246
79
-845
3171
4655
-49
-6010
-8151
-7070
-5783
-7092
-7560
-8007
-11212
-14026
-15462
-12624
-8241
-8790
-12478
-14720
-13631
-11289
-9356
-7015
-5178
-6910
-10022
-8762
-3768
210
968
-371
-1806
-1469
1064
3856
5681
6517
5252
2669
2106
5129
8786
8275
5498
4392
3975
3724
4611
6205
5915
3207
1119
876
1293
2555
3386
1193
-1409
-1578
-859
-733
-351
648
7
-2489
-3068
-554
1535
1737
1272
968
1151
1799
3274
5098
6088
6086
5732
6101
8098
10280
12260
10428
3428
3175
8919
10993
9488
5892
3975
1542
-1260
1622
5013
2193
-3895
-7441
-7359
-5771
-6291
-7334
-7349
-9912
-12740
-14591
-13799
-9326
-7976
-10891
-13727
-14110
-12042
-9777
-7910
-5820
-5988
-8760
-9403
-6137
-1367
1113
21
-1719
-1787
112
2589
4514
6176
5965
3491
1953
3589
7399
8708
6521
4823
4113
3650
4150
5505
6120
4548
1942
728
961
2117
3510
2107
-651
-1355
-953
-753
-629
354
635
-1426
-3001
-1647
916
2014
1615
1056
1083
1572
2623
4582
6142
6242
5806
5970
7527
9815
12095
10413
3708
3072
8752
11028
9050
5488
4031
2013
-818
1549
4593
1896
-3780
-6909
-6756
-5690
-6297
-7138
-7281
-9863
-12380
-13702
-13266
-9592
-8013
-10398
-13378
-14010
-11636
-9078
-7720
-6325
-6156
-8276
-9052
-6074
-1604
498
-309
-1758
-1903
121
2542
4153
5272
5124
3582
2112
3064
6804
8432
6058
4275
3953
3625
4087
5263
5678
4094
1862
1128
1149
1934
3504
2317
-639
-1368
-633
-240
-402
238
768
-1136
-2726
-1382
1025
2168
1569
1042
1545
1830
2686
4604
6056
6417
5953
6537
8126
10007
12156
8763
2718
4915
10459
11026
7593
4583
4018
1507
-240
3250
4526
-244
-5313
-6831
-5763
-5243
-6640
-7210
-8126
-10884
-12682
-13659
-12033
-8658
-8922
-11821
-13816
-13193
-10620
-8550
-7252
-6358
-7229
-8834
-7904
-4238
-624
-22
-1354
-2034
-1215
1379
3543
4381
4897
4476
3270
2693
4714
8013
7748
4955
4223
4589
4111
4452
5740
5335
2840
1320
1681
1779
2154
2759
1082
-1238
-1319
-333
-378
-656
0
-351
-2067
-2455
-720
1221
1496
869
772
1260
2032
3255
4871
5671
5583
5591
6954
8773
10587
12014
6901
1753
6178
11426
11000
6697
4026
3450
431
345
4512
4406
-1583
-6358
-6895
-5424
-5043
-6532
-6954
-8776
-11665
-12950
-13502
-10802
-8071
-9464
-12467
-14126
-12810
-10058
-7988
-6700
-6448
-7915
-8906
-7200
-3341
180
133
-1611
-2175
-1025
1953
4177
4780
4872
4007
2790
2843
5447
8448
7419
4455
3886
4347
4269
4900
5935
4968
2351
1260
1770
2023
2633
2873
807
-1440
-1168
57
-100
-415
151
-546
-2404
-2363
-326
1288
1416
711
344
619
1609
3495
5032
5343
5255
5190
6298
8580
10741
12253
7580
1433
5226
11292
11467
7713
4424
3539
771
-88
4349
5466
-238
-5634
-6833
-5858
-5013
-5754
-5988
-7706
-11533
-12998
-13382
-11416
-7776
-8266
-11806
-14496
-13824
-10318
-7709
-6754
-6343
-7723
-9543
-8155
-3987
14
668
-1451
-2699
-1767
1328
4311
4962
4746
3921
2452
2389
5074
8599
8107
4481
3269
4103
4335
4870
5903
5162
2464
842
1446
2030
2504
2996
1020
-1751
-1881
-305
211
-461
-165
-290
-2456
-3113
-483
1851
1556
371
286
846
1400
3279
5402
5487
4957
5123
6573
8697
11161
11925
5726
1504
7069
11981
10693
6513
4591
3578
247
1333
5828
4580
-1740
-5734
-5736
-4781
-4857
-5538
-5747
-8419
-11604
-12527
-12695
-10086
-7591
-9236
-12622
-14385
-12726
-9680
-7971
-6984
-6916
-8886
-9703
-7347
-3480
-272
-493
-2377
-2736
-1391
1615
3886
4437
4928
3868
1946
2635
6018
8745
7361
4579
4153
4275
4314
5629
6569
5029
2475
1564
2023
2416
3078
2913
652
-1266
-1081
-214
-199
-310
-4
-1020
-2733
-2495
-605
933
942
154
-163
114
1228
2970
4393
4580
4414
4691
5623
7782
9952
11364
7242
1379
4873
10599
10982
7693
4585
3855
1041
250
4654
5856
622
-4685
-5971
-4977
-4107
-4804
-4962
-6738
-10532
-11839
-12223
-10526
-7379
-7613
-10828
-13841
-13453
-10145
-7589
-6865
-6558
-7838
-9521
-8310
-5093
-1058
379
-1749
-3331
-2723
243
2903
3544
4543
4279
1827
1098
3901
7753
7851
4913
3747
3776
3602
4673
6279
5911
3532
1704
1719
2249
3166
4129
2392
-434
-821
196
511
218
652
492
-1832
-2946
-1001
998
1375
509
-171
18
377
1920
3870
4124
4104
4080
4236
6280
8613
10811
8520
1689
2812
8904
10401
8213
5025
4106
1854
-423
3240
6193
2323
-3360
-5381
-4794
-3877
-4397
-4604
-5197
-8954
-11031
-11343
-10581
-7468
-6786
-9348
-12336
-13011
-10452
-7774
-6629
-6053
-6940
-8939
-8336
-5584
-2297
-66
-1178
-3067
-3151
-735
2315
3069
3829
4372
2387
961
2642
6448
7919
5359
3693
3644
3217
4053
5850
5983
3756
1761
1751
1888
2451
3955
3053
-38
-1128
50
567
53
231
514
-1288
-3023
-1522
338
801
649
-162
-516
-286
1236
3308
3679
3499
3845
3955
4837
7182
9226
10431
6562
1074
4233
9470
10400
7956
4551
3721
1058
-153
4738
6732
1509
-4211
-5632
-4365
-3415
-3957
-3757
-5585
-10109
-11238
-10870
-9516
-6819
-7038
-9855
-13006
-13053
-9584
-6991
-6220
-6097
-7574
-9374
-8084
-4524
-1341
-289
-1650
-3393
-3337
-264
3176
3914
3696
3542
2313
909
2975
7724
8036
4518
3090
3333
3449
4308
6395
6089
2309
578
1697
2098
2527
3697
2380
-1246
-2345
-150
1057
8
-332
-289
-2321
-3499
-1068
1115
935
-101
-919
-598
228
1790
3670
4135
3280
2867
3979
5446
7514
9475
10442
7292
1297
3155
9277
11242
9029
4875
3145
1054
142
4618
7382
2894
-3850
-6129
-4729
-2886
-2945
-3366
-4938
-9643
-11559
-10736
-9062
-6467
-6618
-9361
-12756
-13511
-10044
-6452
-5552
-6250
-7735
-9353
-8460
-4842
-1118
-125
-1999
-3777
-3580
-723
2876
3955
3302
2862
2213
1214
2393
6639
8343
5003
2347
2969
3777
4014
5524
6324
3354
29
708
2785
3079
2938
2291
-124
-2182
-1039
1255
1042
-295
-910
-1719
-2812
-2025
731
1419
-340
-1343
-1040
-163
1257
3002
3721
2802
2036
3117
4716
5974
7969
8635
8472
7386
2973
3050
8595
11182
9098
4317
2495
2242
751
3644
7078
3250
-3815
-6273
-4316
-2299
-2692
-3693
-4865
-9268
-11695
-10031
-8391
-6850
-7130
-9408
-12057
-13110
-10141
-6168
-5441
-6823
-8086
-9183
-8136
-4649
-1567
-651
-2095
-3672
-3451
-945
2697
4026
2719
2221
2449
1556
2222
5992
7860
4910
2249
3105
3982
3829
5094
5977
3319
287
1048
3052
2955
2376
2012
150
-1660
-767
1207
1096
-452
-1048
-1298
-2131
-1646
457
1157
-144
-1028
-656
370
1458
2635
3566
3037
2352
3063
4777
6396
7180
7763
7630
8246
7270
3354
4839
9565
10242
6840
3134
3065
2230
1146
4264
5496
299
-5191
-5612
-3591
-2442
-3655
-4981
-6882
-10599
-10968
-9455
-8417
-7228
-8200
-10590
-12424
-11940
-8646
-5796
-6134
-7594
-8326
-8491
-6451
-3377
-1246
-828
-2505
-3580
-2268
982
3729
3334
1969
2332
2451
1525
3151
6861
6748
2863
1622
3573
4062
3685
5026
5019
1573
-342
1839
3283
2325
1988
1458
-805
-1845
123
1677
586
-809
-1049
-1590
-2164
-677
1153
755
-508
-1000
-534
489
1888
3247
3108
2054
2493
3997
5091
5962
7015
7839
7435
8212
8090
4085
4219
8783
10311
7427
3554
3036
2388
1197
3852
5287
684
-4640
-5235
-3543
-2826
-3896
-4989
-6590
-10124
-10716
-9134
-8499
-7756
-8350
-10074
-11482
-11470
-9135
-6471
-6153
-7388
-8303
-8111
-5945
-3776
-2487
-1512
-2031
-2988
-2363
464
3207
2960
1777
2445
2894
1977
2774
5696
6409
3466
2045
3836
4280
3671
4667
4769
2125
380
2092
3476
2246
1622
1572
-211
-1258
263
1570
561
-989
-975
-909
-1513
-591
928
621
-629
-801
224
848
1436
2730
3181
2364
2266
3763
5024
5578
6440
7306
7279
7962
7835
4227
4061
8227
9740
7180
3614
3315
2599
743
3137
5209
1438
-4090
-5287
-3529
-2745
-3833
-4742
-5878
-9442
-10578
-9126
-8374
-7421
-7916
-9564
-11158
-11477
-9021
-6468
-6140
-6997
-7843
-8163
-6658
-4087
-2175
-1424
-2067
-3058
-2986
-523
2697
3005
1609
1801
2433
1486
1803
5139
6504
3567
1600
2952
3802
3343
4097
4802
2591
91
1210
3011
2565
1998
1642
159
-1207
-273
1615
1313
-222
-766
-844
-1128
-578
810
1267
351
-740
-379
1043
1898
2396
2790
2547
2108
3038
4547
5276
6043
6244
6130
6440
7831
9211
6134
3442
6090
8363
7476
4944
3680
3232
1091
945
3257
2294
-1990
-4457
-4366
-3797
-4332
-5638
-6054
-7861
-9808
-9380
-9264
-9065
-8344
-8617
-9686
-10833
-10151
-7719
-6588
-6825
-6793
-6772
-6230
-4815
-3280
-1869
-1254
-1601
-1932
-725
1775
2795
1959
2079
3373
3281
2299
3534
5783
4877
2756
3333
4402
3704
3121
3807
3486
1527
1296
2493
1955
858
970
647
-665
-849
226
317
-924
-1299
-628
-978
-1381
-551
69
-56
-429
-159
751
1263
1740
2302
2503
2700
3534
4454
4652
5365
6226
6627
7146
8076
9713
7311
3093
5261
9220
9324
6363
3961
3706
1766
800
3811
4513
-133
-4264
-4639
-3703
-3587
-4640
-4937
-6654
-9951
-10260
-9324
-8600
-8012
-8527
-9745
-11474
-11712
-8951
-6160
-6267
-7498
-8101
-7623
-6002
-4057
-1922
-1613
-2783
-3055
-2180
423
2673
2458
1485
1697
2544
2073
2337
5277
6187
3407
2097
3434
4130
3785
4394
4787
2435
520
1966
3182
2558
2043
1387
-66
-862
329
1599
802
-518
-797
-939
-1186
-405
713
635
-297
-808
-196
726
1575
2344
2239
1753
1875
2894
4206
4960
5459
5493
4846
5298
7065
8641
8935
6084
3102
4517
7449
8154
6162
3776
2565
640
53
2794
3603
-445
-4546
-5214
-4426
-4575
-5080
-4919
-6605
-9929
-10680
-9444
-8354
-7692
-8124
-9454
-10850
-10776
-8478
-6099
-5529
-6380
-7348
-7078
-5363
-3225
-1632
-956
-1241
-2232
-2023
521
2913
2886
1911
2193
2551
1795
2616
5560
5981
3249
2172
3276
3750
3646
4398
4629
2360
624
1803
2914
2502
2008
1437
150
-757
-14
1215
834
-414
-764
-868
-1207
-730
499
771
-288
-895
-298
656
1367
2068
2320
1675
1649
2900
4244
4734
4820
5001
4776
5254
6850
8234
8560
6193
3353
4199
6923
7883
6182
3963
2572
585
-125
2282
3334
-110
-4037
-5158
-4920
-4898
-5002
-4809
-6444
-9647
-10420
-9433
-8601
-7902
-7975
-9012
-10710
-11188
-8962
-6294
-5637
-6393
-7144
-7087
-5994
-4050
-1761
-999
-1874
-2479
-2113
-107
2309
2935
2346
1840
1946
2157
2822
5072
5978
3727
2452
3499
4132
4046
4463
4661
2894
1028
2006
3422
2720
1968
1736
626
-373
70
1329
1282
-100
-659
-808
-1133
-477
688
699
-286
-883
-608
214
1253
2199
2134
1380
1289
2127
3389
4192
4679
4757
4210
4348
5618
7024
7975
7701
5150
3011
4269
7083
7716
5293
3266
1985
52
376
2891
2793
-1097
-4534
-5009
-4458
-4565
-4423
-4586
-7091
-9669
-9952
-9060
-8000
-7469
-7854
-9219
-10764
-10538
-8164
-5960
-5602
-6462
-7415
-7307
-5742
-3448
-1572
-1230
-2222
-2934
-1985
477
2631
2851
1999
1752
1989
2493
3832
5260
5261
3901
2978
3462
4244
4558
4622
4167
2986
1960
2049
2893
3204
2297
1204
665
274
213
650
875
96
-1096
-1384
-815
-413
-351
-266
-567
-1178
-973
-5
495
669
1012
942
881
1604
2860
3596
3512
3676
3891
3974
4802
6029
6515
6487
6673
5953
4264
4038
6014
7348
5799
3432
2236
1410
941
1764
2457
525
-3079
-5058
-4475
-3725
-4154
-4870
-6352
-8637
-9877
-9265
-7945
-7607
-8284
-9181
-10142
-10404
-9046
-6956
-6028
-6631
-7609
-7536
-6028
-3945
-2202
-1702
-2188
-2433
-1893
-159
2161
3255
2633
1779
2187
3430
4516
5490
5754
4725
3859
4233
5164
5672
5280
4570
3699
2911
3131
3558
3328
2565
1534
909
608
533
802
631
-220
-1092
-1493
-1171
-708
-639
-687
-1182
-1718
-1534
-812
70
229
-5
123
192
637
1717
2588
2813
2641
2776
3336
3856
4507
5197
5366
5230
5727
6448
5799
4384
4124
5388
6042
4815
3404
2377
1338
797
1231
1467
-255
-2887
-4251
-4126
-4116
-4676
-5375
-6621
-8024
-8827
-8659
-8048
-7885
-8226
-8797
-9216
-9177
-8339
-6999
-6012
-6079
-6748
-6317
-4755
-3304
-2326
-1727
-1406
-1297
-867
556
2248
2868
2658
2559
3029
3860
4496
4923
5037
4714
4265
4137
4629
5078
4672
3871
3377
3049
2806
2820
2746
2054
1042
584
590
433
174
-58
-534
-1313
-1761
-1381
-900
-1106
-1519
-1632
-1642
-1568
-1050
-309
-132
-413
-201
471
861
1311
2126
2599
2528
2777
3535
3919
4161
4749
5202
5221
5312
6181
6648
5711
4553
4083
4473
5038
4805
3760
2192
691
129
330
323
-557
-2633
-4624
-5160
-5175
-5207
-5506
-6630
-7899
-8857
-9113
-8482
-7936
-7851
-8118
-8701
-8757
-7917
-6721
-5564
-5140
-5421
-5269
-4268
-2803
-1561
-882
-491
-206
153
979
2338
3409
3474
3129
3441
4083
4228
4472
5181
5315
4406
3826
4362
4526
4014
3920
3673
2628
1840
2183
2560
1737
721
448
48
-500
-423
-189
-634
-1485
-1793
-1679
-1645
-1400
-1065
-1248
-1723
-1612
-1046
-602
-213
197
366
253
587
1431
2022
2308
2667
3068
3227
3521
4168
4683
4781
4749
5025
5427
5786
5694
4974
4202
3748
4027
4389
3862
2627
1070
109
41
-11
-531
-1667
-3236
-4545
-5079
-5073
-5179
-5809
-6741
-7522
-8133
-8203
-7568
-7091
-7146
-7447
-7690
-7504
-6733
-5593
-4655
-4438
-4562
-4188
-3308
-2289
-1183
-346
-134
-154
240
1258
2240
2625
2826
2995
2932
3127
3920
4411
4122
3776
3731
3770
3753
3738
3607
3123
2560
2388
2397
2120
1649
1155
755
471
157
-44
-151
-397
-809
-1182
-1291
-1135
-954
-952
-1056
-1240
-1300
-962
-429
-69
-56
-150
44
468
973
1535
1854
1859
1878
2197
2815
3251
3430
3593
3585
3608
4030
4605
4934
4609
3790
3255
3014
3305
3901
3489
2208
866
91
150
263
-25
-843
-2375
-3762
-4167
-4036
-3838
-4226
-5336
-6267
-6839
-6871
-6289
-5794
-5779
-6350
-6992
-6720
-5722
-4843
-4236
-4102
-4291
-4146
-3438
-2214
-1149
-722
-701
-750
-374
557
1649
2319
2385
2293
2233
2338
2991
3795
3937
3391
2885
2920
3106
3251
3380
3067
2299
1658
1607
1770
1713
1490
975
302
-123
-42
240
88
-361
-740
-1052
-1121
-828
-414
-363
-773
-1035
-891
-525
-95
174
248
203
275
607
1151
1682
1933
1980
1979
2265
2740
3175
3567
3607
3531
3619
4043
4673
4707
4131
3587
3266
3221
3588
3768
3091
1803
735
494
429
113
-379
-1442
-2730
-3590
-3865
-3802
-4015
-4740
-5616
-6355
-6701
-6436
-6028
-5926
-6173
-6555
-6572
-6097
-5354
-4694
-4362
-4256
-4155
-3760
-2823
-1691
-1154
-1112
-868
-378
173
907
1718
2060
1858
1876
2398
2863
3137
3426
3428
2969
2714
3023
3234
3073
2828
2508
2014
1680
1841
1941
1533
942
484
161
-33
48
96
-288
-783
-1024
-1088
-1037
-835
-705
-855
-1100
-1081
-824
-578
-242
49
11
-67
200
795
1281
1513
1714
1808
1845
2138
2745
3269
3354
3225
3269
3527
3846
4259
4568
4395
3885
3450
3419
3571
3546
3366
2822
1893
1000
599
668
468
-279
-1227
-2251
-3065
-3357
-3307
-3476
-4308
-5359
-5917
-5970
-5756
-5520
-5547
-5890
-6293
-6340
-5832
-5115
-4587
-4328
-4350
-4297
-3828
-3063
-2159
-1410
-1142
-1195
-1034
-331
605
1231
1475
1536
1501
1687
2316
2950
3145
3009
2802
2588
2590
2909
3163
2974
2373
1910
1802
1733
1677
1607
1232
575
71
21
187
80
-266
-590
-905
-1034
-894
-696
-696
-886
-988
-980
-867
-564
-182
-9
-47
35
290
631
976
1288
1559
1607
1618
1958
2445
2778
2891
2941
3062
3186
3377
3681
3839
3745
3742
3843
3731
3500
3387
3256
2726
2259
2284
1989
1212
565
209
-245
-948
-1379
-1774
-2685
-3513
-3708
-3844
-4340
-4909
-5210
-5365
-5789
-5941
-5638
-5667
-5799
-5612
-5295
-5084
-4953
-4531
-3968
-3630
-3307
-2837
-2443
-2030
-1480
-1006
-611
-158
345
686
881
1266
1723
1944
2082
2345
2576
2639
2729
2923
2963
2740
2560
2627
2684
2513
2293
2011
1659
1464
1401
1376
1077
568
211
-34
-109
-102
-191
-480
-868
-978
-870
-709
-597
-630
-758
-896
-788
-393
-71
30
94
187
309
558
971
1394
1540
1508
1652
1898
2135
2501
2880
3028
2909
2847
3111
3375
3501
3726
3825
3524
3193
3096
3122
3064
2746
2419
1985
1333
849
518
271
-125
-858
-1562
-2122
-2648
-3028
-3281
-3691
-4287
-4897
-5166
-5124
-5215
-5287
-5375
-5607
-5672
-5456
-5062
-4715
-4516
-4418
-4266
-3918
-3353
-2799
-2456
-2090
-1695
-1301
-805
-282
195
528
856
1253
1517
1749
2127
2494
2678
2760
2915
3069
3031
3016
3183
3185
2891
2628
2538
2382
2098
1953
1835
1449
993
690
451
221
41
-95
-351
-710
-879
-884
-960
-1011
-1009
-1091
-1232
-1255
-1027
-820
-785
-686
-561
-477
-308
7
355
503
606
937
1274
1490
1729
1966
2102
2240
2559
2938
3116
3124
3239
3393
3468
3636
3706
3481
3141
3012
2991
2660
2289
2038
1580
956
483
216
-303
-1057
-1541
-1957
-2612
-3240
-3611
-3904
-4364
-4828
-5001
-5153
-5480
-5600
-5461
-5377
-5382
-5267
-4986
-4707
-4429
-4036
-3565
-3178
-2827
-2385
-1839
-1243
-724
-321
24
401
867
1397
1817
2017
2176
2409
2694
2987
3185
3254
3200
3075
3014
3100
3160
3028
2776
2501
2208
1898
1755
1682
1343
840
435
146
-77
-202
-346
-706
-1151
-1364
-1358
-1377
-1432
-1501
-1635
-1806
-1777
-1457
-1240
-1212
-1126
-991
-823
-518
-126
203
392
564
839
1090
1412
1866
2104
2157
2267
2469
2710
2900
3135
3293
3216
3133
3233
3383
3412
3306
2996
2628
2461
2339
2053
1648
1260
815
236
-204
-445
-865
-1492
-1980
-2358
-2893
-3400
-3595
-3776
-4211
-4572
-4662
-4789
-4995
-4904
-4641
-4651
-4746
-4520
-4114
-3820
-3523
-3090
-2709
-2470
-2115
-1522
-1015
-682
-279
192
548
857
1274
1656
1859
2046
2301
2470
2570
2749
2912
2894
2789
2764
2725
2567
2432
2362
2157
1812
1529
1325
1094
812
604
368
-4
-301
-519
-694
-802
-922
-1080
-1316
-1518
-1534
-1431
-1348
-1350
-1416
-1454
-1401
-1231
-940
-685
-587
-551
-403
-131
182
506
758
881
958
1177
1476
1746
2003
2133
2212
2315
2451
2677
2872
2976
3022
3022
3075
3157
3115
2983
2796
2602
2543
2444
2074
1632
1331
1016
628
298
-46
-632
-1338
-1690
-1816
-2238
-2792
-3163
-3521
-3953
-4176
-4124
-4212
-4594
-4786
-4656
-4551
-4429
-4151
-3914
-3843
-3752
-3383
-2841
-2403
-2048
-1689
-1396
-1108
-644
-41
419
650
860
1114
1382
1694
2038
2308
2394
2361
2370
2442
2535
2596
2514
2352
2188
2011
1897
1759
1542
1258
893
635
457
246
43
-237
-570
-834
-990
-1052
-1101
-1244
-1438
-1579
-1635
-1544
-1404
-1333
-1328
-1378
-1289
-998
-664
-435
-360
-287
-120
173
575
913
1088
1159
1269
1523
1896
2241
2446
2505
2490
2585
2877
3183
3285
3230
3173
3116
3112
3252
3379
3243
2806
2412
2280
2244
2106
1707
1150
609
153
-89
-238
-610
-1276
-1987
-2432
-2612
-2814
-3124
-3480
-3945
-4342
-4466
-4373
-4266
-4386
-4544
-4533
-4422
-4127
-3717
-3387
-3222
-3094
-2781
-2291
-1779
-1334
-961
-697
-436
-63
371
797
1107
1299
1472
1662
1870
2088
2228
2262
2237
2192
2192
2169
2102
1990
1785
1591
1424
1248
1062
860
648
386
118
-60
-205
-376
-558
-786
-987
-1104
-1174
-1168
-1205
-1305
-1363
-1378
-1297
-1131
-972
-847
-767
-656
-436
-174
95
335
472
624
842
1107
1432
1698
1795
1820
1937
2177
2443
2617
2696
2645
2568
2681
2866
2942
2877
2727
2550
2426
2465
2511
2313
1909
1569
1361
1216
1102
834
333
-195
-511
-656
-847
-1162
-1646
-2203
-2597
-2745
-2785
-2972
-3322
-3668
-3929
-4009
-3884
-3750
-3760
-3869
-3912
-3764
-3492
-3168
-2836
-2613
-2497
-2329
-1955
-1447
-1042
-776
-536
-312
-84
277
701
969
1078
1179
1336
1484
1645
1841
1937
1874
1759
1707
1718
1721
1675
1601
1437
1193
1025
979
933
799
623
403
173
48
16
-7
-116
-287
-418
-547
-600
-534
-481
-494
-567
-602
-571
-462
-253
-102
-83
-104
-21
171
371
566
705
755
792
938
1186
1395
1503
1536
1556
1608
1738
1942
2071
2030
1917
1910
1995
2062
2106
2069
1899
1709
1667
1740
1695
1477
1230
1003
792
680
599
368
-55
-498
-716
-826
-1042
-1311
-1652
-2080
-2444
-2594
-2582
-2689
-3035
-3334
-3445
-3496
-3476
-3358
-3285
-3385
-3484
-3309
-2983
-2740
-2506
-2251
-2093
-1965
-1650
-1182
-835
-621
-360
-80
132
396
784
1078
1203
1324
1470
1591
1697
1818
1883
1852
1788
1751
1738
1680
1605
1510
1348
1195
1039
869
734
591
425
249
88
-52
-193
-315
-389
-450
-542
-626
-683
-707
-685
-618
-546
-562
-583
-513
-389
-213
-37
66
111
149
307
555
734
865
952
979
1049
1209
1412
1533
1516
1481
1473
1506
1649
1782
1736
1583
1475
1482
1538
1571
1538
1360
1110
985
1026
1034
871
614
390
206
92
60
-57
-362
-707
-924
-1002
-1113
-1276
-1475
-1801
-2088
-2170
-2132
-2155
-2320
-2494
-2597
-2638
-2541
-2346
-2247
-2280
-2329
-2247
-1995
-1720
-1497
-1321
-1224
-1109
-891
-606
-308
-108
-23
73
225
416
614
760
856
897
906
970
1089
1178
1183
1121
1045
987
951
983
1011
903
719
627
624
563
487
454
348
182
105
133
89
-35
-86
-75
-100
-138
-122
-118
-133
-112
-53
8
35
61
86
145
232
297
340
350
361
385
421
495
550
532
489
493
544
605
644
658
630
592
622
709
777
806
791
750
745
801
891
960
946
884
837
861
943
966
854
680
560
499
447
393
287
86
-163
-355
-455
-552
-684
-881
-1128
-1331
-1464
-1549
-1635
-1737
-1856
-2039
-2172
-2171
-2106
-2077
-2124
-2151
-2127
-2085
-1966
-1771
-1636
-1588
-1504
-1359
-1179
-982
-771
-562
-438
-339
-153
60
252
430
578
681
746
852
1042
1170
1226
1285
1298
1291
1315
1379
1419
1347
1252
1196
1125
1039
981
929
801
623
520
435
309
239
181
52
-86
-173
-192
-239
-313
-324
-342
-392
-397
-371
-342
-321
-302
-242
-180
-146
-94
-13
82
175
242
303
383
439
512
627
728
788
812
852
911
985
1088
1150
1141
1099
1106
1168
1223
1233
1159
1036
933
904
941
919
774
546
352
253
197
125
-38
-295
-557
-735
-798
-840
-981
-1212
-1447
-1609
-1653
-1644
-1699
-1809
-1955
-2048
-2018
-1937
-1830
-1785
-1829
-1816
-1703
-1534
-1367
-1238
-1130
-1031
-917
-713
-466
-300
-174
-42
68
185
352
534
639
687
746
812
874
942
1020
1045
992
949
955
955
929
888
800
666
559
510
483
412
305
196
87
27
19
-5
-62
-141
-212
-232
-194
-142
-131
-165
-170
-136
-86
-8
82
132
121
144
239
327
383
435
476
478
465
523
635
668
640
624
589
580
621
666
669
611
572
563
539
542
570
548
498
463
429
396
363
341
322
261
188
142
82
18
-39
-113
-190
-271
-363
-441
-521
-603
-687
-769
-832
-901
-999
-1097
-1129
-1141
-1195
-1245
-1272
-1293
-1300
-1265
-1203
-1185
-1209
-1165
-1053
-969
-895
-804
-726
-679
-587
-408
-264
-212
-163
-52
62
162
269
360
418
436
470
556
630
638
624
639
650
650
662
671
640
591
569
554
516
478
451
390
321
297
277
244
175
97
55
28
15
-11
-47
-87
-128
-154
-147
-134
-142
-139
-123
-121
-112
-78
-29
11
38
63
91
138
203
261
304
343
377
399
443
520
577
603
622
630
629
658
712
761
759
724
704
689
693
721
725
679
594
517
487
472
444
383
273
140
38
-6
-31
-101
-226
-358
-483
-568
-594
-626
-711
-835
-928
-958
-962
-962
-956
-980
-1034
-1042
-980
-902
-841
-792
-758
-741
-676
-554
-457
-401
-351
-293
-238
-174
-77
3
14
17
57
104
128
141
164
148
97
99
112
79
47
31
5
-55
-107
-110
-136
-193
-216
-218
-259
-301
-297
-286
-292
-307
-292
-263
-265
-243
-192
-138
-97
-70
-18
40
81
130
188
250
307
350
400
456
485
513
554
598
637
652
678
697
689
704
716
715
721
713
705
707
699
669
640
634
637
605
566
556
522
469
462
467
426
364
306
280
257
222
185
119
29
-37
-52
-74
-131
-205
-284
-350
-407
-445
-458
-501
-583
-647
-680
-694
-705
-724
-739
-775
-832
-833
-783
-743
-735
-743
-741
-715
-675
-623
-560
-528
-515
-490
-455
-412
-373
-338
-304
-284
-269
-234
-192
-146
-100
-71
-65
-62
-28
9
35
52
52
60
72
93
119
128
126
130
135
133
139
139
139
132
119
127
119
112
130
133
130
133
136
138
145
171
206
213
220
251
273
300
350
402
415
406
434
491
541
566
576
575
567
591
661
700
672
636
614
631
656
666
662
603
533
511
516
516
485
407
333
281
237
207
168
94
-1
-84
-135
-178
-221
-271
-349
-436
-505
-550
-581
-618
-670
-725
-763
-799
-807
-784
-772
-799
-824
-799
-760
-734
-686
-645
-641
-623
-560
-490
-433
-385
-340
-306
-274
-210
-147
-113
-82
-56
-37
-9
18
44
66
70
66
56
49
52
48
48
54
28
-2
-4
-2
-5
-4
3
7
-6
-10
17
44
51
51
59
73
103
147
179
196
208
222
249
282
303
329
344
349
364
377
406
425
419
430
435
417
405
399
400
401
375
350
343
325
316
322
303
263
220
198
188
167
155
137
90
58
64
76
57
19
-3
-18
-37
-39
-32
-52
-96
-124
-117
-118
-134
-143
-163
-201
-230
-230
-232
-271
-305
-326
-350
-357
-338
-335
-370
-405
-409
-400
-383
-368
-361
-376
-389
-363
-314
-273
-250
-237
-239
-235
-198
-149
-127
-139
-145
-122
-99
-78
-44
-28
-41
-44
-24
4
20
12
12
16
13
27
58
86
86
69
68
89
116
135
143
120
93
93
118
154
161
142
122
113
129
152
161
153
132
122
135
161
179
188
186
178
188
210
233
254
260
257
253
262
293
312
319
325
312
293
304
327
328
310
299
296
268
235
241
248
210
160
130
102
63
38
28
-12
-77
-118
-142
-170
-196
-224
-260
-293
-320
-338
-356
-374
-377
-393
-412
-413
-418
-417
-402
-393
-382
-370
-358
-346
-327
-308
-285
-267
-251
-226
-201
-184
-166
-147
-132
-117
-99
-67
-43
-39
-34
-15
-4
0
22
35
21
19
35
52
54
53
66
62
52
70
97
100
75
60
62
61
69
81
77
54
38
53
80
86
79
78
67
69
100
124
128
119
120
142
166
190
214
222
223
231
253
274
286
297
305
306
311
330
351
351
339
331
312
286
288
295
280
244
219
199
164
142
129
96
41
-11
-44
-70
-108
-136
-159
-204
-250
-276
-299
-322
-337
-353
-377
-404
-419
-414
-406
-394
-385
-389
-392
-376
-351
-324
-297
-290
-290
-278
-247
-209
-181
-174
-172
-160
-138
-102
-64
-47
-43
-54
-47
-18
5
21
24
13
13
36
58
68
64
51
46
52
65
66
58
51
44
45
59
56
38
23
23
37
46
54
59
51
50
74
105
125
136
138
143
157
185
219
235
240
249
257
275
297
322
343
333
316
310
309
324
323
299
264
224
202
206
195
171
136
85
45
16
-2
-23
-60
-108
-146
-174
-189
-198
-218
-244
-272
-297
-305
-290
-286
-300
-312
-318
-320
-301
-277
-268
-268
-267
-254
-231
-211
-190
-171
-163
-156
-146
-123
-98
-90
-76
-62
-57
-50
-31
-12
-6
-5
2
14
17
21
34
36
34
40
49
59
56
58
72
76
81
89
98
116
129
138
138
140
143
145
157
169
170
168
172
184
195
192
200
200
188
177
178
178
169
161
152
138
129
120
114
108
84
68
54
37
32
24
18
5
-22
-40
-44
-51
-60
-71
-84
-97
-109
-111
-107
-114
-131
-146
-153
-156
-156
-157
-159
-166
-179
-175
-162
-152
-153
-154
-147
-140
-131
-112
-100
-101
-103
-94
-84
-74
-62
-57
-61
-72
-61
-43
-41
-43
-45
-54
-60
-51
-27
-20
-26
-28
-23
-7
14
31
39
31
25
38
61
82
88
88
75
66
77
103
121
113
113
118
117
129
148
147
138
124
119
125
127
130
120
102
91
78
68
59
49
32
12
-2
-9
-11
-17
-36
-46
-55
-59
