7
7
13
11
5
6
6
2
6
7
-1
-1
-4
-7
-7
1
8
0
2
2
-2
-1
-7
-8
-6
-15
-16
-15
-19
-31
-26
-16
-28
-25
-17
-16
-9
-7
-13
-19
-10
-7
-20
-17
-9
-13
-16
-17
-8
-7
-12
-12
-10
-11
-15
-13
-9
-13
-18
-24
-19
-10
-10
-12
-13
-10
-8
-3
-4
-1
5
5
3
4
6
5
9
14
10
10
8
9
10
7
10
9
11
13
10
17
15
11
13
6
12
16
9
11
14
16
14
14
17
15
17
13
8
2
4
14
17
16
19
16
5
7
15
13
7
9
4
0
11
3
-6
-3
-3
5
1
-4
0
1
-6
-5
1
-2
0
-2
-2
6
-3
-6
4
-3
0
4
-8
-4
-8
-10
-1
-3
1
6
-5
-2
1
-8
-9
-9
-12
-11
-6
-2
-7
-13
-13
-10
-7
-4
-4
-9
-9
-17
-12
-5
-15
-11
-12
-12
-1
-8
-12
-2
-10
-15
-8
-4
0
-9
-17
-15
-13
-7
-11
-10
-1
-1
-1
-2
-1
1
-1
-4
-8
-10
-9
-8
-2
-2
-2
2
1
3
2
-11
-6
-4
-6
0
1
5
3
1
18
20
11
18
24
18
19
27
26
15
15
14
11
13
15
16
13
19
21
10
8
21
21
6
-4
1
12
9
2
8
9
5
7
5
3
-2
-2
-4
4
8
-7
-7
-9
-10
-13
-12
-4
-17
-18
-11
-13
-8
-15
-21
-17
-20
-15
-12
-13
-11
-11
-5
-3
-2
1
1
-6
-9
-5
-2
1
-4
-2
0
-9
-7
-6
-7
-2
-8
0
8
-4
2
8
10
10
5
11
9
5
6
5
10
8
6
4
2
14
13
7
2
-4
3
10
11
17
12
8
16
18
22
21
20
15
9
14
14
17
15
-1
-1
12
13
9
13
9
4
0
-1
-2
-4
0
-7
-8
-4
-11
-4
4
10
12
2
-5
-5
-6
0
0
-7
-20
-26
-17
-18
-11
0
-3
-11
-22
-14
-2
-4
-5
-11
-16
-10
-2
-1
-1
-5
-10
-13
-17
-15
-10
0
3
-4
-3
2
-3
-5
4
15
26
17
4
2
9
16
18
19
10
5
17
28
33
30
18
11
10
22
40
37
37
29
23
33
37
42
38
32
22
20
32
31
27
24
18
7
4
5
2
7
-1
-9
-10
-15
-13
-15
-23
-19
-21
-24
-19
-25
-31
-25
-22
-23
-27
-28
-23
-19
-10
-3
5
6
-5
-6
-4
2
15
22
25
15
12
22
27
25
13
6
-1
2
20
17
4
-3
-7
-8
-12
-4
-11
-22
-18
-16
-11
-16
-22
-26
-35
-32
-28
-25
-22
-23
-24
-28
-23
-10
-12
-20
-27
-30
-35
-28
-10
-7
-14
-31
-44
-54
-38
-20
-33
-44
-60
-69
-48
-13
1
-25
-59
-63
-40
-9
17
20
-8
-32
-17
11
33
51
41
13
8
36
65
73
63
26
2
21
53
66
75
60
19
21
55
62
56
41
34
37
33
56
38
-18
11
75
62
-3
-23
-33
-58
-5
74
22
-84
-113
-62
15
25
11
-23
-112
-147
-86
-12
30
-48
-235
-271
-134
-61
-113
-125
-174
-373
-400
-146
-22
-192
-343
-297
-220
-230
-126
21
-96
-242
-129
89
156
147
215
264
277
422
617
677
717
802
919
1036
1139
1252
1304
1371
1514
1616
1625
1606
1572
1569
1631
1734
1657
1218
777
652
770
803
521
20
-571
-1066
-1145
-921
-973
-1491
-2208
-2626
-2657
-2592
-2463
-2403
-2682
-3195
-3456
-3177
-2639
-2269
-2143
-2235
-2333
-2154
-1742
-1072
-421
-237
-319
-245
94
642
1193
1588
1752
1647
1549
1674
2032
2332
2326
2242
2083
1793
1593
1178
601
761
1171
766
-208
-1070
-1627
-1849
-1270
-614
-1261
-2819
-3868
-3506
-2327
-1688
-1706
-2138
-3026
-3231
-2012
-489
137
9
-158
-139
451
1779
2946
3424
3551
3483
3672
4450
5323
5837
5916
5834
5704
5598
5821
5803
4767
3833
4042
4265
3359
1916
969
139
-682
-803
-847
-1879
-3777
-5162
-4986
-4460
-5108
-6002
-6217
-6483
-7120
-7168
-6231
-5600
-5797
-5970
-5541
-4636
-4054
-3807
-2783
-1453
-1207
-1293
-432
942
1688
2015
2706
3324
3449
3493
3959
4820
5236
4765
4377
4553
4660
4323
3962
4019
3711
2687
1907
1752
1744
1312
-9
-1426
-1702
-1563
-2156
-2969
-3259
-4234
-5772
-5335
-3810
-4212
-5848
-6159
-5321
-4947
-4738
-3654
-2872
-3429
-3583
-2128
-545
-206
267
1490
1869
2005
3388
4635
4883
5522
6339
6365
6480
7462
8132
7909
7770
7822
7671
7443
7407
7477
6475
3933
2724
4003
4441
2569
369
-1057
-2455
-3316
-2918
-2646
-3993
-6748
-8834
-8398
-7146
-7758
-8706
-8396
-8769
-10343
-10368
-8121
-6502
-6593
-6919
-6634
-5794
-4710
-3483
-1549
277
116
-859
110
2736
4332
4589
5073
5452
4988
4863
6090
7654
7937
6585
5310
5369
5819
5552
5265
5338
3586
421
-105
1759
1535
-969
-2769
-3872
-5123
-5210
-4030
-4274
-6475
-8204
-7904
-6530
-5885
-5762
-5312
-5472
-6007
-4762
-2552
-1535
-1015
85
722
846
2209
4354
5640
6305
6913
7099
7350
8415
9745
10356
10190
9922
9544
9420
9866
9279
6998
5627
6384
6586
4606
2234
834
-494
-1627
-1814
-2013
-3714
-6739
-8552
-7983
-7501
-8800
-9994
-9917
-10199
-11475
-11781
-10325
-9022
-8942
-9292
-8888
-7741
-6821
-5862
-3940
-2127
-2002
-2377
-1090
1439
3053
3586
4107
4693
5142
5547
6455
7905
8562
7588
6620
7050
7737
7292
6243
5352
4463
3842
3149
2063
1231
-8
-2129
-2943
-2232
-3191
-5697
-6503
-5852
-6207
-6819
-6532
-6403
-6729
-6704
-5761
-4505
-4121
-4031
-2743
-1209
-563
280
1758
2906
3745
5057
6247
6985
7838
8608
9167
9937
10656
10881
10833
10582
9607
7746
7098
8610
9196
6772
3517
1826
974
276
238
-6
-2305
-6023
-8126
-7424
-6413
-7608
-9457
-10185
-10991
-12422
-12519
-10609
-9185
-9894
-11205
-11116
-9772
-8230
-6942
-5432
-4121
-4297
-4747
-3068
239
2287
2378
2292
2938
3809
4873
6436
8009
8452
7205
6316
7427
8656
7892
6576
6593
6443
4531
2928
3571
3631
1294
-779
-1015
-1732
-3729
-4063
-3139
-3995
-6075
-6851
-6191
-5551
-5401
-5128
-4895
-5292
-5180
-3672
-1655
-658
-438
158
1011
2293
4170
5809
6595
7054
7550
8251
9453
10991
11895
11627
10399
7931
6812
9207
11627
10213
6328
3320
1711
1567
2611
2993
1010
-3317
-7334
-7627
-5251
-5061
-7398
-9168
-10355
-12482
-13664
-11566
-8859
-9174
-11641
-13108
-12466
-10455
-8497
-6897
-5587
-5952
-7530
-6991
-2927
977
1631
648
405
1229
2819
4991
7193
8409
7233
5214
5579
8248
9659
7999
6406
6539
5784
3621
3945
5961
4223
191
-1007
-317
-1351
-2567
-2121
-2259
-4295
-6548
-6456
-4327
-3631
-4934
-5189
-4951
-5517
-4611
-2128
-785
-1056
-1046
-313
1041
3014
4569
5421
6124
6528
7078
8736
10380
11384
12166
11343
7917
5922
9047
12682
11771
7898
4528
2331
1802
3322
4593
3362
-1333
-6753
-7724
-4604
-3596
-6308
-8363
-9283
-11848
-14183
-12216
-8553
-8289
-11172
-13756
-13552
-11306
-9324
-7855
-6066
-6019
-8647
-9267
-4832
121
1068
-206
-843
-151
1471
3646
6320
8306
7271
4443
4483
7790
10092
8859
6535
6106
6309
4537
3631
6447
6554
1075
-1762
577
672
-2050
-1853
-783
-3063
-6157
-6134
-3588
-2436
-4260
-5454
-4693
-4935
-5062
-2565
-241
-995
-2100
-901
1004
2553
4112
5109
5410
5534
6347
8466
10365
10900
11446
11945
9051
5169
7420
12844
13190
8873
5182
2886
1736
3186
5263
4768
669
-5605
-8667
-5465
-2217
-4465
-8285
-9387
-10723
-13979
-13777
-9286
-7285
-10429
-14332
-14811
-12277
-9791
-8564
-7097
-6244
-8466
-10662
-7345
-1095
1313
-346
-1920
-1468
471
2898
5278
7673
7876
4747
3161
6300
10320
10356
7024
5408
6342
4988
3334
6564
8404
2700
-2494
-390
1660
-191
-736
-694
-2830
-5424
-6222
-3713
-960
-2769
-5721
-5445
-4716
-4763
-2837
98
-294
-2523
-2066
28
2400
4678
5302
5185
4981
5195
7487
10373
11732
11705
11848
11245
7005
4943
10063
14721
12737
7096
2995
1416
2002
4528
5657
3368
-2125
-8662
-9657
-4035
-1701
-6387
-10419
-10819
-12610
-15478
-12954
-7781
-8090
-12839
-16181
-15286
-11188
-8444
-8212
-7333
-7298
-9787
-10341
-5091
1377
1783
-1658
-2837
-814
2328
4526
6391
8452
7168
3457
3558
8598
12613
8103
2910
7071
8361
2761
3873
8875
4806
-1903
153
2717
30
-980
-1198
-2161
-2256
-4752
-5662
-1699
-1311
-5149
-5431
-3369
-3751
-3857
-992
416
-1324
-1698
-48
2240
4518
4857
5049
5803
5537
7106
10450
11739
11231
11925
11728
6772
4775
10938
15097
11772
6824
3605
1612
2224
4787
5585
2902
-2504
-8408
-9344
-3996
-1831
-6877
-10895
-10855
-12702
-15651
-12976
-8001
-8749
-13659
-16562
-15235
-11274
-8788
-8563
-7705
-7665
-10211
-10425
-4657
1234
1104
-2026
-2750
-562
2474
4712
6428
8335
7025
3136
3679
8894
11212
7056
4890
7851
6135
2033
4476
7561
4282
331
582
513
-791
-298
-431
-1187
-2105
-5312
-5549
-1604
-1349
-4165
-4292
-3380
-3898
-3246
-551
645
-548
-874
542
2706
4417
5051
5946
6293
6263
8108
10527
11899
13266
11905
6036
4348
10588
15425
12314
6977
4680
2363
1324
3832
6485
4742
-2628
-8927
-7826
-3698
-3771
-6917
-8507
-9415
-13477
-16858
-13234
-7370
-7624
-13176
-16483
-14573
-11646
-10391
-8200
-5533
-6960
-11411
-11372
-4174
1633
686
-1803
-1723
-586
540
3302
7717
9476
5450
1543
4158
9117
8463
5676
7795
7928
2939
1929
5868
6780
3838
2111
1211
-339
-769
60
1064
857
-2392
-5295
-3704
-1136
-1275
-2230
-2377
-3008
-3687
-2193
595
1436
670
564
1206
2664
4389
6000
7064
6692
7157
9199
11200
12535
10082
5652
6284
10955
12955
10068
6693
4714
2669
2450
4087
4881
2410
-3674
-7498
-5424
-3600
-5823
-8123
-8180
-9428
-13774
-15427
-11597
-8454
-10082
-13885
-15152
-12964
-11354
-10769
-8239
-6192
-8122
-11139
-9049
-2756
3
-1471
-2065
-905
193
574
2436
6535
7415
3856
2759
5995
7567
5640
6160
8810
6491
2130
2956
6029
6172
4222
2507
1084
-121
73
1150
1782
561
-2700
-3848
-1659
-363
-1016
-1576
-1657
-2056
-2299
-833
1156
1637
1391
1522
2265
3399
4865
6357
6923
7481
8897
10444
11496
9553
5544
5897
10763
13000
10007
6070
3824
2944
3244
4244
4951
2591
-3611
-7787
-5433
-2473
-4901
-8449
-8993
-9562
-12447
-14095
-11800
-8925
-9820
-13701
-15223
-12418
-10095
-10491
-9565
-7011
-7225
-9854
-9114
-3601
254
-1004
-3047
-1731
1129
1665
2181
5749
7764
4870
2024
4820
8241
5782
4433
7843
7617
2929
2052
4994
5257
3785
2724
1007
207
-83
-543
977
1585
-1779
-4009
-2259
-675
-1260
-1710
-1101
-1277
-1898
-1153
795
2269
1980
1743
3330
4157
4255
6224
7597
8234
9265
10184
11101
9333
6374
6558
10234
12444
9829
6248
3795
2745
3302
4102
4139
2112
-3170
-7512
-5918
-3198
-4689
-7964
-9134
-9877
-12814
-13930
-11178
-8984
-10152
-13231
-14955
-13193
-10698
-9721
-8713
-7689
-8259
-10025
-8732
-3598
-340
-1361
-2688
-2078
-641
1266
3597
5910
6085
4229
3071
4514
6945
6414
6109
7533
5446
2498
3815
5227
4585
4699
3363
-130
-1104
637
1170
1243
679
-2191
-3676
-2178
-710
-555
-701
-1564
-2443
-1841
-161
1438
2045
2323
2483
2966
3396
4953
7431
8129
8893
10473
11973
9341
4604
6129
11400
13844
10824
6665
4328
2820
3686
5585
6302
3717
-2712
-7482
-5384
-1393
-2809
-7067
-8434
-8676
-12225
-14399
-10804
-7328
-9256
-13611
-15396
-13475
-10819
-9860
-8737
-7660
-9086
-11630
-10185
-4140
-555
-2138
-4159
-3428
-1359
159
2189
5491
6064
2702
1309
4455
7232
6048
5583
7298
5757
2519
3165
5801
5807
4423
2863
837
343
1096
1502
1946
1307
-1765
-3668
-1863
436
81
-1382
-1756
-1966
-1958
-485
1648
1830
1038
1481
2468
3734
5109
6769
7213
7230
8572
10999
12606
7982
3797
7527
12439
12325
8773
6300
3895
2463
3784
5313
5508
1649
-5306
-7608
-3323
-1624
-5840
-8786
-7796
-9175
-14084
-14209
-9444
-7693
-11059
-14908
-14775
-11858
-10564
-10426
-8407
-7189
-9778
-12020
-8068
-1775
-884
-3559
-4011
-2048
-160
764
2662
6269
5856
1882
2508
6285
6375
4898
7177
8212
4601
2533
3314
4981
6754
5394
1677
221
406
585
1760
2983
1130
-2982
-3803
-1087
706
15
-1232
-1621
-1903
-1772
-76
1943
2242
1901
1919
2778
4334
5954
7218
7971
9142
10333
12505
10124
3450
5208
13036
15001
9668
5846
4312
2188
3475
5906
6511
3650
-4048
-9379
-5331
145
-3061
-9083
-9118
-8045
-13118
-16003
-10396
-5927
-9470
-15709
-16840
-12596
-9506
-10217
-9421
-7023
-8850
-13060
-10508
-1935
760
-3712
-5648
-2881
-617
619
2356
5233
6116
2037
666
5607
8659
5496
3793
7038
6689
2598
2852
6068
6306
3850
1635
1277
1416
1106
1369
1491
1003
-1298
-3685
-1381
1858
91
-2574
-2107
-1031
-970
-278
1772
2115
1136
1485
2930
4964
6379
6803
6860
8328
10007
12344
13542
6339
1799
9082
15763
12633
7141
6019
3022
1097
4450
7100
5916
-330
-7926
-8316
-1973
-805
-6968
-9899
-7400
-9769
-16807
-14702
-6549
-6563
-13434
-16893
-14375
-10987
-10694
-10146
-7061
-7153
-11954
-13477
-6018
1052
-1397
-5603
-4112
-1626
-1388
693
5232
7161
3056
-396
2809
7037
7058
5070
6297
6688
2659
1874
5467
7417
5868
2692
419
556
1854
2507
2605
2103
-446
-3665
-2398
1812
2072
-1108
-2307
-1654
-1532
-409
2113
2641
1066
1142
2287
3707
5773
7251
7387
7286
8647
10477
13356
10468
2227
4574
13624
14476
7944
5191
4922
1690
1950
5158
6368
2830
-5278
-9846
-5094
23
-4534
-10642
-9029
-7099
-13619
-17554
-10168
-5000
-10139
-16461
-15885
-11380
-9906
-11222
-8994
-5767
-8950
-14007
-10173
-337
956
-4945
-5440
-1902
-1200
-657
3265
7015
5443
392
-404
4735
8737
6481
4456
6242
4474
861
3593
8522
7506
3120
226
255
2321
3344
3066
2522
943
-2129
-3119
567
3723
1521
-2005
-2114
-708
75
1481
3530
3481
1527
1212
3277
5999
7737
8138
8408
8865
11411
11613
4080
2422
11620
15777
9385
4028
4670
3194
1952
4965
6541
3650
-3552
-9443
-6443
566
-1197
-9413
-11529
-7847
-9785
-15817
-12538
-5378
-8102
-15844
-17155
-11884
-8351
-10136
-10663
-7704
-8081
-12068
-11398
-3076
1642
-3581
-7520
-3771
165
124
1261
4866
5182
492
-851
4907
8850
6331
3256
4488
5397
3380
3952
6798
6545
3431
931
1147
3340
3685
1958
1093
1086
-267
-2037
-8
3210
1563
-2341
-2304
163
765
1061
2519
2400
823
1583
3981
5781
7014
7203
6383
7123
10011
12758
13763
7057
364
6690
14801
12955
6946
5250
2997
-592
2083
6153
5964
137
-8409
-10192
-3944
-1254
-6731
-10375
-7961
-9192
-16847
-16642
-7259
-4915
-12229
-17472
-15047
-10686
-10113
-10245
-6841
-6027
-11605
-14230
-6596
2004
-364
-6244
-5196
-1756
-767
846
4885
7043
2815
-2137
886
7501
8344
4792
4678
5760
2520
1282
5800
8588
5978
1859
-422
851
3309
3718
3137
2193
-2
-2931
-2040
3088
4344
252
-2526
-1511
450
1309
2593
4101
3287
1447
2002
5196
7914
8008
8083
8843
10161
12640
7504
584
7403
16432
12909
4608
3981
4855
1892
3136
6581
5873
-479
-8332
-9005
-1969
782
-6568
-12394
-9556
-7803
-14134
-16039
-7849
-5380
-13426
-18641
-14482
-8823
-9154
-11426
-9147
-7250
-10880
-13032
-6703
1318
-888
-7782
-6480
-910
392
377
3422
5922
2505
-1891
1688
8308
8395
4181
3524
5198
3561
2834
6381
8276
5612
1442
-135
2568
5037
3979
2271
1477
404
-1289
-775
3305
4462
-420
-3282
-590
1642
1528
2389
3356
2093
1206
3096
5370
6793
7493
6833
7351
9680
13354
11738
1983
1807
12329
15093
8433
4788
5405
2060
614
4405
6668
3960
-4091
-10161
-6632
-178
-2827
-10246
-10655
-7130
-11478
-17893
-12643
-5002
-8279
-16362
-17498
-12075
-9084
-10816
-10213
-6646
-8165
-13212
-11710
-2285
1811
-4417
-7848
-3610
-197
-405
1284
5149
4810
-441
-1465
4772
8827
5877
3045
5129
5080
1960
3614
7690
7214
3800
1111
663
3227
4779
3415
2171
1687
-140
-1989
659
4694
2704
-2095
-1885
725
1346
1719
2810
2816
1531
1883
3742
5395
6928
6844
6487
8479
10298
12099
9792
1931
3386
12979
14355
7381
4193
4809
1819
1483
5397
6261
2035
-5135
-9079
-5565
-598
-3447
-9878
-10364
-8028
-12042
-16753
-11341
-5168
-9392
-16719
-16952
-11742
-8920
-10277
-9959
-7592
-9169
-12818
-10446
-1813
740
-5364
-7077
-2887
-841
-552
1828
4822
3670
-517
-282
4767
7888
6027
3856
4758
4154
2869
5147
7840
7055
3734
1225
1929
4593
5291
3989
2679
1564
237
-200
2524
4792
2199
-1204
-750
1162
2040
2993
3480
2210
1488
3032
4324
5616
7190
6708
6433
7786
11075
11609
3664
489
9031
14554
9363
3445
4082
3402
1214
3101
5400
4282
-2001
-8723
-7479
-1068
-1223
-8463
-11264
-7634
-8566
-15409
-14479
-6474
-6391
-14230
-17619
-12912
-8642
-10170
-11145
-8069
-7667
-11715
-12316
-5327
26
-3918
-7905
-4561
-1033
-1564
-975
2584
3753
164
-1410
2690
6353
5511
3431
4228
4787
2889
3758
6975
7441
4956
2229
1902
4313
5955
4711
3312
3138
1948
350
2256
5486
3999
186
-13
2006
2604
2768
3766
3966
2774
2827
4238
5421
6741
7179
7499
8179
10689
10191
1466
692
11368
14899
7225
1871
3346
2368
1368
4060
5543
2807
-4508
-9732
-6237
307
-1590
-9545
-11669
-7848
-9355
-15267
-12415
-5079
-7341
-15867
-17443
-11056
-7008
-9455
-10779
-7867
-8017
-11738
-10712
-2714
1027
-4921
-8592
-4306
-403
-487
371
3042
2905
-1024
-2202
2909
7639
5739
1683
2818
4354
1843
2763
7519
7338
2802
368
1327
3945
5499
4407
2544
1995
1078
-124
2400
6017
4095
-769
-869
2574
3745
3268
3677
3939
2699
2744
5082
6666
7414
6918
6485
8090
11301
12332
4437
-485
7930
14265
9539
3848
4083
2922
301
2297
5249
4646
-1533
-8296
-7824
-2122
-1107
-7029
-10840
-8522
-7999
-13877
-14823
-7320
-5278
-12499
-17369
-13526
-8238
-8745
-10673
-8399
-7028
-10346
-11975
-6070
428
-2421
-7607
-5409
-966
-949
-1638
1745
4168
496
-2207
1762
5776
5002
2873
3066
3721
2885
2768
4658
6437
4930
1263
402
3622
5548
3548
1902
2540
2381
300
857
4658
4832
438
-1080
2057
3795
2938
3074
3808
3083
2774
4586
6321
7170
7197
6372
7177
9845
13100
9808
353
2175
12383
13339
6430
3980
4504
692
309
4638
5984
2350
-5015
-9370
-5755
-379
-2982
-9705
-10460
-7605
-10716
-15832
-11640
-5065
-7997
-15757
-16963
-11022
-7526
-9815
-10397
-7447
-8114
-12087
-10600
-2253
766
-5550
-8398
-3697
-459
-1151
-145
3032
2167
-2111
-1226
4035
6498
4301
1373
2392
3729
2978
3975
6068
5634
2714
517
1872
5309
5762
3002
1607
2618
2074
588
3155
6039
3170
-975
314
3866
4177
3392
3648
3160
2983
4328
5556
6640
7329
6558
6332
8657
12430
10757
1759
740
10588
13872
7120
3275
4599
2196
183
3300
5657
3404
-3727
-8771
-5842
-675
-2358
-8842
-10426
-7439
-9410
-15150
-12670
-5691
-7098
-14536
-16846
-11473
-7572
-9671
-10584
-7800
-7755
-11258
-10848
-3676
462
-4417
-8073
-4179
68
-783
-1474
2510
4007
-156
-1226
2800
5584
4569
2943
3816
4069
2488
2577
5057
6693
4578
911
229
3495
5411
3128
1608
2696
1948
-532
1130
5074
3879
-497
-777
2378
3421
2449
2688
3619
3346
2911
4074
6025
7191
6589
5925
7358
10581
12848
6663
-689
5201
13899
11154
4123
4399
4807
567
1192
5342
6065
670
-6717
-7718
-2552
-42
-4981
-9923
-8637
-7064
-11890
-14839
-8727
-4630
-10069
-16625
-14953
-8694
-7550
-10553
-10062
-7646
-9160
-12060
-8775
-1088
-1011
-7626
-8099
-2438
-119
-1342
-189
2551
1448
-1690
415
4875
5327
3100
2285
3464
3765
3684
4213
5228
5711
3455
793
2277
5682
5134
2377
1968
2847
1680
638
3235
5020
1839
-1417
467
3454
3325
2210
2220
2523
2429
3280
4677
5854
6424
5342
4662
6913
10013
12003
9025
744
1182
10735
13094
7170
4188
4480
1247
327
4545
6761
3537
-3612
-7705
-5108
-658
-1510
-6761
-8942
-7592
-9508
-13856
-11206
-4590
-5800
-13928
-17161
-11557
-6753
-8547
-10360
-8307
-8346
-11983
-11309
-3800
117
-5099
-9376
-5899
-1372
-915
-714
991
818
-1511
-1013
2328
4571
4538
1614
544
3422
4776
3397
3444
5459
4286
997
1638
4903
5560
3368
1733
2384
2908
1757
2673
5051
3577
23
270
3454
4726
3571
2571
2723
3445
4385
4827
5642
6918
6044
5184
6975
10417
12500
5907
-1519
4822
13518
10201
3471
4011
4504
440
580
4747
6030
857
-6858
-7748
-2018
215
-4818
-9034
-7583
-6521
-11324
-14160
-7945
-3259
-8661
-16004
-14654
-7745
-6448
-9873
-9239
-6756
-8893
-11938
-8197
-769
-859
-7512
-8742
-3271
-366
-1457
-599
1567
-234
-3383
-807
4373
5237
2168
-8
1362
3158
3643
4235
4858
4185
1982
789
3016
6177
5663
2331
1115
2859
3137
2116
4029
5623
2390
-907
1186
4995
4905
2825
2564
2684
2575
3901
5591
6057
5708
5007
4658
6825
10056
11441
6849
-441
2838
11313
10997
5348
4102
4093
163
137
4564
6300
2160
-5148
-7525
-3740
-331
-2675
-7205
-8031
-7370
-10404
-13172
-8724
-3829
-7157
-14368
-15533
-9845
-6368
-8142
-9044
-7795
-9026
-11484
-9175
-2346
-67
-5582
-9153
-5407
-1054
-454
-451
638
63
-2198
-1381
1992
4594
4084
544
288
3118
3681
2870
3820
5036
3228
716
1541
4561
5566
3371
1197
2019
2994
1966
2774
4874
3496
327
655
3566
4833
3761
2731
3015
3605
4285
4763
5601
6845
6364
5504
6747
10764
11233
2832
6
8829
12851
6858
3104
5321
3819
500
2328
5412
4606
-1432
-6528
-4624
-107
-1079
-6599
-8420
-5844
-6679
-12060
-11823
-5480
-4738
-11239
-15175
-11132
-6413
-7931
-10114
-8143
-6898
-9483
-10697
-5881
-712
-3246
-8378
-6886
-2029
-723
-1672
-656
753
-1225
-2338
934
3518
3152
1549
616
1620
3356
3764
2647
3172
4614
2591
486
3051
5498
3765
1597
2311
3444
1963
1448
4146
4437
1163
370
2774
4107
3440
2710
2800
3225
3849
4457
4830
5642
5945
5136
5921
8240
10844
9556
1809
540
9154
12548
6652
3162
5140
2871
-211
2788
6203
4283
-2608
-7011
-4452
-427
-1420
-5974
-7829
-6848
-8346
-11820
-10200
-4950
-5374
-11651
-15166
-11214
-6142
-7027
-9234
-8150
-7564
-9736
-10028
-4603
-265
-3659
-8375
-6808
-2279
-634
-924
-219
158
-1821
-2509
710
4110
4106
1065
-472
1354
3391
3999
3805
3698
3403
1735
976
4044
6419
4075
1039
1541
3423
2962
2440
4146
4093
1071
25
2447
4791
4063
1970
1978
2921
3326
4183
5260
5519
4930
4405
5503
7725
10355
10065
2483
-720
7726
12841
7386
3241
5370
3413
-829
2062
7029
5624
-1768
-6925
-4841
-473
-582
-4775
-7400
-6766
-7788
-11476
-10383
-4708
-4400
-11082
-15346
-11500
-6099
-6733
-9108
-7936
-7523
-10097
-10344
-4730
46
-3437
-8689
-7108
-2202
-582
-1259
-324
536
-1521
-2454
600
4157
4646
1055
-1063
1842
4483
3921
3003
3921
3795
1328
1038
4275
6260
3789
225
1095
4059
3125
1583
3440
4084
967
-733
2177
4919
3776
1384
1285
2964
3816
3875
4360
5566
5167
3939
5424
8576
11480
7328
-950
2340
11816
10992
3902
4067
6042
1586
-69
4764
7673
2905
-4691
-5988
-1355
950
-2666
-6555
-5976
-5172
-9171
-11916
-6999
-2615
-6981
-13796
-13328
-7488
-5824
-8556
-8450
-6755
-8444
-11035
-8244
-1706
-1075
-6872
-9000
-4684
-1186
-1398
-1678
-365
-476
-3017
-2326
2660
5391
2718
-1217
-1039
2550
4922
4349
3380
3514
1981
-382
2410
7195
6040
1263
-691
1835
4117
3256
3119
3762
1690
-923
359
3935
4721
2345
617
523
1740
4035
4540
3892
4140
3714
2682
4847
9122
9848
8198
3598
-756
4538
12537
10812
4212
3475
3000
-163
2822
8341
7178
-786
-6671
-4465
118
985
-1841
-5524
-7166
-7541
-9074
-8299
-3904
-3264
-9328
-14293
-11581
-5873
-4705
-7090
-7969
-8521
-10187
-9198
-4163
-373
-3313
-8678
-8574
-3653
-392
-253
-693
-1534
-3064
-3164
372
4169
4274
908
-1715
-281
2657
4974
4928
2874
1805
1404
504
2655
7463
5686
-804
-1079
3048
3695
2505
3454
3411
-42
-1985
1523
5106
3507
502
375
889
1579
3856
4619
3436
3066
3199
3051
5779
9172
8929
7311
2308
-683
6450
13218
9303
2957
3126
2521
389
4092
8407
5462
-2630
-6523
-3191
1112
1074
-2512
-5929
-7279
-7649
-8147
-6243
-3188
-4722
-10519
-13555
-9682
-4294
-4607
-7835
-8368
-8626
-9536
-7397
-2783
-1204
-5270
-8959
-6902
-2485
43
262
-1398
-2776
-2551
-1442
1210
4159
3583
-405
-1703
1812
4254
4016
3821
2853
1714
1726
1873
3555
5917
3925
-587
-139
3787
3435
1347
2730
2764
-586
-1262
2246
4445
2375
-281
221
1586
2044
3328
4225
3311
2418
2964
4394
6619
8085
8229
6678
871
114
9080
13112
6545
1850
3670
2248
928
5728
7924
3092
-4043
-5765
-1376
2316
939
-4126
-6974
-6235
-6379
-7354
-4943
-2768
-6177
-11299
-11836
-7102
-3407
-5222
-8215
-8371
-8152
-8250
-5984
-2144
-2152
-6751
-8577
-5253
-1285
360
-558
-2601
-3345
-2027
78
1928
3007
2420
-852
-1956
2566
5838
3995
1808
2361
2753
1243
1762
5652
5888
1029
-727
2186
3839
2475
2253
2933
828
-1118
626
3101
3008
1245
-154
-241
940
2958
3732
2513
1801
2273
3047
4353
6745
7587
7039
4600
-527
2172
11123
11353
3699
1648
4273
1716
1491
7032
7694
606
-5818
-3757
1518
2337
-909
-4572
-6074
-5992
-6371
-5891
-3265
-3500
-8196
-11377
-9220
-4923
-4037
-6493
-7842
-8014
-8543
-7118
-3865
-2343
-4462
-7454
-7103
-3999
-943
218
-1605
-3780
-2827
-646
630
2104
3113
634
-2471
553
5459
4827
1912
1708
2726
2690
2461
3626
5082
3099
128
1273
3801
3424
1728
1820
2016
595
-26
1303
2603
2119
257
-707
283
2085
3326
2621
1401
1743
2749
3569
4898
6520
6477
6329
4240
127
4020
11464
9064
2151
2789
4852
1242
2101
7545
6203
-1494
-5457
-1515
2588
1273
-2563
-4890
-5114
-5422
-6090
-4877
-3116
-5250
-9053
-9446
-7147
-5073
-5004
-6488
-7593
-8026
-7617
-5661
-3658
-3563
-5295
-6784
-5812
-3401
-1158
-319
-2457
-4086
-1960
196
497
1540
2279
-224
-1813
2184
5521
3382
1205
1890
2724
2833
3424
4354
3477
957
718
2868
3882
2911
1102
474
1196
1055
610
1503
1841
38
-1205
-37
1411
1828
1870
1190
533
1674
2952
3277
4183
5244
4623
4490
6580
4503
1164
5796
10024
5642
2028
4546
4146
1274
3929
6580
2738
-2424
-2207
919
1372
-768
-2783
-3808
-4526
-4892
-4675
-3862
-4315
-6575
-7450
-6722
-6343
-5700
-4970
-5951
-7516
-7368
-5584
-4487
-4788
-4694
-4742
-5338
-4948
-3161
-1032
-1188
-3450
-3147
-430
233
-274
1097
2285
132
-904
2587
4852
3104
1724
2865
2923
1741
3442
5663
3553
455
1413
3247
2799
2393
2462
1295
-327
-93
1837
2289
388
-818
-248
188
293
1331
1837
664
341
1303
2039
3087
4089
3964
3568
5365
6110
1609
1266
7984
8887
3041
2178
5150
2871
1176
5171
6077
900
-2891
-981
2062
1447
-1187
-2843
-3662
-4158
-3991
-3339
-3156
-4927
-6720
-6056
-5430
-5843
-4978
-4484
-6383
-7768
-6110
-3960
-4610
-5613
-4660
-4431
-5527
-4829
-2034
-888
-3106
-4580
-2059
135
-628
-662
1082
1000
-1220
4
3768
3696
1619
2156
3146
1674
1454
4798
5697
2012
744
2497
2302
2145
3548
3080
420
-988
119
2032
2247
452
-744
-857
-771
404
1987
1267
-501
-304
977
2002
2784
3267
2723
2293
3372
5473
6606
3184
883
5168
7687
4369
2905
5139
3410
350
3194
5974
2669
-1473
-810
1155
196
-1383
-1522
-1957
-3622
-4570
-3894
-3320
-4267
-5293
-5119
-5617
-6717
-5457
-3752
-5089
-7051
-6227
-4418
-4912
-5275
-3505
-3233
-5149
-5210
-2455
-697
-2076
-3327
-1645
-147
-852
-670
1521
2106
-304
-375
3024
3849
1981
2172
3180
2168
1520
3532
5328
3182
869
1775
2246
1900
2801
2987
801
-996
-166
1401
1718
673
-466
-733
-1041
-750
1107
1618
-257
-1172
56
1388
2017
2338
2124
1807
2422
3647
5304
5677
1934
489
5375
7415
3928
2847
4292
2019
499
4340
5984
1626
-1979
-490
1334
358
-686
-968
-2212
-4072
-4163
-2705
-2418
-4140
-5448
-4918
-5081
-6201
-4893
-3188
-5095
-7458
-5874
-3480
-4518
-5274
-3358
-3296
-5577
-5041
-1640
-530
-2690
-3583
-1486
-332
-919
-176
1702
1270
-1014
183
3469
3185
1610
2540
3371
2107
1639
3516
4315
2720
2088
2624
2208
1473
2089
2930
1883
176
-90
744
958
563
344
-205
-1087
-1135
108
857
-116
-1219
-757
522
1162
1293
1441
1420
1521
2179
3814
5592
3068
-499
2757
7104
5057
2371
4149
3391
-5
2777
6912
3975
-1065
-1040
1516
1440
57
-23
-759
-3012
-3930
-2560
-1141
-2507
-5155
-4941
-3686
-5080
-5618
-3069
-3010
-6505
-7131
-3559
-2616
-4987
-4484
-2739
-4092
-5377
-2936
-43
-1186
-3816
-2836
-286
-309
-842
719
1613
-703
-1340
2331
4058
1683
532
2465
3090
1590
2112
4086
2907
708
2212
3684
2177
1195
1671
1727
1172
786
627
697
433
-614
-671
100
-412
-942
-395
-337
-880
-912
-223
482
460
123
645
1704
1870
2038
2919
3883
3961
1437
959
5368
6876
3069
2003
4284
2447
847
4800
6141
1235
-2241
175
2571
980
-296
-310
-2134
-4142
-3170
-707
-990
-4682
-6219
-3772
-3300
-5326
-4253
-2168
-4572
-7705
-5084
-1083
-2893
-5433
-3502
-2297
-3925
-3655
-764
133
-2223
-3290
-1178
432
209
36
594
510
-730
401
3221
2634
836
1151
1645
1920
2733
3270
2835
1449
310
1303
3592
3440
915
281
693
-183
414
1756
846
-1112
-2345
-1628
162
48
-1374
-1718
-1672
-2050
-1255
477
285
-1057
-920
88
1124
1861
1850
2297
2867
2598
4306
4632
1313
2788
7000
5596
2459
3734
4441
1620
3124
6507
3338
-1061
-78
2272
1693
60
-549
-1443
-3170
-3032
-1398
-1454
-3711
-5606
-4340
-2860
-4431
-5000
-3055
-3465
-5953
-5451
-2295
-2173
-4708
-3970
-2192
-3131
-3327
-1554
-622
-1574
-2567
-1577
-142
94
-4
-91
163
-52
149
2206
2437
746
929
2172
2022
1724
2950
3269
1728
1485
2447
1537
1389
3196
2107
-3
704
608
-960
340
1895
-934
-3179
-1364
-538
-1188
-1002
-1479
-2367
-2600
-1778
-226
-200
-1609
-1490
24
549
787
1655
1750
1548
2507
3716
4918
3917
848
2364
6381
5821
3341
3743
3568
1228
2661
6133
4463
-15
-649
1343
1545
762
514
-643
-2903
-3459
-1495
-456
-2444
-4350
-3868
-3297
-3911
-3567
-2178
-2917
-5004
-4841
-2687
-1895
-2945
-3072
-2491
-3018
-3052
-1561
-738
-1273
-2022
-2024
-1243
-225
279
-231
-575
-704
-427
959
1615
978
516
476
604
1541
2713
2091
398
821
2304
2073
1182
1208
1287
306
652
2065
805
-1108
-510
200
-658
-515
-120
-1653
-2070
-873
-897
-1303
-1118
-1284
-1347
-989
-652
-114
211
200
675
1317
1290
1645
2844
3219
2920
3861
4548
2367
1769
5346
6345
3355
2734
3985
2288
1735
5040
4775
274
-1005
1059
1616
517
201
-314
-2458
-3293
-1649
-619
-1764
-4016
-4631
-2937
-2545
-3785
-3078
-2163
-4040
-5171
-2830
-1253
-2821
-3575
-2646
-2746
-2876
-1626
-1130
-1935
-2258
-1823
-1328
-847
-170
-286
-1071
-1084
-346
757
1103
270
204
736
686
1223
2308
2116
927
1135
2276
2373
2015
2092
2192
878
323
2221
2118
-17
342
1249
-792
-1476
693
-90
-2253
-1543
-1198
-2119
-1904
-1509
-1882
-2344
-2228
-1570
-1180
-1339
-1297
-508
-125
-32
1111
1697
1319
2018
3098
3390
3818
4886
4888
2999
3014
5927
6612
4502
4094
4512
2984
2863
5326
5194
1652
-87
1243
1872
1095
600
-401
-2216
-2976
-1936
-969
-2018
-4014
-4599
-3891
-3784
-4155
-3518
-3600
-5386
-5573
-3764
-3139
-4040
-4180
-3645
-4007
-3812
-2359
-1906
-2578
-2621
-2078
-1759
-1171
-176
-86
-820
-780
216
1113
1323
1332
1422
1239
1234
2213
3152
2613
1782
2085
2576
2398
2662
3159
2397
1243
888
1614
2216
1444
655
119
-979
-1199
384
643
-1565
-2718
-2525
-2393
-1426
-1068
-2501
-3545
-3388
-2308
-995
-953
-1742
-2207
-1842
-490
979
1241
527
705
1595
2268
3463
4311
3937
3690
4500
5354
4766
4260
5366
5825
4687
4199
4551
3776
3029
4015
4009
1694
239
967
1356
280
-530
-1162
-2380
-2982
-2421
-2171
-3329
-4645
-4861
-4194
-3931
-4545
-4708
-4589
-5103
-5072
-3897
-3386
-4168
-4421
-3636
-3152
-2982
-2404
-2080
-2325
-2243
-1507
-921
-767
-407
-131
-287
69
869
1295
1413
1366
1529
1794
1901
2368
2922
2606
2006
2329
2945
2882
2616
2603
2250
1951
2322
2658
2251
584
82
1482
1330
330
177
-821
-2279
-1171
531
-1119
-2712
-2536
-3136
-2448
-988
-1881
-3223
-3314
-2692
-1640
-915
-1226
-1731
-1564
-934
276
1336
926
510
1354
2116
2826
3675
3604
3226
3546
4374
5186
5215
4008
3157
4094
5055
4503
3700
3409
2364
1496
2541
3018
1390
-152
-435
-340
-736
-979
-1279
-2526
-3628
-3519
-2895
-3104
-3988
-4401
-4596
-4879
-4550
-3947
-4019
-4711
-5015
-4293
-3606
-3505
-3368
-3310
-3407
-2941
-1961
-1627
-1643
-1215
-1015
-935
-58
877
844
610
953
1466
1874
2354
2659
2533
2238
2375
2975
3338
3220
2881
2652
2635
2758
2933
2915
2357
1693
1724
1711
1390
1162
533
-37
4
-101
-790
-1144
-1157
-1859
-2130
-1777
-2444
-2936
-2718
-2770
-2750
-2827
-2911
-2921
-2861
-2289
-1857
-1892
-1780
-1412
-914
-396
132
588
695
1073
1792
2106
2590
3278
3457
3417
3707
4289
4576
4605
4906
4592
3515
3633
4703
4684
3729
3026
2469
1850
2106
2868
2003
62
-680
-469
-404
-612
-1032
-2057
-3374
-3419
-2635
-2668
-3414
-4335
-4715
-4396
-4127
-3848
-3834
-4484
-4833
-4264
-3454
-3206
-3303
-3298
-3375
-3060
-2107
-1549
-1621
-1589
-1233
-909
-527
276
743
449
408
960
1541
1906
2135
2125
1976
2118
2504
2951
3110
2730
2367
2541
2876
2869
2854
2354
1378
1685
2345
1741
1151
760
-280
-556
391
263
-1041
-1649
-2013
-2218
-1673
-1585
-2254
-3025
-3374
-2940
-2359
-2267
-2536
-2792
-2769
-2287
-1584
-1306
-1227
-957
-841
-447
468
970
1003
1273
1724
2063
2462
2965
3203
3181
3428
3795
3885
3957
4173
4248
4100
4178
4152
3662
3350
3412
3351
3043
2656
1926
1300
1325
1308
772
25
-563
-1074
-1475
-1486
-1707
-2542
-3274
-3604
-3610
-3460
-3711
-4321
-4612
-4540
-4507
-4270
-4017
-4218
-4391
-4152
-3650
-3180
-2879
-2835
-2751
-2259
-1741
-1367
-917
-519
-356
-195
212
823
1239
1221
1322
1636
1845
2049
2331
2543
2367
2133
2343
2658
2703
2433
2194
2126
1961
1880
1984
1777
1244
946
776
650
648
303
-336
-712
-878
-931
-722
-930
-1778
-2093
-1847
-1870
-1743
-1622
-2178
-2502
-2202
-1767
-1414
-1528
-1717
-1505
-1124
-709
-316
-88
-148
-13
616
1104
1418
1570
1458
1742
2259
2511
2705
2754
2557
2581
2995
3309
3223
2942
2741
2741
2859
2948
2963
2615
1870
1679
2217
2089
1392
1321
1007
229
343
612
-282
-1050
-719
-986
-1822
-1733
-1812
-2608
-2715
-2505
-3016
-3509
-3416
-3365
-3509
-3452
-3450
-3639
-3577
-3162
-2894
-2990
-2975
-2637
-2270
-2017
-1672
-1351
-1343
-1200
-628
-71
72
100
409
628
802
1211
1409
1342
1429
1634
1793
1892
1926
1873
1755
1777
1876
1828
1714
1652
1467
1198
1243
1285
940
743
739
403
93
202
98
-291
-418
-511
-744
-827
-840
-947
-1099
-1246
-1262
-1154
-1087
-1110
-1079
-1071
-1068
-807
-607
-626
-508
-361
-316
-72
279
446
491
561
747
978
1190
1349
1386
1363
1403
1566
1776
1843
1693
1620
1720
1768
1746
1695
1646
1631
1577
1410
1261
1233
1261
1239
988
636
582
687
657
524
-114
-899
-591
147
-23
-549
-1012
-1895
-1978
-703
-478
-1631
-2167
-2370
-2439
-1573
-972
-1726
-2683
-2701
-2079
-1468
-1181
-1433
-2002
-2116
-1515
-728
-508
-907
-1141
-1077
-774
-51
283
-187
-467
-142
198
368
598
606
216
133
494
721
790
735
459
238
436
835
847
495
388
434
321
437
699
513
96
108
301
250
209
197
12
-142
-29
113
3
-167
-186
-195
-219
-81
0
-119
-243
-265
-109
56
84
-9
-113
4
238
304
261
314
353
256
368
666
593
416
516
598
581
578
661
739
611
510
628
671
506
419
574
577
293
217
340
412
330
193
217
165
114
265
288
126
50
113
194
205
159
132
65
24
182
250
128
51
37
84
67
51
36
-118
-156
-109
-141
-198
-333
-411
-403
-476
-536
-591
-731
-811
-772
-802
-904
-900
-912
-1000
-1008
-969
-979
-1001
-1025
-1016
-891
-765
-809
-838
-728
-648
-567
-482
-403
-325
-311
-210
-113
-43
71
101
130
196
260
354
439
475
482
466
486
629
662
505
510
622
593
531
561
600
488
425
517
529
434
396
444
379
258
278
339
310
201
31
29
197
160
81
44
-66
-107
-18
109
102
48
-47
-124
93
240
116
82
74
76
160
194
270
301
205
129
207
353
321
272
228
119
176
285
294
188
2
-64
29
153
91
-156
-273
-150
-76
-169
-217
-313
-453
-378
-270
-368
-544
-528
-409
-488
-608
-507
-380
-473
-597
-573
-476
-356
-244
-305
-481
-416
-193
-91
-82
-122
-129
-45
49
122
124
115
131
88
92
215
274
211
115
57
38
40
136
189
40
-99
-104
-27
24
-22
-57
-106
-154
-135
-102
-18
11
-76
-139
-117
-35
76
151
76
-44
21
213
324
286
232
211
194
291
430
454
338
238
305
354
451
536
394
286
339
419
372
335
408
349
224
177
186
253
210
46
-25
-61
-89
-26
-23
-235
-433
-267
-98
-290
-504
-504
-403
-310
-340
-476
-557
-533
-346
-172
-265
-420
-393
-249
-110
-71
-162
-179
-95
-30
30
62
79
81
73
116
204
158
81
123
100
115
222
181
32
6
107
85
5
12
-58
-143
-93
-3
-33
-109
-81
-123
-212
-131
-51
-114
-137
-111
-180
-217
-86
1
-95
-154
-116
-91
-60
-22
-52
-59
6
12
6
50
47
1
42
96
79
65
34
34
144
196
131
155
130
59
198
335
194
-50
1
164
130
138
188
13
-165
-35
167
126
7
-57
-173
-114
75
25
-115
-140
-165
-144
-16
-4
-159
-215
-154
-125
-68
-135
-224
-98
-28
-59
-78
-78
-28
88
81
-73
-6
192
237
194
170
151
216
345
352
344
333
236
285
398
363
295
256
282
271
227
265
193
55
38
90
116
67
-53
-156
-176
-87
14
-47
-224
-345
-273
-113
-71
-185
-348
-366
-223
-136
-175
-225
-323
-342
-133
-24
-173
-293
-240
-121
-47
-84
-173
-211
-156
-71
-42
-107
-214
-149
10
-9
-53
-44
-48
5
42
18
-20
-18
34
69
45
7
4
11
22
50
51
0
-5
31
-7
-55
-40
10
28
-74
-160
-67
-18
-116
-130
-88
-98
-122
-145
-135
-67
9
-12
-113
-101
17
80
120
120
12
12
206
300
219
186
213
187
229
344
324
226
198
246
294
310
266
215
285
313
181
128
214
252
201
159
118
37
103
251
198
57
-33
-21
34
20
-3
-48
-94
-113
-144
-150
-118
-123
-199
-249
-217
-230
-284
-234
-157
-215
-323
-269
-173
-180
-161
-146
-214
-247
-113
28
-28
-126
-115
-34
91
149
42
-70
-28
86
125
141
140
110
97
91
134
153
126
121
119
104
69
62
82
108
84
-38
-79
10
48
-33
-148
-136
-24
-70
-237
-235
-113
-96
-172
-250
-278
-185
-52
-86
-222
-226
-94
-7
-62
-99
-34
17
31
55
44
37
100
122
110
131
176
199
146
145
179
173
186
141
92
121
105
88
115
142
58
-86
-14
135
119
-11
-135
-138
-39
51
24
-168
-281
-123
25
-27
-139
-168
-110
-44
7
9
-66
-78
37
120
72
22
56
134
208
179
91
99
213
348
299
92
46
249
352
195
64
29
107
212
90
-99
-89
33
50
-88
-223
-206
-58
-25
-224
-339
-250
-197
-184
-211
-302
-312
-215
-169
-195
-196
-212
-202
-80
-5
-100
-157
-60
41
72
51
12
47
130
141
106
116
148
156
123
88
125
159
120
73
23
-23
27
73
-21
-87
-64
-92
-136
-100
-68
-141
-211
-183
-128
-132
-195
-193
-142
-136
-140
-150
-162
-104
-37
-40
-77
-86
-35
12
38
69
99
107
118
139
165
200
209
189
160
192
263
248
223
202
150
150
178
198
188
103
32
62
104
97
46
-18
-34
-12
-57
-115
-54
-8
-87
-144
-135
-118
-119
-146
-132
-107
-137
-147
-120
-164
-188
-61
3
-114
-215
-130
12
42
10
-51
-91
-7
108
108
51
22
-1
27
118
133
63
31
45
70
90
73
7
-16
33
17
-33
-39
1
17
-54
-110
-88
-31
24
-20
-119
-124
-51
17
9
-5
2
-35
-20
47
54
37
51
13
-48
29
170
153
5
-34
53
122
139
76
3
10
78
137
91
8
1
34
74
51
-33
-60
-23
3
-27
-63
-65
-78
-74
-45
-67
-118
-112
-65
-62
-96
-117
-105
-66
-40
-40
-69
-63
-16
24
42
31
11
38
89
79
56
53
63
93
114
75
24
59
98
70
23
13
29
42
39
-17
-62
-40
-15
6
-14
-121
-166
-41
69
-6
-124
-124
-48
24
12
-70
-95
-21
35
0
-23
9
59
86
36
-12
48
128
114
28
26
99
96
94
107
67
49
83
117
88
26
5
34
86
82
-1
-48
-16
56
73
-30
-146
-100
26
2
-120
-163
-116
-38
-38
-139
-195
-112
-40
-91
-149
-158
-94
7
-10
-105
-115
-27
45
55
24
-27
-5
101
146
106
71
72
132
195
179
81
27
140
213
115
25
49
126
113
21
-35
-28
35
29
-91
-129
-68
-45
-85
-141
-155
-130
-121
-152
-177
-170
-126
-118
-163
-162
-125
-83
-60
-86
-108
-87
-23
33
30
-6
-13
35
86
109
115
79
68
124
159
168
155
101
69
111
180
182
80
-1
49
139
144
54
-27
-15
60
87
3
-59
-6
34
-1
-43
-56
-33
8
7
-67
-106
-41
40
-3
-91
-74
-8
9
-15
-23
-44
-75
-41
30
16
-38
-23
21
52
34
-15
-10
24
54
48
-7
-36
-10
16
14
2
-17
-34
-31
-18
-39
-52
-15
-9
-41
-60
-80
-56
-6
-5
-58
-115
-86
-14
8
-7
-32
-51
-47
-13
5
-4
0
-2
-14
-12
11
40
29
-3
2
24
15
11
32
24
27
54
29
10
51
88
89
56
16
28
77
93
75
65
24
-7
61
114
87
28
-10
-4
13
49
58
14
-26
-34
5
35
21
-3
-36
-48
-16
25
39
12
-12
-22
-31
2
41
29
-18
-60
-42
13
26
-11
-35
-31
-34
-27
-23
-56
-78
-58
-57
-99
-103
-68
-80
-110
-115
-96
-75
-99
-132
-119
-72
-62
-97
-104
-79
-52
-40
-48
-50
-25
4
7
-11
-16
9
47
59
36
22
43
58
47
52
66
65
48
40
66
81
48
49
81
69
34
31
70
82
46
7
7
46
50
13
-1
7
20
34
33
16
-14
-11
35
39
-6
-7
54
70
37
16
20
50
72
73
52
1
7
68
79
23
-16
-4
12
1
-32
-52
-23
-10
