4
2
-2
1
3
-6
-4
6
-5
-4
6
3
0
4
3
5
8
4
5
6
4
12
8
6
15
15
17
12
5
4
7
13
15
10
12
17
9
3
9
10
7
6
7
20
24
8
11
11
9
12
10
10
9
7
9
6
1
-3
0
0
-6
-4
-8
-9
-9
-10
-6
-7
0
2
-6
-6
-3
-4
-8
-6
-7
-14
-9
-10
-11
-9
-15
-17
-12
-8
-7
-5
-10
-15
-7
-11
-13
-5
-5
-4
-4
-3
-2
-7
-3
1
-7
-7
-1
-2
0
-1
-7
-12
-5
-5
-15
-12
-4
0
-6
-9
-2
-5
-6
-5
-4
5
4
-6
2
5
-1
4
6
5
6
3
8
12
18
12
4
12
13
12
9
4
4
9
9
7
11
13
12
6
8
19
18
21
21
17
19
17
16
19
18
15
11
12
6
6
6
5
9
3
-5
-3
-7
-12
-14
-14
-10
-12
-12
-11
-17
-22
-23
-28
-27
-25
-27
-28
-29
-24
-26
-24
-20
-22
-25
-26
-17
-11
-12
-13
-10
-3
0
-1
0
0
-2
-4
0
3
5
11
18
21
14
18
18
12
15
10
10
12
14
18
15
15
18
19
21
21
19
18
16
21
20
13
18
18
9
5
9
6
1
9
6
-3
0
5
0
-5
-2
-3
-5
-3
-9
-2
-2
-6
-7
-12
-5
-10
-11
-4
-8
-11
-7
-11
-18
-17
-16
-13
-17
-18
-13
-15
-20
-14
-10
-8
-9
-7
2
1
0
4
8
6
7
15
6
-1
2
-2
-1
9
4
3
3
-3
7
9
4
4
8
8
3
11
9
2
6
10
5
4
1
-2
3
0
-4
0
3
-6
-5
0
-5
0
1
-5
-6
-9
-7
-9
-10
-9
-18
-18
-12
-15
-13
-12
-13
-16
-13
-8
-7
-7
-9
-8
-7
-5
-8
-3
-1
-5
3
4
3
15
18
13
12
21
21
14
20
17
12
27
25
25
29
24
37
33
25
32
31
23
21
20
20
23
18
20
17
9
8
7
1
-6
-5
-8
-11
-14
-18
-16
-25
-35
-36
-44
-44
-44
-48
-51
-47
-48
-55
-43
-47
-52
-50
-49
-45
-50
-49
-43
-31
-29
-31
-17
-14
-9
7
10
11
22
21
24
29
29
41
47
47
48
45
48
48
50
52
49
51
50
50
49
50
54
40
35
38
34
35
34
32
28
21
24
24
23
27
23
25
20
9
8
1
-4
0
-14
-13
-14
-20
-17
-25
-31
-39
-52
-56
-64
-74
-70
-71
-78
-89
-98
-105
-110
-97
-102
-113
-118
-129
-129
-118
-113
-116
-112
-109
-104
-101
-92
-74
-71
-61
-50
-44
-31
-13
1
15
36
54
63
81
103
129
154
175
194
202
221
250
271
287
298
313
324
320
326
332
335
332
324
313
290
272
257
231
206
179
137
90
50
7
-35
-68
-115
-165
-210
-263
-312
-344
-367
-401
-434
-465
-500
-521
-532
-526
-522
-530
-535
-530
-511
-479
-446
-411
-379
-366
-338
-304
-270
-212
-158
-122
-96
-81
-43
10
61
115
154
172
192
219
263
321
376
410
424
439
462
493
552
607
631
640
634
636
656
694
729
721
686
632
582
563
555
536
494
416
283
151
82
45
-1
-77
-202
-353
-499
-590
-610
-635
-699
-791
-882
-946
-978
-954
-890
-858
-858
-865
-866
-814
-707
-567
-453
-393
-348
-298
-206
-74
70
201
278
306
336
395
489
591
654
673
647
601
583
602
632
630
574
478
380
308
269
256
224
145
35
-81
-159
-197
-211
-217
-252
-332
-403
-441
-439
-398
-363
-358
-370
-394
-391
-338
-259
-187
-144
-129
-115
-80
-14
68
151
206
221
234
255
295
350
401
423
401
363
345
344
355
354
335
288
216
154
110
93
81
34
-37
-107
-166
-217
-230
-214
-225
-278
-337
-361
-351
-332
-319
-309
-308
-312
-299
-268
-220
-153
-97
-84
-70
-37
2
51
108
167
201
200
205
244
286
300
319
337
327
306
295
292
290
284
256
203
156
126
96
50
25
-5
-71
-123
-164
-212
-248
-299
-346
-376
-411
-435
-467
-505
-525
-541
-540
-526
-522
-532
-532
-501
-457
-418
-376
-330
-302
-257
-169
-91
-43
15
87
160
223
292
383
455
509
580
655
698
743
813
893
949
991
1022
1020
1024
1055
1088
1083
1063
1049
1006
936
865
840
813
739
665
580
400
132
-25
-33
-53
-208
-463
-697
-929
-1122
-1141
-1072
-1173
-1466
-1686
-1726
-1728
-1761
-1716
-1594
-1598
-1728
-1759
-1586
-1358
-1192
-1024
-854
-776
-760
-609
-271
48
196
238
323
468
577
687
881
1064
1070
944
889
910
901
873
863
794
563
264
117
81
-16
-186
-368
-538
-720
-889
-968
-1002
-1056
-1119
-1146
-1154
-1183
-1164
-1031
-851
-699
-555
-384
-200
-30
211
585
953
1192
1395
1637
1876
2110
2378
2678
2935
3098
3156
3112
3102
3210
3298
3276
3225
3095
2545
1744
1503
1852
1834
1080
265
-220
-814
-1472
-1475
-1124
-1604
-2852
-3559
-3439
-3474
-3890
-3832
-3352
-3544
-4421
-4693
-3965
-3259
-3106
-2919
-2453
-2364
-2690
-2367
-1116
-79
-28
-267
52
588
798
1143
2024
2697
2461
1915
2006
2552
2806
2820
3025
3051
2390
1644
1683
2208
2232
1668
1217
925
352
-214
-218
-15
-290
-951
-1471
-1868
-2371
-2551
-2231
-2114
-2549
-3061
-3311
-3359
-3165
-2695
-2344
-2485
-2677
-2496
-2169
-1765
-1170
-581
-307
-229
24
508
1075
1711
2325
2586
2633
2896
3325
3655
4000
4429
4573
4363
4270
4566
4833
4720
4563
4500
4244
3763
3479
3670
3658
2496
978
764
1346
1114
-106
-1128
-1513
-2375
-3498
-3354
-2612
-3399
-5321
-5969
-5139
-5059
-6137
-6049
-4719
-4701
-6085
-6408
-4821
-3515
-3770
-3769
-2568
-1972
-2596
-2343
-390
1201
858
193
1075
2349
2433
2250
3301
4494
4045
2871
3048
4247
4400
3577
3486
3857
3039
1635
1623
2582
2233
418
-461
-296
-1017
-2083
-2009
-1597
-2472
-3938
-4231
-3793
-3996
-4228
-3681
-3509
-4129
-4351
-3588
-2613
-2101
-1599
-1108
-962
-640
290
1360
2230
2949
3332
3462
3797
4610
5412
5837
6160
6313
6203
6075
6331
6641
6482
6208
6028
5624
5104
4667
3643
2475
2362
2678
1909
-117
-1478
-1696
-2413
-3432
-3508
-3523
-5065
-7039
-7303
-6321
-6465
-7608
-7560
-6814
-7209
-8289
-7962
-6073
-4918
-5387
-5627
-4475
-3528
-3520
-2791
-765
573
17
-434
919
2652
2951
2953
4012
4872
4416
3695
4399
5786
5769
4751
4533
4818
4285
3065
2367
2828
2568
952
196
87
-909
-2293
-2652
-2113
-2477
-3955
-4694
-4527
-4697
-4678
-4188
-3913
-4005
-4154
-3683
-2891
-2244
-1388
-559
-125
463
1305
1974
2753
3740
4586
4993
5251
5734
6295
6886
7316
7429
7262
7153
7342
7423
7182
6668
5539
4108
3893
4519
4136
2329
338
-434
-1037
-2182
-2531
-2552
-3935
-6139
-7242
-6933
-6774
-7751
-8256
-7748
-8159
-9431
-9764
-8337
-6728
-6730
-7232
-6672
-5733
-5370
-4726
-2895
-997
-898
-1618
-764
1199
2357
2569
3505
4884
4791
3895
4340
6015
6770
6194
5821
5811
4633
3224
3628
4461
4129
2658
1093
102
-836
-1142
-790
-1018
-2115
-3403
-4429
-4778
-4347
-3754
-3371
-3776
-4410
-4384
-4041
-3123
-1758
-793
-495
-440
-36
832
2052
3526
4624
4732
4762
5431
6195
6760
7503
8401
8544
8023
8030
8294
6945
5040
5701
7617
7009
3830
1606
1325
736
-425
-575
-415
-2549
-6010
-7406
-6292
-5619
-7291
-8598
-8030
-8404
-10716
-11714
-9428
-6993
-7658
-9586
-9160
-7531
-7358
-7005
-4676
-2270
-2713
-4504
-3395
-124
1438
1216
1954
3794
4087
2753
3340
6375
7827
6568
5643
6384
6553
4701
4047
6153
6635
4000
1827
1494
1200
194
105
784
-447
-3182
-4414
-3929
-3330
-3139
-3367
-4035
-4867
-5062
-4407
-3454
-2351
-1556
-1513
-1640
-1239
-33
1534
2937
3978
4007
3892
4852
6022
6995
7908
8578
8830
8555
8842
9759
8447
5744
6400
8979
8823
5539
2649
2699
2374
410
222
829
-1324
-5299
-7104
-5809
-5081
-7426
-9270
-8442
-8487
-11018
-13062
-11092
-7675
-8293
-11136
-10955
-8686
-8438
-8899
-6641
-3423
-3599
-6016
-5168
-1217
757
77
701
3141
3919
2377
2476
5992
8210
6789
5555
6579
7393
5901
4729
6637
7596
4543
2579
3211
2886
1764
1045
1043
274
-1949
-2998
-2710
-2819
-2889
-3105
-4119
-4724
-4777
-4315
-3499
-3221
-2666
-2401
-2615
-1653
-157
828
1714
2527
2886
3361
4374
5683
6684
7220
7986
8683
8820
9141
10398
10120
6959
5779
8407
10106
7953
4647
3715
3413
1292
315
1601
855
-2870
-6159
-6516
-5323
-6488
-8845
-8735
-7944
-9891
-13414
-13591
-9798
-8259
-10809
-12017
-10387
-9617
-10443
-9386
-5583
-3811
-5994
-7080
-4204
-1028
-620
-632
1683
3721
2515
1336
3890
7284
7362
6021
6522
7049
5584
4778
6745
8319
6695
4246
3168
2820
2760
2900
2805
1845
-80
-1732
-2206
-1790
-1098
-1246
-2488
-3648
-4270
-4171
-3213
-2180
-1544
-1755
-2521
-2294
-1077
370
1841
2715
2635
2406
3123
4651
6067
6940
7667
8300
8213
8445
9703
9119
6303
5982
8791
9756
6967
3905
3412
3217
1613
1192
1837
219
-3590
-6209
-5836
-5143
-6571
-7877
-7700
-8297
-11018
-13523
-12181
-8595
-8139
-10565
-11633
-10895
-10244
-9747
-7740
-4938
-4855
-6888
-6845
-4056
-1469
-705
-8
1599
1938
860
1455
4246
6550
6583
5613
5290
4610
3996
5569
7494
7024
5115
3459
2592
2572
3231
3912
3124
1057
-440
-958
-823
-247
11
-494
-1628
-2960
-3409
-2628
-1238
-255
-656
-1547
-1681
-987
196
1634
2950
3167
2526
2492
3897
5714
6389
6481
7316
8408
8956
9054
7215
4857
5818
8400
9243
7094
3859
2388
1682
1223
2093
2280
-403
-3800
-5679
-5649
-5216
-6259
-6790
-6870
-8358
-10698
-12518
-11371
-8404
-7872
-9811
-10923
-10584
-10153
-9393
-7290
-4716
-4863
-6948
-6806
-4167
-1825
-1195
-292
1419
1406
214
816
3518
5607
5714
5209
4281
3055
3684
5540
6230
5935
4748
2788
1754
2353
3431
3398
2156
1077
92
-960
-815
-90
158
-148
-1181
-2311
-2821
-1969
-334
384
-129
-906
-702
28
1133
2818
3756
3680
3471
4014
5127
6298
7273
8235
9260
9816
10097
7542
4037
5790
9909
11006
7822
3686
2276
1553
954
2366
3418
304
-4642
-7307
-6745
-5154
-6041
-7365
-7736
-9026
-11601
-14150
-12566
-8124
-7319
-10577
-12674
-11643
-10391
-9826
-7672
-4375
-4508
-7795
-8309
-4567
-882
-320
-439
706
1011
-31
645
3997
6512
6169
4696
3459
3092
4538
6105
6364
6158
4786
2560
1575
2678
4194
3725
1970
752
-94
-830
-586
245
480
-248
-1735
-2691
-2510
-1378
51
380
-535
-1399
-906
434
1809
3034
3592
3367
2921
3695
5666
7260
7799
8166
9063
10217
10524
6908
3708
7049
11280
10815
6710
3447
2807
1757
1195
3238
3897
-569
-5790
-7357
-5714
-4542
-6626
-7842
-7662
-9399
-12725
-14671
-11499
-7139
-8093
-11936
-12948
-11516
-10638
-9746
-7037
-4155
-5623
-9108
-8125
-3601
-708
-764
-360
1056
368
-814
1216
4828
6558
5932
4459
3059
2630
4575
6693
6979
6244
4250
1966
1486
3144
4725
4047
2095
546
-656
-940
269
1068
760
-156
-1643
-2739
-2537
-700
1273
1014
-601
-949
-226
930
2425
3757
4587
3657
2921
4332
6400
8186
8853
9119
10415
10360
5893
3062
7214
11997
11538
6632
3054
2232
899
1119
3739
4348
-328
-6530
-8440
-5978
-4418
-6421
-7614
-7642
-9802
-13733
-15295
-11199
-6797
-8034
-12068
-13354
-12141
-11183
-9678
-6368
-3855
-6007
-9611
-8427
-3728
-860
-420
319
855
-297
-1145
1404
5511
6991
5915
3946
2351
2762
5078
7180
7539
6015
3537
1590
1603
3715
5062
4028
2139
257
-989
-658
732
1550
974
-398
-1880
-2793
-2044
151
1788
1118
-590
-1034
-44
1673
3200
4475
4702
3471
2976
4547
7266
8988
9485
10142
10938
7789
2372
4521
11126
12996
9265
4000
1799
842
422
3077
5563
2340
-4643
-8920
-8049
-4679
-4804
-6968
-7395
-9186
-13075
-16022
-13586
-7497
-6237
-10690
-13877
-13364
-12123
-10518
-7226
-3763
-4726
-9561
-10582
-5937
-1267
284
421
425
-518
-1677
6
4464
7495
7099
4558
1926
1565
4496
7765
8400
7065
4527
1754
1148
3662
6388
5910
3062
638
-539
-417
1152
2547
2233
412
-1658
-2653
-2193
-50
2136
1747
-353
-1586
-933
974
2955
4564
4676
2992
2080
3592
6488
8783
9466
9650
10477
7935
2560
3658
9850
12833
10015
4522
1788
771
394
2770
5261
2882
-3464
-8370
-8545
-5153
-4265
-6137
-7193
-9001
-12296
-15523
-14176
-8300
-6008
-9791
-13769
-14061
-12445
-10552
-7827
-4561
-4646
-9027
-11002
-7312
-2174
221
153
-224
-995
-1925
-390
3704
6717
6643
4447
1984
1523
4284
7614
8159
6684
4811
2657
1667
3747
6602
6361
3634
1327
219
168
1665
3260
2796
684
-1209
-1887
-1514
227
2288
2083
-172
-1488
-270
1839
3260
4320
4698
3476
2501
3933
6685
9073
9676
10041
9726
4535
1554
6602
11637
11461
7189
2870
771
-444
936
4665
4667
-511
-5847
-8654
-7331
-4621
-5071
-6083
-7525
-10618
-13973
-15343
-11068
-5795
-6865
-11674
-14081
-13278
-11437
-8974
-5378
-3278
-6616
-10881
-9562
-4703
-757
498
274
-714
-2468
-2155
1426
5361
6830
5358
2420
492
1795
5645
8092
7465
5503
3035
1034
1847
5036
6772
5189
2295
275
-546
482
2892
3683
1897
-442
-1715
-1825
-321
2182
3254
1638
-943
-917
1198
3324
4915
5218
4609
3351
3399
5943
9034
10940
11603
8831
2365
1882
8084
11892
10864
6706
3392
520
-1560
1239
5458
4199
-1766
-6412
-8092
-7168
-5952
-5596
-5111
-7307
-11567
-15285
-15238
-9788
-5870
-7969
-11952
-13633
-13297
-11868
-8796
-4566
-3449
-7676
-10861
-8699
-4336
-1051
441
578
-869
-2869
-2111
1859
5543
6893
5464
1967
481
2928
5991
7514
7455
5625
3052
1289
2263
5282
6377
4882
2540
341
-299
1107
2946
3376
2031
58
-1459
-1901
86
2875
3003
1082
-348
-56
1235
2996
5016
5578
4355
3268
3894
6180
8973
10779
11754
9109
2252
1686
8227
12064
10849
6582
3112
579
-1276
1519
5667
4089
-1885
-6810
-8373
-6589
-5357
-5632
-5235
-7330
-11761
-15313
-14826
-9122
-5473
-8108
-12342
-13967
-13259
-11418
-8229
-4317
-3713
-8276
-11431
-8782
-3805
-510
320
46
-1483
-3331
-2196
1964
5818
6859
4638
1134
115
2935
6544
7736
6970
5028
2204
911
2854
6056
6604
4299
1906
232
-126
1574
3593
3475
1594
-249
-1605
-1762
484
3221
3192
758
-743
21
1630
3584
5029
5249
4134
2831
3973
6712
9262
10669
11070
7989
1704
2274
8678
11831
10065
5849
2665
-295
-1389
2259
5799
3309
-2833
-7035
-8452
-6826
-5056
-4975
-5482
-8303
-12347
-15280
-13953
-8338
-5398
-8256
-12473
-13782
-12894
-10660
-7065
-3806
-4211
-8645
-10938
-8106
-3383
-108
691
-125
-2186
-3420
-1311
2857
6011
6218
3923
824
-200
3088
7331
8045
6202
4097
1826
1053
3634
6711
6525
3688
1393
456
495
2301
4231
3664
1204
-581
-987
-599
1428
3616
3133
722
-819
368
2807
4412
5424
5104
3417
3121
4682
7261
9833
10357
10381
7368
1081
2507
9595
11895
9238
4840
1774
-572
-1590
2405
6256
2475
-4343
-7814
-8408
-6580
-5283
-5312
-5808
-9194
-13130
-15199
-13719
-8179
-5415
-8931
-13201
-14163
-12806
-10130
-6735
-3857
-4849
-9391
-10869
-7381
-2517
227
434
-523
-2422
-2957
-184
3603
6123
6098
3317
1034
1068
3504
7402
8139
5662
3769
2284
1694
3679
6226
6340
3712
871
110
837
2636
4090
2882
783
-414
-951
-126
1854
3388
2702
316
-267
1638
3393
4529
5405
4987
4103
3888
5549
8979
10655
11589
9098
2098
2104
8173
11259
10085
6209
3177
338
-1693
1279
5224
2859
-2791
-6561
-8248
-7035
-6217
-6142
-5709
-8419
-12121
-14785
-14459
-9536
-6221
-8289
-12167
-14039
-13141
-10507
-7502
-4689
-4621
-8375
-10360
-7844
-3511
-261
306
-608
-1969
-2773
-904
2644
5401
6323
4321
924
513
3721
6780
7508
6500
4382
2201
1906
4027
6234
6012
4014
2035
474
554
2751
4114
2924
1029
117
-628
-712
1512
3398
2552
437
-468
745
2613
4153
4979
4747
3506
3424
5099
6837
9332
10375
10580
8897
2281
1975
8913
11807
10082
5949
2478
295
-1131
1736
5831
3237
-3366
-7029
-8198
-6681
-5187
-5696
-5816
-8764
-12750
-14363
-13696
-9268
-5978
-8333
-12649
-14432
-13104
-10078
-7128
-4964
-5067
-8854
-11023
-7959
-3074
-118
-195
-1280
-2690
-3447
-1029
2871
5131
5009
3029
767
398
3426
7367
7565
5225
3603
2321
2120
4313
6814
6313
3329
1446
1281
1623
3151
4602
3294
717
-216
283
880
1985
3421
2888
351
-488
1531
3685
4546
4571
4452
3373
3150
5427
7647
9403
9747
9896
7190
858
3145
10444
11535
8020
4009
2015
-305
-1036
2917
5496
859
-5600
-7399
-7620
-6607
-5476
-5660
-6675
-10498
-13304
-13855
-12530
-8212
-6218
-9498
-13649
-14166
-11601
-8409
-6125
-4918
-6054
-9498
-9834
-5820
-1471
356
-268
-1623
-2964
-2382
780
3780
4989
4538
2733
813
1106
4680
7846
6929
4602
3259
2375
2821
5095
6836
5541
2847
1532
1291
1972
3869
4471
2529
411
6
683
1190
2384
3551
2207
-117
-25
2108
3985
4830
4419
3762
3439
3897
5754
8057
9753
10165
9860
5544
908
5358
11279
11076
7306
3684
1983
-569
-399
4393
5364
-759
-6564
-7737
-7046
-6027
-5916
-5972
-7678
-11908
-13950
-14092
-12008
-7927
-7456
-11165
-14514
-14431
-11570
-8332
-6232
-5563
-7660
-10679
-9488
-4963
-1134
132
-903
-2571
-3181
-1465
1620
4130
5202
4336
2209
823
2222
6183
8320
6717
4573
3180
2534
3838
6576
7513
5109
2445
1751
1864
2870
4753
4623
2001
53
357
1200
1578
2789
3594
1563
-657
310
2842
4393
4488
4224
3410
2530
4138
6930
8879
9511
10157
7992
1135
1551
9280
12071
8775
4418
2721
403
-1532
2288
6327
2794
-4417
-7348
-7412
-6553
-5430
-5103
-5959
-9954
-13245
-14077
-13248
-9242
-6350
-8746
-13482
-15199
-12960
-9387
-6761
-5441
-6297
-9743
-10927
-7478
-2736
-34
-251
-2086
-3805
-3038
248
3334
4879
4697
2703
449
813
4678
8222
7515
4938
3479
2733
3169
5559
7679
6403
3281
1983
2200
2756
4492
5527
3496
798
285
1453
2297
2876
3777
2959
354
78
2741
4634
4883
4511
3704
3120
4053
6239
8584
9407
9583
9673
3772
-171
6569
11881
10217
5474
2494
1484
-1348
-112
5306
4776
-2524
-7369
-7539
-6609
-5706
-5724
-5592
-8351
-12919
-13988
-13551
-10902
-7114
-7514
-11895
-15349
-14336
-10354
-7161
-5996
-5956
-8573
-11112
-8847
-4169
-595
-151
-1964
-3632
-3656
-809
2547
4038
4212
3021
896
302
3032
7081
7727
5029
3469
3116
2914
4553
6938
6772
3935
1928
2138
2683
3928
5367
4112
1389
443
1382
2393
2805
3490
3504
1222
71
2119
4287
5248
4764
4067
3402
3236
5421
8137
9596
9528
9667
5946
-17
3902
11155
11452
6704
2609
1799
-475
-803
3878
5705
-97
-6807
-7833
-6732
-5678
-5304
-5383
-7165
-11787
-13920
-13533
-11485
-7733
-6871
-10330
-14523
-14832
-11344
-7429
-5620
-5839
-7518
-10535
-10266
-5346
-1085
96
-1293
-3694
-4393
-2285
1526
4150
4328
3230
1088
-424
1591
6171
8376
6170
3338
2605
2814
3928
6804
7872
5038
2129
1685
2754
4093
5656
5474
2552
365
835
2500
3533
4106
3879
1886
20
797
3811
5686
5273
4011
2908
2771
4294
6878
8961
8994
7907
8646
5501
554
5348
11540
10249
5120
1691
1838
-42
-413
4299
4981
-1997
-7960
-7602
-5688
-5150
-5785
-6107
-8318
-12971
-13536
-11908
-10454
-8097
-8129
-11206
-14570
-14284
-9956
-6211
-5998
-7051
-8428
-10345
-8697
-4294
-946
-148
-2510
-4431
-3780
-1003
2469
3683
3337
2423
616
57
2381
6401
7810
4722
2246
2503
2814
4117
6740
6871
3552
963
1685
3250
4107
5183
4627
1606
-85
1292
3271
3829
3761
3533
1815
138
1808
5124
6109
5162
4149
3562
3687
5132
7839
9668
9063
8780
9074
4199
1082
7775
12625
9336
3896
1925
1872
-534
753
5460
3610
-4179
-8394
-6955
-5491
-5654
-6020
-6295
-9683
-13945
-13462
-11787
-10065
-7909
-8701
-12289
-15278
-13780
-8840
-5756
-6253
-7628
-9137
-10186
-7746
-3256
-346
-410
-2897
-4441
-3123
100
3264
4143
3433
2191
858
959
3098
6848
7729
4300
2293
2671
3218
4521
6458
6212
3107
1092
1766
2876
3896
4817
3615
964
-186
1168
2953
2949
2956
2924
1127
-25
1896
4732
5431
4677
3909
3492
3640
5445
7890
9052
8983
8814
9527
5471
1525
7352
12359
9691
4691
2834
2837
221
780
5233
4246
-3348
-7557
-5776
-5018
-5826
-6093
-5915
-9055
-13627
-12942
-11331
-10708
-8863
-8900
-11893
-14930
-14073
-9620
-6517
-7042
-8365
-9417
-10188
-8050
-4245
-1648
-1213
-3121
-4619
-3498
-311
2674
3447
3144
2340
956
1060
3688
6693
6733
4426
3187
3318
3759
5129
6682
5656
2971
2220
3190
3436
3523
4355
3738
1325
158
1645
2944
2390
2333
2202
905
546
1791
3671
4511
3925
3247
3081
3667
5317
7116
7524
7447
7848
9305
8998
3892
3344
9134
10523
7207
4028
3342
2422
234
1994
4621
1138
-4969
-6099
-4514
-4884
-6224
-6588
-6778
-10244
-12606
-11085
-10570
-10338
-9371
-9639
-12161
-14203
-11994
-7881
-6753
-8378
-8910
-8784
-8529
-6523
-3683
-1819
-2357
-3904
-4052
-2118
1028
2531
2203
2321
2099
991
1640
4665
6937
5705
3328
3317
4002
4342
5899
6939
4973
2484
2803
4056
4060
4298
4732
3006
708
1227
2978
3145
2390
2104
1753
906
786
2132
3843
3838
2702
2387
2723
3658
5183
6475
6359
6050
6860
8258
8969
5126
2674
7066
9490
7412
4629
3581
2892
316
1025
4299
2316
-3882
-5694
-3802
-4446
-6456
-6827
-5853
-8353
-11822
-10766
-10115
-10766
-9947
-9045
-10336
-12882
-12441
-9096
-7089
-8045
-8515
-8186
-8325
-6827
-4851
-3159
-2303
-3318
-3879
-2477
208
1536
1268
1741
2209
1708
1550
3340
5681
5323
3615
3792
4454
4163
4882
6238
5380
3385
3432
4351
3998
3862
4576
3844
1955
1917
3092
2958
2253
2370
2405
1638
1164
2137
3487
3426
2944
3042
3090
3317
4304
5578
6353
6431
6859
8621
6469
1469
4041
9351
8803
5261
3057
2976
917
-319
3612
4797
-1150
-5965
-4920
-3703
-5079
-5983
-4894
-6175
-10891
-11683
-9621
-9359
-9145
-8534
-9052
-11663
-13187
-10281
-6481
-6275
-7895
-8448
-8376
-7868
-5997
-2797
-1558
-3172
-4272
-3799
-1840
764
2222
2075
1353
810
615
1961
4813
6225
4489
2747
3121
3775
4596
6071
6265
4143
2488
3343
4345
4334
4561
4283
2724
1536
1973
2824
2975
2865
2407
1320
619
1499
2717
3142
3347
2751
2082
2453
3679
5069
5676
5389
5257
6253
7173
8411
6571
2319
4749
8629
7539
4660
3029
3287
1274
94
2880
2939
-2185
-5311
-3681
-3650
-5594
-6312
-5332
-6594
-10801
-10711
-8906
-9591
-9757
-8815
-8897
-11442
-12578
-9671
-6490
-6947
-8730
-8485
-7887
-7083
-5584
-3643
-2193
-3030
-4292
-3682
-904
1510
1373
1171
1583
1179
996
2627
5298
5853
3823
2950
3903
4207
4847
6220
5923
3846
2798
4009
4542
4097
4700
4525
2478
1199
2279
3375
2828
2370
2359
1292
336
1346
2977
3341
2953
2693
2008
2104
3695
5079
5436
5006
5562
6902
7979
6112
1949
3904
8273
7701
4846
3108
3218
993
-414
3238
4171
-1303
-5601
-3910
-2719
-4911
-5913
-4610
-5654
-10285
-11020
-8481
-8398
-9164
-8820
-8530
-10621
-12483
-10095
-6234
-5975
-8441
-9136
-8019
-7006
-5859
-3676
-2157
-3333
-4951
-3956
-1099
593
994
1245
1161
612
519
2471
5008
5447
3752
2654
3585
4141
4757
6480
6215
3665
2408
3849
5124
4782
4636
4159
2413
1453
2639
3809
3364
2392
1706
1207
594
1527
3476
3328
2273
1941
2111
2579
3753
5301
5526
4265
3792
5866
7444
8866
7791
2120
2549
6985
7573
5998
3981
3329
456
-1610
2115
3927
-539
-4406
-3466
-3826
-6440
-6806
-4429
-4467
-9545
-11015
-9109
-9727
-9899
-8277
-7379
-9971
-12986
-11248
-7263
-6418
-7777
-8080
-7769
-7417
-6847
-4450
-1933
-2577
-3793
-3603
-2157
-396
710
1843
2285
1526
853
1564
3705
5369
4947
4138
4125
3470
3681
5673
6421
5004
3546
3610
3949
3824
4364
4396
2993
1965
2036
2213
2040
1988
2037
1139
127
662
1425
1397
1509
1940
1694
1065
2003
3772
4112
3159
3396
4574
5114
6230
7677
8648
4644
-77
4596
9296
7534
4474
3436
3088
-477
-273
4997
4824
-1729
-5023
-2867
-3315
-5585
-4552
-2153
-5057
-11195
-10793
-7901
-8011
-8443
-7806
-7988
-11568
-13413
-9651
-5702
-6143
-8293
-8916
-8739
-7859
-5801
-2915
-2029
-3892
-4943
-3930
-1648
478
1781
2256
1269
166
756
2928
5479
6087
4441
3322
3188
3608
5353
7110
6515
3731
2229
3161
4327
4982
4940
3696
1699
708
1603
2829
2931
2200
1069
-30
-212
749
2163
2534
1845
1102
735
1068
2493
4207
4195
3462
2987
3888
5832
6914
7973
4502
671
4400
7636
6593
4496
3766
2914
-268
374
4494
3542
-2075
-3435
-1613
-3357
-5640
-4473
-1960
-4998
-10187
-9092
-7219
-8005
-8271
-7264
-7424
-10561
-11943
-8741
-5579
-6358
-8033
-8058
-7487
-6799
-5883
-3355
-2106
-3801
-4457
-3287
-1243
186
818
1727
1265
27
883
3291
5160
4999
3500
3385
3665
3587
5047
6319
5276
3421
2960
3482
3720
4226
4670
3152
1064
1153
2069
2229
2086
2113
1247
-691
-690
1259
1846
984
733
625
86
518
2464
3610
2718
2218
2453
3114
4047
5537
6969
6957
6326
2444
1132
6583
9092
6883
3938
3256
2048
-599
2397
6516
3313
-3367
-4194
-1852
-3286
-4442
-2699
-2195
-7454
-11850
-8987
-6433
-7297
-8136
-7861
-9177
-12317
-11869
-7559
-4912
-6761
-9075
-9115
-8206
-6654
-4504
-2105
-2465
-5008
-5169
-2745
42
1395
1851
1646
327
139
2146
4924
6198
4573
2937
3561
4201
4858
6154
6066
4319
2751
3228
4238
4061
4364
4270
2041
365
1238
2564
2421
1548
1067
-115
-1467
-474
1534
1538
-85
-679
-441
-325
734
2436
3029
1844
1210
2191
3363
4353
5696
6494
6368
6227
3122
1791
7000
9699
7102
3977
3541
3071
716
3137
7151
3704
-3454
-3928
-428
-1719
-3988
-2777
-2006
-6993
-11406
-8045
-5301
-7046
-8461
-8133
-8954
-11840
-11305
-6818
-4939
-7567
-9490
-8848
-7733
-6133
-4204
-2574
-3329
-5395
-4825
-2229
154
997
832
695
195
291
2097
4414
5424
4222
2533
3048
4386
4973
5469
5439
4193
2648
3359
4897
4360
3607
3353
2282
1032
1309
2498
2275
937
166
-196
-851
-511
629
558
-533
-1270
-861
-354
201
1575
1973
1008
686
1806
3099
3791
4390
5061
5040
5481
6947
4485
2305
6367
8643
6283
3863
4045
4039
1365
2345
5810
3287
-2700
-3094
-31
-1111
-4050
-3745
-2184
-5839
-10087
-7552
-5084
-6785
-8513
-7879
-7623
-10098
-10368
-6769
-4933
-7049
-8611
-7436
-6250
-5516
-4173
-2732
-3197
-4684
-3816
-1533
-46
259
282
734
718
650
1665
3511
4597
3629
2147
2737
4124
4389
4869
4939
3564
2320
2825
4314
4309
3349
2553
1549
1082
1451
1826
1645
848
-173
-854
-951
-314
199
-356
-881
-898
-1217
-785
418
922
1052
756
805
1688
2580
3560
3933
3959
4101
4758
5944
7509
7238
3199
3047
7050
7583
5608
4428
4830
2607
112
3085
5203
1223
-3008
-1581
-524
-3813
-5086
-2564
-2476
-7474
-9329
-6261
-6074
-8160
-7681
-5983
-7708
-10542
-8956
-5461
-5175
-7134
-7017
-5957
-6234
-5565
-3343
-1898
-2991
-4015
-2611
-1014
-369
80
910
1255
564
467
1721
3342
3784
2858
2474
2974
3075
3511
4455
4217
2674
1877
2994
3640
2912
2639
2299
1143
533
1011
1486
1081
96
-319
-547
-820
-310
148
-114
-711
-881
-606
-276
371
1237
1632
1026
906
2033
3090
3524
3900
4235
4259
4762
6029
7592
5885
2521
4518
7521
6471
4573
4749
4836
1647
782
4331
4402
-605
-2528
79
-730
-4312
-4026
-1356
-3352
-8119
-7526
-4919
-6186
-7840
-6561
-5697
-8361
-9940
-7081
-4713
-6080
-7339
-6392
-5831
-5866
-4922
-3127
-2672
-3877
-3727
-2318
-1376
-919
-454
113
124
-39
183
1047
2438
2845
1988
1722
2441
2810
3022
3778
3630
1886
1477
3035
3539
2865
2382
1746
863
889
1744
1883
941
88
-28
-292
-289
325
395
-148
-691
-649
-216
65
539
1155
1066
611
989
2158
3058
3259
3487
3684
3554
4293
5727
6719
6974
4834
2794
4995
7402
6726
5257
4789
3870
1426
1791
5099
4489
-204
-1842
-237
-1132
-3426
-2646
-910
-3714
-7884
-6967
-4762
-5793
-6904
-5985
-6155
-8748
-9577
-6705
-4655
-5884
-7128
-6845
-6565
-6358
-4935
-2950
-3093
-4723
-4687
-3233
-1980
-1214
-768
-627
-1117
-1272
-321
881
2011
2361
1398
904
1622
2688
3549
3555
3100
2188
1575
2739
3992
3877
2902
1955
1539
1553
2132
2617
2194
1115
124
-188
331
969
932
367
-521
-1043
-778
-146
782
970
138
-267
72
1021
2104
2759
2830
2194
2088
3037
4129
5062
5555
5597
5546
4498
3390
5138
7359
6445
4561
4174
3696
2115
2543
5024
4134
-286
-1880
-151
-381
-2286
-2097
-1409
-4180
-7359
-6237
-4212
-5117
-6687
-6498
-6578
-8374
-8760
-6362
-4941
-6437
-7773
-7446
-6795
-6244
-5039
-3634
-4232
-5730
-5284
-3471
-2156
-1819
-1589
-1375
-1699
-1470
-85
1160
1473
1433
1421
1532
2039
2729
3474
3772
3298
2834
2820
3381
3979
3992
3534
2815
2305
2462
2929
2829
2328
1767
1097
812
1103
1358
999
379
-40
-59
96
163
570
797
361
45
447
1256
1676
1916
2328
2403
2151
2584
3774
4427
4462
4607
5327
5194
3381
3743
6235
6406
4577
3840
4161
2676
1336
3413
4620
1317
-1799
-821
-90
-2045
-2827
-1751
-2750
-6151
-6906
-4810
-4660
-6356
-6631
-6080
-7357
-8731
-7398
-5378
-5751
-7274
-7207
-6547
-6453
-5677
-4106
-3648
-4893
-5222
-3834
-2601
-1993
-1547
-1228
-1396
-1379
-427
600
1270
1701
1449
1254
1934
2499
2930
3525
3416
2772
2523
3054
3713
3683
3203
2810
2470
2269
2568
2838
2436
1734
1298
1120
1068
1146
1202
956
409
-7
32
332
587
816
717
259
260
929
1559
1777
1974
2080
2061
2460
3152
3690
3864
4112
4347
4709
5199
4236
3436
4599
5500
4743
3703
3748
3121
1531
1834
3219
2026
-959
-1428
-409
-1530
-3170
-2778
-2477
-4671
-6349
-5473
-4997
-6116
-6720
-6145
-6477
-7771
-7690
-6310
-5748
-6488
-6773
-6157
-5878
-5700
-4685
-3657
-3963
-4476
-3568
-2321
-1924
-1534
-816
-682
-868
-289
817
1405
1552
1757
1907
2090
2416
3038
3605
3518
3134
2929
3200
3655
3770
3643
3262
2687
2408
2637
2892
2702
2069
1495
1247
1097
1126
1273
1033
312
-163
-146
-101
44
169
-28
-298
-389
-104
462
777
778
837
931
1133
1700
2354
2649
2564
2486
2852
3422
3828
4508
4766
3416
2318
3368
4637
4227
3446
3170
1981
544
1211
2663
1668
-921
-1687
-1296
-2263
-3180
-2411
-2292
-4509
-6250
-5602
-4896
-5577
-5827
-5300
-6034
-7454
-7215
-5550
-4745
-5449
-5787
-5398
-5479
-5182
-3740
-2675
-3136
-3865
-3307
-2201
-1576
-971
-247
-257
-746
-403
643
1570
2003
2029
2055
2073
2343
3050
3766
4015
3507
2787
2891
3686
3977
3791
3522
2905
2234
2098
2722
3023
2217
1377
976
619
462
795
1009
340
-597
-904
-645
-320
-104
-60
-479
-934
-926
-415
395
742
528
326
536
885
1278
2114
2602
2319
2020
2347
3104
3502
3878
4324
3748
2470
2325
3405
3994
3622
3087
2369
1060
368
1233
1917
738
-1057
-1789
-2097
-2606
-2579
-2191
-2875
-4612
-5609
-5294
-4774
-4752
-4878
-5148
-5976
-6632
-6115
-4929
-4382
-4700
-5069
-5134
-4847
-4077
-3003
-2413
-2779
-3107
-2700
-1900
-964
-200
35
-269
-332
286
1127
1890
2276
2088
1823
2090
2606
3087
3542
3425
2802
2439
2615
3132
3380
3145
2670
1944
1499
1713
2091
2020
1373
701
238
150
521
735
415
-183
-656
-763
-380
23
-24
-198
-446
-721
-527
136
675
711
503
449
485
813
1648
2198
2041
1642
1663
2106
2456
2977
3355
3077
2876
3116
3196
2955
2932
3083
2966
2526
2210
2081
1595
1126
1003
755
43
-749
-1015
-1330
-1932
-2319
-2617
-3143
-3785
-4051
-4071
-4304
-4640
-4706
-4655
-4889
-5014
-4735
-4507
-4539
-4505
-4254
-4029
-3826
-3405
-3036
-2862
-2600
-2328
-1990
-1517
-1153
-1044
-930
-420
47
56
222
847
1052
802
1165
1755
1722
1650
2086
2315
1926
1802
2228
2364
2149
2137
2133
1808
1611
1836
1906
1595
1289
1124
948
726
722
856
731
353
65
84
185
147
128
145
31
-189
-170
223
521
421
195
307
616
714
992
1483
1564
1217
1226
1974
2482
2389
2409
2590
2538
2630
3215
3394
2916
2546
2612
2768
2647
2586
2397
1660
1007
992
1026
570
69
-309
-916
-1610
-1794
-1701
-2141
-2858
-3271
-3567
-3897
-3994
-3827
-3856
-4365
-4746
-4563
-4373
-4291
-4022
-3901
-4115
-4256
-3926
-3287
-2902
-2812
-2674
-2532
-2424
-2022
-1347
-890
-791
-768
-539
-151
235
705
1134
1229
1074
1153
1684
2172
2233
2190
2302
2208
1941
2210
2777
2614
1988
1825
1924
1729
1587
1856
1772
997
539
796
920
618
418
304
-44
-324
-156
55
-53
-246
-333
-327
-372
-248
90
252
255
206
267
574
900
1114
1324
1406
1383
1658
2056
2339
2515
2490
2510
2616
2880
3250
3315
3088
2711
2577
2733
2733
2643
2460
1955
1280
925
954
821
305
-279
-773
-1415
-1920
-1873
-1874
-2521
-3296
-3566
-3769
-4148
-4154
-3927
-4129
-4690
-4896
-4643
-4449
-4387
-4254
-4118
-4242
-4287
-3786
-3168
-2878
-2905
-2826
-2484
-2187
-1776
-1202
-803
-716
-716
-441
77
575
949
1144
1170
1230
1443
1852
2319
2436
2244
2062
2036
2170
2444
2677
2524
2125
1859
1764
1777
1917
1941
1564
1038
828
923
883
806
812
487
-15
-160
86
221
91
40
-73
-398
-459
-62
203
109
82
72
102
431
838
1018
955
1000
1198
1413
1725
1986
2069
2023
2093
2335
2567
2728
2799
2826
2677
2449
2399
2514
2563
2291
1994
1698
1195
913
931
817
275
-403
-756
-1091
-1553
-1710
-1770
-2360
-3146
-3428
-3426
-3591
-3857
-3979
-4198
-4585
-4684
-4487
-4297
-4277
-4366
-4395
-4218
-3973
-3805
-3438
-3060
-2945
-2821
-2473
-1985
-1572
-1214
-878
-629
-437
-97
397
761
1049
1334
1503
1659
1925
2230
2412
2492
2554
2583
2592
2589
2578
2634
2623
2365
2191
2153
1906
1642
1571
1480
1156
756
607
559
389
164
18
-153
-461
-519
-322
-357
-542
-595
-574
-575
-485
-222
-66
-123
-54
148
308
504
793
988
1040
1158
1389
1635
1782
1947
2113
2108
2169
2351
2487
2536
2539
2525
2476
2400
2281
2153
2000
1848
1667
1350
1079
873
498
91
-77
-337
-965
-1416
-1446
-1730
-2392
-2681
-2662
-2985
-3503
-3637
-3578
-3880
-4130
-3927
-3805
-4090
-4213
-3853
-3612
-3668
-3532
-3183
-3015
-2968
-2664
-2184
-1903
-1780
-1505
-1133
-913
-727
-355
10
191
342
577
838
1023
1223
1473
1609
1644
1710
1848
1976
2063
2063
1992
1978
1949
1838
1777
1779
1697
1492
1350
1310
1172
971
870
787
548
302
288
281
105
-55
-133
-214
-321
-308
-223
-259
-339
-333
-301
-275
-129
23
5
12
185
344
415
565
746
782
765
978
1276
1306
1296
1469
1557
1523
1682
1964
1994
1821
1837
1997
1976
1947
2033
1918
1625
1519
1708
1720
1315
986
846
617
457
431
180
-359
-805
-966
-1092
-1360
-1617
-1879
-2335
-2700
-2702
-2717
-2979
-3212
-3281
-3385
-3533
-3440
-3222
-3230
-3298
-3205
-3009
-2826
-2677
-2413
-2138
-2020
-1867
-1548
-1224
-977
-768
-582
-355
-153
18
298
561
710
802
941
1059
1078
1194
1366
1476
1450
1379
1385
1367
1350
1350
1337
1226
1004
863
830
794
706
595
404
156
9
-24
-39
-126
-305
-461
-509
-495
-436
-374
-384
-412
-400
-313
-161
-22
93
229
342
424
592
840
1026
1177
1357
1448
1495
1699
1950
2070
2116
2182
2245
2236
2283
2462
2528
2412
2280
2215
2157
2086
2130
2117
1862
1510
1286
1248
1201
1076
783
349
46
-116
-213
-331
-560
-955
-1421
-1659
-1678
-1727
-1931
-2279
-2643
-2838
-2859
-2809
-2745
-2857
-3146
-3325
-3282
-3087
-2887
-2787
-2804
-2900
-2845
-2603
-2320
-2025
-1850
-1891
-1917
-1663
-1284
-1013
-820
-667
-636
-637
-411
-30
226
296
302
325
380
583
846
919
908
898
869
919
1060
1181
1157
1059
1002
998
1027
1076
1108
1044
917
810
808
888
890
798
727
702
631
623
721
728
617
518
561
613
601
695
770
688
606
680
812
858
874
903
922
888
915
1066
1154
1156
1137
1119
1105
1118
1221
1345
1322
1216
1170
1134
1143
1214
1214
1125
989
924
940
882
785
701
602
463
313
201
95
-40
-212
-414
-600
-751
-957
-1186
-1341
-1485
-1683
-1896
-2057
-2202
-2412
-2560
-2572
-2641
-2811
-2924
-2907
-2842
-2840
-2821
-2752
-2734
-2684
-2496
-2284
-2148
-2016
-1848
-1655
-1451
-1216
-978
-798
-600
-365
-135
69
255
458
649
829
1006
1165
1286
1383
1501
1627
1731
1764
1781
1837
1821
1792
1840
1860
1773
1634
1575
1545
1457
1363
1280
1147
956
833
784
676
526
431
328
178
81
29
-25
-81
-153
-240
-301
-283
-275
-302
-279
-249
-259
-243
-109
20
51
80
151
216
261
396
540
629
677
680
735
804
873
966
1013
987
927
884
882
961
1000
873
714
663
662
608
542
491
329
108
31
79
7
-278
-499
-552
-657
-824
-889
-916
-1153
-1431
-1459
-1419
-1521
-1659
-1719
-1812
-1939
-1935
-1797
-1739
-1820
-1847
-1805
-1770
-1621
-1415
-1312
-1274
-1238
-1130
-917
-711
-583
-469
-368
-298
-170
43
251
336
339
413
512
577
676
788
845
818
783
839
941
989
959
935
921
860
828
871
900
774
612
583
578
548
522
477
352
180
139
190
156
64
0
-84
-189
-186
-94
-89
-186
-218
-217
-257
-211
-64
-5
-89
-118
-29
45
89
189
282
248
216
337
474
509
548
599
578
608
749
843
831
834
876
867
895
1007
1056
1019
972
975
987
963
983
985
877
778
738
679
613
553
431
274
153
64
-46
-172
-292
-469
-677
-790
-821
-905
-1038
-1140
-1279
-1464
-1544
-1456
-1407
-1526
-1636
-1666
-1700
-1669
-1496
-1358
-1420
-1531
-1492
-1312
-1138
-1011
-903
-903
-964
-867
-622
-426
-354
-306
-266
-276
-161
100
238
220
227
270
272
334
516
635
561
461
473
499
524
611
659
541
405
389
416
448
446
384
275
169
156
223
254
228
164
47
20
99
151
145
89
55
53
91
174
224
244
209
195
259
322
370
411
442
423
401
464
552
609
611
569
551
598
673
710
697
676
669
668
712
772
743
660
642
656
632
608
624
587
473
425
453
448
383
334
282
178
103
117
158
77
-52
-89
-142
-216
-215
-186
-252
-406
-474
-442
-453
-509
-538
-592
-706
-774
-744
-714
-773
-852
-890
-915
-924
-906
-886
-902
-968
-1005
-973
-934
-893
-882
-910
-911
-892
-840
-740
-696
-702
-692
-660
-602
-531
-459
-405
-388
-376
-306
-204
-141
-79
-27
-3
33
115
205
235
263
301
317
346
410
467
459
430
441
484
513
521
517
482
424
402
447
476
424
369
333
304
291
314
346
314
234
181
201
247
271
267
245
207
175
240
343
383
354
332
386
430
457
536
608
569
511
589
713
739
705
724
746
701
703
785
836
770
667
674
692
628
598
607
545
419
349
375
381
294
191
99
2
-60
-96
-135
-199
-322
-444
-526
-587
-614
-645
-736
-840
-902
-957
-996
-994
-1006
-1070
-1142
-1159
-1136
-1108
-1091
-1067
-1059
-1082
-1072
-1004
-919
-865
-823
-802
-786
-726
-667
-597
-515
-461
-460
-451
-364
-274
-236
-178
-98
-104
-140
-72
46
83
64
97
151
156
176
255
300
264
262
326
365
369
377
385
371
365
412
442
424
418
440
435
419
452
464
444
445
463
445
426
456
469
462
466
464
437
417
459
482
450
442
449
432
408
425
454
431
392
404
430
404
396
431
414
369
363
376
375
350
354
373
346
320
347
348
296
266
278
285
248
220
231
194
108
70
94
78
-2
-53
-77
-132
-189
-205
-238
-335
-422
-455
-464
-481
-542
-596
-623
-665
-705
-712
-713
-742
-780
-790
-775
-782
-782
-755
-745
-760
-762
-714
-683
-654
-591
-579
-591
-569
-504
-443
-431
-393
-338
-315
-297
-250
-188
-150
-133
-96
-55
-42
-20
29
84
100
81
103
138
140
152
194
205
174
172
207
208
184
199
221
203
188
222
255
234
229
260
273
252
256
303
330
321
328
359
359
337
374
440
445
427
448
473
454
447
505
534
491
475
504
508
493
505
519
482
417
411
447
442
410
383
361
323
281
273
262
221
173
150
126
74
47
32
2
-44
-110
-139
-136
-154
-189
-213
-229
-275
-313
-287
-277
-326
-355
-333
-348
-412
-407
-362
-380
-432
-419
-384
-431
-477
-456
-447
-497
-509
-462
-456
-510
-528
-476
-464
-510
-508
-467
-477
-501
-452
-381
-365
-381
-363
-328
-319
-298
-252
-217
-216
-201
-154
-117
-82
-44
-33
-31
-10
25
65
108
138
164
167
175
216
257
285
285
281
305
337
346
367
403
389
357
358
378
382
361
358
377
371
350
352
360
331
289
288
322
323
299
296
299
274
245
281
317
274
242
268
286
265
264
279
247
197
198
239
239
219
220
202
169
140
140
153
125
89
61
42
37
39
20
-28
-76
-120
-121
-99
-107
-143
-196
-241
-272
-268
-239
-259
-321
-351
-359
-360
-352
-343
-353
-396
-428
-405
-362
-363
-378
-371
-375
-388
-364
-303
-267
-263
-248
-225
-218
-211
-173
-131
-114
-105
-84
-62
-47
-17
5
-10
-31
-20
-4
14
37
44
24
-6
-15
-8
-11
-16
-19
-32
-49
-32
-14
-21
-13
-16
-44
-65
-46
-8
3
1
1
-9
3
44
63
51
32
38
49
46
82
129
124
119
160
173
145
132
165
188
184
224
284
305
286
280
295
276
251
273
321
336
320
326
347
325
274
257
263
234
207
237
269
246
198
185
160
101
71
89
91
42
4
15
12
-20
-21
-13
-64
-130
-144
-123
-137
-175
-169
-165
-209
-224
-186
-164
-218
-265
-248
-245
-260
-235
-200
-205
-252
-264
-237
-237
-235
-201
-172
-173
-175
-141
-121
-152
-181
-193
-187
-167
-114
-38
-3
-23
-31
-22
-46
-80
-69
-59
-77
-55
9
50
50
36
29
1
-45
-54
-37
-36
-47
-54
-43
-35
-29
-7
7
2
-29
-51
-43
-42
-48
-44
-25
-2
12
47
96
106
98
108
115
105
109
144
162
170
206
241
244
248
273
285
259
253
274
261
233
227
239
234
219
245
271
237
191
185
177
123
75
76
68
33
26
63
82
53
16
-18
-67
-130
-151
-115
-102
-132
-140
-118
-115
-133
-149
-167
-191
-226
-223
-174
-148
-146
-138
-130
-145
-155
-125
-95
-100
-106
-87
-75
-80
-66
-48
-51
-61
-66
-49
-44
-42
-12
1
-21
-43
-48
-49
-49
-49
-29
-18
-26
-11
3
-7
-37
-56
-64
-70
-56
-25
-4
-9
-3
5
-7
-24
-38
-38
-32
-29
-27
-13
16
31
45
65
64
29
6
24
32
32
54
97
128
125
126
128
90
40
29
57
80
99
153
189
155
103
73
35
-15
-35
-9
19
39
85
132
117
56
11
-23
-56
-55
-13
19
25
18
17
23
32
45
55
66
60
35
21
5
-25
-50
-47
-17
15
53
103
119
83
32
-6
-48
-94
-102
-72
-53
-37
7
62
74
51
39
16
-24
-63
-85
-95
-114
-111
-61
4
42
55
70
59
5
-53
-94
-137
-178
-155
-84
-30
7
39
41
-1
-18
-23
-58
-103
-133
-120
-105
-94
-63
-38
-41
-51
-34
-22
-37
-68
-102
-139
-172
-171
-138
-103
-98
-85
-69
-68
-68
-75
-87
-104
-126
-123
-99
-74
-44
-16
5
14
16
37
61
63
53
56
77
92
117
148
172
177
170
185
181
152
138
144
152
156
185
228
231
195
168
138
74
27
39
69
69
71
114
122
82
55
32
-17
-75
-84
-67
-66
-59
-34
-12
-16
-24
-32
-49
-68
-77
-74
-69
-73
-69
-59
-45
-21
-1
14
30
32
22
10
9
-1
-23
-26
-14
-6
8
37
47
30
19
19
3
-24
-43
-68
-100
-109
-84
-52
-35
-21
-23
-47
-70
-83
-87
-99
-111
-104
-96
-84
-70
-51
-44
-52
-60
-64
-61
-52
-40
-43
-44
-46
-44
-10
16
30
18
2
9
21
33
51
71
61
40
49
65
58
44
47
41
29
43
73
91
84
65
41
21
10
9
8
5
6
0
10
30
31
17
2
-6
-17
-27
-15
-9
-29
-39
-30
-27
-27
-13
6
-2
-25
-21
-26
