3
0
-5
4
7
4
4
-3
-5
0
-4
-3
0
-2
2
6
5
6
11
4
1
6
1
5
7
2
4
6
5
2
0
1
4
2
-5
-2
-1
3
4
8
12
13
11
7
17
21
20
20
18
17
19
12
10
11
5
13
15
10
4
5
9
-2
-7
-5
2
6
2
1
2
3
4
1
2
-1
-2
0
3
6
-3
-4
-6
-14
-10
-15
-11
-7
-12
-8
-12
-11
-12
-26
-14
-11
-15
-5
-12
-10
-6
-3
0
2
0
-3
0
-3
2
0
-3
-5
-3
2
-6
-1
1
1
5
-3
-2
5
2
-1
-1
-5
0
-6
-8
5
3
3
1
-3
2
-8
-11
-10
-16
-11
-8
-10
2
6
4
7
1
-3
-3
0
0
0
8
0
-5
0
9
6
-3
1
-5
-2
-1
-1
5
-4
-3
4
3
-3
-3
-6
-8
-3
-10
-7
-3
-5
3
8
-6
-12
-3
-4
-7
-1
-1
-3
5
8
9
6
8
9
1
3
1
-3
-9
-9
-6
-13
-8
-3
-12
-18
-22
-21
-13
-17
-21
-8
-4
-5
-9
-12
-9
-8
1
-3
-9
0
-3
-2
6
3
-6
-3
5
2
-2
0
-1
-3
5
6
8
8
8
13
17
22
19
19
21
20
23
20
19
20
21
20
15
16
14
14
17
18
21
13
13
23
21
16
21
9
2
6
11
17
17
20
19
3
3
10
1
1
2
-5
-4
-9
-13
-10
-8
-3
-5
-9
-8
-8
-9
-12
-15
-13
-15
-23
-21
-20
-18
-18
-19
-26
-27
-21
-19
-19
-23
-14
-4
-10
-13
-10
-8
-9
-10
-8
-7
-12
-15
-4
-1
-6
2
4
-2
-3
-1
-7
-10
-6
-13
-12
-6
-6
1
9
8
7
5
4
8
1
5
8
2
4
6
10
16
12
5
8
10
10
11
5
7
17
21
15
8
9
14
11
13
17
10
12
7
-2
5
7
7
2
-7
-7
-12
-13
-11
-13
-17
-15
-10
-13
-9
-6
-1
2
-10
-6
-2
-7
-7
-7
-3
-15
-15
-3
-11
-14
-9
-8
-7
3
3
-4
-2
-4
-2
11
17
13
3
-3
-3
6
18
19
11
2
-3
-7
-5
6
9
9
7
-4
-4
4
6
8
3
-2
0
4
12
17
20
7
-3
4
1
8
17
9
-2
-6
4
5
5
8
-4
-10
-11
-10
1
-2
-8
-11
-18
-20
-16
-8
-1
3
3
0
-2
-1
9
11
16
22
19
12
6
18
29
29
24
17
17
19
29
36
32
23
13
18
20
21
23
12
6
9
9
8
9
-1
-9
-3
5
8
3
-7
-19
-25
-12
-4
-12
-15
-24
-29
-26
-22
-15
-22
-34
-41
-34
-18
-15
-16
-25
-40
-40
-27
-15
-20
-32
-28
-34
-41
-24
-22
-23
-18
-26
-27
-21
-21
-15
-11
-14
-11
-9
-10
-5
-5
-6
11
16
9
14
23
28
39
50
50
42
49
64
74
90
95
90
86
95
108
115
120
119
114
109
110
117
110
95
78
61
53
48
41
28
-3
-28
-39
-46
-50
-74
-96
-110
-133
-150
-160
-170
-185
-197
-199
-198
-195
-207
-214
-209
-206
-189
-171
-166
-166
-156
-146
-127
-104
-93
-79
-67
-49
-36
-24
-14
-19
-11
8
28
28
16
15
30
65
114
156
162
152
159
208
276
331
370
386
393
424
480
533
553
572
611
646
655
625
567
510
518
582
625
547
286
-2
-125
-29
116
87
-163
-574
-928
-975
-743
-518
-587
-954
-1352
-1524
-1387
-1053
-782
-794
-1071
-1307
-1259
-947
-561
-312
-265
-341
-393
-285
21
379
596
647
625
616
651
772
967
1126
1156
1047
894
785
755
812
889
849
631
322
94
43
104
145
50
-208
-501
-671
-657
-523
-444
-526
-710
-870
-884
-746
-557
-432
-436
-506
-520
-434
-253
-36
107
166
178
193
263
398
565
688
731
690
626
611
660
741
785
737
596
422
310
284
296
266
149
-31
-201
-293
-309
-308
-352
-462
-588
-675
-693
-657
-616
-598
-620
-649
-635
-578
-497
-401
-325
-271
-230
-173
-79
32
137
204
234
256
281
341
434
508
543
539
515
508
508
505
490
455
399
324
253
200
134
40
-38
-85
-119
-195
-316
-432
-512
-545
-529
-478
-491
-618
-768
-802
-728
-614
-503
-476
-523
-592
-579
-404
-189
-61
-38
-65
-61
10
155
318
432
496
517
536
596
695
810
902
964
1013
1037
1060
1124
1220
1287
1273
1226
1238
1323
1404
1374
1245
1084
989
1068
1237
1262
896
225
-261
-217
164
355
26
-763
-1641
-2079
-1793
-1133
-910
-1549
-2579
-3211
-3089
-2451
-1803
-1596
-2041
-2789
-3080
-2554
-1617
-941
-809
-1011
-1228
-1186
-707
99
789
960
736
570
686
1041
1501
1921
2081
1839
1423
1219
1346
1611
1759
1653
1293
778
360
287
478
585
339
-219
-789
-1084
-1027
-793
-714
-997
-1494
-1865
-1875
-1549
-1202
-1151
-1396
-1646
-1618
-1299
-847
-492
-384
-443
-443
-235
128
502
760
868
896
928
1089
1386
1649
1765
1771
1744
1738
1792
1941
2112
2170
2092
1999
1970
1968
1955
1965
2099
2253
2132
1720
1414
1477
1750
2065
2275
1859
500
-858
-777
604
1506
841
-839
-2535
-3462
-2985
-1327
-221
-1311
-3872
-5541
-5144
-3557
-2214
-1863
-2655
-4215
-5314
-4645
-2471
-727
-777
-1798
-2346
-2125
-1429
-183
1316
1879
1079
188
449
1472
2271
2696
2960
2760
1905
1215
1602
2612
3023
2527
1753
1053
407
178
727
1404
1093
-273
-1525
-1748
-1252
-834
-795
-1198
-2155
-3159
-3233
-2331
-1579
-1734
-2382
-2820
-2840
-2469
-1774
-1118
-920
-1177
-1397
-1138
-496
166
625
847
920
931
1018
1407
2115
2703
2784
2621
2602
2694
2885
3369
3953
4070
3628
3225
3362
3881
4199
4051
3769
3546
3244
3129
3523
3395
1617
-250
48
1560
1591
-45
-1711
-3051
-4071
-3735
-2061
-1512
-3763
-6726
-7381
-5945
-4605
-4193
-4335
-5108
-6484
-6992
-5308
-2682
-1646
-2614
-3459
-2810
-1681
-898
325
1905
2163
994
654
2104
3577
3857
3836
4138
3978
3147
2852
3750
4650
4222
2988
2289
2125
1638
1144
1483
1876
891
-990
-1916
-1525
-1218
-1648
-2064
-2377
-3422
-4721
-4645
-3369
-2987
-3962
-4582
-4255
-3979
-3844
-3155
-2357
-2272
-2410
-1944
-1132
-507
9
595
1101
1499
1974
2478
2916
3459
4097
4420
4414
4616
5102
5416
5560
5761
5765
5561
5594
5809
5671
5279
5056
4914
4870
5034
4184
1560
-392
568
2487
2081
-274
-2592
-4614
-5710
-4573
-2211
-2118
-5590
-9315
-9775
-7771
-6022
-5349
-5591
-7041
-9161
-9484
-6710
-3197
-2176
-3723
-4939
-4127
-2557
-1207
757
2676
2460
689
514
2844
4973
5278
5016
5127
4833
3866
3751
5281
6518
5578
3685
2819
2768
2300
1860
2341
2432
794
-1479
-2208
-1185
-693
-2447
-4511
-4600
-4322
-5178
-5381
-4344
-5160
-7628
-7246
-4287
-3424
-4911
-5274
-4285
-3773
-3029
-874
559
-246
-813
441
2058
3156
4249
4749
4191
4267
5680
6610
6659
7165
7395
6598
6379
7409
7946
7236
6863
6898
6347
5955
6226
6152
5639
4642
1884
-774
-36
2658
2444
-809
-3462
-5343
-6909
-6218
-3347
-2624
-6511
-11249
-11882
-9376
-7447
-6683
-6666
-8032
-10554
-11284
-8319
-4051
-2293
-3879
-5709
-4946
-2748
-1151
979
3457
3364
1000
459
3320
6152
6679
6287
6083
5549
4763
4863
6410
7849
6892
4392
3009
3296
3319
2595
2769
3017
1326
-1306
-2800
-3554
-3936
-3427
-2792
-3794
-6555
-8908
-9520
-7589
-4394
-3615
-6331
-9177
-8925
-6205
-3172
-799
-88
-2175
-4182
-2364
1883
4619
4930
4468
3596
3235
5264
8370
9484
8767
7911
7249
7410
8904
10342
9983
8648
7793
7313
7341
8104
8529
7333
4243
763
-68
2183
3953
2199
-1833
-5214
-7058
-6987
-4909
-3070
-4761
-9889
-13695
-12760
-9657
-8083
-7999
-8779
-11054
-13429
-12477
-8063
-4365
-4222
-6270
-7303
-5968
-3564
-1123
1595
3295
2071
-116
884
4878
7623
7699
7132
6767
6002
5525
6801
9050
9479
7192
4681
4058
4519
4575
4413
4367
3400
505
-3470
-5208
-3147
-990
-2365
-5213
-7288
-10130
-11840
-8207
-3100
-4064
-9142
-11277
-9642
-7081
-3761
-445
-661
-4128
-5615
-2480
2083
4871
5814
4975
3085
3394
6713
9608
10675
10771
9522
7683
8302
11085
12214
11220
10344
9694
8711
8590
9632
9493
6075
1868
1212
3482
4534
2359
-1369
-4589
-6509
-6525
-4873
-3663
-5784
-10944
-14230
-12690
-9837
-9174
-9814
-10728
-12590
-14411
-13133
-8832
-5731
-6346
-8321
-8244
-6135
-3932
-1877
604
2012
1032
-134
1727
5576
7496
7151
6996
7376
7095
6819
8077
9947
9868
7587
5747
5806
6209
5733
5387
4695
1698
-2162
-3156
-919
127
-2780
-6762
-8871
-9364
-8409
-6015
-5087
-8106
-11593
-11101
-8105
-5259
-3402
-3688
-5493
-6164
-3919
-96
2511
3230
2745
2035
2846
5708
8700
9797
9341
9164
9211
9579
11340
12646
12100
11151
10777
10797
11150
11681
10751
6678
2669
3096
6077
6671
3379
-1020
-4695
-7034
-5994
-2731
-2196
-6486
-12587
-15377
-13238
-10038
-8906
-9752
-12022
-15128
-16793
-14129
-8804
-6194
-8096
-10869
-10721
-8057
-5242
-2369
464
836
-1288
-1966
1284
5835
7846
7345
6783
6864
6846
7477
9703
11990
11268
8007
6380
7356
8211
8006
6953
4240
1081
-330
135
552
-455
-3595
-7769
-8580
-6160
-5379
-6987
-8648
-9943
-10575
-9607
-6913
-4723
-5517
-7317
-6916
-4374
-2113
-472
1243
1484
958
2476
5022
6716
8308
9149
8797
8961
10364
11689
12037
12407
12760
12367
11984
12776
13461
10636
5393
4025
7591
9601
6958
2537
-1579
-4799
-5403
-2584
21
-2635
-10137
-15528
-14295
-10248
-8611
-9577
-11528
-14815
-18069
-17252
-11709
-7007
-8067
-12246
-13588
-10965
-7676
-4983
-2070
-377
-2123
-4575
-2333
3641
7276
6718
5562
5825
6307
6869
8864
11887
12513
9451
6670
7512
9609
9910
8223
5492
3121
1121
319
1848
3318
93
-6271
-8145
-5782
-4929
-5289
-5497
-7642
-10888
-11593
-8345
-4543
-4248
-6215
-7433
-7124
-5536
-2322
1035
1536
485
769
1888
4195
7769
9185
8427
8487
9159
9741
11146
13303
14256
13296
12474
13049
12405
8625
6004
8522
11789
9714
4878
1164
-1837
-2977
-1230
1281
208
-6433
-13632
-14448
-10101
-7319
-8557
-11347
-14421
-17918
-18456
-13935
-8534
-8208
-12969
-16235
-14073
-9666
-6605
-4410
-2972
-3946
-6465
-5485
615
5922
6069
3805
3435
4799
6236
8163
11090
12605
10265
6835
7000
10103
11605
10422
7505
4373
2606
2581
4398
5800
3179
-3715
-8093
-5454
-1603
-1555
-3967
-7546
-10897
-11396
-8048
-3365
-2711
-6619
-9898
-9368
-6015
-2232
555
506
-1914
-2648
-334
3341
6915
8076
6445
5524
6661
8870
11208
12808
13220
12384
11541
12551
13960
11435
6965
6997
10976
11625
7655
3770
600
-1605
-1238
1183
2168
-2251
-10142
-13787
-10597
-6874
-7262
-10037
-12853
-16105
-18086
-15632
-10439
-8171
-11624
-16178
-15769
-11313
-7991
-6563
-5026
-4496
-6356
-7175
-2915
3176
5000
2991
1977
3425
5432
6797
8802
11335
10990
7712
6107
8563
10880
10156
8909
7523
4918
2980
3503
5091
5111
1762
-3140
-4961
-2945
-1638
-2892
-4343
-6266
-8747
-9106
-6618
-4056
-4300
-6642
-7902
-6688
-4615
-2780
-920
-47
-1068
-1431
792
3647
5556
6386
6288
6312
7277
8724
10415
11911
12566
12036
11871
13014
11012
6663
6514
10706
12633
8910
4211
1088
-1177
-997
1830
3311
-293
-8229
-13433
-10961
-6506
-5842
-8370
-11541
-15038
-17903
-16269
-10670
-7260
-9885
-15287
-16938
-12938
-8714
-6897
-5014
-4289
-6742
-8699
-5099
1646
4769
3218
1406
1689
3569
5606
7766
10757
11001
7259
5196
7409
10155
10667
8521
6246
5349
3999
3200
4368
5871
2549
-3570
-3768
-1061
-1638
-3135
-3835
-4893
-7028
-8307
-5763
-3291
-4499
-6352
-6448
-5420
-4493
-2698
-526
-514
-960
52
992
2865
5627
6416
6173
6565
7572
8670
9857
11757
12984
12607
12580
11413
7598
6103
9402
13177
11634
6376
2246
-642
-882
2156
4649
2558
-4759
-11714
-11738
-7145
-4642
-5988
-9518
-13700
-17135
-16824
-12137
-7645
-8015
-13191
-17165
-15078
-10152
-7262
-5591
-4603
-6402
-9037
-7437
-1232
3790
3813
1239
168
1855
4418
6508
9296
10985
8036
3812
4563
9004
10688
9214
8224
6436
2615
1114
3997
6955
5646
806
-3294
-4389
-3432
-1640
-160
-1261
-5611
-9381
-8817
-5500
-2604
-1973
-4481
-7410
-7428
-5062
-1880
1180
1661
-992
-2410
-52
3494
6066
7593
7121
5601
5696
7731
10714
12958
13120
12057
11688
9741
6062
6641
11711
13853
9969
4666
190
-1849
838
5263
5725
338
-7854
-13199
-10658
-4125
-1937
-5621
-11362
-16391
-17999
-14049
-8114
-5792
-9142
-15281
-18460
-14667
-7598
-4090
-4432
-6432
-9249
-10229
-5839
1285
4701
2952
-623
-1928
884
5775
8981
9775
8421
4901
2751
5579
10074
10736
8472
6106
3879
2523
3450
4982
4950
3166
-124
-2819
-2884
-1491
-1286
-1828
-2718
-5165
-7043
-6256
-4337
-3216
-3236
-4362
-5485
-5032
-3418
-1340
663
872
-375
-169
1901
4029
5740
6882
6719
6167
7182
9226
11312
12203
11663
11503
9649
6600
6845
10494
12520
9524
5080
1985
128
644
3077
4134
986
-5802
-10334
-8764
-5363
-4452
-6297
-9431
-12758
-15118
-14127
-9962
-7193
-8856
-12802
-14910
-12938
-9426
-6899
-5162
-5099
-6871
-8424
-6337
-898
2541
2171
709
64
1199
3558
6038
8167
8184
5777
3966
5445
8456
9202
7015
4950
4546
4044
3833
4530
4296
1200
-2159
-1576
288
-170
-1920
-3685
-4737
-4890
-4493
-3208
-2749
-4437
-5931
-5474
-3649
-2139
-1665
-1577
-1683
-1333
35
1596
3337
4461
4099
4314
5656
7054
8345
9299
10163
10640
10903
12184
11125
7014
5503
8257
11670
11072
7190
2704
-995
-941
2319
4682
2925
-3773
-10480
-10739
-6607
-3929
-4781
-8174
-12333
-15614
-15132
-10847
-7097
-7478
-11784
-15339
-14041
-10099
-7126
-5161
-4770
-6597
-8507
-7207
-2272
2130
2855
1076
-240
697
2974
5454
7957
8612
6207
3729
4614
7729
9074
8022
6791
5351
3482
3012
3972
4597
3650
1100
-1064
-1607
-1376
-1441
-1757
-2074
-3384
-5182
-5422
-4387
-3347
-3047
-3811
-4320
-3880
-3430
-2452
-559
446
62
-55
1241
2932
4159
5384
6051
6296
6820
7612
9178
10748
11349
12253
11546
7178
4358
7155
11939
12069
7980
3767
-192
-1521
1321
4882
4688
-1435
-9210
-11103
-7275
-3944
-4181
-6767
-10478
-14786
-16186
-12296
-7285
-6462
-10405
-14907
-15032
-11360
-8034
-5855
-4524
-5636
-8684
-9009
-3948
1644
2873
1221
-390
-343
1702
4452
7278
8674
6480
3286
3584
6948
8821
7982
6886
5299
3051
2600
4103
5279
4654
1851
-1244
-2043
-1014
-194
-275
-1211
-3308
-5541
-5415
-3292
-1724
-1973
-3729
-4787
-4115
-2831
-1147
635
803
-512
-697
1272
3536
4957
5821
5736
5442
6143
7681
9881
11381
11879
12011
8795
4265
5048
10503
13283
10226
5788
1590
-1600
-317
4147
6195
2249
-6131
-11474
-9252
-4610
-3105
-5054
-8572
-13084
-16444
-14594
-8788
-5570
-8271
-13585
-15999
-13319
-9189
-6458
-4777
-5171
-8023
-10106
-7059
-549
2801
1578
-507
-1305
77
2972
5769
7951
7564
4355
2284
4529
8313
8801
7235
6104
4016
1834
2694
5480
6329
3725
-11
-1993
-1710
-201
937
722
-1597
-4907
-6029
-3993
-1347
-700
-2174
-4425
-5207
-3834
-1583
683
1477
0
-1530
-422
2513
4742
5715
5789
5148
5008
6610
9158
11242
11809
11860
9990
5290
4146
8772
13145
11785
7169
2869
-727
-902
2968
6281
4407
-2995
-10258
-10425
-5718
-2998
-4033
-7249
-11553
-15575
-15690
-10741
-6046
-6902
-12134
-16097
-14771
-10474
-7267
-5425
-5139
-7409
-10243
-8947
-2887
2129
2049
-669
-2019
-1009
1618
4678
7216
7637
4734
2107
3697
7509
8940
7498
5943
4332
2656
3247
5584
6309
4284
941
-1181
-794
732
1418
652
-1178
-3628
-4865
-3469
-1146
-510
-2039
-4077
-4543
-3186
-1361
113
738
-28
-1105
-361
2047
4341
5421
5156
4499
5052
6637
8634
10615
11679
11802
8510
3764
4459
10312
13599
10545
5940
2012
-1023
32
4661
7149
3345
-5191
-10901
-8608
-3560
-2269
-4740
-8184
-12297
-15720
-14236
-8562
-5190
-8069
-13840
-16289
-13264
-8881
-6568
-5483
-5808
-8415
-10558
-7639
-1098
2390
799
-1885
-2407
-482
2439
5114
7147
6612
3079
1081
4292
8790
8921
6563
4931
3071
2090
4129
6896
6504
3070
-549
-1680
205
2179
2108
524
-2060
-4661
-4676
-1878
314
-181
-2580
-4737
-4498
-2205
-30
1088
1059
-488
-1763
-60
3426
5583
5769
4828
4049
4917
7125
9863
11468
12033
10206
4653
2680
7693
13334
12648
7808
3433
-464
-1108
2912
7022
5916
-1334
-9609
-10612
-5130
-1703
-3107
-6496
-10409
-14813
-15695
-10799
-5476
-5928
-11377
-15961
-15289
-10627
-7173
-5687
-5169
-7218
-10537
-9902
-3903
1575
1892
-836
-2689
-2030
981
4244
6594
7263
4452
1203
2442
7112
9397
7604
5364
3640
2316
3154
5885
7077
4848
818
-1597
-555
1597
2192
1179
-887
-3659
-4957
-3074
-356
71
-1809
-4056
-4734
-3145
-825
492
771
173
-1138
-881
1970
4759
5736
5224
4462
4776
6264
8649
10633
12173
12091
6826
2147
5339
12315
14031
9666
5200
1083
-1266
1407
6343
7816
2239
-7279
-11254
-6612
-1572
-2025
-5296
-8500
-12951
-16049
-12913
-6578
-4616
-9213
-15086
-16195
-12122
-8027
-6439
-5534
-6344
-9835
-11374
-6729
77
2078
-528
-3041
-3029
-380
2946
5705
7027
4759
1188
1329
5634
9089
8366
5828
3666
2610
3132
4819
6575
5921
2341
-752
-773
859
1877
1804
448
-2228
-4484
-4164
-1760
17
-679
-3066
-4704
-4104
-2278
-434
928
741
-926
-1675
472
3670
5318
5418
4697
4275
5343
7930
10349
11792
12265
8251
2735
4133
10976
14532
11140
6113
1991
-684
1212
5886
8139
4329
-4797
-10739
-7414
-1717
-1056
-4282
-7755
-11563
-15095
-13524
-7518
-4484
-7802
-13717
-16283
-13030
-8529
-6781
-5977
-6287
-9116
-11322
-8208
-1386
1794
-255
-2930
-3432
-1229
2351
4966
6196
5350
2132
783
4317
8710
8731
5830
4168
3384
3066
4702
6668
6229
3260
-89
-819
1060
2565
2104
525
-1540
-3707
-3768
-1459
275
-492
-2762
-4437
-4106
-1979
-257
379
384
-777
-1697
57
3267
4966
4847
4241
4257
5189
7490
9728
11401
11973
7168
1976
4401
11389
13951
9954
5611
1738
-946
1572
6497
7993
3295
-5832
-10426
-6183
-1018
-1226
-4747
-7851
-11618
-14966
-12472
-6281
-4409
-8670
-14264
-15857
-12127
-8029
-6685
-6054
-6683
-9832
-11626
-7418
-563
1370
-1383
-3704
-3732
-1220
2236
4919
6268
4263
555
635
5302
8849
7976
5596
3827
2833
3300
5173
6817
6162
2909
-182
-195
1735
2643
2012
833
-1308
-3586
-3308
-1002
550
-362
-2757
-4052
-3416
-1789
-311
739
694
-840
-1548
585
3622
4998
4958
4465
4370
5540
7877
9930
12047
11342
4976
1393
6473
13319
12980
8303
4591
541
-764
3243
7679
7390
580
-8336
-9638
-3620
-83
-2292
-5731
-8483
-12634
-14528
-9978
-4595
-5108
-10410
-15083
-14426
-9906
-7160
-6455
-5859
-7082
-10454
-10835
-5040
709
515
-2503
-3912
-2936
-94
2927
4990
5613
3144
-38
1596
6613
8530
6446
4454
3425
2599
3437
5661
6456
4817
1617
-704
147
2042
2488
1559
-129
-2325
-3758
-2589
-173
501
-1237
-3545
-4365
-2722
-642
221
776
104
-1472
-1117
1836
4516
5001
4373
3911
4272
6347
9088
10595
12036
9368
2671
2070
8993
14299
11702
6694
3100
-456
169
5269
8347
5780
-2467
-9880
-8065
-1694
-57
-3256
-6610
-9797
-13795
-13692
-7801
-3798
-6498
-12275
-15711
-13361
-8552
-6602
-5987
-5793
-8249
-11467
-9495
-2415
1667
-186
-3096
-3959
-2473
1018
4197
6169
5944
1748
-1277
2644
8678
9196
6213
4383
2399
1184
3948
7505
7392
3834
-579
-1981
424
2873
3077
1644
-1053
-4298
-4801
-1650
1108
618
-2177
-4929
-5179
-2447
-1
895
969
-676
-2568
-1305
3001
5617
5272
4270
3659
4214
6862
9976
11735
12531
7937
1249
2978
11387
15123
10656
5958
2261
-1103
914
6564
8842
4592
-4727
-10797
-7015
-672
-379
-4272
-7266
-10732
-14917
-13376
-6624
-3610
-7594
-13673
-16134
-12727
-7977
-6421
-5861
-5929
-9101
-12063
-8479
-794
2080
-820
-3675
-3987
-1738
2024
4784
6304
5325
1059
-420
4322
9185
8391
5469
4362
2885
2131
4596
7025
6247
2978
-279
-946
908
2559
2093
630
-1319
-3850
-4027
-1392
428
-518
-2941
-4429
-3843
-2120
-465
692
614
-939
-1824
409
3708
4955
4788
4625
4712
5940
8074
10672
12826
9218
2779
3204
10227
14139
10594
6620
3856
367
837
5654
8470
4989
-3717
-9240
-6091
-1134
-1198
-4668
-6942
-9417
-13661
-13488
-7664
-4529
-7932
-13265
-15087
-12055
-8707
-7838
-6915
-6101
-8245
-11397
-9104
-1900
1201
-1513
-3601
-3132
-1231
1119
3642
6088
5194
1357
398
4692
8853
7988
5466
4487
3639
3370
5013
6898
6324
3155
206
0
1778
2832
2058
521
-1277
-3193
-3505
-1390
476
-609
-3287
-4700
-3768
-2026
-750
229
13
-1498
-2069
19
3158
4687
4423
3920
3963
5537
7882
10464
12508
8395
2025
3281
10694
14091
10311
6491
3434
303
1637
6405
8665
4716
-4127
-8845
-4897
-279
-1100
-4625
-6554
-9276
-13421
-12456
-6849
-4662
-8397
-13525
-14868
-11551
-8520
-8043
-7151
-6443
-8919
-11852
-8826
-1795
427
-2263
-3938
-3381
-1468
797
3409
5978
5123
970
-317
4461
8990
7950
5702
5070
3534
2532
4956
7899
7267
3655
220
-208
2104
3580
2802
1344
-671
-3189
-3591
-837
1332
-105
-3057
-4570
-3780
-1940
-529
287
180
-1423
-2405
-295
3095
4751
4114
3488
4007
5618
7808
10776
11675
6185
1505
4893
11888
13100
8894
5493
2215
535
3128
7210
8060
2459
-5957
-7670
-2741
-41
-2114
-4872
-6605
-10124
-13112
-10427
-5437
-5097
-9629
-13853
-13520
-10116
-8412
-7837
-6328
-6578
-10038
-11635
-6947
-987
-488
-3170
-4210
-3375
-1457
798
3728
6001
3793
-589
-191
5355
8458
6924
5625
4847
2770
2297
5323
7915
6667
2922
59
192
2248
3382
2970
1712
-885
-3406
-2943
-132
1328
-124
-2651
-4150
-3461
-1641
-312
580
429
-1452
-2445
25
3255
4433
4145
3709
3538
5002
7479
10052
12048
7751
1345
2732
10519
14064
9822
5913
2970
29
1671
6486
8703
4770
-3968
-8571
-4610
119
-541
-3986
-5907
-8591
-12715
-11952
-6218
-3658
-7293
-12556
-14247
-11289
-8275
-7497
-6370
-5657
-8565
-12120
-9348
-2032
538
-2328
-4295
-4065
-2503
-125
2677
5589
5204
681
-1587
2703
7562
7268
5854
5768
3652
1091
2995
6828
7357
4566
993
-566
638
2317
2814
2434
523
-2708
-4094
-1795
942
612
-1411
-3336
-3901
-2646
-816
696
956
-460
-1936
-844
2291
4508
4572
3974
3720
4733
6858
9775
11734
7218
1592
3449
10110
12870
9247
5686
2798
330
2082
6335
8012
3872
-4423
-7779
-3381
40
-1441
-4160
-5597
-8336
-12013
-10785
-5672
-4065
-7735
-12234
-12896
-9781
-7937
-7743
-6100
-5315
-8272
-11138
-7936
-1621
-107
-2698
-3951
-3288
-1895
-218
2241
5352
4882
320
-1519
2897
7259
6497
5271
5282
2968
687
2954
6881
7081
3764
150
-863
984
2579
2710
2126
24
-2970
-3781
-1268
1244
629
-1668
-3557
-3630
-1936
-541
633
1211
-389
-2190
-705
2864
4516
4263
4190
3790
4027
6425
9143
11837
9971
2845
836
7200
13193
11116
6717
4091
341
-494
4077
8325
6702
-1148
-8271
-6862
-1351
-164
-2989
-4981
-6754
-11224
-13135
-8120
-3188
-5010
-10395
-13503
-11848
-8573
-7412
-6210
-4459
-6153
-10697
-10659
-3744
1234
-640
-3413
-3533
-2531
-859
1628
4965
6340
2604
-1800
447
6698
8301
5953
4648
3272
1079
2038
6207
7819
4754
-524
-2743
542
3575
2907
1356
-744
-3687
-4352
-1634
1493
1000
-2369
-4765
-4506
-1784
285
555
559
-602
-2194
-994
2672
5332
4948
3411
3162
4309
6818
9230
11759
11231
4487
477
5585
13150
13024
7833
4325
1010
-397
3134
7880
7888
1181
-7271
-8344
-2560
547
-2018
-4993
-6489
-10387
-13543
-9701
-3745
-3941
-9357
-13902
-13286
-9242
-7192
-6594
-5139
-5996
-10482
-11923
-5518
1117
253
-3438
-4389
-3350
-1265
1443
4501
6174
3553
-956
-414
5505
8317
6026
5108
5104
2276
1088
4650
7508
5958
2115
-603
-215
1605
2240
2103
1338
-1331
-4102
-3306
-134
774
-931
-2923
-4164
-3407
-1319
-208
142
25
-1301
-2179
-124
3322
4328
3407
3312
3666
4254
6107
8554
9964
10893
8616
2418
1933
9080
13773
10591
5877
2900
-473
208
5416
8256
5399
-2494
-9526
-7366
-471
667
-3534
-6593
-8587
-12186
-12529
-6948
-2958
-5978
-11979
-14760
-11822
-7309
-6241
-6386
-5916
-7810
-11054
-9244
-2132
1750
-1004
-4319
-4401
-2148
1068
3509
4986
4546
877
-1374
2663
8248
8187
4726
3442
2933
2144
4013
7028
6647
3147
35
-541
1505
3346
2870
1236
-687
-2824
-3160
-687
1369
268
-2363
-3893
-3577
-1616
138
318
-192
-1137
-2004
-857
2464
4545
3591
2418
2782
3905
6070
8378
9915
11011
7406
1372
2516
10088
13864
9557
5055
2794
-32
964
5994
8392
4635
-3897
-9387
-5658
181
-40
-4193
-6812
-8779
-12408
-12107
-5980
-2952
-7163
-12882
-14361
-10630
-6850
-6457
-6258
-6076
-8439
-11023
-8148
-922
1515
-2163
-4650
-3820
-1486
1307
3525
5225
4361
448
-864
3253
7842
7435
5026
4317
2894
1520
3419
6439
6772
4047
396
-1001
665
2716
2800
1893
116
-3032
-4122
-1464
1235
550
-2029
-3819
-3990
-2468
-333
684
96
-1406
-2462
-1169
1918
3962
3588
2584
2570
3385
5107
7569
9207
9188
9215
6630
2393
4225
10555
12890
8866
4543
1942
182
2399
6768
7453
2906
-4773
-8877
-4531
899
-175
-4861
-7679
-9596
-12014
-10410
-5143
-3798
-8444
-13517
-14040
-9942
-6282
-6158
-6679
-6927
-8997
-10505
-6611
-152
928
-2909
-4881
-3441
-578
2338
4213
4845
3157
-100
54
5259
9118
6946
3754
3425
3098
2973
5348
7233
5302
1585
-475
334
2603
3419
1904
-99
-1902
-3299
-2485
-141
629
-1196
-3733
-4546
-3194
-1111
-155
-780
-1517
-2054
-2080
-198
2506
3543
2493
1808
2586
4202
6185
7874
8541
9090
9085
5111
2378
6816
12593
11766
6737
4067
2294
1304
4347
7899
6660
520
-6529
-6945
-1084
1556
-1859
-6058
-7752
-9844
-11363
-8014
-3844
-5469
-10825
-14044
-12376
-7915
-6146
-6964
-7256
-7913
-9850
-9637
-4369
321
-1416
-5017
-4955
-2630
102
2296
3558
3871
1902
-491
1089
6196
8081
4942
3638
4778
3447
2627
5716
7327
4595
1808
1042
1437
2596
3118
2041
683
-806
-2495
-2082
276
659
-1602
-3244
-3494
-2916
-1564
-730
-910
-1601
-2433
-2268
-222
2097
2318
1382
1491
2428
3668
5306
6555
7284
7169
7803
8371
5483
3956
7240
10898
9692
5896
4025
2525
2184
4561
6323
4590
-647
-5884
-4955
-366
159
-3456
-6431
-7403
-9042
-9821
-7023
-4720
-6861
-10984
-12657
-10204
-6973
-6733
-7534
-7219
-7514
-8824
-7808
-3347
-513
-2485
-4689
-3617
-1255
733
2026
3075
3473
1584
200
2735
6317
6232
3916
4209
4644
2925
3295
5424
5508
3908
2290
1377
1467
2104
2270
1527
800
-736
-2485
-1680
58
-29
-1531
-2898
-3292
-2659
-1680
-1027
-759
-1313
-2398
-2067
56
1672
1715
1527
1826
2401
3583
4953
5736
6554
6933
7402
8668
7009
3831
4970
9402
10576
7040
4433
3181
1682
2770
5458
5418
1520
-3981
-5927
-2727
-57
-1842
-5356
-6947
-8183
-10023
-8898
-5424
-5387
-9203
-11945
-11202
-8354
-6664
-6790
-6696
-6685
-7924
-8320
-5040
-832
-1056
-3569
-3463
-1817
-215
1575
3153
3830
2560
586
1168
4505
6683
5204
3848
4215
3001
2013
4188
6326
5089
2159
586
761
1645
2522
2321
990
-904
-2705
-2344
-65
693
-1115
-3213
-3903
-3113
-1859
-998
-754
-1440
-2709
-2635
-437
1761
1783
983
1452
1859
2585
4587
5812
5921
6071
6500
8233
8743
5658
3906
6734
10250
8741
5523
4783
3000
1641
3856
5880
4117
-833
-4892
-3807
-688
-718
-3759
-6006
-6446
-8233
-9516
-6854
-4826
-7441
-10676
-10949
-8923
-7313
-7352
-7230
-6635
-6994
-8096
-7111
-3186
-1242
-3308
-4186
-2431
-1146
-135
1512
2894
2861
1408
842
2648
5157
5305
3882
4272
4377
2543
2727
5237
5811
3873
2066
1448
1375
1914
2659
2274
972
-897
-2155
-1090
545
116
-1602
-2751
-3027
-2520
-1448
-838
-1113
-1735
-2272
-1688
292
1503
857
400
1184
1959
2999
4456
4919
4589
4942
5882
7273
8947
7188
3288
3688
7791
9234
6950
5220
3398
1007
1716
4560
5141
2231
-2549
-5043
-3014
-676
-1755
-4323
-5515
-6993
-9292
-8463
-5328
-5270
-8137
-10236
-10054
-8178
-6970
-6798
-6283
-6185
-7465
-8073
-5407
-2008
-2068
-3496
-3106
-2289
-1414
362
2128
2796
1904
466
634
3062
4947
4179
3599
4030
2587
1368
3484
5651
4631
2482
1328
974
1359
2350
2765
1901
97
-1843
-1783
377
1168
-401
-1825
-2461
-2570
-1563
-232
108
-742
-1688
-1979
-732
1556
1993
1017
1019
1585
2236
3566
4957
5236
4712
4999
5813
7295
9160
7084
3201
3814
7335
8449
6857
5515
3267
605
1489
4150
4495
1966
-2524
-5193
-3321
-1161
-2341
-4398
-5256
-7049
-9447
-8471
-5431
-5338
-7769
-9639
-9708
-8151
-6942
-6633
-5832
-5533
-7117
-7797
-5077
-1931
-1727
-2625
-2534
-2362
-1607
386
2270
3021
1944
102
483
3251
4938
4141
3553
3174
1534
1689
4274
5278
3913
2173
780
583
1859
2836
2280
1119
-228
-1737
-1302
712
979
-581
-1867
-2456
-2191
-1075
-184
-246
-970
-1668
-1784
-415
1703
1965
963
885
1560
2519
3681
4856
5045
4434
4771
5890
7806
8794
5954
3176
4695
7650
7953
6460
5305
2984
949
2327
4389
4066
1172
-2837
-4009
-2097
-1407
-2976
-4305
-5020
-7122
-8993
-7455
-5219
-6077
-8267
-9396
-9024
-7847
-7302
-6799
-5886
-6109
-7385
-7183
-4521
-2371
-2773
-3192
-2511
-2211
-1501
319
1881
2194
1269
466
1331
3259
4140
3524
3343
3380
2267
2270
4323
4951
3397
2079
1649
1694
1981
2471
2425
1238
-202
-976
-356
877
554
-743
-1482
-1870
-1764
-1018
-323
-481
-1343
-1671
-1117
-11
1120
1166
682
846
1497
2368
3429
4298
4357
3928
4247
5483
6834
7994
7196
4274
3229
5523
7805
7583
6038
3776
1287
1114
3374
4716
3131
-524
-3718
-3671
-1760
-1448
-2766
-4256
-6153
-8294
-8195
-5766
-4817
-6590
-8635
-9336
-8646
-7407
-6366
-5547
-5696
-6981
-7661
-6047
-3174
-2049
-2764
-3118
-2974
-2516
-849
1267
2164
1422
193
323
1866
3421
3881
3460
3019
2381
2110
3255
4474
4165
2774
1641
1574
2079
2539
2468
1710
672
-363
-526
415
866
-121
-1383
-1860
-1697
-1259
-725
-547
-1156
-1835
-1733
-722
398
675
419
349
608
1242
2352
3449
3814
3586
3607
4074
5130
6354
7181
7359
5835
3717
3926
6491
8015
6882
4661
2405
984
1934
4135
4384
1772
-2133
-4237
-3202
-1425
-1422
-3232
-5310
-7107
-8267
-7274
-5120
-5061
-7238
-9163
-9247
-7928
-6565
-5578
-5336
-6277
-7446
-7106
-4756
-2362
-2167
-3216
-3537
-3077
-1847
92
1586
1610
507
-83
1014
2901
3739
3407
3043
2672
2271
2944
4325
4391
3252
2431
1890
1784
2531
2996
2400
1205
135
-376
-44
876
901
-400
-1672
-2181
-1801
-772
-243
-747
-1777
-2304
-1704
-419
632
701
220
-94
229
1536
2932
3356
3324
3367
3427
3938
5289
6523
6871
6898
5711
3730
4091
6652
7798
6509
4625
2681
1233
2027
4053
4171
1697
-1748
-3798
-2956
-1129
-1284
-3175
-4992
-6671
-7920
-7034
-4931
-4781
-6910
-8854
-9023
-7807
-6376
-5647
-5569
-6228
-7501
-7390
-4970
-2594
-2492
-3533
-3822
-3418
-2307
-252
1375
1280
157
-364
594
2713
4036
3307
2421
2372
2382
2921
4395
4967
3384
2028
2269
2609
2836
3072
2579
1635
784
251
468
1080
838
-268
-949
-1133
-1346
-1092
-665
-898
-1459
-1797
-1707
-1040
-202
-51
-380
-270
164
570
1468
2353
2273
2258
2925
3652
4264
4811
4946
4813
5664
6510
5361
4003
4494
5514
5693
5224
4107
2515
1582
1997
2777
2565
778
-1813
-2855
-1977
-1714
-2725
-3660
-4691
-6080
-6588
-5774
-5121
-5727
-6962
-7747
-7497
-6691
-6207
-5927
-5711
-6096
-6483
-5712
-4218
-3290
-3221
-3233
-2992
-2492
-1412
-158
575
705
388
477
1662
2829
3218
3173
2666
2342
2833
3843
4396
4047
3355
2469
2236
3085
3479
2939
2219
1339
616
610
1127
1278
542
-437
-1184
-1496
-993
-374
-644
-1463
-2163
-2256
-1650
-775
-69
-300
-1163
-1247
-328
869
1675
1918
1835
1630
2069
3243
4167
4556
4604
4449
4689
5485
5410
4315
4292
5526
5562
4429
4006
3473
2269
2193
3082
2554
618
-1001
-1480
-1093
-986
-2011
-3421
-4126
-4719
-5438
-5141
-4565
-5505
-6817
-6942
-6512
-6209
-6073
-5932
-5847
-6001
-6074
-5475
-4267
-3569
-3744
-3561
-2855
-2443
-1735
-501
128
0
140
813
1528
2256
2804
2721
2680
3091
3101
3098
3722
3905
3347
3106
3181
2762
2429
2917
2851
1830
1218
873
603
812
831
87
-887
-1265
-1254
-1160
-923
-1322
-2148
-2341
-2082
-1643
-1228
-1220
-1458
-1483
-1003
-254
278
538
653
912
1512
2149
2763
3263
3446
3565
3870
4275
4701
5077
5393
5304
4618
4165
4150
4355
4623
4338
3285
1980
1320
1413
1464
1063
-29
-1657
-2636
-2718
-2595
-2781
-3699
-5002
-5967
-6102
-5609
-5447
-5854
-6388
-6887
-6893
-6220
-5442
-5063
-5161
-5220
-4855
-4208
-3298
-2403
-1988
-1842
-1636
-1095
-82
873
1401
1588
1583
1825
2407
3064
3562
3561
3226
3022
3231
3679
3630
3348
3253
2828
2423
2466
2408
1850
1356
1184
751
308
279
-3
-668
-1038
-1233
-1495
-1632
-1615
-1784
-2139
-2160
-2069
-2018
-1558
-1194
-1311
-1213
-724
-258
107
608
1126
1384
1751
2379
2886
3272
3607
3832
4191
4600
4825
5039
5142
4865
4465
4186
4142
4262
4141
3482
2325
1552
1356
1084
773
164
-1117
-2379
-2850
-2796
-2929
-3557
-4410
-5311
-5821
-5677
-5549
-5638
-5730
-6041
-6371
-6070
-5377
-4954
-4806
-4567
-4264
-3985
-3328
-2483
-1978
-1606
-1256
-865
-217
411
925
1382
1698
1915
2134
2559
3009
3141
3150
3164
3170
3237
3217
3162
3121
2888
2469
2124
2002
1855
1528
1224
847
204
-290
-306
-260
-564
-1115
-1696
-2032
-1885
-1647
-1762
-2022
-2207
-2397
-2306
-1683
-1158
-1152
-1288
-1187
-710
-38
527
779
858
1119
1495
2131
2956
3296
3160
3142
3501
3961
4202
4316
4339
4156
3948
3722
3653
3660
3298
2877
2550
2056
1327
792
667
349
-349
-962
-1491
-2028
-2436
-2709
-2914
-3390
-3978
-4223
-4271
-4338
-4390
-4513
-4591
-4513
-4405
-4102
-3857
-3723
-3553
-3393
-2896
-2323
-2010
-1739
-1473
-1064
-540
-91
344
615
799
1119
1420
1764
2075
2150
2237
2286
2287
2431
2481
2369
2246
2083
1895
1721
1511
1261
1036
966
753
255
-38
-264
-682
-774
-613
-844
-1366
-1644
-1636
-1650
-1539
-1382
-1572
-1772
-1684
-1555
-1306
-952
-899
-967
-716
-197
216
540
924
996
924
1350
1978
2322
2573
2670
2572
2672
3098
3476
3522
3475
3327
3086
3204
3296
2988
2816
2627
2119
1770
1762
1461
741
429
343
-254
-718
-853
-1305
-1764
-2097
-2422
-2615
-2802
-3098
-3453
-3550
-3500
-3721
-3718
-3445
-3586
-3651
-3384
-3195
-3008
-2747
-2419
-2208
-2020
-1617
-1292
-1014
-566
-336
-154
193
387
661
1013
1220
1319
1359
1467
1558
1703
1907
1759
1573
1647
1485
1415
1590
1339
949
891
868
600
411
404
38
-291
-166
-382
-779
-799
-894
-1086
-1077
-1040
-1270
-1483
-1250
-1124
-1201
-1028
-987
-1113
-938
-580
-302
-171
-130
-3
176
554
1001
1170
1330
1478
1555
1812
2097
2313
2487
2527
2530
2539
2622
2732
2691
2716
2689
2455
2404
2366
2090
1917
1781
1543
1276
954
605
216
76
78
-293
-741
-1101
-1457
-1521
-1511
-1657
-1971
-2413
-2599
-2570
-2524
-2493
-2666
-2852
-2807
-2695
-2584
-2426
-2281
-2243
-2251
-2074
-1774
-1553
-1338
-1173
-1068
-845
-632
-464
-140
151
232
258
420
707
841
906
1050
1074
1026
1037
1139
1291
1295
1052
756
699
808
774
662
570
283
-102
-135
92
91
-129
-387
-615
-739
-731
-587
-515
-612
-785
-903
-786
-578
-476
-418
-424
-418
-333
-201
73
332
382
376
474
682
884
1101
1285
1278
1258
1394
1617
1875
1992
1856
1701
1757
1941
1977
1911
1854
1685
1560
1644
1717
1625
1388
1093
921
878
858
745
542
242
-173
-386
-302
-375
-670
-920
-1226
-1517
-1560
-1445
-1510
-1748
-1984
-2221
-2275
-2092
-1991
-2079
-2180
-2235
-2211
-2072
-1874
-1771
-1723
-1629
-1549
-1372
-1065
-851
-771
-663
-508
-363
-189
18
157
285
379
446
632
819
828
757
818
850
826
933
977
861
759
702
605
560
685
634
326
194
116
21
108
153
10
-185
-297
-315
-258
-136
-151
-341
-399
-343
-280
-153
-72
-84
-132
-118
40
228
324
323
288
355
484
624
755
770
790
855
893
992
1126
1146
1082
1055
1139
1198
1189
1202
1133
1071
1104
1103
1056
974
846
763
734
751
646
356
252
217
74
-6
-90
-272
-487
-604
-671
-774
-863
-1011
-1215
-1241
-1239
-1407
-1499
-1482
-1499
-1544
-1569
-1582
-1594
-1541
-1429
-1313
-1202
-1211
-1263
-1099
-891
-816
-732
-632
-545
-453
-320
-161
-67
1
64
147
316
406
346
371
503
547
494
534
641
574
458
526
586
509
449
367
325
351
303
246
193
127
48
22
108
86
-59
-114
-80
-65
-60
-4
51
10
-51
12
101
150
222
246
244
312
403
473
561
645
653
608
647
790
909
945
887
840
850
861
898
924
862
760
699
685
663
592
526
442
318
237
145
25
-28
-69
-204
-371
-456
-515
-608
-620
-597
-698
-810
-874
-951
-958
-878
-832
-910
-975
-966
-989
-920
-764
-720
-760
-787
-750
-633
-499
-408
-394
-411
-391
-311
-154
-6
15
-33
-103
-128
35
214
227
119
-3
-16
37
116
186
131
40
-13
-80
-27
84
40
-64
-116
-122
-135
-112
-30
-43
-143
-155
-99
-24
44
22
-28
-56
-13
106
181
190
154
135
183
254
317
373
387
357
349
401
460
457
441
453
433
401
420
434
420
403
333
294
346
358
292
271
318
285
181
195
280
276
223
136
78
124
166
133
79
34
0
2
14
-4
-70
-122
-166
-197
-154
-120
-146
-194
-248
-280
-268
-221
-173
-205
-279
-309
-307
-237
-184
-220
-251
-261
-289
-304
-260
-206
-193
-180
-199
-268
-260
-192
-141
-109
-154
-231
-228
-180
-113
-57
-108
-230
-268
-164
-62
-70
-66
-110
-211
-185
-74
-21
-53
-102
-132
-131
-90
-15
6
-30
-64
-112
-57
67
75
10
-9
28
28
50
158
158
77
101
156
224
278
240
205
243
307
337
366
420
418
388
400
407
415
433
429
423
415
367
338
377
366
310
305
294
229
144
146
199
149
58
-10
-22
0
-59
-126
-171
-209
-218
-245
-246
-244
-315
-358
-307
-261
-290
-365
-368
-314
-328
-355
-315
-264
-243
-235
-219
-204
-184
-101
-47
-50
-32
-21
1
50
95
89
33
54
131
124
84
51
38
61
41
37
46
-18
-87
-139
-158
-117
-137
-203
-257
-307
-328
-349
-290
-216
-298
-366
-329
-298
-254
-163
-130
-181
-209
-136
-51
45
169
168
97
151
249
318
383
420
431
409
413
485
542
553
518
462
452
440
432
439
396
344
276
221
229
233
175
93
30
-19
-60
-47
-48
-176
-279
-245
-200
-226
-273
-298
-327
-350
-307
-270
-278
-269
-290
-311
-303
-286
-203
-96
-53
-110
-172
-93
32
93
103
55
26
51
103
176
178
123
91
70
113
149
110
89
49
-10
-57
-61
-7
-25
-109
-156
-188
-196
-193
-214
-225
-244
-278
-295
-295
-248
-236
-274
-242
-204
-202
-172
-136
-113
-54
-2
12
41
116
164
149
197
297
310
278
294
307
320
381
420
394
328
311
354
404
406
315
228
214
202
187
182
154
110
44
-11
-9
-13
-49
-79
-113
-168
-203
-188
-141
-135
-197
-225
-198
-168
-145
-141
-122
-95
-81
-68
-66
-44
-17
25
88
89
46
35
79
136
147
131
103
52
48
111
156
114
53
16
-14
3
20
-26
-100
-140
-146
-152
-160
-166
-190
-234
-233
-223
-251
-258
-256
-275
-265
-235
-238
-232
-197
-170
-153
-153
-145
-106
-54
-19
-17
-12
5
25
89
124
99
74
64
107
172
172
143
134
141
148
158
193
236
194
105
126
178
169
163
162
121
74
91
134
144
146
106
27
24
58
68
81
60
7
-14
13
7
-44
-52
-18
-23
-38
-59
-90
-68
-48
-58
-46
-49
-72
-72
-81
-88
-71
-53
-51
-90
-114
-110
-93
-61
-72
-114
-114
-87
-65
-97
-143
-135
-125
-124
-108
-97
-87
-104
-136
-101
-39
-35
-46
-35
-23
-5
24
49
71
87
90
91
122
161
172
166
173
181
174
162
171
184
182
169
137
135
136
102
98
113
94
36
3
9
20
39
20
-33
-33
-23
-36
-17
-3
-25
-48
-31
1
-18
-15
32
20
4
39
36
14
29
52
34
20
64
81
44
39
46
32
37
45
53
45
1
-35
-29
-10
-30
-72
-85
-94
-135
-146
-129
-141
-159
-167
-165
-153
-165
-196
-179
-145
-167
-205
-184
-140
-136
-129
-108
-108
-91
-54
-25
-1
19
20
3
15
53
79
93
75
38
43
91
117
103
80
63
62
61
47
59
78
38
-11
-10
4
-3
-8
-8
-22
-63
-79
-44
-16
-4
-13
-26
-2
31
42
22
13
42
55
63
93
87
67
95
130
144
139
147
155
142
141
148
155
183
196
158
130
131
153
177
164
119
52
18
55
76
42
-8
-59
-101
-134
-116
-78
-114
-195
-257
-287
-258
-215
-209
-234
-284
-310
-281
-228
-180
-179
-216
-224
-187
-138
-99
-61
-26
-37
-41
22
71
97
121
112
109
133
159
179
188
193
167
136
160
175
159
148
114
81
58
47
53
38
18
-16
-61
-55
-33
-41
-63
-89
-100
-107
-96
-76
-79
-87
-106
-113
-84
-68
-62
-28
1
-1
-3
5
9
46
100
111
84
79
98
127
173
179
140
128
124
131
147
154
151
127
102
89
77
78
60
27
15
-9
-31
-29
-35
-61
-98
-117
-105
-101
-117
-140
-144
-125
-116
-140
-144
-124
-125
-132
-118
-107
-117
-120
-107
-75
-42
-34
-61
-50
5
1
-16
0
4
11
26
40
38
15
9
39
74
79
42
15
31
43
43
46
31
-6
-43
-30
13
9
-22
-48
-56
-34
-33
-39
-20
-29
-57
-66
-43
-21
-29
-29
-31
-42
-28
0
22
27
11
-1
21
61
79
73
74
66
66
92
110
110
109
97
88
98
116
113
95
88
72
53
66
69
56
46
27
21
17
22
47
29
-14
-31
