-4
0
0
-4
-5
-11
-2
-3
-11
-8
-9
-11
-14
-12
-14
-16
-17
-9
-7
-12
-10
-13
-17
-8
-6
-9
-12
-15
-5
-6
-11
-7
-9
-6
-4
-7
-1
9
2
-2
2
-4
-6
4
5
-4
5
10
11
9
1
12
9
7
12
7
6
7
7
6
7
5
2
5
6
7
7
7
6
6
1
-4
9
14
5
2
1
-2
-1
1
-5
-2
1
-4
-3
-7
-8
-9
-12
-11
-13
-15
-17
-17
-14
-12
-13
-17
-9
1
-3
-8
2
8
2
1
0
2
9
15
8
2
11
8
-2
3
9
1
6
6
0
7
5
0
2
5
5
6
7
11
11
8
13
16
12
13
11
10
12
14
12
8
4
4
2
1
2
6
-5
-10
-1
1
-4
0
-6
-7
-1
-10
-2
3
-6
-10
-8
-3
-7
-5
-1
-10
-6
-3
-5
1
0
3
5
-6
-9
-1
-7
-8
-2
-10
-7
-1
-10
-11
-12
-15
-14
-18
-15
-16
-12
3
6
2
-1
-1
-11
-11
-4
-12
-12
-8
-5
-2
-4
-3
-8
-5
-3
-4
-2
-3
-4
-2
-1
1
-2
-6
2
9
-2
-1
-2
-4
4
8
5
-5
4
7
7
11
9
14
5
7
10
-2
0
-2
-2
-1
-2
4
0
-6
-2
3
7
7
6
0
-3
6
0
-4
1
5
6
3
10
6
1
1
-1
4
2
6
7
12
16
7
6
7
-1
-4
-1
-2
-2
-4
-4
1
-5
-7
-6
-7
-5
-5
-7
-8
-7
-1
-5
-8
-11
-11
-10
-14
-11
-2
2
-7
-6
-1
-9
-7
0
6
3
2
7
11
15
16
12
8
7
0
0
10
14
14
10
5
0
14
23
9
13
21
18
28
29
21
22
37
41
20
15
22
21
25
24
6
-1
9
10
11
6
-9
-5
2
-14
-23
-21
-16
-11
-15
-29
-42
-39
-30
-24
-25
-46
-43
-28
-32
-35
-30
-18
-24
-27
-19
-23
-15
-11
-12
-16
-22
-11
-13
-16
-20
-31
-21
-12
-20
-32
-23
-11
-26
-23
-12
-19
-25
-6
-3
-8
12
19
12
1
1
18
20
10
15
23
3
-4
24
21
1
20
35
1
-2
29
32
24
18
14
4
6
24
30
12
-6
12
27
19
16
16
-5
-14
13
21
4
-11
-24
-21
7
24
16
5
4
25
49
65
59
32
29
41
58
41
19
19
16
16
22
16
-16
-27
-2
-7
-19
-23
-33
-22
-14
-27
-28
-22
-39
-32
-2
-22
-43
-10
-1
-1
11
3
-20
-7
30
32
20
8
-15
-11
14
11
1
3
-13
-11
8
-8
-18
12
19
-7
-17
-21
-17
3
3
-16
-21
-24
-26
-9
-14
-24
5
30
8
-16
3
23
7
3
26
1
-40
-7
8
-47
-42
1
-34
-54
-17
-41
-66
-17
16
10
13
7
-25
-20
20
48
66
42
41
86
21
-52
20
66
67
125
-55
-606
-708
-144
53
-232
-610
-1182
-1403
-791
-73
-165
-946
-1526
-1327
-593
23
178
-117
-603
-535
345
1058
1125
1136
1125
1103
1554
2112
2257
2320
2479
2434
2291
2365
2257
1891
2000
2260
1740
846
406
363
231
-5
-179
-872
-2051
-2377
-1716
-1565
-2373
-2988
-3001
-3213
-3370
-2727
-2311
-2886
-3236
-2692
-2126
-1990
-1693
-1088
-860
-957
-596
187
689
773
995
1448
1529
1477
1991
2538
2435
2129
2162
2275
2141
2097
2245
2044
1456
1061
1105
1148
776
365
201
-209
-760
-782
-612
-894
-1297
-1447
-1617
-1830
-1757
-1528
-1535
-1751
-1991
-2136
-1960
-1766
-1843
-1722
-1562
-1750
-1720
-1324
-1083
-1019
-837
-554
-371
-225
62
479
875
1062
1320
1797
1938
2021
2622
3045
3048
3304
3635
3738
3894
4077
4064
3964
4010
4035
3797
3184
2229
1800
2198
2147
1178
-33
-1063
-1623
-1611
-1383
-1803
-3329
-4746
-4780
-4091
-4047
-4678
-5009
-5157
-5610
-5336
-4164
-3668
-3982
-3824
-3038
-2536
-2223
-1230
-82
178
18
454
1431
2115
2436
2969
3241
2803
2722
3562
4234
3940
3377
3209
2958
2660
2796
2838
2306
1414
721
625
558
107
-216
-514
-1331
-2110
-2101
-1856
-1985
-2251
-3042
-4135
-4031
-3330
-3071
-2823
-3303
-4433
-4331
-2996
-1963
-1753
-2026
-2392
-2161
-963
360
1102
1163
710
941
2144
3126
3829
4267
3957
3849
4523
5188
5637
6059
6082
5473
4998
5290
5640
5611
5530
4719
2780
1399
1978
3067
2334
213
-1503
-2701
-3239
-2520
-1827
-3224
-6183
-7498
-6283
-5435
-5928
-6123
-6354
-7488
-7933
-6386
-4529
-4361
-4871
-4493
-3859
-3426
-2312
-384
821
257
-322
819
2427
3283
3931
4438
4065
3235
3675
5371
6012
5064
4247
3971
3592
3334
3703
4032
2903
1029
433
719
441
-161
-317
-1206
-3703
-4775
-3470
-3166
-4052
-4613
-5696
-6879
-6398
-4700
-3896
-4641
-5511
-5338
-4228
-2845
-1538
-602
-840
-1227
59
1752
2747
3931
4566
4116
4341
5650
6766
7482
7924
7708
7224
7280
7792
8212
8306
7872
7057
6071
4465
3304
3837
4276
3016
592
-1696
-2806
-2890
-2432
-2536
-4500
-7447
-9154
-8223
-6336
-6744
-8660
-9412
-9571
-9746
-8505
-6265
-5804
-7182
-7226
-5463
-4010
-3063
-1721
-296
-103
-698
500
3140
4469
4495
4740
5070
4814
5093
6839
7955
6904
5444
5063
5438
5669
5323
4947
4051
2224
1117
1582
1993
8
-2474
-2750
-3851
-5293
-4131
-4053
-6338
-7896
-8039
-7314
-6647
-6406
-6375
-6696
-6816
-5794
-3543
-2031
-2189
-1651
-631
-259
1627
4089
4735
4823
5240
5918
7141
8545
9447
9519
9210
9018
9270
9961
10290
9934
9185
8254
6841
4840
3931
4946
5163
2448
-980
-2571
-3025
-3338
-3254
-3605
-6408
-10465
-11066
-8219
-7423
-9692
-11068
-11011
-11547
-11554
-9289
-7039
-7689
-9245
-8234
-5658
-4237
-3469
-1595
30
-570
-856
1783
4809
5563
5215
5516
6110
6180
6844
8782
9515
7685
5952
6392
7350
6843
6003
5689
4523
2531
621
73
958
-220
-3069
-4207
-5338
-7230
-7016
-5451
-6154
-8934
-10285
-9281
-7506
-6240
-6169
-6504
-6525
-6049
-3761
-956
-306
-401
355
1594
3435
5444
6572
6940
7589
8309
8862
10071
11156
11295
10962
10580
10721
10899
10647
10714
9748
6221
3674
5080
6565
4368
633
-1523
-2899
-4422
-4068
-2954
-5363
-10310
-12304
-10109
-8699
-10640
-12078
-11461
-12072
-13757
-12655
-9193
-8135
-9856
-9860
-7599
-6313
-5724
-3310
-243
-30
-1711
-483
3672
5922
5466
5789
7021
6714
6465
8771
10979
9845
7412
7100
8267
8250
7075
7268
6995
2612
-173
2297
2465
-881
-2467
-3653
-6379
-7445
-5791
-5576
-7989
-9857
-10107
-9124
-8043
-7667
-6815
-6521
-7325
-6031
-3329
-2215
-1128
515
1046
1788
3680
5590
7232
8340
8702
9068
9973
11169
12286
12979
12527
11819
12462
12610
11792
11560
9190
5773
6196
7693
5995
2259
-496
-1684
-3084
-3868
-3720
-5548
-9303
-12032
-11767
-9986
-10898
-13652
-13924
-13194
-14210
-14813
-12773
-10367
-10820
-11866
-10289
-7991
-6767
-5579
-3185
-888
-1358
-1882
1568
5392
5749
5300
6379
7527
7670
8496
10561
11103
9385
8030
8788
9983
9179
7981
7079
4526
2757
3101
2361
386
-1701
-4111
-5507
-5393
-5744
-7390
-8731
-9168
-9581
-9513
-8904
-8523
-8162
-7865
-7331
-6076
-4821
-3583
-1927
-665
174
1473
3103
4835
6526
7643
8179
9061
10416
11406
12359
12901
12664
12931
13425
13696
13662
12588
10023
6917
6810
9013
8383
4619
659
-1808
-2572
-2504
-2442
-3898
-8024
-12306
-13019
-10654
-9712
-12405
-14817
-14677
-15194
-16094
-14249
-11262
-10962
-13051
-13189
-10275
-7790
-6685
-4820
-2488
-2400
-3449
-1006
4108
6373
5390
5119
6497
7698
8474
10307
12183
11070
8540
8389
10312
11339
9118
6441
6533
5734
2662
1379
1868
4
-3407
-3998
-3880
-6468
-8608
-7804
-6657
-7824
-10057
-10214
-8470
-7612
-7184
-6089
-5985
-6204
-4551
-1812
-195
438
1406
2550
4245
6234
7445
8456
9416
10227
11207
11966
12385
12949
13558
13684
13602
13964
13427
9556
6002
7915
10688
8851
4143
83
-1608
-2074
-1966
-1398
-3322
-9012
-14023
-12972
-8630
-9353
-14273
-15760
-14761
-15914
-16810
-14178
-10968
-11904
-15023
-14135
-9967
-8003
-7784
-5368
-2473
-3406
-4969
-1127
4933
6325
4190
4121
6647
8040
8412
10723
12674
10730
7677
8329
11787
11029
6865
7454
7520
2178
904
3517
2449
-836
-3418
-4874
-5955
-6497
-5354
-5114
-7659
-10502
-10524
-7617
-5914
-6313
-6313
-6976
-7122
-4438
-1571
-64
598
622
1374
3484
5957
7753
8734
9024
8938
9999
11739
12441
13374
13908
12981
12956
14049
14996
12445
6352
5576
10266
11318
6894
1132
-1499
-1500
-2310
-2160
-1428
-5921
-13485
-15082
-9850
-7603
-13028
-16895
-14857
-14415
-17208
-17319
-12802
-10184
-14023
-16543
-12288
-8283
-8677
-7848
-3376
-1785
-5268
-5154
2100
7478
5484
2646
5066
8403
8093
8710
12445
12936
8323
6503
10616
11800
7774
6972
8285
5555
1810
1463
2681
1648
-1096
-2890
-4403
-6164
-6205
-4721
-4736
-7303
-9506
-8887
-6975
-5755
-5390
-5738
-6067
-5406
-3486
-924
689
872
1231
2687
4473
6243
7855
8691
8945
9453
10525
11538
12505
13456
13681
13430
13551
14821
13258
6826
5052
10420
12803
8230
1653
-1187
-989
-1633
-1494
-501
-4432
-12590
-15739
-10372
-6296
-11484
-17036
-15550
-14379
-17324
-18058
-13258
-10108
-14351
-17890
-14012
-9268
-9006
-8676
-4787
-2978
-6350
-6365
875
6142
4554
2236
4069
6765
7103
8572
11769
11797
8606
7072
9160
10893
9604
8722
8328
5482
2880
3077
4095
3468
805
-1972
-3867
-4542
-3545
-2922
-4042
-6335
-8620
-8204
-5834
-4676
-4867
-5949
-6580
-5629
-3791
-1400
-68
-57
222
992
3097
5742
6981
7497
7732
8113
9391
10547
11789
13057
13029
12630
12961
14411
12743
6606
5774
9796
10478
8386
4202
53
-1936
-2571
-623
317
-4230
-10680
-13486
-10989
-8305
-10623
-13356
-13840
-15616
-17045
-15951
-13100
-11114
-12860
-14711
-13569
-11459
-9355
-6941
-4296
-3849
-6083
-5502
-589
3830
4824
3255
2965
4848
6294
8329
10593
10324
8151
6600
7975
9714
8711
7865
7195
4940
3321
2887
3218
3223
928
-1814
-3320
-3812
-3100
-2747
-3536
-5325
-7409
-7100
-5115
-3995
-3913
-4798
-5448
-4561
-2727
-698
538
657
873
1724
3523
5834
7141
7459
7660
8301
9369
10633
11901
13068
13351
13309
14447
11726
5578
5695
11344
14112
9527
2112
-924
-819
95
1896
1688
-3827
-12021
-14664
-8930
-4609
-9146
-14866
-15424
-14963
-16403
-16355
-12230
-9911
-13936
-17706
-15293
-10416
-8547
-8170
-5866
-5084
-8059
-7846
-803
5498
4277
1
557
4449
6612
8348
10577
10002
6389
4913
8125
10666
9325
7661
6630
4703
3010
3106
4382
4104
1104
-2072
-3505
-3374
-2277
-1547
-2630
-5538
-7946
-7246
-4302
-2552
-3253
-4977
-5874
-4971
-2477
574
1660
626
295
1617
3922
6376
7996
8109
8027
8460
9362
11471
13552
14640
14614
14828
12727
6105
5586
13100
16277
11032
3197
-509
-175
1099
3126
3318
-2624
-11874
-15148
-9125
-3393
-7807
-15158
-15821
-15187
-17281
-16944
-12143
-9471
-14197
-19247
-16837
-11137
-8626
-8446
-6807
-5903
-9043
-9379
-1582
5587
4115
-633
-506
3475
6327
8446
11017
10422
6389
4809
8167
11650
10851
8571
7271
4970
3282
4258
5522
5062
2186
-1708
-3756
-3381
-1578
-796
-2583
-5617
-8406
-8315
-4864
-2572
-3409
-5600
-7156
-6159
-3286
-296
1148
94
-719
597
3114
6076
7940
7717
7179
7566
9112
11603
13385
14664
14411
13986
14394
8815
4523
10948
16444
12909
4958
52
424
1212
2097
3628
-172
-9441
-15109
-11414
-3851
-5415
-14494
-16919
-14715
-16117
-17672
-14281
-9689
-12485
-19050
-18186
-12077
-9047
-9276
-8065
-5696
-7874
-10465
-4468
4311
4981
-224
-1372
2642
5569
7273
10227
10856
7309
4803
7180
11420
11536
8715
7773
6296
3660
4038
6256
6251
3222
-560
-2588
-2712
-1409
-17
-1114
-4321
-7558
-8072
-4600
-1939
-2888
-4989
-6650
-6350
-3813
-697
1186
330
-891
-30
2141
5050
7160
7574
7326
7164
8034
10283
12653
14419
14697
14350
14576
9723
4188
9199
16430
15067
7203
496
-160
1102
2338
4487
2084
-7008
-14799
-13126
-4834
-3581
-12111
-16685
-15060
-15771
-17852
-15453
-10202
-11065
-17982
-19562
-14119
-9896
-9375
-8700
-6345
-7391
-10901
-7035
2156
5067
902
-1705
963
4453
6444
9351
10879
8053
4947
5881
9821
11540
9767
8186
6309
3768
3749
5817
6447
4272
537
-2413
-3208
-1762
150
-644
-3679
-6837
-8231
-5748
-2457
-2457
-4451
-6206
-6524
-4773
-1581
1112
779
-638
-117
1485
4169
6896
7730
7506
7031
7577
10055
12813
14897
15116
14729
14209
8264
4555
11712
17748
14139
5926
686
752
1783
3275
5364
1491
-8508
-14734
-11083
-3253
-4454
-13347
-16120
-14595
-16560
-18144
-14223
-9402
-12425
-19595
-19407
-13209
-9815
-9800
-8502
-6631
-9222
-11637
-5221
3602
4212
-504
-1781
1733
4805
6833
10150
10830
7239
4661
6891
11378
12022
9726
8370
6121
3967
5145
7197
6944
3985
-100
-2158
-1805
-290
655
-1074
-4300
-7236
-7619
-4413
-2158
-3275
-5273
-6756
-6609
-4174
-1152
421
-307
-1346
-609
1541
4454
6801
7206
6565
6424
7657
10396
13089
14847
14877
14742
13493
6809
5151
13566
17928
12941
4780
342
805
2258
4491
5792
-65
-10445
-14769
-9239
-1875
-5191
-14479
-16316
-15012
-16914
-17305
-12822
-9351
-14233
-20649
-18385
-12133
-9781
-9922
-8347
-7212
-10523
-11610
-3820
3977
2976
-1850
-2272
1700
4684
7176
10337
9464
5453
4153
7535
11773
11436
8921
7567
5446
4352
5944
7392
6662
3424
29
-1447
-1279
472
1227
-852
-4110
-7005
-6698
-3260
-1618
-3029
-5276
-6862
-6117
-3313
-381
559
-1036
-1792
-495
1951
5010
6462
6018
5670
6222
8068
10827
12694
14068
14271
14309
13147
6549
5594
13974
17400
12130
4277
630
1596
2847
4753
5484
-760
-10497
-13653
-7821
-1644
-6083
-14759
-15645
-14332
-16349
-16806
-12680
-9631
-14522
-20380
-17594
-11565
-9756
-10052
-8467
-7318
-10437
-11044
-3237
3774
2320
-2299
-2151
2182
4957
7002
9764
9091
5604
4459
7725
11647
10909
8351
7258
5501
4746
6120
7083
6157
2821
-192
-954
-643
646
608
-1731
-4201
-6156
-5785
-3113
-2040
-3561
-5542
-6521
-5465
-3004
-639
120
-1281
-1666
-50
2242
5073
6306
5673
5665
6340
8162
11135
13033
13755
13906
14527
11294
4694
7810
16362
16427
9526
2968
1117
2054
3391
5980
5113
-3547
-12504
-12417
-4557
-1247
-9136
-15595
-14287
-14564
-17192
-15545
-10432
-10300
-17416
-20591
-15071
-10418
-10398
-9868
-7388
-8099
-12220
-9420
160
3896
82
-2965
-778
2914
4975
8209
10349
7628
4220
4918
9289
11754
9968
8374
6916
4416
4506
6658
7379
5499
1781
-967
-1628
-561
1262
746
-2230
-5549
-7251
-5066
-1824
-1894
-4119
-6160
-6694
-4822
-1752
395
51
-1355
-1068
804
3606
6037
6542
6176
6237
7127
9117
12080
14209
14960
15750
11128
3391
6656
16184
17762
11092
3583
739
985
2957
7114
6928
-2226
-12139
-12886
-5029
-652
-7355
-13781
-13443
-14512
-17471
-15542
-9514
-8903
-16259
-20422
-16114
-11233
-10117
-9037
-6853
-8611
-13489
-10777
-410
4262
-87
-3908
-1958
1599
4066
7782
10119
7087
3165
4299
9384
11533
9307
8112
7237
4728
4379
6895
8150
5917
2245
-151
-859
-41
1467
1365
-1025
-4806
-7252
-4912
-1044
-1271
-4102
-6159
-6614
-5040
-2126
173
-132
-2095
-2312
132
3400
5543
5642
4865
5214
6482
8465
11082
13220
13697
13928
13963
8154
4143
11072
17427
14814
7091
1505
1143
2460
4906
7238
3003
-7246
-13320
-9399
-1570
-2502
-11638
-15294
-13730
-14988
-16419
-13200
-9142
-12342
-19551
-19150
-12689
-9771
-10424
-9473
-7717
-10300
-12878
-6290
2985
2882
-3070
-4131
347
3803
5965
9154
9134
5022
3229
7112
12241
11892
8158
6934
6668
5671
6139
7967
7796
3887
407
48
382
1008
1200
-369
-3066
-6044
-6543
-3358
-971
-2988
-6322
-7382
-6300
-3966
-1364
-408
-2098
-3542
-1889
1585
4468
5393
4514
4057
5378
7830
10174
12338
13723
13617
14476
11118
4848
9063
17183
16772
10065
3811
2431
3279
4758
7886
6323
-3196
-11240
-10074
-2401
-132
-8687
-14778
-13274
-13592
-15904
-14190
-9843
-10970
-18258
-20202
-14196
-10361
-11224
-11055
-8689
-9705
-13439
-9718
113
2911
-2601
-5613
-1638
2819
4611
7650
9196
5660
2620
5432
11615
13056
9035
6923
6946
6383
6995
8375
8180
5425
1404
195
1389
1840
1347
-435
-2473
-4607
-6290
-4375
-1461
-2539
-5893
-7533
-6670
-4435
-2382
-1276
-2074
-3755
-3065
14
3269
4901
4155
3158
4256
6621
9183
11238
12602
12815
13342
13546
7867
5658
13414
17703
13251
6138
2888
3810
4481
6029
7722
2355
-7620
-10994
-5282
927
-3395
-12837
-13893
-11509
-13592
-15055
-11530
-8879
-14041
-20082
-16730
-10351
-10201
-12121
-10256
-8419
-11721
-12857
-4859
2308
-538
-6040
-4607
854
3279
4701
7665
7092
3044
2637
8059
12672
10475
6645
6529
6964
6577
7524
8702
7139
3289
1009
1770
2669
2505
1218
-973
-2655
-4381
-4511
-1900
-978
-3679
-6477
-6567
-4688
-2973
-1754
-1465
-3217
-4038
-1616
1587
3606
3770
2685
2921
4841
7378
9603
10508
11137
11739
13709
12722
6047
6843
14507
15769
10617
5298
3991
4123
3618
5912
7064
77
-8801
-9420
-2735
465
-6898
-13720
-11744
-10723
-14148
-14617
-10348
-9436
-16077
-19372
-13627
-9601
-11846
-12743
-9137
-8241
-12659
-11593
-2634
1434
-3140
-6318
-2640
1741
2619
4607
7502
5834
2401
3924
9638
11938
8480
6403
7495
7319
6957
8025
8322
6250
3040
2026
2980
3123
2343
795
-817
-2305
-3967
-3288
-1095
-1711
-4633
-6241
-5489
-4003
-3079
-2213
-2494
-4111
-3568
-1045
1266
2836
2463
1769
2997
4871
6917
8534
9558
10765
11117
12931
12359
6184
6736
13769
15103
10608
5451
3979
4836
4403
5632
6540
799
-6934
-8212
-2612
516
-6183
-12541
-10674
-9686
-13107
-14043
-10301
-9002
-14896
-18401
-13467
-9696
-11577
-12482
-9387
-8304
-12119
-11562
-3590
460
-3529
-6566
-2962
1417
1897
3455
6348
5023
2107
3679
8683
10471
7492
6181
7288
6771
6408
7365
7833
6584
3718
2259
2745
2961
2795
1943
306
-1762
-3607
-2757
-303
-763
-3713
-5357
-4794
-3632
-2662
-1630
-2093
-3890
-3587
-1368
923
2365
1903
1399
2224
3751
5588
7117
8244
9000
9369
10404
13054
11132
4667
6190
12959
13866
8881
4131
4069
4300
3007
4808
5952
-18
-7508
-7716
-1978
-303
-7177
-11671
-9305
-9532
-13365
-13533
-9066
-8332
-14458
-16947
-12129
-9377
-11158
-11186
-8007
-7838
-11645
-10255
-2665
303
-3934
-5829
-1767
1171
1091
3257
5781
4012
1921
3822
7700
8609
6395
6027
6608
5598
5270
6512
7233
5777
3185
2047
2319
2498
2844
2289
187
-1950
-3037
-1717
207
-750
-3153
-4267
-3920
-2943
-1962
-1078
-1676
-3093
-2323
-293
1222
2191
2409
2303
2787
3852
5607
7554
8411
9160
9579
11148
11947
5990
3655
10717
14251
10374
4945
3114
4118
3261
3807
6599
3027
-5671
-8997
-4144
1065
-3207
-10921
-10563
-8476
-11489
-13480
-9946
-6800
-11636
-17467
-14120
-8565
-9235
-11482
-9417
-7058
-10160
-11811
-5120
766
-2289
-6706
-4075
679
1181
1813
4756
4591
1893
2018
5948
9001
7260
5216
5671
5480
5581
6662
7167
6578
3873
1724
2548
3666
3763
2533
310
-1065
-1832
-1457
325
105
-2372
-4027
-4040
-2820
-1691
-1196
-1528
-3019
-2967
-1084
476
1865
2381
1656
1432
2808
5061
6950
7398
7490
8424
9444
11771
10306
4242
5550
11512
12186
8354
4325
3627
3429
2400
4614
5788
-191
-7163
-7198
-1820
-419
-6967
-10791
-8393
-8875
-12539
-12450
-8212
-7878
-13770
-15660
-10830
-8628
-10770
-10547
-7039
-7071
-11083
-9586
-2366
-119
-4045
-5284
-1644
610
341
2617
5363
3628
1291
2949
6803
7755
5551
5397
6224
5312
4967
5877
6459
5171
3074
2726
3022
2625
2286
1661
821
-358
-1713
-1297
-87
-602
-2227
-2946
-2758
-2556
-1878
-936
-1165
-2158
-1927
-403
1070
1941
2153
1840
2376
4136
5360
6067
6673
7502
8562
10067
11702
7779
2898
6813
12147
11171
6523
3330
3251
2761
2787
5454
4600
-2543
-7738
-5417
-390
-1664
-8187
-9554
-7435
-9618
-12535
-10457
-6503
-8448
-14328
-13967
-9180
-8606
-10378
-8741
-6045
-8253
-11341
-7065
-406
-981
-5196
-4518
-694
315
444
3370
4599
1918
870
3787
6976
6524
4666
5155
5442
4059
4302
6052
6098
4207
2309
1863
2231
2570
2834
2044
230
-1805
-2248
-39
1064
-810
-2616
-3142
-2822
-1957
-915
-330
-1567
-2801
-1783
111
1533
2018
1649
1475
2436
4043
5301
5888
6372
6789
7125
8492
10867
12072
7383
2015
6040
11989
10812
6128
3470
3009
1342
1227
5188
5106
-2596
-8520
-6445
-1285
-2033
-7920
-9136
-7427
-10097
-13165
-10663
-5904
-7568
-14177
-14523
-9498
-8550
-10046
-8016
-5339
-8065
-11792
-7468
-123
-91
-4464
-4779
-1392
76
605
3574
5044
2459
534
2785
6778
7292
5209
4883
4760
3851
4357
5972
6599
4649
1777
1088
2071
2975
2924
1575
-116
-1768
-2341
-501
1056
-484
-3074
-3925
-3056
-1788
-874
-643
-1703
-2848
-2148
-41
1849
2550
2167
1491
2039
4248
5893
6499
7014
7201
7972
9159
11283
10850
4712
3914
10126
11972
8379
4442
3545
3412
1896
3215
5272
909
-5688
-6578
-2819
-967
-5433
-9366
-7716
-7859
-11292
-11897
-8307
-6572
-11288
-14534
-10908
-8194
-9430
-9301
-6624
-6434
-9901
-9423
-3070
-23
-3337
-5300
-2383
184
-22
1420
4190
3238
907
1900
5208
6704
4946
4225
5266
4592
3937
4913
5792
5312
2900
1345
2138
2698
2579
1910
793
-512
-1930
-1189
757
45
-2159
-3239
-3056
-1915
-1251
-1262
-1471
-2291
-2359
-1068
618
1879
1677
1083
1826
3118
4403
5280
5880
6644
6964
7520
9370
11603
8647
2882
5264
11421
11117
6458
3903
4042
2803
1631
4451
5574
-635
-6737
-5524
-934
-1195
-6668
-8550
-6624
-8334
-11809
-10689
-6501
-7005
-12646
-13733
-9163
-7924
-9860
-8572
-5711
-7256
-10656
-7874
-1470
-787
-4511
-4696
-1467
-95
-62
2261
4095
2103
369
2559
5924
5971
4041
4269
5004
4283
4303
5402
5579
3716
1851
2304
2883
2594
2305
1285
128
-878
-1315
-96
572
-1166
-2932
-3012
-2170
-1557
-1567
-1411
-1868
-2721
-1853
-100
1083
1243
846
1241
2145
3521
4859
5192
5773
6110
6606
8262
10230
11546
7315
2476
6612
11840
10469
6289
4178
4105
2409
2002
5671
5346
-1816
-6572
-4492
-485
-1594
-6764
-7753
-6586
-9338
-11987
-9803
-5829
-7496
-13313
-13362
-9207
-8659
-9586
-7674
-5836
-8532
-11341
-7089
-898
-1088
-4695
-4978
-2017
-391
356
3148
4081
1238
4
2717
6074
6171
4396
4385
4341
3540
4569
6041
5652
3705
1839
1866
2718
2911
2640
1458
-134
-1322
-1564
-99
782
-1057
-3046
-3285
-2738
-1809
-1060
-1183
-2150
-3190
-2448
-284
977
1028
624
661
1473
2766
4642
5729
5349
5214
5927
7545
9205
10663
11079
6354
2640
7236
11894
10575
6561
3992
3131
1845
2868
6333
4788
-2287
-6539
-4402
-582
-2004
-6458
-7034
-7102
-10207
-11842
-8965
-5436
-8043
-13765
-13275
-9102
-8523
-9243
-7380
-6279
-9612
-11444
-5916
-287
-1807
-5542
-4952
-1813
-414
758
3315
3574
810
-143
3176
6752
6046
4060
4234
4308
3988
4809
6211
6198
3715
1738
2383
3291
3165
2617
1639
332
-1095
-1249
327
849
-994
-3133
-3473
-2424
-1729
-1601
-1664
-2501
-3327
-2412
-612
269
228
-217
-201
1045
2649
3803
4381
4389
4719
5411
6398
8236
9331
9885
8844
4379
4182
9663
11645
8699
4876
3139
2955
2751
4621
6262
1970
-4564
-5902
-2256
201
-3050
-7083
-7338
-8230
-10406
-9956
-6925
-5938
-10425
-14116
-11293
-7874
-8169
-8485
-7133
-7523
-10345
-9349
-3318
-445
-3243
-5777
-4290
-1280
218
1744
3233
1785
-380
693
4399
6719
5002
3101
3427
3698
4478
5662
5919
5022
2660
1162
2315
3687
3529
2405
962
-495
-1627
-739
1341
707
-1885
-3524
-3680
-2304
-922
-779
-1694
-3379
-3652
-1688
292
950
176
-630
81
1656
3312
4544
4868
4481
4263
5414
7438
8962
9170
9525
9480
5338
3633
9189
12541
9322
4549
2828
3366
3111
4095
6033
2797
-4407
-6836
-2665
870
-2344
-7740
-8466
-8164
-9898
-9955
-7328
-6198
-10219
-14413
-11837
-7367
-7679
-9024
-7791
-7497
-9828
-9376
-3764
-295
-3052
-6028
-4524
-1217
490
1711
3019
1774
-463
530
4298
6698
5089
2915
3039
3438
4263
5723
5926
4560
2254
1224
2740
4022
3644
2174
290
-639
-758
3
1219
286
-2199
-3456
-3019
-1551
-667
-1280
-2407
-3443
-3195
-1457
56
666
-107
-1220
-510
1452
3255
3939
3626
3713
4021
4756
6559
8245
8628
8005
8790
8822
5416
5425
10004
11115
7364
3832
3755
4420
3548
4214
5016
891
-4434
-4647
-1047
181
-4241
-8212
-7593
-7294
-8904
-9238
-7455
-7278
-11310
-13409
-9588
-6859
-8658
-9689
-7932
-7525
-9364
-7971
-3198
-2022
-4963
-5932
-3112
-531
-113
689
1704
790
-89
1577
4555
5371
3430
2555
3556
4254
4830
5302
5125
4205
2737
2549
3757
4058
3064
1788
1072
740
276
524
928
-230
-2005
-2413
-1741
-1265
-1449
-1938
-2453
-2888
-2398
-1261
-631
-541
-887
-1009
-76
1483
2539
2639
2705
3333
4217
5038
5983
6834
6927
6994
7798
9337
8564
5085
5583
9026
8925
6127
4452
4479
3523
2084
3136
3791
213
-3905
-3783
-1328
-1805
-5617
-7205
-6046
-7054
-9453
-9307
-7190
-7383
-10688
-11540
-8589
-7545
-9170
-8804
-6612
-6985
-8964
-7321
-3248
-2532
-4732
-4735
-2095
-880
-1288
139
1931
1077
86
1514
3831
4275
3127
3323
4172
3891
3856
4544
5147
4595
2911
2573
3599
3804
3115
2318
1798
1054
223
771
1428
138
-1526
-1772
-1286
-1046
-1212
-1529
-1898
-2358
-2206
-1376
-918
-562
-356
-794
-353
1120
2046
2311
2659
3169
3544
4118
5138
6141
6487
6452
6755
8013
8990
6453
3890
6248
8914
7548
4693
3713
3690
2350
1836
3466
2773
-1766
-4567
-2888
-858
-2888
-6390
-6431
-5831
-7623
-9001
-7904
-6321
-7923
-10924
-10273
-7556
-7505
-8876
-7777
-6188
-7720
-8868
-5815
-2712
-3507
-5321
-4484
-2053
-1354
-1389
436
1408
90
-162
1773
3715
3591
2783
3303
3596
3465
4219
5011
5158
4086
2594
2951
4031
4243
3655
2474
1856
1257
771
1838
2169
445
-1011
-1179
-645
-346
-514
-833
-1649
-2324
-1857
-874
-301
-452
-906
-919
-419
713
1908
2049
1932
2194
2502
3538
4816
5237
5170
4903
5268
6384
7430
8020
6071
3422
4629
7193
7149
5106
3309
2557
1667
1501
3037
2764
-879
-3831
-3457
-1813
-2415
-4779
-5509
-5742
-7489
-8579
-7553
-6071
-6910
-9611
-10176
-8410
-7521
-7687
-7177
-6499
-7594
-8633
-6383
-3219
-2981
-4634
-4719
-2895
-1670
-1103
488
1497
376
-196
1501
3551
3885
3315
3546
3690
3436
4007
5002
5440
4705
3255
3043
3861
4012
3733
3149
2206
1415
932
1475
2007
992
-380
-1103
-967
-574
-657
-837
-1435
-2301
-2253
-1362
-530
-479
-1221
-1421
-720
88
956
1420
1449
1548
1848
2791
3808
4205
4203
4140
4498
5308
6003
6524
7122
6365
3993
3353
5719
7521
5881
3172
2102
1690
1464
2263
2783
592
-3244
-4649
-2731
-1497
-3364
-5693
-6495
-7148
-8098
-7938
-6680
-6494
-8578
-10319
-9283
-7346
-6966
-7465
-7232
-7109
-7753
-6923
-4072
-2390
-3423
-4501
-3422
-1448
-180
681
1334
1232
858
1568
3471
4549
4015
3527
3770
4259
4775
5222
5403
4818
3925
3743
3930
3998
3819
3213
2403
1590
1078
1141
1325
865
-305
-1405
-1523
-1011
-1032
-1525
-2001
-2421
-2673
-2288
-1452
-1256
-1736
-1943
-1495
-655
96
507
722
888
1290
1972
2792
3819
4371
3996
3878
4728
5566
5903
6160
6466
6661
6295
5243
4427
5040
6235
5698
3738
2426
1940
1470
1353
1580
480
-2305
-4305
-3764
-2538
-3414
-5811
-7141
-7165
-7458
-7963
-7602
-7193
-8152
-9608
-9353
-7499
-6720
-7308
-7243
-6514
-6320
-6119
-4470
-2550
-2546
-3507
-3070
-1165
319
827
1080
1336
1676
2126
3124
4431
4417
3366
3283
4290
5137
5121
4636
4338
3958
3673
3886
4029
3609
2586
1741
1669
1677
1299
792
211
-444
-978
-1314
-1248
-1187
-1759
-2419
-2564
-2321
-2102
-1960
-1835
-1957
-2056
-1653
-770
-30
79
86
574
1205
1835
2624
3214
3452
3488
3803
4585
5082
5083
5109
5367
5635
5880
6042
5448
4053
3373
4242
5072
4280
2432
1016
551
498
499
223
-1188
-3392
-4469
-3810
-3227
-4223
-5849
-6578
-6755
-7143
-7157
-6550
-6411
-7339
-8128
-7511
-6276
-5681
-5655
-5476
-5183
-5155
-4515
-2848
-1627
-1780
-2251
-1680
-304
801
1324
1543
1671
1828
2280
3237
4043
3752
3034
3314
4141
4370
4200
4058
3699
3135
3025
3376
3343
2733
1918
1260
1013
945
779
395
-349
-1170
-1526
-1370
-1098
-1241
-1970
-2562
-2505
-2109
-1726
-1506
-1562
-1868
-1806
-1020
-178
265
428
546
800
1322
2204
2970
3213
3182
3110
3357
4134
4808
4816
4343
4078
4443
4903
5260
5361
4432
2991
2315
3093
4204
3593
1756
371
-288
-316
181
246
-1019
-3201
-4540
-3975
-2993
-3255
-4596
-5886
-6425
-6528
-6203
-5367
-5175
-6220
-7249
-6945
-5535
-4498
-4400
-4569
-4802
-4785
-3867
-2246
-1103
-1376
-2080
-1703
-480
788
1649
1646
1154
1084
1818
2983
3626
3485
2968
2450
2599
3510
4148
3866
3022
2235
2063
2562
2991
2620
1676
868
380
372
878
875
-200
-1350
-1581
-1175
-926
-977
-1327
-1948
-2398
-2179
-1413
-957
-1174
-1499
-1553
-1252
-451
365
557
359
301
732
1565
2235
2519
2551
2390
2502
3122
3749
3985
3859
3713
3694
3778
4126
4601
4565
3782
2902
2625
3037
3560
3309
2172
928
324
512
907
749
-418
-2097
-2956
-2664
-2210
-2568
-3639
-4768
-5456
-5362
-4870
-4633
-4929
-5690
-6342
-6139
-5141
-4420
-4408
-4639
-4756
-4556
-3892
-2729
-1829
-1973
-2525
-2327
-1181
24
505
383
183
281
881
1863
2555
2446
1750
1447
2290
3225
3209
2865
2652
2330
2066
2470
3177
2914
1824
1164
1110
1226
1374
1279
746
-150
-787
-610
-134
-87
-737
-1594
-1848
-1481
-985
-793
-1005
-1380
-1625
-1364
-551
8
-126
-341
-227
240
913
1517
1762
1545
1572
2112
2606
2989
3224
3192
3114
3176
3538
4021
4139
3977
3921
3825
3472
3197
3260
3303
3042
2499
1814
1269
937
739
503
-105
-1110
-2038
-2397
-2311
-2538
-3302
-4132
-4668
-4868
-4982
-5076
-5183
-5471
-5772
-5746
-5402
-5104
-4962
-4868
-4663
-4304
-3993
-3618
-3051
-2562
-2277
-2057
-1571
-824
-297
-39
236
653
1104
1490
1919
2240
2286
2244
2459
2986
3277
3117
2974
2938
2815
2745
2780
2728
2386
1890
1624
1573
1384
989
647
321
-112
-419
-479
-502
-753
-1153
-1382
-1367
-1286
-1322
-1360
-1289
-1297
-1234
-922
-642
-481
-351
-198
152
625
978
1170
1291
1547
1936
2240
2525
2789
2886
2874
2978
3357
3701
3681
3463
3372
3518
3659
3477
3085
2870
2608
2189
2118
2175
1644
664
52
-4
-155
-716
-1265
-1797
-2568
-3087
-3149
-3197
-3606
-4321
-4777
-4813
-4759
-4768
-4848
-4921
-4960
-4972
-4792
-4320
-3924
-3852
-3787
-3473
-3060
-2670
-2140
-1640
-1474
-1345
-909
-293
209
502
645
812
1184
1632
1883
2006
2143
2201
2356
2655
2736
2551
2374
2401
2457
2314
2104
1970
1769
1489
1267
1121
957
635
342
159
-71
-198
-294
-481
-637
-830
-975
-878
-702
-706
-899
-954
-736
-528
-400
-221
-46
47
144
455
913
1133
1184
1361
1558
1802
2124
2395
2512
2494
2607
2798
2917
3042
3079
3048
3118
3187
2980
2584
2432
2447
2232
1895
1605
1177
664
387
166
-324
-887
-1279
-1571
-2014
-2514
-2772
-2996
-3437
-3876
-4068
-4187
-4405
-4565
-4592
-4591
-4602
-4540
-4389
-4230
-4116
-4043
-3800
-3314
-2936
-2737
-2464
-2066
-1672
-1300
-801
-326
-82
133
552
1097
1426
1484
1656
1999
2263
2487
2659
2660
2579
2560
2689
2793
2698
2479
2236
2118
2093
1939
1646
1335
1063
854
689
538
343
16
-284
-421
-519
-593
-686
-863
-1007
-1067
-1057
-1003
-929
-839
-813
-847
-749
-475
-166
29
104
255
547
820
1016
1270
1589
1692
1677
1967
2373
2580
2606
2554
2593
2664
2738
2906
3055
2934
2509
2215
2296
2357
1957
1461
1308
1055
533
199
109
-205
-925
-1491
-1645
-1887
-2356
-2780
-3047
-3274
-3582
-3831
-3910
-3952
-4148
-4359
-4294
-4051
-3946
-3961
-3789
-3479
-3284
-3155
-2801
-2243
-1969
-1887
-1570
-1086
-654
-344
-30
340
588
764
1106
1490
1632
1663
1866
2110
2168
2172
2237
2250
2212
2161
2052
1960
1912
1765
1503
1316
1204
1009
779
609
446
176
-110
-190
-235
-473
-724
-844
-888
-900
-912
-943
-977
-999
-967
-874
-714
-545
-442
-357
-187
58
266
488
735
866
953
1209
1545
1714
1791
1889
1979
2071
2229
2459
2508
2331
2265
2329
2367
2362
2328
2267
2012
1581
1389
1526
1606
1301
698
279
80
-122
-183
-326
-843
-1446
-1728
-1726
-1857
-2164
-2355
-2578
-3018
-3268
-3147
-2959
-2992
-3284
-3468
-3415
-3197
-2795
-2515
-2558
-2702
-2591
-2132
-1615
-1311
-1270
-1261
-984
-534
-157
118
241
237
350
694
1102
1291
1230
1171
1230
1347
1515
1649
1593
1362
1206
1281
1352
1310
1209
945
674
600
592
542
385
119
-125
-284
-309
-261
-376
-613
-759
-794
-742
-706
-725
-741
-811
-815
-648
-480
-387
-371
-301
-33
165
211
345
555
751
893
1005
1145
1264
1418
1621
1731
1767
1812
1893
2062
2212
2175
2040
2066
2224
2198
1982
1899
2005
1987
1699
1401
1330
1336
1176
944
654
280
50
-47
-148
-361
-811
-1265
-1454
-1463
-1551
-1861
-2250
-2530
-2632
-2586
-2589
-2672
-2777
-3001
-3157
-2965
-2638
-2549
-2658
-2687
-2511
-2179
-1868
-1630
-1436
-1333
-1219
-886
-409
-114
-23
97
304
564
845
1063
1184
1243
1241
1251
1395
1564
1495
1254
1171
1224
1206
1119
980
760
518
367
379
359
117
-177
-337
-380
-391
-438
-516
-648
-769
-777
-716
-606
-534
-601
-666
-565
-370
-222
-115
-36
-16
36
256
590
757
695
689
879
1127
1266
1410
1555
1517
1456
1564
1765
1885
1873
1817
1760
1709
1717
1772
1713
1544
1346
1187
1162
1138
990
817
677
498
270
158
171
55
-239
-440
-514
-637
-746
-776
-900
-1147
-1317
-1292
-1224
-1287
-1444
-1583
-1658
-1647
-1582
-1544
-1572
-1662
-1709
-1664
-1584
-1488
-1423
-1394
-1380
-1375
-1280
-1063
-916
-939
-970
-876
-712
-572
-469
-428
-459
-451
-350
-214
-103
-80
-117
-122
-80
-20
20
59
104
96
44
15
95
190
183
154
147
180
230
265
343
394
362
351
397
464
545
606
624
624
614
668
808
911
918
873
846
878
952
1009
1019
1010
989
985
986
975
961
926
887
864
898
961
911
752
677
719
719
664
602
554
508
420
365
431
500
433
265
152
195
264
281
255
136
16
-28
-15
10
-34
-122
-235
-381
-431
-334
-318
-491
-699
-822
-831
-805
-864
-995
-1116
-1207
-1238
-1207
-1230
-1329
-1387
-1371
-1332
-1322
-1323
-1276
-1237
-1212
-1160
-1079
-962
-888
-859
-810
-741
-592
-415
-317
-281
-287
-217
-27
107
123
108
144
231
265
312
408
410
375
386
398
402
398
450
490
420
376
397
417
469
477
399
363
401
454
475
468
458
415
414
478
505
521
560
531
438
437
541
642
639
532
440
476
601
630
559
492
443
436
450
446
418
359
306
286
257
229
225
176
103
65
5
-33
11
52
-32
-188
-191
-76
-88
-204
-258
-225
-203
-239
-264
-294
-324
-268
-219
-271
-357
-364
-266
-175
-246
-393
-391
-229
-128
-265
-402
-312
-173
-155
-253
-337
-336
-292
-217
-235
-392
-491
-419
-304
-336
-498
-599
-562
-500
-491
-519
-551
-546
-523
-515
-503
-467
-428
-387
-344
-341
-331
-249
-117
-23
-33
-78
-21
176
308
269
240
295
382
459
508
509
487
539
637
647
562
533
603
664
609
489
485
593
611
457
302
306
394
344
174
100
125
107
22
-51
-92
-126
-140
-169
-251
-319
-297
-246
-249
-273
-276
-248
-181
-127
-114
-92
-39
37
109
136
154
223
305
354
398
436
478
544
590
595
599
579
559
619
681
613
467
436
487
464
392
307
169
54
53
104
26
-211
-356
-319
-315
-434
-556
-578
-584
-670
-761
-802
-777
-730
-737
-764
-783
-803
-768
-652
-547
-562
-626
-561
-358
-202
-235
-323
-240
-54
53
67
69
94
148
211
252
248
227
238
264
258
212
158
147
181
135
-10
-89
-46
-1
-65
-211
-299
-307
-280
-220
-260
-415
-477
-387
-269
-274
-372
-379
-296
-218
-168
-163
-136
-60
6
66
110
117
208
372
407
316
331
496
620
580
501
488
512
581
635
609
520
464
500
531
505
464
396
327
328
347
305
235
209
198
142
109
131
134
76
12
-6
-6
-24
-30
-22
-73
-135
-127
-79
-69
-114
-152
-167
-155
-118
-113
-151
-185
-154
-101
-108
-152
-146
-71
-60
-125
-155
-106
1
27
-75
-167
-134
-40
-53
-131
-159
-166
-169
-151
-168
-219
-253
-228
-185
-250
-355
-333
-256
-249
-318
-369
-337
-292
-251
-233
-287
-331
-279
-169
-109
-137
-181
-171
-93
8
56
42
28
73
147
167
164
210
293
359
345
247
217
358
485
410
235
174
267
362
364
261
113
57
141
230
162
-19
-77
34
58
-86
-178
-116
-44
-78
-153
-187
-150
-77
-78
-137
-152
-121
-73
-36
-28
-57
-75
5
70
30
-16
-16
62
140
131
64
24
63
142
162
98
37
39
74
86
50
12
-2
-16
4
23
3
-26
-35
-26
-29
-42
-50
-48
-35
-38
-39
-5
2
-29
-46
-19
21
26
6
-13
12
71
61
-6
-26
16
67
41
-30
-24
17
25
11
-13
-25
-6
9
-33
-87
-51
6
-9
-81
-116
-76
-9
8
-28
-66
-102
-99
-31
23
1
-72
-94
-40
6
-17
-74
-49
31
32
-28
-44
6
57
55
27
8
8
40
91
110
52
-25
-9
109
160
61
-23
10
101
136
65
-4
15
68
72
12
-24
4
50
47
-5
-41
-44
-24
7
3
-53
-105
-86
-41
-23
-39
-78
-93
-72
-38
-19
-23
-13
12
12
7
40
91
115
107
115
146
165
178
205
227
224
190
163
216
274
229
117
69
124
138
79
35
7
-46
-104
-122
-129
-167
-220
-254
-283
-325
-335
-299
-322
-411
-432
-368
-307
-326
-382
-364
-295
-260
-275
-275
-215
-154
-140
-162
-144
-42
34
23
-5
18
96
158
184
178
140
148
223
280
254
184
156
187
222
229
186
126
129
152
120
79
71
93
80
40
28
8
7
33
39
18
-27
-43
25
91
68
3
-22
23
97
128
90
37
55
147
198
139
83
134
210
213
147
127
181
199
177
143
131
136
119
121
130
85
24
33
105
82
-63
-122
-33
43
-4
-126
-187
-149
-69
-42
-135
-221
-189
-147
-170
-185
-149
-134
-185
-201
-149
-132
-150
-145
-131
-127
-142
-158
-124
-58
-24
-77
-156
-122
8
64
-22
-114
-81
14
52
26
-8
-16
5
45
61
16
-23
24
98
78
-9
-28
43
86
38
-34
-51
-1
54
19
-58
-75
-26
37
22
-45
-60
-26
2
-3
-15
-7
-3
0
30
45
28
32
53
71
72
59
61
82
102
