-1
5
10
0
0
11
7
0
-3
0
3
-3
-3
-3
-1
2
1
6
7
6
3
-3
1
7
-3
-4
6
-1
-3
-1
-5
-9
-10
-2
-6
-13
-9
-14
-17
-5
-5
-18
-14
-11
-14
-8
-1
1
0
-7
-8
-8
-7
-3
-5
-5
0
-3
3
-3
-10
4
3
3
4
-1
2
1
1
1
-3
2
7
3
0
7
6
1
5
0
-3
2
3
13
11
-2
3
3
1
-1
-1
0
-3
-5
-2
-1
2
0
-8
-13
-13
-9
-8
-4
2
0
-5
0
-6
-10
-13
-15
-8
-14
-15
-6
-14
-16
-12
-16
-17
-10
-5
-5
-3
-6
-5
1
-3
-1
-5
-2
3
0
5
2
4
8
9
10
1
5
8
6
14
14
16
17
20
23
15
10
12
17
17
16
12
9
11
14
9
12
11
7
10
8
9
8
11
17
6
4
7
2
2
5
9
8
7
7
3
-2
-8
-8
-5
-2
0
-8
-16
-18
-9
-3
-5
-1
1
-4
-10
-14
-13
-13
-16
-19
-23
-18
-13
-23
-25
-19
-26
-18
-10
-12
-18
-18
-17
-14
-6
-7
-4
3
10
6
-3
7
10
7
4
4
9
8
9
15
19
20
10
-2
5
8
4
7
12
1
-3
1
-3
1
2
4
8
5
12
7
4
8
4
4
5
7
7
2
5
11
11
9
6
1
2
6
5
2
2
2
-3
-5
-4
-12
-10
-4
-14
-16
-11
-20
-19
-15
-17
-13
-19
-18
-11
-15
-11
-14
-17
-16
-14
-8
-8
-6
1
-3
-1
9
9
8
11
17
17
14
17
17
15
12
10
13
16
13
14
12
12
13
17
20
18
18
19
22
22
17
13
13
10
-1
-1
-4
-14
-11
-4
-7
-13
-19
-13
-8
-8
-13
-14
-15
-17
-11
-9
-15
-23
-17
-11
-22
-19
-15
-24
-16
-9
-17
-11
-1
-5
-8
-6
-6
0
-3
-1
12
6
5
19
23
22
30
29
28
32
32
41
47
47
50
51
45
44
47
43
50
56
54
52
47
45
43
43
46
41
40
35
25
27
26
18
8
7
0
-9
-7
-11
-22
-17
-18
-23
-24
-29
-33
-49
-54
-42
-48
-46
-47
-60
-56
-59
-58
-54
-58
-52
-51
-50
-40
-43
-44
-37
-33
-31
-37
-27
-23
-33
-26
-23
-28
-26
-18
-11
-18
-16
-5
-4
-3
-2
1
2
1
3
1
7
14
17
27
32
18
13
34
37
38
44
47
44
37
46
55
51
49
57
62
51
44
57
59
48
57
65
66
68
65
69
65
63
69
66
61
52
35
36
31
14
16
12
8
5
-17
-28
-30
-42
-54
-50
-55
-82
-86
-80
-88
-85
-82
-89
-102
-109
-99
-97
-104
-99
-93
-92
-92
-89
-84
-86
-88
-88
-100
-104
-97
-94
-93
-98
-96
-90
-96
-85
-60
-48
-40
-17
-3
3
9
26
34
38
57
78
85
90
104
109
115
133
153
163
160
185
220
217
222
248
263
274
309
340
332
324
348
359
343
348
362
359
365
376
368
350
348
366
364
345
339
307
238
219
252
234
165
112
35
-128
-276
-281
-256
-356
-524
-667
-804
-924
-950
-908
-947
-1113
-1277
-1300
-1234
-1165
-1120
-1113
-1115
-1098
-1015
-835
-615
-459
-397
-327
-181
-39
92
286
470
525
508
588
724
781
799
820
781
666
581
577
533
424
332
234
88
-86
-189
-229
-281
-355
-465
-605
-697
-701
-665
-621
-584
-592
-617
-576
-435
-273
-161
-59
66
164
262
437
656
838
936
989
1081
1244
1445
1604
1662
1656
1666
1728
1802
1845
1853
1858
1798
1637
1502
1493
1481
1349
1262
1191
670
-231
-579
-75
243
-347
-1166
-1609
-2025
-2393
-2037
-1331
-1673
-3032
-3728
-3137
-2445
-2397
-2411
-2247
-2467
-2961
-2719
-1554
-650
-774
-1191
-978
-378
-56
229
968
1593
1332
767
1049
1967
2323
2031
1983
2203
1931
1349
1420
2033
2090
1359
733
612
468
118
33
220
-6
-844
-1508
-1379
-1005
-1120
-1477
-1589
-1678
-1999
-2092
-1639
-1291
-1520
-1785
-1650
-1446
-1334
-969
-473
-363
-525
-432
-108
166
498
897
980
744
727
1063
1329
1421
1535
1541
1332
1204
1368
1601
1664
1593
1389
1119
1049
1245
1433
1427
1327
1176
981
955
1184
1368
1301
1186
1137
1052
1017
1179
1411
1510
1453
1105
347
-288
-103
521
573
-109
-988
-1767
-2249
-2040
-1307
-1143
-2164
-3484
-3925
-3432
-2760
-2467
-2599
-3015
-3533
-3730
-3101
-1889
-1168
-1437
-1885
-1660
-1015
-458
181
966
1247
796
492
1068
2016
2465
2407
2303
2180
1886
1693
1985
2482
2421
1660
949
789
817
669
538
443
-83
-1056
-1703
-1669
-1555
-1761
-2033
-2292
-2732
-3141
-3058
-2614
-2311
-2263
-2356
-2485
-2385
-1787
-953
-432
-265
-175
-48
251
916
1720
2143
2139
2123
2301
2627
3055
3429
3478
3218
3069
3237
3483
3616
3632
3470
3159
2958
2933
2919
2959
3036
2847
2327
2034
2257
2417
2222
2073
1591
-120
-1710
-941
946
686
-1711
-3341
-3629
-4078
-4136
-2733
-2043
-4444
-7400
-7091
-4648
-3619
-4279
-4639
-4595
-5190
-5572
-4124
-1652
-724
-1904
-2821
-1742
-50
507
837
2122
2870
1719
754
2285
4516
4557
3260
3020
3448
2883
2100
2762
3951
3432
1367
127
581
1080
463
-185
-129
-897
-3177
-4437
-3018
-1602
-2546
-4075
-4384
-4641
-5238
-4320
-2347
-2129
-3665
-4244
-3249
-2125
-990
309
500
-414
-428
859
1975
2727
3601
3708
2789
2588
3748
4752
4839
4686
4376
3743
3621
4273
4658
4343
3952
3542
2866
2573
3047
3436
3172
2721
2337
1982
1940
2367
2804
2768
1641
-871
-2530
-908
1837
1395
-1847
-3895
-4277
-4870
-4513
-2112
-1403
-5218
-9065
-8023
-4676
-3826
-4869
-5066
-5176
-6549
-7165
-4787
-1308
-521
-2649
-3971
-2368
-225
262
851
2853
3535
1346
25
2532
5550
5241
3505
3585
4243
3191
2234
3695
5549
4458
1320
64
1326
1775
-77
-1395
-749
-1228
-3636
-4356
-2863
-3147
-5460
-5677
-3900
-3955
-5597
-5531
-4104
-3672
-3508
-2375
-1790
-2256
-1631
89
873
1149
2183
2831
2543
3160
4725
5151
4647
4947
5528
5313
5182
5739
5860
5160
4834
4982
4686
4210
4237
4098
3363
3118
3402
3209
2840
3172
3593
3328
2551
521
-2228
-2290
941
2562
-327
-3998
-5270
-5561
-5509
-3553
-1760
-4542
-9878
-11089
-7554
-4959
-5558
-6551
-6909
-7982
-8933
-7376
-3759
-1570
-2776
-4905
-4404
-1810
-185
479
2103
3502
2288
342
1635
5246
6747
5397
4367
4785
4585
3684
4371
6390
6519
3692
1183
1350
2101
937
-484
-147
-463
-3025
-4973
-4325
-3621
-4624
-5163
-4781
-5482
-6925
-6576
-4605
-3544
-3529
-3448
-3492
-3474
-1968
405
1307
1079
1410
2081
2601
3875
5625
6062
5402
5283
5749
6099
6621
7307
7101
5979
5481
5760
5718
5450
5466
5119
4048
3529
3760
3829
3808
4024
4167
4109
3606
679
-3103
-2250
2512
3421
-1758
-5707
-5414
-5213
-5656
-3473
-1575
-6188
-12814
-12137
-6157
-4274
-7385
-8928
-8266
-8862
-9756
-7598
-3627
-2362
-4613
-6504
-4711
-1287
52
145
1693
3182
1781
10
2221
6429
7214
4780
3774
4935
4990
4122
5148
7102
6387
3147
1374
2064
2520
1082
-403
-519
-1145
-2853
-3909
-3653
-3989
-5389
-5824
-5239
-5212
-6024
-6202
-5600
-4961
-4034
-3137
-3000
-3210
-2298
-666
310
1038
2000
2636
2793
3513
4953
5937
6068
5941
6094
6487
6887
7125
6950
6666
6641
6417
5818
5548
5774
5414
4587
4405
4288
3470
3037
4161
5910
5926
2010
-3503
-4096
1067
4805
2172
-2860
-5922
-7823
-7900
-3811
749
-2238
-11151
-14835
-10209
-5715
-6022
-6881
-6823
-9239
-12665
-11271
-5170
-1265
-2869
-6057
-6346
-4264
-2501
-612
2537
4325
2061
-1193
20
4850
7636
6845
5662
5405
4284
3060
4569
7794
8359
5154
1959
1072
1239
930
1112
2018
576
-3244
-5644
-4870
-3475
-3431
-3768
-4822
-6975
-8285
-6762
-4081
-3260
-3853
-4327
-4642
-4532
-2375
694
1608
884
665
1463
2738
4503
6268
6630
5835
5384
5960
7170
8304
8727
8103
7007
6541
6868
7081
7150
7513
6969
5217
4525
5636
6403
6148
6513
5122
-651
-4322
-225
5319
3978
-1828
-5485
-7146
-8302
-6328
-1462
-1077
-8630
-15595
-13998
-8308
-6621
-7968
-8518
-9867
-13069
-13991
-9298
-3259
-2358
-5987
-8103
-6301
-3636
-1611
1252
3997
3049
-513
-981
3267
7746
8394
6868
5990
5107
3942
4901
8344
9770
6899
3228
1570
1013
1305
3036
3460
762
-2773
-4822
-5037
-4074
-2555
-2342
-4879
-8135
-8828
-6667
-4476
-3699
-3709
-4586
-6025
-5630
-2650
98
1076
841
14
35
1946
4724
6367
6450
6055
5469
5401
6904
9043
9845
8624
7168
6992
7497
7851
8217
8442
7356
5965
5872
6453
6904
7494
6950
2059
-3125
-1384
3910
4533
-33
-3950
-6068
-8332
-8112
-3640
-906
-6390
-14580
-15430
-10228
-7670
-8952
-9167
-9346
-12362
-14801
-11812
-5458
-2996
-5793
-8122
-6844
-4459
-2878
-288
3251
3748
646
-856
2469
7137
8545
7291
6481
6286
5307
5361
7936
9887
8200
4594
2591
2092
2298
3147
2958
1229
-1332
-3793
-4931
-4122
-2620
-2832
-5070
-7518
-8145
-6978
-5503
-4440
-4093
-4872
-6138
-5660
-3146
-703
481
447
-102
230
2088
4336
5836
6460
6427
5961
5994
7387
9204
9858
9078
8094
7845
8022
8380
9053
9366
8594
7432
6888
7471
8628
7240
1921
-1515
1344
5000
3145
-1584
-4129
-5919
-8231
-7354
-3312
-3220
-10208
-16034
-13955
-9474
-9525
-11320
-10857
-11201
-14148
-15128
-10811
-5877
-5725
-8199
-8624
-6435
-4488
-3075
-87
2849
2302
-99
583
4639
7676
7717
7215
7522
7000
6075
7086
9366
9749
7701
5713
4085
2648
3116
4343
3727
1294
-1285
-3208
-4203
-3551
-2394
-2989
-5541
-7775
-8035
-6834
-5438
-4852
-5098
-5952
-6369
-5480
-3668
-1496
-172
-196
-565
290
2411
4186
5251
6130
6570
6213
6210
7747
9626
10090
9228
8634
8824
8967
9267
9750
9807
9197
8250
8047
8767
8844
5201
83
273
4469
5235
772
-3309
-5069
-7127
-7958
-5321
-2890
-6961
-14485
-16369
-12145
-9421
-11163
-12437
-12189
-13705
-15960
-14354
-9001
-6187
-8011
-10004
-8711
-5983
-4266
-2136
1055
2398
640
-410
2332
6385
8244
7996
7406
7042
6682
7163
9042
10668
9941
7136
4672
3739
4286
5364
5135
3093
289
-2056
-3253
-2615
-1399
-1969
-4384
-6958
-7968
-7098
-5371
-4493
-5060
-6185
-6893
-6352
-4563
-2370
-1006
-957
-1516
-1182
767
3084
4691
5447
5662
5612
5823
7288
9346
10283
9877
9230
8975
9133
9918
10747
10918
10478
9521
9058
9604
8526
4112
1299
3780
6284
3925
-694
-3341
-4872
-6740
-6372
-3782
-4413
-10763
-16038
-14331
-10432
-10596
-12829
-13198
-13526
-15715
-16416
-12697
-8317
-8372
-10859
-10923
-8352
-6071
-4450
-1746
809
533
-1060
21
4071
7440
7927
7178
6977
7106
7421
8749
10652
10865
8597
5956
4806
5270
6531
6495
4497
1934
-297
-1637
-1539
-430
-672
-3271
-6082
-7053
-6232
-4898
-4164
-4775
-6196
-7028
-6415
-4745
-2909
-1559
-1626
-2418
-2050
-228
2163
3989
4538
4405
4465
5185
6699
8498
9682
9444
8557
8302
9052
10213
10757
10860
10718
10340
9979
10015
8647
4642
2597
4870
7048
4628
-215
-3007
-4530
-5622
-4896
-3225
-4965
-11035
-15330
-13880
-10477
-10477
-12697
-13780
-14583
-16190
-16246
-12842
-9305
-9449
-11636
-11867
-9468
-6789
-4775
-2419
-431
-757
-1947
-480
3648
6772
7139
6432
6173
6393
7260
9155
10770
10540
8605
6508
5496
6002
7505
7533
5255
2571
919
34
-186
436
35
-2342
-5060
-5978
-5095
-4187
-4141
-5072
-6093
-6443
-5930
-4752
-3395
-2336
-2502
-3076
-2417
-488
1632
2972
3530
3619
3752
4635
6411
8355
9271
8726
7879
8035
9266
10639
11355
11351
10749
10053
10208
10639
8313
4375
4072
6762
7156
3455
-412
-2225
-3863
-4812
-3689
-2748
-6252
-12431
-14427
-11520
-9632
-11506
-13458
-13852
-14781
-16301
-15407
-11494
-9493
-11242
-12897
-11632
-8783
-6862
-5184
-2788
-1497
-2361
-2578
378
4455
6137
5463
5079
5630
6570
7921
9419
10143
9075
7093
6045
6492
7609
7826
6258
4052
2661
1816
1262
1330
1239
-386
-2907
-4177
-3900
-3368
-3324
-3931
-4987
-5588
-5345
-4734
-3739
-2742
-2526
-2776
-2552
-1396
177
1507
2487
3052
3533
4182
5018
6398
7756
8252
8012
8094
8898
9772
10560
11013
11143
11080
11259
9922
5716
3865
6585
8923
6843
2355
-553
-2715
-4306
-3284
-1044
-2613
-9043
-13849
-12829
-9712
-9801
-11753
-12585
-13886
-16342
-17034
-13590
-9630
-9859
-12374
-12928
-11151
-8998
-6769
-3927
-1847
-2615
-4189
-2573
1826
5208
5623
5031
4965
5070
5984
8303
10303
9910
7707
6048
6035
6788
7612
7502
5618
3387
1990
1360
1478
1762
929
-1273
-3324
-4007
-3688
-3085
-2949
-3934
-5114
-5641
-5442
-4213
-2750
-2199
-2604
-2933
-2315
-890
1006
2572
3103
3153
3481
4277
5683
7432
8546
8588
8290
8502
9385
10595
11734
12132
12152
11836
8499
4608
5944
9975
10346
6048
1939
-144
-2376
-2918
-390
885
-3805
-11128
-13526
-10529
-8312
-9819
-11598
-12792
-15330
-17761
-16487
-11482
-9107
-11803
-14373
-13633
-11336
-9316
-6724
-3692
-3075
-5352
-6107
-2491
2394
4758
4597
4000
3806
4173
6238
9297
10638
9164
6659
5640
6219
7752
9196
8183
5313
3249
2406
2209
2701
2932
1377
-1379
-3236
-3424
-2810
-2236
-2560
-3925
-5355
-5888
-5293
-4037
-2700
-2260
-2886
-3475
-2854
-882
1253
2469
2693
2715
3194
4266
5897
7602
8477
8392
8017
8392
9884
11528
12400
12698
12480
8694
4181
6122
10981
11519
6866
2419
424
-1831
-2152
793
2050
-3129
-10508
-12489
-9518
-7647
-9245
-10556
-11765
-14935
-17571
-16190
-11184
-8919
-11551
-14175
-13896
-12086
-9942
-6810
-3684
-3559
-6236
-6870
-3325
1354
3910
4029
3311
2709
3026
5262
8555
10238
9098
6560
5142
5699
7547
9068
8070
5644
3722
2416
2192
3148
3541
1741
-968
-2582
-2907
-2501
-1742
-1839
-3408
-5016
-5399
-4677
-3653
-2503
-2116
-3023
-3614
-2766
-727
1298
2279
2305
2220
2824
4128
5727
7369
8274
7786
7243
8145
9992
11528
12207
12563
12470
8766
4108
6035
11091
11646
7128
2637
730
-1589
-2264
890
2423
-2610
-10191
-12705
-9840
-7450
-8814
-10464
-11678
-14670
-17333
-16447
-11562
-8573
-11023
-14089
-14107
-12119
-9796
-6836
-3792
-3378
-5886
-6854
-3569
1182
4076
4235
3081
2375
3025
5400
8325
10009
9447
6961
4939
5150
7367
9259
8048
5532
3879
2510
1935
2858
3699
2144
-893
-2830
-3045
-2453
-1699
-1773
-3386
-4932
-5450
-5014
-3916
-2666
-2096
-3182
-4128
-3258
-1229
716
1673
2003
2145
2396
3276
5095
7119
8058
7679
7192
8129
9760
11050
12137
12845
12348
8311
4256
6717
11418
11301
6915
2955
996
-1228
-1684
1440
2570
-2811
-9885
-11748
-9051
-7326
-8788
-10121
-11288
-14484
-17146
-16004
-11307
-8719
-11259
-14170
-13986
-12080
-9948
-6897
-3843
-3647
-6192
-7000
-3471
1224
3834
3934
2948
2402
3029
5296
8232
9904
9117
6682
4951
5609
7727
8777
7878
5849
3733
2285
2088
3066
3466
1976
-508
-2482
-3177
-2611
-1517
-1514
-3107
-4586
-5063
-4873
-3892
-2414
-1888
-2774
-3493
-2820
-981
820
1962
2369
2384
2865
3697
5211
7139
8087
7870
7633
8494
10074
11600
12835
13035
9241
4304
5637
10587
11962
8121
3835
1546
-1228
-1871
1347
3095
-1686
-9041
-11432
-9012
-7302
-8644
-9615
-10544
-13649
-16583
-16188
-11759
-8865
-10833
-13413
-13548
-12256
-10609
-7667
-4131
-3304
-5820
-7090
-4137
400
3243
3622
2935
2410
2651
4557
7558
9529
9006
6687
5080
5298
6968
8815
8310
5894
3845
2609
2249
3024
3846
2718
-69
-2223
-2656
-2038
-1144
-1145
-2660
-4278
-4973
-4580
-3347
-1969
-1667
-2741
-3560
-3107
-1150
1023
2052
2194
1769
2047
3316
5030
6932
7913
7570
6936
7650
9529
11591
12569
12547
10752
5291
3667
8807
12219
9962
4837
1754
-425
-2358
-233
3285
1183
-6537
-11690
-10679
-7311
-7185
-9315
-10026
-12337
-15997
-17068
-13475
-8852
-9483
-13027
-14170
-12955
-11440
-9030
-5426
-3315
-5207
-8065
-6240
-1195
2530
3578
2725
1813
1790
3253
6561
9231
9144
7086
5033
5098
6689
8381
8807
6923
4577
3305
2870
3389
4423
3723
1238
-1060
-2041
-1523
-561
-191
-1567
-3639
-4402
-4010
-3004
-1857
-1316
-2031
-3167
-3122
-1431
710
2193
2379
1813
2077
2964
4486
6550
7750
7512
6987
7621
9569
11551
12991
11860
6189
3816
8133
11506
10210
6271
3704
1133
-1682
-261
3325
2163
-4730
-9890
-9423
-6919
-7329
-9152
-9180
-10840
-14527
-16597
-14086
-9625
-9528
-12494
-13728
-12829
-11746
-10130
-7000
-4267
-5013
-7789
-7206
-2865
1138
2581
2128
1439
1476
2602
5208
7894
8627
7259
5029
4530
6264
8281
8603
6823
5076
4142
3360
3355
4468
4330
2018
-136
-1014
-784
-237
-3
-1015
-2923
-3587
-3478
-3080
-1937
-1252
-1911
-3055
-3127
-1555
297
1243
1605
1660
1883
2612
3783
5433
6734
6762
6464
6934
8699
10813
11479
12129
9903
4249
4089
9357
12239
9147
4191
1956
-167
-1455
1200
3986
396
-7378
-11169
-9037
-6171
-7192
-8970
-9835
-12408
-15651
-16258
-12061
-8167
-9922
-13361
-13992
-12639
-10953
-8497
-5246
-3809
-6133
-8439
-6102
-1157
2225
2754
1636
943
1192
2965
6274
8584
8382
6094
4071
4583
6683
8587
8538
6242
4161
3333
3094
4023
5080
3900
1133
-1045
-1332
-356
571
446
-1540
-3508
-3706
-3160
-2232
-1059
-1069
-2302
-3167
-2602
-810
979
1931
1790
1381
1952
3037
4471
6269
7155
6785
6367
7008
9164
11325
12397
12291
7597
2566
5272
10863
11978
7750
3330
1005
-1797
-1597
2616
4135
-1644
-9406
-11403
-8485
-6455
-7672
-8653
-9933
-13627
-16877
-15923
-10551
-7829
-10661
-13802
-14037
-12589
-10828
-7709
-4149
-3762
-7281
-9006
-5210
125
2887
2774
1634
670
912
3582
7257
9301
8384
5203
3356
4815
7578
9279
8253
5665
3724
2670
3013
4766
5444
3315
218
-1498
-1291
-283
674
293
-2183
-3965
-3800
-3048
-1962
-768
-1054
-2765
-3519
-2172
90
1568
2174
1864
1396
2195
3831
5535
6831
7204
6796
6852
8366
10663
12037
12815
10235
4262
4379
9732
12054
9236
5019
2908
-257
-2076
1184
4205
650
-7026
-10664
-9052
-6869
-7688
-8846
-9444
-12378
-15814
-16636
-12667
-8713
-10225
-13421
-14262
-13190
-11682
-9264
-5995
-4423
-6482
-8809
-6821
-2101
1660
2544
1560
1012
1056
2444
5542
8162
8854
6845
4253
4424
6536
8837
9004
6764
4949
3765
2971
3859
5405
4650
1688
-783
-1146
-438
286
518
-1212
-3223
-3664
-3493
-2719
-1361
-923
-2150
-3451
-2871
-920
654
1855
2063
1526
1867
2768
4578
6550
7130
6953
6873
7737
9738
11526
13160
11991
5647
3391
8490
12256
10686
6315
3766
1163
-1820
159
4361
2935
-4613
-10241
-9618
-6824
-7030
-8546
-8798
-10871
-14760
-16918
-14146
-9154
-8983
-12575
-14395
-13595
-12185
-10263
-7022
-4502
-5689
-8633
-8172
-3783
537
2147
1621
653
440
1728
4606
7310
8396
7326
4689
3765
5719
8598
9387
7243
5218
4264
3538
3914
5293
5277
2924
158
-971
-445
500
977
-394
-2658
-3365
-3373
-3070
-1717
-880
-1788
-3489
-3828
-1889
36
910
1300
989
937
1755
3259
5205
6572
6408
5961
6686
8528
10873
12056
12276
9092
3955
5442
10822
12530
9171
4963
2804
81
-498
2963
4948
192
-7287
-9722
-7826
-6003
-6842
-8188
-9374
-12593
-15797
-15676
-11336
-8291
-10608
-13992
-14468
-13020
-11402
-8800
-5718
-5120
-7784
-9438
-6535
-1732
1318
1731
647
-129
338
2650
5931
7866
7712
5583
3698
4543
7044
9083
8515
6081
4516
3857
3798
4879
5633
4311
1688
-320
-349
641
1370
850
-1333
-2905
-3018
-2666
-1861
-806
-954
-2407
-3352
-2501
-450
961
1509
1317
974
1592
2772
4447
6091
6624
6306
6245
7686
10029
12022
11920
7061
3491
7083
11153
10594
7455
5167
2601
-755
309
4446
4103
-2212
-7562
-7837
-5987
-5956
-7432
-7677
-9086
-12619
-15137
-13727
-9543
-8706
-11567
-13412
-13078
-12165
-10697
-8043
-5581
-5884
-8382
-8474
-5069
-1272
483
657
507
120
749
3226
5978
7090
6397
4806
3916
4929
7236
8610
7274
5157
4176
3719
3872
4845
4881
2888
629
-229
61
565
879
-153
-2286
-3006
-2553
-2384
-1969
-1182
-1454
-2714
-3016
-1635
73
963
1430
1487
1434
2016
3289
5161
6486
6400
6062
6442
8081
10188
11552
12268
8770
3461
4942
10275
11762
8246
4630
2691
-295
-1112
2440
4647
74
-7140
-9578
-7353
-5665
-6806
-7784
-8909
-11996
-15041
-14964
-10706
-7676
-9873
-13265
-13750
-12287
-10627
-8286
-5525
-4872
-7430
-8942
-6094
-1503
1158
1144
590
270
367
2499
5669
7468
7195
5349
3749
4034
6198
8568
8483
5993
3950
3080
2917
4237
5495
4142
1092
-983
-1007
-107
960
1044
-1374
-3747
-3735
-2959
-2256
-1265
-980
-2366
-3791
-3070
-964
702
1531
1514
972
1146
2508
4321
6122
6992
6476
6082
6880
9260
11394
12474
12189
7039
3291
7210
11962
11662
7449
4464
2010
-1089
86
4362
4418
-2392
-8759
-9303
-6735
-5829
-7210
-7929
-9988
-13779
-16117
-14292
-9445
-8294
-11508
-14138
-13961
-12343
-10325
-7443
-5020
-5537
-8424
-8826
-4944
-230
1666
1040
605
309
641
3389
6818
8159
7011
4737
3764
4770
7171
9323
8230
5448
3693
2777
3341
5087
5571
3452
347
-1175
-919
-23
1152
526
-2317
-3951
-3758
-3098
-2212
-1393
-1652
-3222
-4145
-2813
-570
708
1068
687
602
1490
2748
4484
6133
6568
6054
6327
7816
9737
11170
12537
11691
6086
3994
8795
12549
10856
6652
4692
2088
-893
1159
5248
3769
-3746
-8799
-8059
-5829
-5886
-7296
-8189
-10569
-14023
-15705
-13175
-8992
-9067
-12477
-14507
-13637
-11894
-10114
-7381
-5228
-6354
-9074
-8324
-3884
99
1158
605
396
377
1439
4436
7131
7790
6702
4844
4331
5919
8194
8868
7052
5235
4279
3482
3854
5017
4693
2256
-19
-670
-546
-115
452
-623
-3247
-4120
-3255
-2782
-2610
-2152
-2262
-3788
-4118
-1884
-9
396
399
554
1096
1970
3469
5336
6314
6090
5990
7022
8779
10590
12048
12919
9743
4334
5820
11458
12843
9318
5653
3870
880
-100
3415
5682
1257
-6516
-9231
-6939
-5159
-6315
-7871
-9098
-11954
-15010
-15327
-11418
-8368
-10471
-14051
-14797
-12921
-11172
-9207
-6518
-5705
-7928
-9539
-6894
-2093
781
581
-316
-52
685
2500
5629
7564
7235
5793
4750
5092
7020
9302
9043
6411
4758
4720
4600
5016
5958
4710
1627
-228
136
855
908
430
-1580
-3778
-3799
-2697
-2439
-2657
-2704
-3554
-4808
-4231
-1776
-362
-792
-1088
-658
300
1574
3221
4771
5131
4844
5194
6816
8835
10279
11111
12022
10744
5793
5198
10594
13438
10715
6444
4582
2521
758
3165
6333
3589
-4377
-8595
-6817
-4274
-4764
-6997
-8425
-11018
-14195
-14867
-11819
-8496
-9824
-13654
-15222
-13717
-11574
-9696
-7511
-6591
-8275
-10109
-8293
-3482
-69
-168
-1302
-1138
-165
1612
4515
6760
6839
5413
4294
4880
6636
8554
8889
6909
5177
4806
4784
5232
6076
5377
2720
670
612
1126
1329
1288
-395
-2826
-3275
-2387
-2071
-2196
-2104
-2953
-4436
-4253
-2325
-818
-949
-1227
-927
-434
652
2287
3728
4269
4344
4462
5363
7257
9146
10307
10849
10918
7633
4081
7250
12553
12449
7735
4607
3601
1470
1694
5497
6160
-536
-7365
-7541
-4574
-3429
-5182
-7115
-9310
-12532
-14165
-12636
-8957
-8040
-11409
-14526
-14314
-12143
-10070
-7885
-6439
-7147
-9389
-9553
-5685
-1207
421
-593
-1441
-1114
141
3032
6179
7101
5803
4276
3882
5114
7726
9402
7912
5123
4077
4280
4795
6046
6167
3449
439
-186
738
1421
1593
459
-2448
-4190
-3163
-1825
-1771
-2131
-2797
-4171
-4831
-3348
-985
-268
-993
-1374
-928
328
1868
3418
4546
4519
3965
4436
6533
8790
10106
10514
11061
9684
5061
5074
10759
13502
10133
5361
3986
2706
1292
3689
6636
3316
-4752
-8306
-6062
-3362
-3826
-6186
-8238
-11229
-13604
-13493
-10721
-8029
-9408
-13275
-15231
-13539
-10738
-8794
-7404
-7012
-8581
-10205
-8134
-3405
-254
-360
-1767
-2081
-1017
1485
4758
6380
5792
4587
3838
4325
6414
8879
8834
6329
4737
4781
5177
5929
6621
5366
2549
786
1016
1816
2052
1557
-480
-2795
-3078
-2059
-1596
-1936
-2340
-3340
-4649
-4262
-2464
-1100
-1084
-1888
-2016
-1138
241
1733
3065
3547
3108
3285
4499
6543
8358
9021
9095
9285
10131
8262
5332
7932
12082
10975
6328
4560
4915
2807
2081
4837
4888
-1105
-6480
-5994
-3415
-3091
-5590
-7898
-9523
-11469
-12448
-11671
-9220
-8742
-11712
-14184
-13572
-11124
-9448
-8518
-7846
-8094
-9168
-8885
-5619
-1920
-689
-1853
-2635
-1502
561
3079
4896
5133
4557
3854
3793
5202
7496
8534
6982
4821
4729
5463
5513
5964
5981
3952
1582
1278
2186
2294
1990
1081
-1267
-2689
-1744
-906
-1447
-1893
-2200
-3305
-4167
-3144
-1092
-763
-1635
-1675
-1203
-355
955
2515
3334
3050
3012
3792
5427
7057
8346
8937
9074
9788
7696
4727
7043
11198
11001
6886
4640
4457
2514
1953
4769
5333
-249
-5762
-5751
-3550
-3163
-5108
-6848
-8530
-11059
-12305
-11428
-9071
-8150
-10494
-13345
-13406
-11087
-9234
-8245
-7357
-7425
-8778
-8876
-5706
-1976
-953
-1941
-2368
-1367
293
2194
3878
4793
4603
3630
3563
4716
6264
7450
6790
5197
4663
4681
4717
5367
5749
4365
2096
1104
1686
2220
2021
1109
-611
-1942
-1757
-1087
-1155
-1512
-1999
-2942
-3620
-3007
-1616
-910
-1196
-1742
-1464
-577
326
1516
2526
2917
2750
3022
4329
5830
7032
7676
8028
8757
9689
8038
5031
6702
10400
10169
7049
5262
4876
2717
1793
4325
5131
609
-4686
-5166
-3307
-3076
-4714
-6351
-7879
-10185
-11400
-10736
-8976
-8380
-10337
-12518
-12719
-11127
-9412
-8346
-7828
-7942
-8543
-8389
-6311
-3410
-1780
-2035
-2642
-1970
-112
1772
3190
3925
3852
3583
3640
4341
5769
7200
6651
4775
4568
5324
5227
5197
5684
4691
2415
1614
2365
2735
2277
1417
-167
-1473
-1181
-371
-590
-1443
-1784
-2408
-3347
-2781
-1144
-518
-1302
-1990
-1485
-580
135
1199
2494
2851
2022
2142
3969
5725
6433
6680
7276
7805
8556
8008
5525
6052
9186
9492
6639
4880
5047
3408
1708
3413
4920
1331
-4030
-4687
-2706
-2785
-4693
-6073
-7072
-9088
-10644
-10376
-8824
-8189
-9842
-11787
-11976
-10707
-9448
-8392
-7613
-7716
-8335
-8334
-6418
-3402
-1853
-2370
-2906
-2123
-638
1074
2758
3637
3319
2795
3101
4165
5537
6611
6255
4629
4144
4825
4958
5294
5688
4495
2256
1387
2339
2799
2295
1668
192
-1550
-1641
-378
16
-970
-1970
-2490
-2847
-2736
-1463
-356
-1021
-1983
-1841
-894
260
1274
2172
2237
1753
2227
3665
5126
5853
6118
6195
6322
7226
8841
10071
7855
4509
5789
8786
8783
6541
5310
4459
1776
677
2906
4037
297
-4234
-4875
-4026
-4278
-5559
-6358
-7331
-9482
-11042
-11094
-9717
-8690
-9564
-11268
-11834
-10880
-9710
-8451
-7224
-6881
-7535
-7829
-6196
-3396
-1566
-1508
-1993
-1624
-153
1622
2877
3608
3847
3537
3329
4113
5677
6615
5889
4747
4729
4863
4428
4660
5215
4144
2258
1602
1842
1918
1891
1568
-6
-1786
-1802
-862
-728
-1211
-1655
-2401
-3220
-3041
-1685
-652
-1071
-1739
-1472
-854
-250
907
2204
2563
2161
2333
3544
4724
5536
6174
6356
6399
7015
8373
9615
8863
5909
4968
7551
9018
7434
5465
4580
2841
922
1976
3691
1764
-2663
-4831
-4413
-4370
-5123
-5919
-6756
-8592
-10532
-11068
-10188
-8743
-8840
-10422
-11589
-11341
-9981
-8478
-7370
-7033
-7325
-7755
-7011
-4533
-2145
-1387
-1915
-2059
-1065
416
1864
3036
3736
3681
3170
3195
4440
6044
6134
5176
4793
4712
4462
4554
5145
4936
3542
2462
2350
2473
2250
1994
1219
-43
-549
-548
-575
-749
-1049
-1451
-2141
-2496
-1948
-1121
-1009
-1410
-1548
-1110
-484
-25
896
1714
1614
1565
2413
3615
4333
4807
5198
5444
5820
6539
7425
8324
8734
6736
4264
5316
7897
7901
5764
4488
3239
965
466
2298
2769
-544
-4311
-5280
-4795
-4823
-5451
-6112
-7540
-9567
-10756
-10428
-9138
-8401
-9068
-10536
-11256
-10580
-9073
-7527
-6709
-6785
-7261
-7220
-5880
-3508
-1686
-1493
-2094
-1867
-572
844
2154
3194
3439
2943
2679
3455
4831
5766
5565
4877
4615
4510
4488
4965
5287
4438
3096
2578
2749
2796
2625
2236
1264
159
-194
-1
89
-134
-725
-1441
-1833
-1557
-947
-746
-849
-1016
-1067
-642
39
648
1033
1280
1514
1967
2760
3508
4066
4307
4594
5154
5582
6189
7146
7980
7190
4736
4068
6129
7508
6418
4696
3493
1743
308
1312
2996
1530
-2455
-4744
-4507
-4163
-4525
-5060
-5995
-7876
-9705
-9930
-8906
-7949
-8000
-9151
-10387
-10516
-9311
-7721
-6660
-6388
-6855
-7308
-6684
-4722
-2541
-1552
-1869
-2359
-1730
-143
1312
2300
2893
2943
2546
2592
3590
5012
5595
4921
4406
4348
4213
4470
5102
4996
3811
2906
2800
2845
2865
2779
2044
733
217
559
427
-95
-278
-546
-1323
-1787
-1254
-492
-643
-1325
-1401
-1033
-589
19
500
724
661
848
1698
2624
3399
3682
3520
3801
4474
5111
5790
6453
6920
6623
5009
3834
5000
6666
6398
4780
3305
1956
677
907
2426
2000
-1195
-3900
-4340
-4034
-4153
-4448
-5283
-7157
-9031
-9454
-8654
-7905
-7770
-8468
-9747
-10335
-9489
-7908
-6681
-6395
-6852
-7214
-6745
-5192
-3136
-1862
-1853
-2324
-2037
-498
1258
2285
2719
2716
2568
2890
3860
5081
5702
5226
4503
4475
4892
5195
5363
5324
4502
3262
2901
3374
3598
3171
2245
1100
381
468
821
593
-202
-839
-1371
-1841
-1590
-970
-898
-1434
-1886
-1721
-1357
-882
-54
260
7
83
604
1449
2365
3043
3181
2994
3322
4155
4855
5350
5803
6152
6335
5759
4472
4359
5802
6449
5254
3766
2806
1639
876
1722
2378
383
-2745
-4023
-3761
-3789
-4215
-4891
-6309
-8120
-9057
-8672
-7966
-7761
-8245
-9214
-9964
-9758
-8525
-7272
-6790
-6977
-7186
-6779
-5680
-3979
-2367
-1878
-2225
-2036
-788
777
2051
2748
2780
2682
3047
3842
4896
5714
5534
4735
4531
5111
5433
5387
5400
4791
3605
3104
3568
3669
3006
2352
1522
617
314
661
729
-135
-1055
-1499
-1619
-1569
-1305
-1134
-1605
-2106
-2129
-1621
-940
-685
-500
-332
-308
-11
819
1873
2333
2319
2555
2917
3292
4125
5131
5304
4912
5087
5834
6101
5508
4997
5053
5081
4758
4347
3689
2504
1375
1044
1177
456
-1209
-2597
-3356
-3914
-4440
-4979
-5841
-6885
-7654
-8017
-8144
-8215
-8218
-8374
-8731
-8852
-8438
-7679
-6898
-6363
-6119
-5791
-5182
-4196
-2917
-1882
-1388
-1121
-532
594
1877
2598
2757
2965
3382
3944
4472
4920
5192
4957
4518
4554
4991
5089
4688
4185
3707
3176
2756
2809
2821
2218
1368
621
178
58
117
-64
-843
-1654
-1894
-1803
-1754
-1591
-1594
-2157
-2441
-2038
-1500
-1058
-836
-734
-583
-352
257
1082
1610
1881
2188
2662
3110
3594
4240
4678
4708
4723
5136
5727
6090
5750
4792
4155
4232
4627
4545
3737
2594
1302
357
217
400
-267
-1993
-3615
-4432
-4675
-4859
-5163
-5770
-6915
-7965
-8262
-7925
-7503
-7334
-7472
-7941
-8150
-7551
-6403
-5354
-4903
-4869
-4745
-4071
-2825
-1559
-590
-76
-92
47
1123
2674
3456
3385
3392
3617
3793
4273
5188
5520
4773
4045
4015
4323
4519
4406
3942
3104
2329
2046
2133
2132
1694
838
-180
-756
-685
-537
-752
-1298
-1985
-2511
-2565
-2195
-1756
-1735
-2183
-2536
-2365
-1747
-948
-477
-516
-487
-246
310
1166
1917
2413
2456
2511
2996
3649
4270
4684
4820
4582
4564
5084
5564
5620
5016
4193
3637
3659
4047
3841
2921
1619
473
-22
-10
-170
-1162
-2558
-3777
-4472
-4588
-4658
-5049
-5918
-6832
-7343
-7435
-7105
-6703
-6683
-7047
-7309
-7095
-6335
-5358
-4740
-4557
-4460
-4062
-3322
-2324
-1214
-515
-353
-177
538
1581
2367
2732
2867
3033
3276
3560
4012
4436
4368
3893
3586
3719
3953
3834
3445
3045
2499
1966
1809
1812
1565
909
135
-298
-414
-466
-629
-959
-1366
-1736
-1938
-1851
-1590
-1472
-1609
-1843
-1884
-1511
-992
-641
-453
-296
-17
256
666
1435
2005
1979
2018
2575
3095
3321
3635
4066
4174
4031
4229
4703
5005
4839
4203
3610
3454
3647
3790
3438
2506
1302
389
228
423
64
-1028
-2288
-3262
-3788
-3830
-3806
-4275
-5249
-6145
-6480
-6393
-6116
-5866
-5925
-6286
-6582
-6366
-5631
-4831
-4408
-4314
-4185
-3804
-3085
-2134
-1234
-716
-707
-576
182
1177
1966
2336
2356
2249
2333
2902
3595
3864
3561
3152
3003
2977
3182
3429
3184
2439
1750
1517
1518
1494
1380
1001
268
-415
-557
-323
-256
-570
-1102
-1592
-1841
-1693
-1275
-1121
-1388
-1684
-1777
-1578
-1081
-522
-310
-438
-449
-177
357
1097
1667
1764
1650
1768
2213
2894
3558
3787
3599
3483
3674
4066
4477
4749
4785
4375
3631
3251
3415
3488
3302
2928
2114
1034
247
173
329
-173
-1235
-2333
-3164
-3589
-3589
-3575
-4147
-5121
-5860
-5988
-5781
-5587
-5442
-5611
-6037
-6203
-5710
-4854
-4340
-4169
-4042
-3818
-3482
-2826
-1723
-886
-807
-895
-443
404
1153
1733
2107
2048
1795
2020
2722
3332
3474
3071
2565
2525
2742
2852
2916
2728
2121
1476
1294
1482
1421
1099
737
197
-228
-215
-111
-314
-667
-957
-1244
-1367
-1125
-882
-1045
-1324
-1288
-1080
-907
-664
-389
-278
-242
-26
394
888
1264
1396
1484
1763
2110
2452
2866
3227
3295
3166
3279
3655
3940
4049
4051
3973
3802
3605
3433
3362
3304
2929
2382
1971
1550
999
545
221
-345
-1142
-1800
-2219
-2698
-3251
-3580
-3966
-4622
-5145
-5320
-5391
-5551
-5682
-5739
-5801
-5830
-5654
-5235
-4803
-4516
-4338
-4094
-3624
-3053
-2459
-1859
-1467
-1172
-705
-87
525
982
1317
1586
1823
2132
2522
2779
2754
2695
2710
2728
2810
2870
2764
2365
1967
1908
1922
1800
1582
1252
775
408
345
358
225
-122
-457
-643
-737
-675
-632
-691
-759
-878
-952
-792
-492
-319
-259
-167
-60
106
454
837
1028
1125
1292
1500
1740
2086
2422
2575
2590
2624
2761
2977
3210
3363
3403
3345
3232
3276
3470
3465
3008
2504
2368
2216
1951
1741
1355
586
-210
-474
-581
-1049
-1667
-2190
-2747
-3387
-3714
-3751
-3991
-4509
-4938
-5141
-5338
-5401
-5125
-4828
-4933
-5211
-5064
-4586
-4185
-3786
-3311
-3013
-2936
-2631
-1918
-1243
-829
-482
-131
161
528
1057
1508
1814
2028
2126
2137
2230
2548
2778
2725
2572
2437
2306
2239
2320
2307
1999
1573
1296
1167
1079
1034
838
434
106
-48
-142
-217
-274
-383
-606
-816
-796
-655
-645
-665
-611
-602
-636
-490
-191
-4
66
182
316
452
743
1117
1356
1409
1468
1682
1948
2181
2354
2510
2601
2571
2616
2857
3061
3056
3002
2953
2833
2554
2345
2432
2321
1876
1511
1220
767
293
112
-109
-717
-1379
-1734
-2052
-2615
-3007
-3197
-3580
-4106
-4450
-4540
-4712
-4965
-4967
-4822
-4880
-4977
-4742
-4370
-4168
-4024
-3630
-3149
-2900
-2595
-2029
-1531
-1200
-726
-123
347
661
965
1390
1808
2078
2306
2554
2733
2798
2817
2888
3016
3017
2895
2787
2620
2370
2187
2144
2034
1704
1319
1009
707
453
361
244
-90
-450
-623
-694
-798
-892
-944
-1090
-1267
-1284
-1112
-935
-955
-1008
-943
-792
-548
-282
-39
117
175
304
615
1004
1268
1411
1534
1679
1896
2179
2470
2655
2671
2687
2810
2923
3018
3141
3126
2790
2407
2376
2482
2242
1756
1389
1000
463
136
82
-264
-1126
-1844
-2098
-2403
-2890
-3202
-3445
-3980
-4507
-4579
-4475
-4596
-4786
-4770
-4717
-4759
-4580
-4122
-3757
-3597
-3431
-3075
-2594
-2131
-1613
-1067
-687
-430
-50
510
1031
1433
1781
2017
2146
2354
2699
2965
3038
3006
2906
2808
2777
2784
2762
2570
2191
1832
1614
1421
1187
964
696
328
-58
-291
-349
-477
-738
-978
-1168
-1311
-1359
-1340
-1331
-1358
-1409
-1439
-1359
-1158
-952
-840
-757
-596
-402
-204
94
432
619
669
783
1069
1418
1671
1820
1926
2010
2118
2330
2573
2711
2698
2603
2560
2630
2757
2801
2611
2218
1929
1872
1846
1652
1334
985
465
-13
-118
-174
-623
-1292
-1714
-1942
-2236
-2506
-2608
-2809
-3296
-3641
-3569
-3413
-3505
-3630
-3567
-3551
-3613
-3451
-3012
-2661
-2589
-2457
-2117
-1831
-1563
-1092
-614
-385
-213
137
489
723
1022
1330
1444
1484
1677
1910
1966
1944
1977
1970
1846
1741
1723
1643
1441
1228
1071
929
722
527
397
171
-113
-280
-373
-504
-639
-743
-884
-1035
-1085
-1037
-1039
-1089
-1068
-1078
-1096
-983
-810
-674
-588
-534
-448
-283
-69
158
362
516
643
772
940
1164
1369
1568
1746
1804
1870
2028
2180
2289
2381
2462
2441
2381
2426
2515
2480
2256
2054
1993
1924
1746
1469
1194
915
633
442
253
-80
-582
-987
-1189
-1399
-1685
-1971
-2238
-2582
-2859
-2931
-2996
-3140
-3252
-3287
-3352
-3382
-3240
-3008
-2857
-2806
-2641
-2369
-2120
-1836
-1494
-1193
-992
-755
-399
-47
224
453
669
848
1018
1229
1422
1542
1611
1628
1631
1674
1692
1642
1588
1529
1408
1257
1137
1018
824
614
478
328
136
-13
-165
-363
-540
-654
-742
-855
-946
-978
-1069
-1163
-1116
-1035
-1023
-1019
-946
-854
-762
-610
-413
-243
-138
7
268
522
700
863
1051
1223
1416
1680
1905
2037
2119
2227
2376
2535
2683
2738
2682
2647
2681
2713
2692
2551
2319
2123
1968
1813
1635
1344
929
533
264
48
-269
-700
-1117
-1496
-1863
-2121
-2322
-2608
-2985
-3297
-3442
-3518
-3591
-3643
-3683
-3740
-3739
-3598
-3390
-3175
-2973
-2777
-2573
-2327
-1972
-1549
-1201
-941
-631
-318
-47
298
679
959
1111
1248
1458
1663
1771
1848
1900
1878
1848
1817
1761
1682
1548
1375
1204
1034
833
637
448
250
41
-157
-320
-518
-706
-787
-847
-957
-1051
-1069
-1075
-1099
-1070
-964
-847
-790
-703
-542
-359
-167
33
255
461
612
765
1001
1276
1490
1667
1808
1887
1971
2144
2350
2487
2518
2477
2439
2447
2509
2545
2494
2356
2169
2000
1886
1856
1774
1444
962
643
537
476
368
96
-434
-1033
-1274
-1154
-1128
-1412
-1881
-2344
-2623
-2555
-2275
-2218
-2559
-2984
-3119
-2960
-2653
-2363
-2302
-2529
-2720
-2518
-2035
-1607
-1406
-1400
-1462
-1390
-1007
-478
-146
-121
-219
-206
-26
307
646
743
574
406
448
623
794
872
760
505
302
342
525
587
463
199
-54
-126
-12
131
146
-16
-288
-446
-324
-63
59
-51
-223
-313
-263
-40
228
310
187
68
93
284
534
688
679
552
496
633
883
1064
1077
973
879
912
1065
1256
1340
1245
1098
1056
1168
1314
1367
1307
1182
1070
1051
1132
1206
1158
949
749
703
704
685
631
498
276
82
56
60
-39
-186
-342
-504
-614
-615
-634
-759
-907
-995
-1071
-1152
-1137
-1109
-1176
-1270
-1318
-1307
-1291
-1280
-1244
-1251
-1282
-1259
-1218
-1172
-1092
-1016
-1006
-1003
-932
-813
-720
-666
-568
-485
-468
-415
-289
-155
-102
-70
24
91
110
181
298
347
332
376
438
433
432
468
484
453
421
415
395
381
382
345
279
233
190
163
166
133
60
-4
-37
-49
-52
-14
8
-42
-77
-20
68
115
139
159
170
206
284
394
503
532
526
590
685
751
820
875
891
884
890
917
932
936
925
872
797
736
696
664
631
544
406
281
203
158
108
40
-82
-264
-395
-396
-380
-448
-555
-651
-735
-767
-704
-648
-700
-820
-869
-831
-781
-728
-708
-747
-801
-767
-637
-558
-558
-562
-529
-493
-441
-316
-222
-243
-284
-207
-74
-15
0
17
21
-10
-5
80
121
55
-7
-4
-8
-56
-91
-90
-134
-226
-257
-246
-283
-349
-381
-399
-418
-425
-403
-397
-448
-463
-406
-339
-301
-269
-224
-180
-109
0
102
159
212
299
367
451
591
686
697
728
803
864
913
963
1012
1001
944
943
960
926
878
854
821
763
675
570
472
366
294
262
198
88
-46
-126
-145
-165
-204
-238
-280
-352
-393
-363
-300
-252
-235
-234
-243
-226
-143
-43
15
35
60
85
132
222
306
323
290
290
323
330
335
369
373
302
216
158
117
85
54
-11
-131
-271
-380
-426
-429
-483
-631
-801
-875
-877
-860
-872
-974
-1096
-1148
-1117
-1057
-1001
-979
-1019
-1050
-994
-850
-732
-699
-656
-593
-523
-424
-285
-143
-74
-51
9
107
199
283
382
454
463
478
540
615
669
687
677
641
619
658
706
695
650
609
553
498
512
547
496
374
298
294
297
284
261
209
107
29
36
90
114
80
12
-46
-41
21
89
107
65
31
31
68
173
274
269
202
175
238
329
387
416
389
304
259
315
391
373
286
202
130
94
103
108
45
-82
-203
-272
-292
-297
-346
-429
-517
-585
-612
-610
-599
-618
-687
-746
-739
-699
-643
-611
-627
-635
-613
-554
-479
-422
-373
-328
-298
-274
-212
-121
-36
21
25
34
82
138
197
248
266
229
182
204
286
332
310
273
216
155
158
231
292
235
106
43
75
122
126
111
76
-2
-42
16
93
92
42
27
58
107
139
158
166
155
175
225
255
259
248
253
285
314
323
335
340
306
268
297
328
296
255
235
213
177
156
154
120
33
-21
-19
-42
-87
-134
-182
-239
-278
-272
-275
-320
-366
-359
-358
-377
-355
-322
-329
-364
-335
-258
-225
-222
-208
-192
-184
-139
-67
-25
-4
10
16
32
80
129
142
129
97
87
105
145
163
112
73
60
78
107
99
58
17
-9
-26
-8
10
-11
-59
-105
-107
-81
-55
-63
-80
-80
-75
-68
-49
-2
16
-4
-10
9
45
79
98
87
65
69
96
131
133
102
71
53
51
54
53
28
-35
-96
-105
-88
-103
-139
-177
-225
-259
-255
-214
-208
-253
-291
-288
-258
-234
-200
-188
-231
-251
-213
-130
-70
-61
-66
-76
-54
9
85
123
113
102
107
161
227
257
247
229
241
258
263
273
283
254
217
223
237
227
191
163
140
124
139
149
125
91
75
73
72
57
54
76
101
83
47
48
70
80
100
129
132
100
78
105
148
179
166
112
81
98
143
173
177
141
96
84
104
136
141
107
57
8
-16
8
14
-38
-100
-154
-200
-228
-246
-265
-306
-377
-427
-440
-451
-453
-454
-489
-547
-566
-527
-492
-492
-487
-470
-471
-459
-384
-301
-269
-259
-228
-178
-126
-69
5
66
80
93
139
199
262
306
318
291
268
288
344
379
363
325
276
245
249
275
271
211
151
122
105
101
112
105
51
-19
-48
-23
7
6
-11
-41
-68
-65
-25
35
57
38
15
24
68
120
157
161
149
144
154
182
216
230
205
186
187
188
183
182
175
137
92
72
74
55
10
-16
-39
-77
-103
-111
-129
-168
-195
-212
-228
-250
-263
-267
-297
-315
-296
-278
-286
-307
-303
-275
-241
-211
-190
-184
-198
-183
-121
-50
-29
-49
-50
-20
36
82
107
105
67
64
119
168
176
142
112
110
130
153
173
165
119
100
122
145
151
155
134
96
89
119
151
147
129
117
101
107
141
162
151
133
117
100
115
155
171
139
78
55
71
94
104
87
44
-1
-14
2
13
2
-31
-74
-113
-115
-93
-84
-121
-177
-202
-195
-168
-171
-200
-222
-238
-240
-221
-196
-190
-211
-230
-218
-181
-157
-158
-157
-148
-124
-96
-67
-55
-62
-46
-10
9
12
40
70
71
52
55
97
114
104
91
91
99
90
94
102
94
79
65
64
61
64
60
28
15
24
34
30
19
0
-17
-14
9
29
16
1
-6
-14
7
47
78
60
24
38
72
106
125
126
105
84
100
121
116
105
100
76
47
45
51
32
-11
-28
-42
-71
-97
-118
-125
-134
-155
-180
-203
-214
-204
-200
-209
-208
-202
-204
-205
-180
-149
-139
-138
-123
-89
-63
-40
-17
-6
9
49
97
124
137
154
170
183
204
220
235
230
219
212
209
227
245
233
195
159
160
179
171
147
138
115
77
73
92
85
45
13
1
5
12
14
7
-18
-40
-30
-12
-14
-26
-31
-29
-46
-66
-51
-21
-29
-50
-56
-54
-61
-59
-35
-36
-61
-68
-66
-66
-51
-33
-30
-56
-79
-58
-37
-46
-61
-77
-88
-104
-112
-92
-84
-108
-139
-148
-149
-154
-142
-132
-161
-192
-192
-174
-161
-161
-168
-189
-198
-168
-126
-107
-109
-114
-114
-91
-49
-20
-8
-11
-9
16
46
75
96
92
97
119
146
181
191
179
178
187
206
223
230
224
201
189
199
207
205
189
175
158
137
134
137
130
104
76
72
60
38
28
18
1
-23
-42
-49
-53
-60
-73
-94
-110
-105
-103
-121
-122
-114
-118
-124
-133
-121
-99
-102
-104
-101
-101
-75
-48
-47
-59
-54
-32
-18
-12
3
10
-2
-4
18
34
34
25
8
0
7
32
42
12
-28
-32
-4
4
-13
-29
-42
-53
-61
-48
-26
-34
-61
-69
-64
-45
-27
-32
-34
-36
-29
3
19
28
38
42
63
81
91
115
129
126
118
123
148
168
165
151
143
130
120
122
124
107
80
50
16
-5
-1
1
-31
-82
-115
-118
-122
-128
-127
-148
-181
-197
-196
-178
-161
-170
-186
-204
-205
-175
-149
-132
-127
-127
-119
-106
-83
-49
-25
-22
-22
-16
5
32
56
77
77
68
76
96
114
120
125
118
105
110
127
136
123
102
98
98
92
85
84
76
52
26
21
29
22
13
4
-12
-14
-10
-11
-6
7
10
-1
-8
6
41
56
54
45
37
57
86
101
108
110
105
102
112
140
158
140
108
90
105
123
119
98
67
36
23
20
13
-1
-28
-59
-93
-112
-105
-103
-129
-170
-194
-188
-167
-168
-185
-201
-197
-189
-186
-167
-142
-134
-146
-143
-112
-80
-67
-64
-60
-55
-39
-9
3
0
5
13
23
28
38
47
29
12
23
44
52
41
21
8
10
25
29
8
-8
-7
2
8
7
13
4
-13
-6
11
28
42
38
33
34
50
78
86
85
88
84
91
106
120
132
125
109
106
115
126
121
109
93
76
72
76
67
42
24
13
5
-8
-19
-27
-45
-66
-82
-92
-90
-97
-116
-129
-136
-143
-139
-135
-134
-131
-135
-136
-128
-107
-89
-87
-87
-76
-67
-53
-32
-15
-14
-16
-4
10
21
30
34
28
22
33
48
48
36
32
33
28
28
32
26
10
-7
-3
5
0
-9
-22
-30
-30
-27
-8
-5
-18
-15
-10
-4
11
26
42
38
30
43
63
76
89
97
100
105
112
119
130
138
137
132
124
118
122
122
109
92
69
56
52
46
37
26
2
-23
-36
-41
-44
-57
-81
-104
-110
-106
-102
-112
-134
-136
-137
-135
-125
-122
-119
-124
-126
-109
-92
-81
-69
-70
-70
-58
-38
-16
-7
-3
6
14
16
28
57
65
57
51
45
51
64
74
76
52
28
27
32
33
23
6
-19
-30
-27
-20
-13
-26
-43
-51
-56
-49
-35
-32
-35
-44
-46
-28
-13
-5
3
6
9
14
23
44
61
61
56
59
69
87
104
100
88
74
72
80
81
83
70
45
22
13
19
17
1
-31
-59
-69
-69
-67
-76
-100
-121
-122
-121
-119
-115
-112
-109
-126
-126
-100
-84
-71
-69
-65
-51
-36
-21
-3
5
1
14
25
38
59
74
83
72
70
84
99
105
101
96
87
86
89
88
89
85
75
64
64
65
68
63
47
39
