-10
-1
0
-2
-1
-4
2
-5
-6
4
1
3
4
-3
2
-2
0
4
4
15
10
6
6
0
3
5
6
3
0
-2
-6
-7
-1
1
-3
5
7
1
8
10
11
9
10
7
3
4
-1
9
10
3
10
6
1
7
4
3
2
2
13
12
5
5
5
4
2
-6
3
10
7
14
14
12
5
4
7
3
6
3
-2
-4
0
4
-7
-10
-7
-8
-12
-15
-11
-7
-10
-9
-2
-6
-10
-5
-6
-8
-7
-8
-7
-7
-1
-1
-6
-6
-2
4
-4
-9
-2
-2
-7
-7
-3
-4
0
5
8
11
4
1
-1
-3
0
4
-1
-5
-3
-1
6
9
6
9
8
7
8
7
6
5
7
5
1
-5
-7
-2
-1
-5
-3
-9
-10
-5
-9
-12
-11
-9
-14
-17
-4
4
2
4
7
10
14
3
7
17
7
7
16
23
20
14
4
1
14
15
9
5
4
6
0
2
5
-5
-9
-8
-6
4
7
-6
-10
-7
-7
-13
-16
-2
-2
-14
-22
-8
-3
-13
-1
4
-5
-7
1
-4
-9
-1
-5
-8
-7
-2
-1
-12
-15
-7
-6
-9
1
5
-12
-10
-4
-16
-18
3
14
0
-17
-15
-8
-20
-12
13
6
-10
-14
-7
-11
-13
3
7
-6
-10
-1
-6
-10
-2
8
19
12
1
4
6
-1
-6
2
3
-4
1
5
-3
-9
0
8
0
-4
0
-1
-13
-10
10
6
-7
0
10
5
-3
12
24
12
3
18
28
14
10
21
24
19
31
40
33
15
14
44
57
56
56
31
10
19
59
85
65
34
20
12
23
53
49
23
8
3
-3
-5
-2
-12
-31
-28
-11
-20
-50
-52
-44
-54
-52
-32
-58
-86
-67
-53
-52
-61
-55
-48
-72
-54
-21
-12
-30
-53
-40
-26
-26
-19
-14
-14
-35
-52
-37
-32
-44
-51
-48
-48
-74
-84
-66
-78
-112
-106
-79
-90
-112
-113
-112
-117
-105
-79
-66
-64
-67
-58
-41
-13
15
25
40
55
59
73
111
149
159
160
172
170
174
216
256
246
227
229
239
261
287
313
304
278
287
290
281
271
265
269
247
225
209
164
135
116
90
64
24
-29
-78
-142
-225
-308
-343
-321
-364
-468
-560
-639
-699
-699
-632
-630
-732
-812
-800
-772
-753
-691
-665
-694
-673
-581
-518
-518
-450
-310
-232
-209
-173
-96
4
132
254
299
334
415
498
629
821
927
896
925
1095
1262
1336
1391
1492
1610
1699
1684
1582
1607
1807
1934
1975
2065
1691
587
26
904
1826
1291
154
-358
-844
-1577
-1273
-21
-58
-1916
-3244
-2822
-2261
-2489
-2420
-1894
-2231
-3474
-3912
-2859
-1718
-1695
-2089
-1897
-1556
-1764
-1832
-732
659
664
-271
-309
668
1196
1144
1673
2469
2101
1019
1071
2286
2886
2316
1788
1835
1674
1094
1049
1797
2067
1074
-45
-70
397
274
-117
-39
-36
-843
-1657
-1365
-547
-523
-1225
-1578
-1394
-1377
-1653
-1495
-804
-655
-1380
-1690
-884
-400
-1127
-1431
-511
-127
-898
-961
-10
-29
-808
-334
670
276
-468
130
905
554
311
904
1019
577
888
1543
1403
1172
1566
1755
1518
1783
2303
2080
1792
2329
2707
2209
1933
2420
2683
2481
2715
3035
2080
486
245
1454
2226
1575
372
-630
-1525
-2038
-1446
-298
-472
-2405
-4056
-3966
-3243
-3095
-3011
-2639
-3030
-4412
-5038
-3897
-2418
-2126
-2498
-2459
-2250
-2410
-2233
-900
589
643
-335
-531
425
1230
1496
2064
2669
2170
1102
1232
2560
3315
2829
2175
2007
1793
1330
1357
2087
2347
1309
56
-106
59
-582
-986
-195
47
-1699
-3499
-3389
-2638
-2579
-2348
-2021
-3119
-4837
-4677
-2882
-1830
-1865
-1966
-2295
-2656
-1833
-104
924
1080
1253
1406
1497
2382
3979
4953
5036
5005
5008
5002
5463
6460
7303
7505
6426
3952
2456
3982
6281
5848
3421
1613
98
-1616
-1345
1072
1477
-2028
-5549
-5818
-4881
-5044
-5046
-4194
-4665
-7333
-9313
-8050
-5258
-4297
-5251
-5729
-5382
-5707
-5957
-3846
-557
85
-2052
-2952
-1050
991
1691
2561
3909
3714
2003
1787
4160
6361
6124
4788
4394
4471
3835
3517
4845
6072
4677
1871
663
1185
1350
852
907
341
-2529
-5450
-5109
-2768
-2170
-3696
-5325
-6632
-7545
-6601
-4139
-2772
-3483
-4767
-5172
-4413
-2482
-112
1106
889
656
984
1815
3840
6417
7396
6580
6150
6801
7452
8530
10287
9938
6623
4649
6314
8188
7364
5620
4502
2479
-29
-139
1709
1618
-1473
-4376
-5038
-5261
-6342
-6512
-5355
-5450
-8137
-10689
-10061
-7697
-6904
-7481
-7305
-6946
-7943
-8684
-6317
-2577
-1823
-3667
-4128
-2253
-586
105
1623
3732
3771
1985
1899
4396
6569
6460
5704
5904
5982
4896
4108
5433
7019
5385
1650
530
1836
1441
-34
384
427
-3023
-5963
-4283
-1871
-2957
-4745
-4495
-4527
-5591
-4966
-2574
-1676
-2416
-2308
-1452
-622
956
2821
3522
3973
5140
5810
6094
7455
8107
6162
5191
7748
9757
7882
5490
5359
4928
3210
3061
4578
3780
23
-2531
-2089
-1711
-3072
-4111
-4077
-4729
-7008
-8941
-8266
-6265
-6144
-7854
-8361
-7444
-7641
-8489
-6859
-3911
-3666
-5692
-6154
-3953
-1921
-1565
-1123
326
912
-48
8
2576
4967
4492
3242
3768
4718
4218
3857
5644
6889
4446
1264
1450
2948
2685
1983
2080
806
-2315
-3393
-1502
-274
-1136
-2455
-3389
-4022
-3833
-2436
-1049
-1057
-1577
-1751
-1525
-161
1990
3147
3091
3598
4961
5689
6293
8294
8608
5141
3390
6844
10436
9015
5622
4597
3956
2030
2004
4580
4898
540
-3990
-3946
-2315
-3278
-4606
-4005
-4049
-7155
-10567
-9997
-6329
-4977
-7206
-8835
-8141
-8033
-9257
-7604
-3230
-2150
-5494
-7521
-5059
-1654
-871
-964
676
1603
-273
-1291
1944
6010
5898
3412
3056
4281
3855
3111
5265
7540
4707
-190
-48
3057
3121
1404
1287
248
-3089
-4046
-1439
83
-1316
-3053
-3751
-3997
-3570
-1920
-561
-805
-1312
-1206
-713
792
3457
5014
4716
5094
6639
7468
8310
9455
7439
4422
6248
10769
10928
6850
4718
4475
3033
2281
4311
5368
1546
-3891
-4856
-2517
-2988
-5165
-5111
-4609
-7059
-10996
-11411
-7868
-5589
-7396
-9727
-9396
-8439
-9483
-9169
-4691
-2068
-5088
-8195
-6289
-2143
-646
-1123
21
1809
630
-1187
1168
6037
6965
3989
3290
4603
3949
3096
5285
7314
4916
759
123
2357
3023
1919
664
-682
-2331
-3052
-1879
-839
-1264
-2307
-3557
-4041
-2584
-1287
-1129
-617
34
9
-17
1829
4586
5883
6238
7244
8387
9210
8575
5574
5145
9269
12828
10973
6287
4510
4304
3339
3763
6170
5624
-223
-5814
-4950
-1467
-2764
-5651
-5583
-5609
-9107
-12687
-11297
-6965
-5983
-9316
-11561
-10375
-9139
-10092
-8875
-4199
-3080
-7186
-9459
-5879
-1281
-419
-1451
-404
1167
-176
-1098
2434
7183
6798
3148
2685
4743
4726
3903
6016
7547
4335
16
556
3903
4193
1930
243
-685
-2004
-2390
-856
426
-740
-2860
-3818
-3391
-1729
-528
-374
-532
-335
-192
243
2641
5556
6591
6276
6976
8489
9643
8008
4709
6113
11151
12901
8936
5373
5141
4346
3221
4601
6617
4144
-2395
-6216
-3356
-935
-4036
-6458
-5497
-6153
-10625
-13302
-10184
-6159
-7220
-11035
-11963
-10048
-9514
-10636
-8048
-3411
-4269
-9057
-9307
-4005
-382
-1151
-1961
7
999
-891
-633
4257
7923
5330
1924
3524
5192
2987
3354
7944
8103
1991
-1320
1462
3845
3299
2284
962
-1633
-3759
-2660
445
984
-1380
-2889
-3668
-3663
-1658
104
124
-174
372
6
309
3759
7159
7549
7340
8819
10086
9271
5583
5047
10632
14810
12180
6752
5136
5052
4376
5323
7631
6929
692
-5940
-5431
-357
-1104
-5592
-6213
-5570
-9222
-13961
-12342
-6743
-5694
-10380
-13662
-12215
-10029
-10578
-10200
-5520
-3779
-8780
-12029
-7335
-1181
-794
-2819
-1963
30
-946
-1847
2053
7355
6854
1859
1210
4358
4493
3314
5631
7800
4153
-609
67
3767
4647
2320
332
-303
-1666
-2721
-565
1326
-78
-2386
-3394
-2853
-1228
64
548
943
998
900
1196
3810
7489
8845
8805
9365
10572
7651
2638
5898
15014
16743
9175
3978
4449
4599
4017
6489
9325
5334
-4319
-8846
-3268
1147
-2727
-6663
-5713
-6801
-13101
-15554
-9546
-3845
-6913
-13628
-14892
-11333
-9924
-11148
-7934
-2924
-5653
-12821
-12045
-3300
1242
-1703
-3649
-999
-136
-2451
-938
6094
9241
3101
-1531
2794
6821
4343
3649
7540
6559
195
-975
4137
6294
3305
453
210
-221
-1706
-604
2008
1385
-1771
-3274
-2566
-1103
436
1095
501
148
711
1296
2991
6359
8536
8086
7577
9587
11395
7039
2766
8239
15925
14134
6672
4631
6024
4650
3869
6791
8303
2845
-5872
-7234
-826
307
-5554
-7752
-5343
-7285
-13917
-14825
-8265
-4770
-9313
-14430
-13613
-10054
-10293
-11814
-7385
-2864
-7302
-13458
-9826
-1387
182
-3539
-3444
52
-337
-2814
-100
6372
7165
1298
-245
4303
5262
1987
3468
7739
5450
-5
-119
3556
4469
2264
870
867
-245
-1633
-525
1563
1418
-1061
-2385
-1453
-87
633
855
1310
1825
1938
2008
4365
7577
8901
8705
9837
12192
7583
956
5577
16554
17659
8060
3270
5125
4703
3466
6795
10320
5643
-5845
-10012
-1674
2396
-4131
-7919
-4915
-6103
-14405
-17037
-8675
-2407
-7542
-15194
-15496
-10721
-9822
-12175
-7986
-1875
-6399
-15297
-12722
-1749
1878
-3315
-5036
-858
-518
-4070
-1714
6337
8292
991
-2759
2772
5674
1878
2580
7977
6316
-1002
-2080
3703
6370
3344
709
541
-69
-1393
-143
3065
2940
-916
-2973
-1320
1020
1788
1505
1720
2030
1821
2145
4726
8418
9651
8622
8554
12352
11883
3031
1891
13087
19739
11599
3139
4805
6204
3562
3888
8568
8898
-1133
-11202
-6349
2928
-999
-9169
-7945
-4197
-10339
-18479
-14040
-3880
-4441
-13667
-17729
-12927
-8333
-11470
-12371
-4653
-2628
-11955
-16224
-6452
2593
-821
-6556
-3386
962
-1732
-3792
2552
9451
4632
-3568
-180
7002
4540
1040
5918
8161
1969
-2019
1961
6563
5497
1877
593
947
260
176
2458
3853
1076
-2207
-1593
929
2563
2271
1483
1870
2341
2429
3505
6830
9403
9020
7778
10794
13114
4748
-625
8976
19576
14630
3615
3023
5755
4044
2934
6943
9887
2465
-10144
-9817
1432
1619
-7830
-9499
-4200
-7270
-17500
-17274
-6055
-2042
-10666
-18058
-15301
-8800
-9794
-13197
-7076
-1426
-8984
-17296
-10353
1742
1705
-5934
-5852
89
-660
-4578
-277
8394
6402
-3396
-2931
5639
5666
757
3744
7444
3074
-1905
474
5691
6087
2464
107
627
913
666
2446
4442
2305
-1540
-1562
1397
3752
3480
2282
2349
2972
3411
4656
7317
9277
9699
8941
11575
12785
4158
-4
10027
19910
14057
3274
2780
5015
3654
3398
7222
9027
955
-11113
-9489
1544
773
-8737
-9960
-4623
-8466
-18575
-17029
-5327
-2529
-11881
-18633
-15113
-8576
-9954
-12887
-6302
-1550
-10073
-17476
-8955
3083
1374
-6695
-5256
387
-1236
-4286
1023
8703
5073
-4168
-2291
6334
5646
824
4047
7082
2172
-1942
1575
6384
5932
2163
-26
695
1255
1192
2931
4667
2170
-1791
-1338
2454
4508
3549
2957
3058
3024
3655
5578
8202
9958
10745
9662
12043
11906
2427
896
13147
21209
11894
1626
2956
4692
3598
4655
7901
7546
-1464
-12496
-8574
2717
18
-10010
-10318
-5117
-10559
-20167
-15705
-3581
-3678
-14303
-19897
-15193
-8087
-9685
-12533
-6120
-2615
-12042
-17979
-6903
4590
367
-8120
-5331
308
-2115
-3895
2850
9132
3217
-5720
-1747
7321
5792
1536
4689
5720
726
-1293
3386
7566
5928
1631
-336
893
2117
2547
4009
4774
1508
-2015
-445
3721
5197
3874
3083
2733
2537
3894
6609
9026
9933
9746
8667
12209
13159
2727
272
13181
20953
10957
1159
4087
5857
3255
3676
7145
7545
-967
-12233
-8726
3031
-7
-11474
-11476
-4323
-9027
-20338
-17232
-4339
-3594
-14596
-20193
-14846
-7463
-9861
-14053
-7111
-1687
-10810
-18487
-7926
4831
672
-8898
-5884
1132
-1510
-4669
2007
9375
3708
-5951
-2049
7714
6318
1289
4277
6000
1414
-849
3427
7677
6198
1724
-247
1433
2770
2598
3751
4947
1803
-2018
-366
4189
5497
3407
2460
2607
2513
3636
6059
8380
9325
9079
7852
11101
14406
5063
-1578
9323
20652
13795
1996
3211
6304
3779
2726
5825
8274
2286
-9910
-10807
837
2150
-9037
-12525
-5095
-6005
-18176
-19851
-7146
-1955
-11518
-19790
-16913
-8832
-8643
-14001
-9703
-2129
-7887
-18053
-12091
2519
2810
-7703
-8223
-319
-480
-5047
-477
8304
5667
-4720
-4296
5633
7434
2312
3266
5788
2704
-373
2288
7271
7718
3254
-156
1155
3448
3484
3793
5422
3643
-939
-828
3828
6221
4336
2544
2771
2787
3298
5432
7996
8799
8349
7385
9399
15500
9824
-2248
2835
17663
17653
4621
1908
6417
4382
1199
3666
8197
6006
-5558
-12668
-3523
3661
-5294
-13549
-7422
-2341
-13320
-22396
-12623
-1268
-6869
-17911
-18725
-11140
-7673
-13008
-12743
-3537
-3676
-15278
-16937
-3044
4760
-3960
-10234
-3439
625
-4179
-4159
5068
8537
-1026
-6884
1190
8033
4096
1764
5195
4568
201
292
5446
8697
5863
823
129
3088
4158
3766
5374
5607
1265
-1583
2017
6543
5627
2793
2623
3521
3007
3795
6933
8403
7865
6809
6904
9933
15315
10945
-1121
1779
14837
16116
6188
3967
7249
3206
-232
3315
7668
5996
-2631
-10479
-6460
664
-4067
-11466
-7907
-2644
-11569
-22041
-15184
-3250
-5709
-15407
-17828
-13341
-9634
-12111
-12705
-5423
-2930
-12201
-17546
-7485
2684
-1677
-8054
-3980
-162
-4229
-5470
3056
9218
2412
-5668
-1616
5954
4807
2525
5720
5600
519
-696
4019
8357
7340
2580
346
2413
3946
3541
4938
6760
3372
-1326
705
5755
5932
3347
3265
3866
2736
2897
5813
8142
8399
7374
6304
7954
14046
13686
1667
-1046
11311
17333
8862
3465
6555
4728
703
2252
6557
7206
473
-8842
-8415
6
-1024
-9972
-10241
-3179
-7041
-19474
-18588
-6173
-3481
-12586
-18251
-15065
-9912
-11012
-13890
-8624
-2752
-8959
-17786
-12129
232
429
-7250
-6518
-1435
-3410
-6100
-41
7791
4690
-4468
-4420
3407
5871
3447
4364
5139
1595
-290
3165
7404
7918
4377
756
1595
4167
4518
5045
6635
4680
127
236
4867
6695
4494
3159
3337
3172
3055
4980
7170
7557
6690
5441
6916
10972
15149
9684
-1460
1555
12740
14389
7536
5357
6028
1890
-620
2765
7312
6633
-1056
-9243
-7231
-776
-3298
-9171
-6484
-2308
-10813
-21154
-15588
-3452
-3855
-13075
-17079
-14083
-10359
-11517
-11883
-5362
-2696
-11859
-17970
-9040
1645
-796
-7309
-5047
-1901
-4958
-5781
2029
8329
2499
-5832
-3506
3976
5179
3423
4499
4391
1145
-283
3038
7726
8191
3415
4
2018
4645
4385
4889
6655
4373
-177
462
5301
6711
4390
3320
3288
2975
3152
4733
7618
8021
5827
4468
6216
9972
13170
12977
4402
-1488
5546
13833
12215
6665
5258
2599
-638
1069
4768
6538
3754
-4812
-10805
-6002
-1030
-4835
-8549
-5579
-6695
-16533
-19203
-9539
-2752
-7329
-15221
-17717
-13281
-9226
-10655
-9520
-4293
-6399
-15334
-14558
-2778
2449
-3552
-7571
-4053
-2221
-4511
-2302
5317
6576
-1971
-5746
979
5399
3824
4245
4837
1901
-237
1458
5635
8234
5750
917
134
3163
4723
4606
6030
5786
975
-1170
3167
7123
5879
3263
2733
2978
3062
4140
6561
7971
6921
4852
4474
7669
11500
14272
11622
1003
-1682
8111
14978
11510
6102
4191
772
-683
2470
5705
6829
2598
-7480
-11373
-4113
-397
-5393
-8021
-5156
-8506
-18176
-18170
-7039
-1293
-8442
-17630
-18157
-11364
-8423
-10968
-8318
-3186
-8075
-17378
-13210
147
2882
-4832
-7588
-3933
-3184
-4200
156
6782
5012
-3809
-5669
2060
6637
4736
4056
3654
1162
200
2792
7094
8646
4681
-237
428
4222
5481
5130
5971
4490
-76
-441
4331
7249
5159
2376
2015
2197
2740
4620
6438
6743
5109
3168
3712
7812
10747
11468
12329
5291
-3376
1661
13805
15898
7513
2638
976
-641
1662
5475
7510
5556
-3873
-12499
-7354
1557
-683
-7754
-7559
-5705
-13279
-19720
-11184
-93
-4202
-15979
-19919
-13397
-7128
-9321
-10275
-5071
-5660
-15263
-16988
-4016
5136
-1673
-9865
-6523
-2028
-3725
-3434
3989
7915
-779
-8159
-1328
6968
5123
2730
3902
2525
47
912
5007
8594
7290
1153
-1475
2957
6266
5043
4960
5816
2364
-1216
2013
7650
7181
2754
1542
2598
2536
3422
6179
7020
5275
3283
2928
5091
8820
10237
8999
11312
8010
-2658
-767
12948
17819
7708
7
805
1368
2008
4493
6908
5720
-2752
-12235
-8534
2237
1734
-7652
-9836
-5439
-9978
-18353
-12887
-677
-2383
-14789
-20156
-13874
-5813
-7201
-10851
-6956
-5158
-12622
-16024
-5281
4664
-756
-10107
-7992
-1595
-2037
-3103
2300
6192
-285
-7419
-2310
6097
5330
2435
2524
1204
145
1318
4150
7425
6807
1099
-2068
2072
6319
5164
3776
4791
2616
-1028
1322
6930
7193
2425
443
1948
2637
3230
5331
6443
4483
2398
2408
5031
8287
8809
7819
7335
10587
8053
-1358
1817
13955
15540
3930
-1118
4179
4472
2041
3689
5562
2665
-4061
-9188
-4551
3290
-698
-10967
-11168
-3861
-7342
-16595
-12499
-2184
-5143
-16088
-17629
-10092
-4771
-8308
-12494
-8729
-4798
-9571
-13566
-5434
2985
-2013
-10777
-7074
1258
0
-3502
28
4498
357
-5067
-267
6828
4687
123
1372
3384
2934
2252
3701
5697
5184
1992
-14
3025
6303
4488
1865
3486
3771
604
1342
5695
5657
640
-596
2836
3796
2354
2786
4186
3675
2307
2528
4399
6936
7279
5797
5686
9322
12631
4077
-2971
6764
15688
9715
1364
4035
5931
1267
1262
5095
5695
1941
-5338
-8240
-649
2444
-6582
-11620
-4822
-2250
-12980
-18043
-7834
-1350
-9407
-16933
-14256
-7950
-6929
-12129
-11790
-4847
-5581
-13776
-12445
-982
1588
-7354
-9714
-2140
93
-3750
-2921
2567
3786
-1953
-4196
2504
6974
2703
471
3260
3713
2392
2624
4816
6590
5122
1288
796
4928
6449
3653
3126
4670
2473
138
3111
6451
4252
498
805
2789
2766
2402
3332
3900
3325
1776
2539
5255
6394
5791
5018
6351
8144
10713
7374
-82
3203
11201
10928
4960
4395
4997
1339
1388
4229
4573
2629
-1329
-5927
-4364
-679
-3703
-7896
-6330
-4169
-9787
-15285
-11090
-4764
-6527
-12414
-14220
-11650
-8579
-9984
-11032
-6970
-5475
-10733
-13105
-6073
-121
-3589
-7846
-4922
-2035
-3134
-2791
1089
3750
102
-3858
-365
5005
4000
1969
3447
3313
1712
2221
4228
5888
5970
2956
439
2812
5553
4397
3250
4367
3132
94
1135
4984
5127
1757
585
1665
2210
2132
2830
4014
3710
2298
1642
3255
5615
6395
5396
5491
6970
8298
9593
5269
1322
5682
10402
8814
4769
4952
4160
1499
2545
4114
3683
1919
-2172
-5297
-2847
-1428
-4658
-6981
-5689
-5259
-10151
-13560
-9728
-5448
-7875
-12576
-13287
-10160
-8396
-10847
-10285
-5976
-6591
-11448
-10955
-4246
-1499
-5325
-6896
-3299
-1386
-2967
-2799
991
2880
-382
-1988
2181
4625
1905
1673
3997
3579
2733
3241
3961
5118
5229
2388
1131
4344
5878
3172
2071
3737
2995
892
2168
4771
3779
817
620
2286
2566
2218
2698
2936
2524
2270
2491
3720
4980
5158
4796
5260
6609
7596
9594
7438
1648
2568
8428
10414
6888
4771
3794
1591
1766
3518
4506
3612
-730
-5767
-4436
-532
-2058
-6240
-6636
-4535
-7880
-13517
-11417
-4733
-4871
-11487
-14586
-10992
-7301
-9348
-10576
-6508
-5424
-10638
-12531
-5838
-279
-3253
-7497
-5275
-1686
-2648
-3540
461
3909
485
-3573
-456
4156
3474
2303
3089
2531
1851
2267
3285
5135
5589
2509
-47
2170
5035
3913
2375
3342
2679
11
658
4041
4248
1345
68
1025
1752
1629
2342
3159
2643
1685
1532
2799
4432
5290
5216
4560
4866
6135
7062
9936
9406
2386
647
6951
11324
8011
4369
4153
2260
982
2900
4695
4091
625
-4608
-5245
-1302
-1307
-5375
-6179
-3511
-6346
-13202
-12143
-4550
-3551
-10020
-13281
-10857
-7979
-8779
-9475
-6080
-4789
-9553
-12509
-7001
-550
-2165
-6682
-5329
-1977
-2644
-3415
-86
3386
951
-3641
-1853
3661
3846
1416
2473
2842
1119
1312
3390
5143
5036
2643
146
1307
4837
4914
2467
2589
2946
821
433
3506
4968
2135
-170
953
2130
1721
2075
3065
2460
1450
1494
2428
3662
4471
4355
3793
4026
5410
6264
7044
9590
6575
-199
1496
8991
10700
5347
3405
3833
998
377
3561
5633
3667
-1779
-6251
-3956
409
-1127
-5324
-5355
-3874
-8202
-12535
-8126
-2124
-4792
-11261
-12449
-9085
-6682
-7962
-7916
-5222
-6308
-10892
-10801
-3889
162
-3877
-7541
-4918
-2323
-3227
-2562
755
1853
-1309
-3545
-391
3249
2424
1504
2318
1618
808
1746
3599
4823
4253
2133
595
2233
5008
4591
2735
2951
2682
1000
1709
4321
4293
1546
364
1455
2256
2031
2245
2536
1716
1114
1452
2609
3600
3884
3274
2531
3702
5317
5473
6414
8993
5995
-595
995
8517
10481
5430
2712
2844
1301
1291
3569
4904
3532
-1296
-5623
-3259
1058
-548
-4848
-5188
-3667
-7059
-10943
-7425
-2259
-4478
-10475
-12097
-8688
-5805
-7178
-8083
-6023
-6274
-10062
-10162
-4037
-458
-4205
-7834
-5404
-2449
-2702
-2180
365
1259
-1633
-3641
-370
3655
2855
867
1410
1676
1117
2207
4248
4631
3506
1658
647
2651
5240
4430
2262
2317
2280
1165
2038
4304
3781
836
-68
1282
2260
2173
2000
1877
1348
962
1511
2965
3667
3106
2870
3169
3542
4337
5588
6183
6760
7472
3909
121
3970
9910
8625
3574
2903
3113
1511
2438
4977
4775
1553
-2682
-4422
-1113
1509
-1362
-5332
-5165
-4104
-7197
-9176
-5541
-2881
-6505
-11262
-11133
-7221
-5303
-7675
-8630
-6573
-7037
-9982
-8632
-2939
-1729
-6519
-8255
-4261
-1782
-2538
-2129
-400
-544
-2674
-2413
1519
3751
1787
33
1021
2386
2537
2921
3901
3651
2453
1547
1963
3950
4892
3008
1193
2085
2667
1525
2104
3615
2096
-404
90
2130
2413
1224
803
747
556
1029
1748
2589
2837
1826
1362
2672
4249
4368
4316
4983
4953
5579
7266
5463
2143
3856
7832
7502
4409
4073
4172
2360
2505
4108
3871
1931
-858
-2539
-880
650
-1790
-4901
-4399
-3076
-5758
-8851
-6872
-3971
-6004
-9773
-9924
-7368
-6655
-8808
-8903
-6096
-6221
-9440
-9052
-4387
-2797
-6112
-7262
-3820
-1854
-3196
-3022
-426
496
-1258
-1944
759
3023
1714
1050
2522
2789
2103
2227
3203
4108
4022
2437
1127
2932
4874
3103
1643
2941
2706
866
1387
3321
2844
452
169
1853
2030
1010
950
1544
1338
595
1085
2095
2240
1969
1820
2251
3070
3641
3508
3889
4852
4717
4655
6461
6226
2393
2007
6214
8133
5079
2682
3176
2781
2207
2821
3175
2288
-33
-2755
-2572
-95
-718
-4301
-5388
-3661
-4973
-8492
-7643
-4266
-5079
-8930
-10092
-7823
-5911
-7247
-8500
-6705
-5670
-7732
-8539
-4915
-2022
-4174
-6531
-4536
-1943
-2073
-2240
-679
501
-486
-1643
-213
2472
2491
568
673
2566
3017
1891
2291
3525
2950
1664
1860
3018
3659
3002
1671
1943
2705
2136
1714
2367
2582
1145
229
1326
2246
1578
797
823
1013
874
783
1543
2111
1732
1453
1632
2264
3032
3325
3371
3476
3619
3881
4598
6595
6813
2915
899
4159
7527
6255
3508
3162
2701
1206
1794
3859
3573
643
-2537
-2951
-696
-303
-2910
-4556
-3802
-4459
-7470
-8030
-4895
-3658
-6875
-9655
-8559
-6120
-6050
-7319
-6497
-5100
-6679
-8606
-6048
-1934
-2194
-5331
-5381
-2503
-1483
-2119
-1080
855
448
-1634
-1452
1608
3115
1819
1304
2072
2281
2036
2570
3750
3955
2593
1175
1548
3676
4527
2831
1598
1937
1953
1336
1727
2755
1837
-511
-637
1025
1227
425
95
-7
-355
-623
-92
644
878
624
279
659
1481
2132
2557
2572
2365
2624
3372
4045
4699
5733
6008
3865
1655
3062
6754
7498
4637
2941
2732
1857
2039
3893
4275
1815
-1422
-2817
-1247
534
-686
-3467
-4548
-4227
-5315
-6816
-5325
-3062
-4807
-8601
-9187
-6390
-4629
-5696
-6510
-5740
-5913
-7274
-6274
-2842
-1454
-3861
-5919
-4025
-1382
-1166
-1337
-323
10
-1107
-1483
682
3138
2305
463
557
1651
2693
3118
3118
2935
2288
1390
1330
2976
4452
2953
743
1045
1926
1540
1275
1997
1747
-215
-1034
384
1573
875
-327
-641
-461
-222
108
449
593
372
-222
-124
1355
2344
1750
1219
1782
2402
2463
3054
3909
3938
3900
4722
5321
4022
2307
3272
5833
6023
3943
2600
2595
2522
2112
2449
2944
1586
-1172
-2061
-379
213
-1815
-3678
-3648
-3318
-4439
-5703
-5084
-3872
-4761
-7024
-7209
-5167
-4490
-5927
-6278
-4917
-4813
-5984
-5474
-3222
-2396
-3992
-4775
-3098
-1470
-1641
-2001
-1032
-180
-805
-1106
680
1988
812
75
1058
1711
1882
2508
2612
2039
2222
2201
1280
2041
3864
2811
801
1425
2321
1455
1109
2085
1821
75
-479
761
1396
569
-180
-318
-193
-59
35
108
160
101
22
99
716
1695
1518
899
1506
2403
2434
2446
3421
3839
3214
3666
5350
5681
3994
2615
3321
5550
6243
4597
3157
3121
3134
2398
2593
3411
2222
-423
-1191
-380
-426
-1396
-2479
-3004
-3389
-4453
-5566
-5260
-4097
-4644
-6866
-7551
-5986
-5348
-6233
-6393
-5728
-5782
-6460
-5956
-4283
-3518
-4330
-4810
-3893
-2726
-2160
-1936
-1483
-1118
-1246
-1076
33
1364
1698
761
335
1390
2171
2208
2672
3163
2441
1552
1923
2725
2998
2864
2260
1478
1431
1548
1528
1885
1825
779
-220
-99
673
760
81
-178
-163
-470
-500
10
503
256
-219
53
711
1215
1529
1641
1595
1843
2282
2687
3175
3520
3582
3401
3776
4672
5241
5340
4815
3711
3078
4220
5594
5199
3768
2516
1996
2065
2340
2448
1728
21
-1394
-1789
-1471
-1200
-2155
-3596
-4367
-4829
-5262
-5266
-4883
-5023
-6120
-7309
-7143
-6048
-5508
-5751
-6199
-6277
-6096
-5707
-4787
-3768
-3691
-4277
-4364
-3462
-2079
-1387
-1330
-1213
-1175
-1095
-176
1265
1744
1119
729
1208
1837
2252
2820
3019
2314
1820
2321
2865
2842
2764
2661
2043
1672
2150
2223
1808
1828
1522
641
475
1142
1299
642
260
320
170
171
553
685
361
-60
50
660
1009
1157
1291
1302
1357
1543
2129
2846
3026
2743
2718
3165
3407
3658
4407
4919
4236
3094
2783
3325
4319
4573
3604
2308
1578
1610
1708
1630
1370
263
-1514
-2277
-1791
-1545
-2322
-3567
-4347
-4913
-5469
-5470
-5103
-5160
-5959
-6851
-6973
-6156
-5439
-5558
-5829
-5809
-5604
-5192
-4521
-3670
-3202
-3480
-3672
-2944
-1685
-861
-708
-657
-434
-179
426
1418
2057
2136
1778
1537
2230
3179
3350
3052
3071
3087
2664
2758
3544
3641
2767
2127
2187
2171
1855
1989
1976
941
153
372
480
136
186
12
-985
-1218
-489
-424
-722
-538
-701
-1141
-884
-43
446
297
246
393
640
1251
1929
2180
2160
2185
2379
2862
3396
3694
3742
3879
4103
3878
3518
3579
3636
3561
3682
3440
2397
1627
1779
1647
1052
694
16
-1005
-1473
-1443
-1773
-2606
-3323
-3671
-4001
-4408
-4569
-4721
-5073
-5241
-5330
-5508
-5413
-5062
-5003
-5173
-5063
-4654
-4300
-4060
-3610
-3212
-3163
-2969
-2347
-1621
-1206
-1102
-854
-339
95
491
903
1191
1485
1676
1907
2334
2616
2776
2690
2527
2738
2971
2942
2912
2962
2658
2169
2141
2186
1905
1691
1447
1025
821
711
315
-51
-10
-47
-559
-820
-618
-703
-1031
-1051
-824
-758
-798
-668
-454
-255
-95
63
331
697
897
919
1171
1675
1993
2058
2311
2642
2729
2765
2979
3388
3737
3767
3243
2825
3021
3197
3245
3321
3010
1888
1071
1419
1661
1099
413
-169
-868
-1395
-1659
-1814
-2059
-2652
-3439
-4035
-4137
-3982
-4060
-4443
-4761
-4960
-5103
-4934
-4604
-4362
-4428
-4673
-4528
-3960
-3445
-3177
-2923
-2673
-2395
-2078
-1592
-922
-545
-401
-155
193
657
1145
1387
1577
1772
1833
2165
2514
2417
2365
2613
2666
2475
2584
2671
2217
1988
2231
1995
1576
1600
1166
534
719
866
324
-44
-51
-484
-857
-582
-456
-759
-1049
-1259
-1245
-917
-816
-935
-810
-744
-761
-497
-74
324
491
429
579
990
1444
1895
2109
2072
2184
2422
2701
3217
3508
3261
3189
3641
3801
3204
3073
3465
3052
2590
2878
2791
1911
1360
1395
1187
655
254
-138
-772
-1222
-1476
-1902
-2286
-2541
-2945
-3496
-3766
-3676
-3902
-4401
-4410
-4268
-4432
-4506
-4420
-4327
-4142
-4040
-4120
-3867
-3355
-3245
-3265
-2754
-2173
-2163
-2007
-1338
-883
-794
-566
-82
347
634
862
1190
1463
1572
1828
2107
2277
2390
2305
2046
2112
2540
2596
2206
2030
2015
1672
1488
1612
1476
1001
563
495
540
278
-146
-222
-239
-592
-756
-601
-644
-862
-866
-830
-837
-648
-475
-491
-384
-138
-5
252
712
912
863
977
1294
1707
2129
2267
2240
2353
2573
2809
2948
3078
3223
3219
3201
3255
3013
2711
2957
3020
2411
2045
2181
1896
1149
908
887
316
-266
-457
-895
-1484
-1743
-2024
-2497
-2868
-3069
-3428
-3875
-4009
-4062
-4367
-4570
-4415
-4424
-4595
-4558
-4400
-4196
-4030
-3885
-3708
-3421
-3050
-2798
-2590
-2193
-1734
-1465
-1207
-763
-367
-83
252
568
845
1136
1418
1601
1774
2102
2245
2161
2355
2551
2348
2335
2600
2497
2097
2014
2125
1951
1823
1721
1297
898
865
963
767
453
230
-74
-290
-203
-132
-337
-599
-694
-666
-729
-675
-460
-499
-628
-527
-286
-99
24
111
329
615
647
732
1137
1456
1473
1619
1951
2065
2087
2287
2509
2538
2529
2655
2805
2922
2915
2583
2130
2192
2442
2031
1522
1627
1509
664
252
496
163
-546
-803
-1134
-1695
-1960
-2119
-2410
-2742
-3115
-3559
-3853
-3782
-3719
-3991
-4256
-4277
-4243
-4201
-4076
-3865
-3697
-3686
-3649
-3350
-2877
-2505
-2297
-2119
-1773
-1419
-1238
-830
-220
88
164
408
846
1229
1481
1692
1889
1988
2126
2382
2605
2672
2530
2385
2355
2414
2549
2482
2148
1894
1746
1532
1450
1493
1157
540
323
321
94
-82
-129
-396
-816
-893
-753
-847
-1033
-1037
-1038
-1180
-1132
-782
-607
-751
-692
-379
-237
-139
123
369
487
665
933
1052
1197
1546
1783
1853
1974
2072
2148
2299
2433
2492
2563
2604
2534
2494
2413
2116
1930
2143
2107
1447
993
1025
927
490
265
160
-474
-1052
-1057
-1127
-1568
-1914
-2091
-2422
-2741
-2821
-2904
-3136
-3256
-3309
-3495
-3558
-3385
-3243
-3257
-3252
-3137
-2937
-2737
-2589
-2377
-2085
-1835
-1686
-1507
-1136
-749
-593
-421
-99
163
331
540
813
1047
1185
1292
1445
1586
1653
1646
1703
1835
1777
1601
1562
1596
1556
1480
1349
1187
1077
890
671
613
627
433
167
-8
-214
-313
-250
-244
-449
-673
-721
-777
-805
-644
-608
-757
-748
-674
-597
-424
-261
-194
-195
-89
174
419
552
710
931
1024
1049
1270
1685
1827
1677
1775
2066
2176
2174
2218
2267
2263
2213
2227
2293
2313
2163
1829
1635
1703
1774
1535
1082
839
745
486
227
105
-156
-593
-908
-1062
-1214
-1479
-1807
-2066
-2274
-2455
-2613
-2739
-2810
-2864
-3010
-3174
-3177
-3078
-2978
-2955
-2923
-2835
-2662
-2454
-2330
-2129
-1808
-1625
-1588
-1293
-871
-728
-639
-340
-36
84
207
438
636
752
860
967
1090
1208
1228
1234
1303
1362
1309
1226
1274
1286
1120
989
996
895
726
701
617
433
353
298
164
21
-91
-150
-154
-240
-345
-376
-451
-507
-405
-306
-359
-403
-302
-198
-131
63
237
242
275
458
677
799
864
1014
1248
1356
1348
1477
1673
1709
1669
1781
1979
1960
1786
1828
1942
1849
1738
1763
1808
1689
1504
1368
1217
1088
968
807
666
576
337
-48
-293
-325
-409
-666
-923
-1214
-1461
-1514
-1518
-1685
-1964
-2148
-2278
-2349
-2332
-2344
-2464
-2577
-2605
-2594
-2528
-2442
-2331
-2284
-2287
-2188
-2002
-1769
-1647
-1595
-1440
-1248
-1110
-928
-692
-572
-499
-311
-82
54
165
346
477
489
583
818
945
920
942
1037
1027
980
1083
1225
1184
1056
1089
1130
1056
1026
1024
962
888
820
739
706
691
633
526
466
470
410
329
259
230
284
245
141
138
139
83
81
184
248
160
106
181
247
278
363
423
401
448
515
514
582
729
768
710
747
878
938
958
1033
1055
1009
966
958
1022
1104
1094
1010
946
842
734
703
696
631
462
244
66
1
-21
-102
-269
-558
-842
-977
-1027
-1045
-1120
-1397
-1681
-1783
-1833
-1871
-1896
-1965
-2115
-2306
-2314
-2151
-2091
-2169
-2188
-2108
-2033
-1962
-1807
-1599
-1497
-1467
-1334
-1114
-902
-722
-579
-432
-291
-134
109
323
427
494
615
779
893
1016
1142
1174
1198
1234
1241
1276
1341
1331
1255
1203
1191
1196
1153
1071
983
852
733
723
723
590
410
319
297
184
85
66
-40
-163
-200
-212
-257
-252
-237
-327
-379
-297
-203
-199
-149
-39
-35
-52
52
218
332
361
381
509
617
622
707
858
924
917
944
982
976
983
1057
1098
1013
910
899
926
860
799
791
643
423
380
427
338
202
67
-124
-270
-340
-395
-485
-624
-820
-994
-1054
-1071
-1163
-1306
-1387
-1416
-1487
-1576
-1612
-1591
-1557
-1553
-1539
-1513
-1496
-1447
-1385
-1298
-1152
-1053
-1047
-1001
-813
-607
-537
-487
-335
-217
-156
-37
96
200
262
320
429
512
556
598
663
749
757
718
776
849
839
823
826
772
690
712
764
693
585
550
507
420
391
384
338
289
221
138
102
81
51
12
-74
-114
-67
-88
-172
-148
-96
-187
-258
-143
-44
-125
-174
-52
32
21
28
113
188
197
219
296
412
431
365
395
575
723
655
581
671
751
736
726
743
766
756
693
688
730
687
590
545
547
479
346
296
280
170
40
-37
-59
-99
-254
-418
-470
-494
-571
-632
-690
-812
-910
-939
-949
-966
-1021
-1091
-1135
-1162
-1152
-1117
-1081
-1061
-1089
-1115
-1067
-981
-915
-852
-809
-773
-692
-614
-548
-444
-362
-325
-290
-218
-114
-30
15
56
96
165
246
276
306
349
349
327
362
424
409
376
387
381
364
359
344
320
294
251
237
267
258
178
132
138
118
124
166
128
26
-1
70
124
136
163
154
90
75
186
295
285
256
266
267
289
367
451
483
461
418
406
460
534
584
599
519
447
533
623
581
566
604
552
497
524
578
559
464
439
454
421
379
347
300
226
164
141
138
112
56
-29
-114
-166
-202
-231
-272
-366
-440
-455
-483
-509
-540
-601
-634
-621
-642
-695
-724
-735
-717
-696
-702
-760
-774
-727
-746
-763
-720
-718
-755
-737
-679
-634
-628
-634
-610
-557
-508
-482
-440
-399
-371
-316
-245
-197
-177
-128
-67
-24
2
37
99
154
202
216
210
255
309
317
326
356
349
319
326
391
421
377
342
324
316
314
333
314
256
242
213
188
216
223
181
138
127
138
122
86
116
160
139
97
105
160
170
159
200
267
297
271
265
313
367
390
425
493
487
428
470
543
541
529
514
475
466
506
526
471
402
378
350
296
255
232
213
156
42
-25
-11
-44
-154
-225
-226
-248
-322
-371
-394
-424
-456
-490
-507
-519
-568
-614
-577
-520
-569
-663
-640
-561
-579
-610
-555
-522
-557
-562
-531
-485
-438
-432
-453
-443
-391
-336
-333
-345
-292
-239
-256
-258
-200
-165
-179
-168
-116
-106
-131
-91
-34
-27
-30
-15
30
75
89
101
117
138
148
163
208
223
226
253
250
253
279
267
260
294
331
327
311
310
320
346
345
331
338
355
335
305
329
354
332
320
320
293
293
326
321
284
279
291
261
260
297
299
254
206
198
197
215
234
215
188
167
138
109
151
195
147
88
85
90
66
65
94
79
17
-8
-2
-37
-64
-52
-73
-143
-187
-176
-156
-195
-254
-269
-284
-332
-379
-360
-340
-393
-450
-459
-448
-450
-463
-480
-487
-493
-505
-490
-437
-414
-457
-470
-418
-366
-335
-334
-338
-289
-227
-224
-229
-169
-101
-94
-90
-42
13
38
61
95
108
121
143
172
224
251
199
153
191
244
251
246
255
220
162
195
280
272
191
158
139
123
153
184
173
131
86
70
92
119
115
95
74
58
70
112
146
148
114
101
121
130
128
139
150
138
145
194
210
185
204
240
264
285
268
219
212
263
294
262
217
217
206
142
111
132
109
40
-7
-29
-21
-24
-63
-82
-96
-125
-152
-141
-135
-187
-219
-199
-208
-255
-269
-268
-263
-263
-298
-304
-268
-256
-256
-237
-226
-231
-211
-177
-169
-179
-144
-111
-132
-125
-102
-125
-142
-122
-112
-110
-105
-110
-131
-151
-136
-117
-127
-137
-121
-100
-106
-139
-135
-113
-124
-112
-85
-82
-88
-98
-109
-107
-80
-40
-30
-41
-43
-23
32
75
105
140
160
169
191
228
249
260
265
256
253
264
265
246
214
185
187
194
175
170
170
155
145
136
130
127
118
99
70
46
36
17
5
8
-20
-62
-82
-84
-68
-55
-65
-67
-52
-37
-16
19
52
56
29
26
55
73
69
57
28
-3
0
20
40
52
48
29
28
71
101
93
100
113
112
115
108
91
63
28
0
-14
-28
-59
-111
-155
-163
-157
-176
-208
-222
-219
-216
-204
-185
-186
-189
-181
-187
-185
-178
-179
-180
-181
-164
-139
-127
-117
-100
-96
-89
-57
-24
3
39
77
100
117
126
122
135
154
152
133
117
113
115
103
84
91
91
62
53
59
47
59
72
39
13
35
56
45
21
2
-28
-45
-41
-53
-76
-88
-95
-96
-98
-99
-92
-89
-93
-89
-86
-83
-62
-33
-18
-30
-43
-31
-5
3
-24
-37
-28
-20
-8
24
55
37
3
7
46
76
90
101
96
93
113
141
152
170
175
129
87
110
168
154
107
129
152
113
84
114
118
83
55
58
84
80
40
35
62
50
20
5
-4
-15
-27
-34
-37
-40
-58
-71
-63
-64
-85
-89
-76
-86
-105
-99
-86
-84
-72
-55
-65
-81
-84
-67
-59
-62
-62
-44
-18
-29
-41
-26
-7
-14
-33
-19
-10
-25
-7
13
-7
-9
6
-19
-41
-37
-39
-63
-84
-86
-83
-82
-86
-88
-85
-100
-138
-181
-201
-180
-122
-72
-78
-128
-143
-112
-102
-122
-109
-76
-82
-84
-38
18
28
1
-15
25
71
74
67
95
139
142
131
148
173
185
201
211
193
180
202
228
240
236
213
201
205
203
185
165
156
157
142
107
97
124
126
81
41
39
48
29
4
5
20
-10
-65
-63
-43
-71
-81
-69
-101
-143
-132
-95
-87
-98
-85
-67
-70
-76
-73
-61
-52
-43
-46
-52
-29
5
0
-13
-17
-32
-46
-42
-18
4
-3
-17
-15
4
12
-1
-21
-46
-59
-49
-33
-38
-53
-66
-88
-105
-110
-107
-107
-127
-139
-125
-108
-85
-80
-104
-117
-103
-89
-83
-77
-65
-62
-77
-76
-42
-15
-16
-34
-47
-27
-1
-4
-12
-1
8
14
30
48
40
15
7
9
19
41
59
61
68
70
64
83
103
102
88
72
77
89
97
103
109
98
82
81
74
62
56
54
51
71
99
98
86
76
67
59
52
42
40
58
64
39
15
11
-1
-25
-30
-32
-54
-59
-44
-45
-55
-58
-62
-62
-52
-55
-80
-94
-81
-80
-86
-68
-45
-47
-61
-66
-68
-72
-71
-55
-31
-15
-11
-12
10
29
6
-16
-2
23
30
29
33
35
29
23
24
25
21
13
14
14
3
5
16
20
24
25
9
-2
0
-12
-22
-23
-28
-35
-30
-17
-9
-20
-28
-18
-9
-19
-22
-1
22
37
49
57
59
61
48
49
75
80
65
69
100
107
89
82
98
95
76
81
95
90
66
52
64
76
69
51
33
20
7
-3
-6
-10
-18
-24
-21
-22
-34
-43
-48
-67
-85
-82
-59
-54
-62
-55
-59
-82
-84
-76
-83
-82
-80
-81
-82
-71
-56
-59
-66
-64
-65
-68
-63
-57
-58
-59
-57
-52
-37
-23
-26
-44
-46
-35
-31
-25
-15
-14
-14
-10
2
16
18
9
0
-6
2
14
21
26
33
26
18
15
9
20
29
19
22
44
52
35
21
26
33
31
27
19
26
39
31
20
18
18
26
34
31
31
41
45
38
41
55
61
56
46
37
33
30
35
36
25
17
26
37
34
32
35
39
49
63
73
74
67
59
52
65
85
81
57
40
35
32
20
5
5
12
7
-2
-3
-4
-17
-28
-28
-38
-51
-51
-60
-76
-75
-76
-90
-104
-109
-108
-112
-110
-106
-114
-112
-94
-86
-93
-83
-62
-60
-69
-66
-40
-19
-12
-11
-8
-4
-5
4
16
24
35
62
76
78
88
84
73
74
83
86
90
99
94
88
81
73
64
43
29
39
49
30
11
6
-3
-12
-15
-19
-23
-33
-49
-57
-55
-58
-62
-68
-78
-75
-62
-50
-46
-48
-48
-53
-60
-52
-24
-14
-25
-24
-8
7
10
4
2
2
8
18
33
40
43
37
24
24
30
28
16
15
23
22
13
16
27
16
-14
-29
-18
-7
-21
-31
-31
-43
-56
-50
-48
-48
-56
-77
-83
-65
-51
-54
-57
-49
-32
-20
-20
-19
-11
-7
-7
-2
15
29
32
38
50
57
49
