4
-3
1
13
15
8
8
6
4
6
9
3
-3
0
-8
-9
-2
-4
4
16
14
7
3
3
8
18
14
5
12
5
-10
-10
-5
-6
3
13
10
9
8
3
6
1
-1
11
13
7
0
1
7
9
13
14
14
8
5
2
3
7
4
7
5
7
10
-3
-3
-4
3
9
1
9
8
1
3
5
5
0
1
8
8
-2
-9
-7
-1
0
2
10
7
4
2
-10
-19
-12
-1
-4
-7
-10
-11
-3
-3
-5
-5
-11
-9
-10
-14
-16
-23
-24
-26
-24
-20
-29
-23
-16
-20
-13
-19
-19
-13
-12
-6
-10
-11
-10
-9
-6
-10
-6
-6
-8
-1
0
2
9
14
12
13
13
3
-2
-4
-5
-8
-15
-14
-9
-1
8
6
14
12
3
0
-7
0
-3
-4
5
4
11
20
24
27
26
24
18
14
11
8
4
6
-3
-1
15
12
9
17
12
5
1
-3
-2
-4
-3
3
5
7
12
11
4
6
11
7
11
8
6
12
9
10
14
8
8
10
8
6
1
0
5
3
1
4
-5
-12
-7
-3
-4
-1
1
-5
-10
-9
-9
-13
-7
-2
-10
-14
-10
-15
-22
-15
-7
-5
7
2
-5
-2
-2
-9
-13
-2
2
-1
-2
0
3
3
0
-4
4
7
-1
-4
-11
-9
-1
-3
-4
6
6
-9
-11
-4
-2
-1
-3
-3
5
4
-2
-7
-9
-3
-3
-10
-10
-13
-14
-11
-5
-3
-2
-1
-9
-14
-12
0
8
5
11
15
13
6
-1
11
19
18
14
12
14
12
14
16
18
26
14
6
8
4
4
8
3
8
5
0
4
0
-2
0
-4
-7
-15
-21
-21
-20
-7
-14
-19
-10
-12
-13
-15
-31
-33
-22
-21
-19
-16
-14
-11
-12
-12
-6
4
9
17
12
4
13
12
12
20
25
26
16
16
17
18
16
11
20
15
9
7
1
2
3
-3
0
1
-3
1
-2
0
2
-6
-5
-10
-9
-10
-12
-12
-25
-31
-24
-21
-27
-25
-24
-30
-27
-24
-25
-27
-26
-22
-23
-18
-9
-5
1
2
4
12
19
25
34
39
32
38
42
45
56
58
60
61
60
64
67
68
65
70
69
67
66
52
43
38
31
24
13
1
-12
-21
-33
-41
-48
-57
-68
-70
-70
-89
-98
-93
-99
-112
-120
-121
-127
-126
-120
-116
-110
-98
-89
-86
-74
-63
-58
-50
-42
-26
-15
1
26
40
60
84
97
110
123
135
148
160
173
189
201
205
214
219
210
214
205
187
180
159
150
141
115
102
73
48
26
-6
-28
-61
-98
-128
-164
-199
-225
-238
-255
-272
-293
-323
-329
-318
-317
-309
-304
-299
-290
-276
-250
-231
-209
-173
-142
-118
-87
-53
-22
14
48
80
116
150
171
192
215
232
252
255
272
293
296
315
313
310
314
301
299
297
299
301
288
262
234
224
227
214
191
175
140
85
43
10
0
-15
-58
-113
-178
-234
-264
-269
-279
-329
-389
-419
-439
-440
-431
-421
-432
-455
-450
-432
-373
-316
-280
-247
-230
-189
-126
-49
26
76
119
140
175
242
298
352
384
373
370
388
403
419
422
389
334
288
265
255
241
199
139
74
19
-6
-19
-45
-90
-148
-192
-216
-221
-213
-218
-232
-242
-254
-245
-209
-172
-154
-148
-143
-137
-95
-42
-6
24
32
35
53
85
118
143
148
135
127
125
141
157
151
127
99
82
73
78
69
43
7
-30
-52
-67
-66
-79
-103
-129
-159
-166
-166
-162
-156
-164
-174
-172
-155
-132
-107
-86
-71
-53
-37
-10
28
58
78
98
114
132
160
183
193
192
187
182
189
198
197
191
168
133
112
107
103
79
39
0
-37
-50
-54
-71
-101
-143
-180
-211
-219
-206
-210
-246
-287
-319
-324
-298
-263
-258
-287
-325
-341
-300
-244
-213
-193
-221
-248
-205
-126
-53
-4
3
2
27
83
177
271
332
348
351
388
464
565
660
684
651
637
661
729
811
831
773
691
655
655
667
669
589
429
261
174
178
163
60
-111
-320
-488
-545
-533
-556
-703
-914
-1047
-1075
-1051
-1013
-997
-1068
-1180
-1196
-1107
-966
-829
-768
-763
-744
-671
-501
-262
-76
-12
2
57
190
391
591
710
726
697
713
817
961
1031
1008
952
864
798
798
825
806
696
549
408
297
231
199
157
30
-151
-296
-367
-389
-412
-468
-558
-663
-768
-789
-723
-696
-714
-751
-775
-782
-764
-696
-632
-592
-578
-581
-537
-448
-358
-289
-233
-219
-204
-108
7
53
48
69
148
235
307
409
518
532
528
640
793
927
1038
1081
1081
1107
1224
1415
1597
1674
1611
1513
1482
1552
1697
1794
1769
1580
1077
519
593
1106
1121
474
-223
-689
-960
-861
-549
-628
-1367
-2277
-2546
-2167
-1923
-2050
-2177
-2343
-2761
-2985
-2547
-1853
-1581
-1767
-1956
-1858
-1559
-1196
-636
-22
49
-375
-434
211
941
1257
1307
1274
1121
997
1263
1838
2124
1791
1282
1131
1260
1346
1336
1356
1195
656
178
198
492
533
207
-186
-465
-650
-725
-561
-306
-464
-1030
-1330
-1125
-841
-761
-771
-803
-935
-1065
-975
-597
-230
-224
-406
-409
-231
-63
128
413
583
434
195
328
751
992
988
967
903
754
743
971
1203
1189
912
621
553
610
642
633
509
274
-25
-450
-693
-428
-331
-882
-1277
-1277
-1649
-1958
-1468
-1197
-1788
-2213
-1971
-1713
-1711
-1557
-1167
-1006
-1200
-1099
-452
-20
33
441
938
911
1110
1892
2255
2189
2540
2935
2879
3042
3595
3726
3397
3271
3441
3547
3467
3451
3277
2310
1185
1272
2070
1818
492
-622
-1207
-1528
-1552
-1434
-1781
-2961
-4274
-4579
-3983
-3746
-4183
-4490
-4572
-4923
-5246
-4767
-3695
-3147
-3463
-3788
-3430
-2713
-2118
-1364
-435
-123
-534
-554
500
1799
2273
2211
2332
2565
2696
2977
3659
4160
3759
2920
2715
3144
3332
3129
2970
2719
2080
1442
1217
1372
1486
903
-117
-595
-561
-712
-943
-933
-1111
-1835
-2550
-2501
-1828
-1880
-3143
-3698
-2798
-2500
-3144
-2965
-2511
-3132
-3408
-2261
-1435
-1871
-2178
-1565
-880
-709
-447
312
779
703
1114
1908
2041
2147
2999
3496
3188
3290
3919
4129
4228
4722
4846
4396
4326
4771
4864
4443
4243
4305
4124
4018
3703
2160
635
1165
2484
1898
-316
-1984
-2476
-2376
-2139
-2139
-2796
-4508
-6236
-6032
-4660
-4636
-5697
-5964
-5702
-6088
-6475
-5753
-4365
-3615
-4117
-4771
-4134
-2827
-2076
-1312
-181
99
-625
-638
960
2839
3310
2606
2286
2866
3373
3515
4170
4902
4298
2941
2653
3524
3956
3383
2895
2683
1944
970
701
1242
1598
766
-965
-2211
-2214
-1921
-2031
-2049
-2492
-4166
-5558
-4855
-3230
-2948
-4000
-4868
-4873
-4334
-3535
-2535
-1832
-2020
-2460
-1974
-756
344
1162
1638
1685
1779
2469
3564
4562
5215
5320
4973
4933
5676
6547
6935
6909
6477
5805
5570
5987
6365
6503
6151
4017
1300
1367
3606
4100
1848
-835
-2485
-2987
-2567
-2068
-2177
-3688
-6646
-8274
-6918
-5541
-6263
-7027
-6904
-7681
-9052
-8679
-6467
-4573
-4645
-6186
-6730
-5155
-3384
-2385
-1025
39
-779
-1903
-546
2477
4143
3834
3065
2965
3622
4309
4995
6249
6734
5072
3318
3838
5259
5457
4899
4258
3364
2303
758
-15
1805
2873
-225
-3457
-3410
-3406
-4285
-2924
-1716
-4527
-8000
-7867
-5448
-3773
-3983
-5098
-5615
-5649
-5221
-3207
-888
-756
-1625
-1348
-588
524
2847
4622
4294
3708
4168
4923
6175
8080
8900
7839
6761
7040
7862
8606
9151
8820
7855
6779
4981
3494
4528
6357
5371
2044
-802
-2115
-1787
-692
-919
-2630
-4940
-7773
-9024
-6948
-5160
-6856
-9082
-9518
-10001
-10569
-9333
-7210
-6502
-7570
-9124
-9026
-6429
-3955
-3462
-3144
-2479
-2781
-2695
-388
2586
3777
3115
2110
2458
4433
5864
6053
6715
7004
5401
4286
5721
7605
7508
5286
2770
2555
3947
3840
2552
1898
133
-2991
-3124
-499
-585
-3712
-5636
-5408
-5197
-5455
-4898
-4072
-4658
-6037
-6189
-4731
-3102
-2167
-1737
-1943
-2123
-1068
863
2751
3885
3787
3388
3879
5432
7319
8313
8142
7665
7618
8025
8692
9543
9993
9296
7228
4710
4311
6549
7691
5543
2209
-242
-1244
-895
-329
-637
-2325
-5547
-8435
-8290
-6330
-6292
-7950
-8809
-9671
-11359
-11671
-9607
-7335
-7300
-9278
-10619
-9447
-6876
-5170
-4362
-3575
-3670
-4430
-3540
-477
2438
2946
1750
1449
2785
4322
5338
6550
7498
6617
4900
5034
7184
8463
6513
4003
4646
5602
3734
2369
3039
1907
-808
-981
2
-1318
-3378
-3957
-3635
-3641
-4651
-5411
-4716
-4355
-5130
-5114
-4158
-3631
-3188
-2459
-2093
-1583
-328
708
1499
2784
3517
3561
4466
5967
7014
7541
7788
8108
8611
9150
9497
10074
10442
8138
4863
5695
9008
8894
5233
2379
1374
583
358
634
-252
-2539
-5544
-7657
-7034
-5699
-6820
-8847
-9224
-9603
-11654
-12428
-9940
-7692
-8563
-10968
-11720
-9606
-7213
-6564
-5856
-4574
-4748
-5649
-4189
-546
1710
1364
529
982
2790
4288
4834
6038
7241
6287
4616
5382
8080
8359
5303
4227
6253
6032
3321
2732
3558
1899
-282
169
462
-1390
-3257
-3474
-2655
-3164
-4852
-4890
-3989
-4467
-5096
-4512
-3824
-3478
-2867
-2386
-2115
-1074
113
728
1996
3232
3325
4009
5479
6471
7290
7881
7908
8382
9726
10289
10429
11041
8432
4120
5879
11101
10662
5263
1802
1587
1758
1502
1265
640
-1723
-5942
-8226
-6208
-4576
-6881
-9287
-9153
-9743
-12559
-13356
-10064
-7301
-8869
-12651
-13615
-10200
-7146
-7304
-7068
-5331
-5689
-7385
-5429
-389
1918
307
-1094
168
2789
4174
4497
6173
7678
5970
3816
5656
9549
8990
4655
4699
7735
6176
2976
4010
5328
2155
-400
906
1181
-793
-2417
-2529
-1980
-3199
-4910
-4264
-3163
-3863
-4977
-4864
-3988
-3341
-2953
-2680
-2113
-1180
-760
-76
1814
2977
2908
3722
5090
5881
6817
7837
8203
8741
10014
10125
10197
11562
9083
4557
6731
12082
10977
5261
2494
2764
2666
2131
1653
856
-1406
-5609
-7808
-5517
-4137
-7168
-9916
-9435
-9756
-12830
-13751
-10460
-7992
-9994
-13921
-14314
-10299
-7772
-8710
-8268
-6129
-6521
-8186
-5820
-707
1032
-781
-1804
0
2873
3846
3861
5935
7764
5847
3612
6120
10143
7918
3775
6387
8820
4912
2637
5279
5073
1483
1382
2028
-14
-1017
-1279
-1883
-1682
-2516
-4275
-4084
-3026
-3594
-4469
-4033
-3391
-3107
-2846
-2470
-1529
-643
-410
448
2002
2441
3000
4585
5172
5724
7003
7557
8094
9610
10725
10802
10245
7492
5234
8380
12565
10775
5440
2536
2645
3701
3613
2545
1537
-1597
-6081
-6874
-3973
-3400
-6734
-9030
-9055
-10333
-12659
-12211
-9119
-7803
-10721
-14626
-13984
-9590
-7630
-8720
-8462
-6992
-7710
-8833
-5519
-366
307
-2462
-3124
-261
2453
3071
3780
5764
6426
4123
2862
6282
9978
7391
3282
5357
7675
5137
4255
6201
4396
715
1232
2694
2020
907
-1195
-2435
-1232
-1358
-2851
-2539
-2144
-3423
-4381
-3883
-2538
-1501
-1775
-2402
-1805
-861
-543
993
3085
2786
2241
3342
4601
6053
7113
7376
7737
8720
9279
9626
11191
9153
4327
5647
11113
11430
6128
2694
2940
3403
2448
1178
1534
373
-4398
-7569
-5652
-3593
-6171
-9300
-8756
-8321
-11837
-14466
-11211
-7124
-8673
-13565
-14670
-10613
-7974
-9212
-9028
-6282
-6104
-8871
-7813
-2051
730
-1659
-3116
-652
2020
2285
2471
5122
6937
4604
2661
5570
8824
6039
3313
6903
8457
4824
3330
4607
4140
2924
3233
2665
983
84
-688
-565
345
-792
-2692
-2664
-2052
-2375
-2964
-2749
-1884
-1660
-2281
-2259
-990
176
378
946
1964
2219
2895
4078
4911
5903
6598
6746
7579
9135
9861
10275
9428
6012
5153
9058
11140
7987
4825
3772
2715
2604
2688
2147
1310
-2438
-7089
-5980
-2183
-4261
-9113
-9151
-7810
-10547
-13004
-11195
-8503
-8987
-12521
-14163
-11176
-8470
-9618
-9870
-6870
-6283
-9217
-8582
-3032
-258
-2398
-3497
-1285
966
1448
2069
4210
5575
4111
2674
5050
7875
5562
3481
6561
7580
4859
3813
4024
3867
4044
3839
2372
1246
417
-750
227
1346
-631
-2602
-2609
-1988
-1825
-2225
-2282
-1940
-1896
-2181
-1970
-871
260
633
882
1619
2175
2933
4226
5271
6163
6461
6439
7205
8871
10345
10653
11203
8800
3543
4957
11391
12600
7532
2962
1819
1853
2592
3166
2514
-36
-4822
-8103
-6259
-3306
-4970
-8475
-9175
-9415
-12563
-14289
-10470
-6803
-8803
-13708
-15464
-12056
-8388
-8076
-8138
-7305
-8054
-9682
-7763
-2278
325
-1756
-3490
-2296
193
2097
3411
5026
5254
3026
1774
3936
7317
7736
5991
5340
4571
3333
3797
5877
6522
4243
1342
181
797
2104
2698
1532
-391
-2228
-3090
-1618
253
-81
-1861
-2913
-2783
-2021
-803
418
642
-192
-517
506
2380
4107
4788
4606
4333
5127
6727
8037
9687
10392
10472
10245
5905
3164
8421
13808
11341
5174
2356
1690
2529
4626
4370
2168
-1817
-6837
-7626
-3582
-1989
-5855
-9363
-9477
-10416
-13262
-12348
-7866
-7035
-11343
-15623
-14728
-9764
-7382
-8318
-8544
-8284
-9275
-9556
-5513
-568
-721
-3663
-4293
-1869
1163
2703
3648
4692
3774
1911
2726
6708
8240
4332
3392
6348
5774
4107
5093
5293
3164
2578
3093
2020
1640
1671
225
-71
280
-1215
-1793
-600
-607
-2133
-3076
-2345
-808
-495
-1231
-1045
-336
-29
732
2458
3169
3129
3956
4401
5158
7059
8089
8096
8994
10608
11728
8637
3389
5877
12429
12506
7103
3674
2936
2132
3482
4582
3141
460
-4493
-7663
-4841
-1904
-4785
-8851
-8814
-8617
-11950
-13529
-10022
-6967
-9081
-13912
-15285
-11468
-8110
-8635
-8966
-7717
-8188
-9874
-8035
-2595
-268
-2571
-4280
-2963
-145
1912
2852
4137
4585
2839
2056
5021
7480
5109
4187
6387
5362
3780
4754
4671
3613
4247
3431
636
815
2008
1032
482
422
-1170
-2174
-1087
-186
-867
-2075
-2376
-1577
-835
-886
-515
282
382
694
1779
2579
3237
4497
4971
4946
6319
7488
8086
9242
10952
12561
8426
1999
5319
13305
13412
7163
3601
2447
1536
3474
4576
3534
1098
-4899
-8717
-5213
-1499
-4553
-8960
-8781
-8857
-12927
-14406
-9730
-6071
-8732
-14594
-16331
-11673
-7908
-8632
-8757
-7371
-8548
-10878
-8148
-1717
180
-2755
-4557
-3099
-69
1918
3077
4895
4962
2248
1556
5054
7340
5851
5426
6147
4680
3586
4363
4954
5165
4563
2020
211
1161
2083
1733
1045
-21
-1629
-2623
-1179
716
-203
-2225
-2501
-1650
-1058
-578
221
716
473
529
1413
2751
4433
5261
4822
5175
6342
7795
9314
10712
12668
9113
1886
4182
12948
14717
8342
3879
3052
1902
3128
4949
4818
2325
-4154
-8693
-5552
-1184
-3401
-8021
-8563
-8541
-12641
-14715
-9733
-5429
-8222
-14529
-16656
-12138
-8172
-8559
-8533
-7615
-9126
-11378
-9001
-2294
238
-3012
-5061
-3890
-1143
1246
2722
4604
4467
1650
1003
4338
7381
6579
5507
5802
4148
3008
4815
6018
5520
4526
2112
61
1052
2851
2652
1076
-75
-1667
-2886
-836
1143
-158
-2135
-2750
-2121
-1285
-358
740
419
-305
85
964
2806
4558
4963
4610
4650
5830
7561
9437
10910
12319
9291
1828
3284
12949
15394
8749
3912
3000
1823
3109
5521
5627
2865
-3742
-8468
-5700
-761
-2174
-7328
-8488
-8376
-12321
-14571
-9610
-4754
-7555
-14606
-17041
-12357
-8021
-8175
-8492
-7747
-9172
-11597
-9326
-2336
811
-2816
-5883
-4236
-987
1179
2879
4610
4173
1275
695
4537
8214
6631
3787
5212
5462
3164
4444
6666
5053
3159
2585
1080
1148
3092
2547
346
-69
-836
-2286
-588
1449
-147
-2745
-3028
-1232
-76
-253
103
472
-22
115
1765
3594
4242
4500
4440
4824
6426
8388
9800
10898
11785
6586
908
6551
14794
13550
6317
2969
2464
2119
4280
5628
4839
796
-6123
-8111
-3309
-444
-4276
-8601
-8676
-9251
-13413
-13516
-7479
-5191
-10547
-16645
-15736
-9962
-7769
-8986
-8566
-8128
-10440
-11619
-6717
-345
-486
-4704
-5926
-3307
-157
1852
3546
4690
2730
-4
1792
6650
8392
5311
3825
5255
4601
3909
5798
6633
4656
2810
1809
1405
2717
3553
1916
391
-51
-1395
-1566
870
1643
-1000
-3257
-2409
-252
240
-90
441
454
136
807
2682
4385
4711
4514
4334
5340
7534
9417
10430
12063
10239
2319
2006
11877
16059
9907
4010
2973
2005
2980
5358
5749
3871
-2649
-8586
-6419
-640
-1105
-6673
-8914
-8528
-11515
-14558
-10603
-4992
-6787
-14159
-17718
-13091
-7855
-8169
-9208
-8219
-9269
-12164
-10476
-3215
618
-2767
-6355
-5358
-2029
644
2569
4162
3720
883
-16
3458
7921
7452
4049
4354
4856
3461
4433
6783
6111
3557
2236
1158
1685
3639
3327
1186
-126
-911
-1697
-368
1779
813
-2357
-3381
-1547
246
326
155
303
-73
147
1525
3531
4681
4527
3938
4261
6100
8348
9864
10915
12068
6763
128
5879
15254
14383
6666
3084
2706
2264
4408
6187
5889
1638
-5908
-8425
-3228
635
-3261
-7984
-8178
-8852
-13072
-13427
-7181
-4234
-9614
-16704
-16413
-9761
-6935
-8943
-8844
-8126
-10749
-12438
-7441
-384
-467
-5351
-6929
-4184
-658
1492
2983
4189
2128
-1029
832
5779
8172
6085
3773
3564
3123
3979
6282
7093
5391
2355
361
1125
3663
4750
2825
185
-885
-1378
-630
1866
2415
-617
-3347
-2672
-438
882
1223
935
-315
-661
633
2580
4865
5292
3920
3409
4784
7120
9285
10722
12094
9249
1199
1872
12290
16242
9613
3627
2765
1751
3025
6001
6451
3917
-3125
-8777
-6003
-12
-702
-6434
-8659
-8283
-11518
-14346
-9605
-4044
-6661
-14709
-18105
-12485
-6885
-7715
-9147
-8486
-9858
-12414
-9977
-2422
767
-3785
-7562
-5695
-1446
1170
2103
3631
3312
-272
-712
4515
8476
5747
2877
4787
4514
2789
5368
7101
4757
3263
2544
1104
2158
4426
3369
520
9
-89
-1117
331
2525
754
-2805
-3038
-196
1390
426
374
927
129
521
2664
4598
5094
4322
4116
5076
7251
9549
10538
12232
9045
892
3187
13217
15416
8752
3569
2751
2111
3839
5863
5712
3228
-3683
-8425
-4947
20
-1807
-6800
-8543
-8646
-11591
-13832
-9187
-4131
-7371
-15517
-17687
-11021
-6369
-8603
-9589
-8125
-9851
-12287
-9105
-1933
88
-4584
-7417
-4903
-1068
1091
2163
3380
2545
-417
345
5108
8174
5588
2116
3918
5176
3746
5074
6944
4666
2157
2171
1881
2738
4381
2877
-86
-380
-54
-737
721
2210
-86
-3198
-2999
-408
1389
548
-583
-3
132
192
2049
4353
4652
3580
3472
4860
6820
8893
9889
11056
10643
3142
642
10304
16436
11122
3817
2652
2750
3345
5578
6082
4686
-1265
-7712
-6342
-190
510
-5319
-8922
-8280
-9411
-12877
-10928
-4935
-5277
-12953
-18033
-13292
-6385
-6938
-9817
-9010
-8994
-11481
-10579
-3973
537
-3099
-7673
-6180
-1818
785
1467
2800
3306
153
-924
3799
7882
6114
2965
4099
4794
3232
4753
6978
5432
3316
2676
1532
2035
4259
3709
813
-117
440
-621
-468
2018
1420
-2326
-3467
-1014
1020
411
-358
43
-146
-40
1434
3367
4390
3804
3314
4172
6055
8418
9661
11132
10464
2791
523
10210
16228
10869
4106
3075
2705
3174
5625
6296
4862
-897
-7380
-6394
-289
733
-4890
-8641
-8279
-9493
-12752
-10779
-4847
-5068
-12832
-18205
-13384
-6198
-6882
-9972
-9037
-8850
-11651
-10942
-4085
445
-3251
-7951
-6683
-2226
676
1225
2286
2903
-259
-1489
2968
7279
6580
3451
3225
3637
3422
5231
6766
6119
4218
1917
1077
3095
5263
4447
1532
27
342
0
635
2739
2098
-1563
-3232
-1060
1313
1384
444
-17
-264
-184
1046
3103
4482
3868
2804
3306
5005
7905
9416
10090
10263
3569
-475
7777
15507
11996
4370
2496
2266
2483
5341
6328
4997
41
-6540
-6885
-1262
1230
-3401
-8076
-8247
-8948
-12131
-10790
-5147
-4510
-11180
-17297
-14367
-7026
-6047
-9105
-9281
-8920
-11005
-11147
-5262
192
-2541
-7716
-7116
-2804
276
980
1888
2681
127
-1337
2342
7232
6995
2356
2411
4885
3970
4722
7023
5638
2888
2559
2540
2977
4954
4389
783
-192
1341
765
408
1989
1668
-1336
-3139
-1120
1868
1656
-481
-726
70
168
1202
3492
4171
2872
2623
3555
5049
7961
9359
9708
9688
3324
-304
8378
15807
11494
3950
2445
2461
2986
5928
6622
4939
-237
-6487
-5964
-177
1731
-3280
-8006
-8104
-8457
-11256
-10056
-4846
-4411
-11276
-17451
-13930
-6086
-5654
-9561
-9683
-8970
-10965
-10912
-4901
146
-3158
-8441
-7615
-2754
525
809
1118
1487
-556
-1311
2358
6871
6599
1681
1266
4772
4625
4262
6182
5764
2871
2014
2819
3508
4618
4182
1156
-150
1473
1388
820
2199
1750
-1370
-2758
-489
2044
1682
-325
-893
22
589
1168
2920
4167
3065
1982
3129
5253
7525
8625
9415
9687
3019
-1096
7879
15472
11109
3588
2192
2559
2811
5258
6123
5107
266
-6337
-6233
-297
1961
-3094
-7769
-7782
-8002
-10591
-9757
-4861
-3951
-10362
-16859
-13559
-5336
-4972
-9539
-9631
-8196
-10087
-10674
-5128
136
-2716
-8172
-7840
-2905
743
828
455
1029
-527
-1634
2172
6628
5873
1574
1309
4144
4649
4906
5613
4848
3293
2330
2419
3912
5108
3916
1253
117
1503
2028
1569
2192
1735
-1072
-2367
114
2573
1826
-212
-814
-54
1183
1903
2704
3714
3258
2080
2801
5549
7695
8142
8249
8973
4531
-602
5881
14086
11564
3976
1514
2380
2647
4724
5690
4565
485
-5755
-6634
-1248
1985
-2485
-8098
-8551
-7686
-9565
-9721
-5837
-4414
-9280
-15635
-14145
-6224
-4179
-8739
-10140
-8342
-9174
-10216
-5879
-338
-2017
-7499
-8020
-3335
830
1117
117
898
258
-1778
930
5882
6313
2654
1140
3077
4125
4659
5170
4978
4203
2276
1314
3258
5061
4152
1933
368
912
1664
1312
1934
2332
-16
-2271
-721
1894
2037
574
-401
-122
1022
1777
2214
3533
3761
2323
2597
4778
6641
7568
8100
9418
6169
-503
3028
12450
12888
5613
1755
2180
1999
3841
5682
4947
1784
-4263
-7022
-2889
1607
-966
-6719
-8264
-7455
-9110
-10209
-6695
-4023
-7390
-13910
-15047
-8262
-3902
-7009
-9726
-8585
-8426
-9723
-7052
-1201
-690
-5808
-7952
-4474
106
1645
758
592
165
-1362
209
4633
6549
3588
571
1943
3573
4071
5385
5372
3417
1784
1461
2663
4611
4858
2476
-201
189
1714
1822
2398
2471
258
-1992
-1248
1686
2954
1467
-243
-457
609
1865
2648
3514
3610
2332
2230
4382
6239
7171
7577
8525
7814
1767
572
8839
13582
8205
1674
1484
2358
3151
4802
4625
2712
-2148
-6588
-4825
415
634
-4960
-8658
-7852
-7615
-9533
-8320
-4925
-5580
-11129
-15079
-10802
-4252
-4971
-9172
-9478
-7921
-8319
-7843
-3363
-374
-3750
-7398
-5625
-1051
1768
1217
149
205
-560
-66
3131
5873
4824
1163
1088
3452
4167
4887
5110
3667
2149
1446
2117
4013
4698
2860
133
-304
1337
1815
1759
2000
734
-1479
-1788
596
2671
1802
-134
-691
318
1673
2210
2940
3734
2972
1867
3538
6284
7240
7215
7775
8664
4429
454
6157
12808
10503
3332
1149
2550
3322
4683
4481
3150
-126
-5156
-5610
-942
1241
-3176
-8218
-8422
-7079
-8430
-9121
-6477
-5221
-9116
-14359
-12852
-5881
-4175
-8551
-10336
-8476
-7890
-8196
-5269
-1329
-2543
-6710
-6832
-2411
1413
1468
37
55
-127
-250
2314
5264
5328
2497
1177
2868
4391
5543
5166
3527
2999
2499
1975
3321
4845
3378
614
-11
1187
1658
1393
1666
1010
-1066
-1932
-130
1993
1614
-119
-925
-422
1119
2161
2283
2546
2699
2324
2700
5035
6675
6594
6462
7810
8551
3817
1504
8042
12846
8197
1876
2326
4141
4066
4132
3566
2630
-538
-4661
-4235
26
323
-5169
-8485
-6968
-6304
-8674
-9230
-6543
-5955
-9979
-13779
-11029
-5280
-5655
-9986
-10226
-7586
-7280
-7905
-5188
-2021
-3691
-6751
-5502
-1318
1135
374
-573
112
300
614
2752
4730
4163
1964
2022
3864
4858
5121
4267
3489
3570
3162
2693
3508
4341
2802
749
1000
1982
1642
1109
1327
798
-841
-1204
573
1754
634
-798
-645
324
1169
1449
1547
2075
2125
2090
3047
4622
5411
5240
5587
7693
9331
5004
552
5453
11871
9222
3013
2603
4297
3488
2843
3394
3856
1253
-3784
-5049
-1075
657
-3764
-7552
-6480
-5604
-8429
-9959
-7174
-5146
-7998
-12788
-12318
-6764
-5144
-8906
-10283
-7667
-6770
-8213
-6622
-2738
-2701
-5697
-5904
-2564
416
470
-586
-55
658
649
1768
3854
4432
2729
2138
3398
4096
4702
4949
3919
3103
3287
3254
3190
3961
3658
1561
775
1904
2043
1456
1588
1045
-563
-1006
516
1601
825
-492
-755
-29
675
1225
1479
1540
1502
1439
2409
3888
4620
4622
4821
5872
7709
8023
3858
1866
7006
10172
6636
3342
4034
4090
2817
2960
3508
3302
357
-3659
-3424
-283
-746
-4861
-6385
-5194
-6034
-8767
-9026
-6474
-5619
-8705
-12208
-10629
-6322
-6337
-9295
-9108
-6685
-6998
-8214
-5641
-2566
-3445
-5476
-4657
-1645
62
-481
-602
734
1143
766
1857
3457
3579
2755
2845
3324
3646
4248
4118
3607
3587
3339
2554
2698
3712
3209
1548
1248
1976
1671
1082
1287
977
-150
-442
566
985
186
-292
-138
207
558
910
1247
1191
1515
1936
2100
2967
4091
4662
4683
5309
6762
8118
6064
1654
3635
9426
9206
4551
3189
4223
3000
2509
3633
3815
1841
-2055
-4000
-2099
-187
-2418
-5744
-6026
-5792
-7724
-9099
-7250
-5367
-7050
-11012
-12157
-8395
-5534
-7424
-9332
-8014
-6876
-7793
-7131
-3598
-2254
-4565
-5669
-3478
-786
-136
-276
462
746
277
865
2705
4244
3736
2420
2521
3217
4058
4681
4391
3825
3283
2658
2518
3645
4507
3021
1259
1613
1970
1440
1755
2051
915
-581
-444
997
1350
349
-214
16
277
278
874
1773
1411
1134
1576
2123
3385
4324
4006
4034
5431
7027
7056
3708
1959
6162
8919
6238
3591
4163
3829
2115
2778
3910
3282
119
-3137
-2554
-374
-1075
-4320
-5622
-4779
-5597
-7994
-8131
-5812
-5399
-8410
-11288
-9673
-5946
-6221
-8780
-8458
-6594
-6881
-7867
-5681
-2644
-3537
-5796
-4900
-1969
-551
-1020
-864
322
347
-202
1135
3090
3251
2107
1905
2629
3172
3889
3877
3375
3506
3069
2165
2871
4277
3623
1843
1471
2185
2114
1730
2024
1703
438
-252
604
1701
1165
-61
-172
430
787
779
1053
1571
1278
1079
1897
2806
3308
3691
3785
3880
4920
6452
7258
5182
2317
3886
7331
7345
4999
3994
3370
2184
2479
3250
3214
1647
-1402
-3164
-2378
-1108
-1960
-4216
-5417
-5751
-6871
-7702
-6538
-5208
-6417
-9625
-10533
-7717
-5645
-6506
-7690
-7443
-6891
-6866
-5946
-3825
-2810
-3760
-4746
-3791
-1448
-191
-275
-59
113
-263
318
2102
3160
2598
1865
1841
2167
3104
3875
3551
2937
2424
1935
2267
3295
3408
2244
1282
1288
1463
1585
1840
1572
422
-521
-93
905
1155
406
-359
-353
172
772
1041
1486
1461
733
1092
2396
3402
3640
3625
3588
4080
5436
6698
7334
5252
2398
4008
7590
7490
4805
3854
3451
2322
2549
3421
3347
1538
-1439
-2916
-1948
-895
-2020
-4117
-4983
-5488
-6826
-7289
-6107
-5328
-6676
-9306
-9903
-7477
-5642
-6355
-7444
-7363
-6951
-6801
-5670
-3611
-2985
-4269
-5089
-3701
-1323
-299
-607
-508
-228
-264
498
2017
2796
2135
1536
1877
2464
3178
3480
3221
2945
2512
2157
2596
3429
3335
2111
1211
1528
2000
1919
1780
1434
605
-207
98
1247
1215
151
-539
-416
420
1038
990
820
936
633
523
1942
3384
3292
2489
2776
3598
4265
5270
6155
6442
4377
2193
4041
7159
7138
4632
3088
2641
2382
2912
3498
3038
1151
-1546
-3033
-1733
-156
-1429
-4011
-5424
-5703
-6141
-6372
-5528
-5209
-6701
-8944
-9401
-7017
-4964
-5715
-7364
-7595
-6868
-6244
-5054
-3382
-3155
-4583
-4980
-3282
-1163
-118
-414
-1014
-1117
-349
895
1822
2268
1868
1144
1177
2183
3275
3424
2759
2216
2091
2148
2763
3326
2903
1881
1241
1542
2077
2158
1784
1083
395
241
684
1181
995
316
-170
-386
235
1093
1020
664
642
731
914
1720
2574
2683
2489
2607
3138
3741
4567
5034
5384
5923
4461
2732
4360
7009
6469
4081
3345
3153
2681
3042
3377
2745
901
-1301
-2048
-1020
-443
-1986
-4223
-5217
-5165
-5659
-6173
-5758
-5707
-6903
-8590
-8627
-6719
-5601
-6495
-7711
-7528
-6531
-5907
-5086
-3903
-3716
-4549
-4653
-3151
-1103
-435
-1110
-1218
-599
104
1019
1937
2242
1639
1436
1829
2187
3241
3636
2530
1988
2531
2679
2485
2979
2931
1720
1117
1582
1982
1876
1533
881
206
217
779
1023
511
17
-111
-286
-21
684
873
562
394
442
860
1661
2149
2166
2218
2495
2995
3771
4222
4332
4775
5323
5663
4942
3851
4682
6289
6044
4528
3829
3576
2995
2904
3087
2484
950
-511
-1161
-1171
-1168
-2079
-3623
-4522
-4821
-5414
-5966
-5925
-5955
-6741
-7909
-8182
-7100
-6241
-6624
-7297
-7224
-6471
-5831
-5279
-4583
-4317
-4438
-4233
-3277
-1921
-1219
-1359
-1295
-627
49
571
1319
1766
1374
1245
1832
2405
2842
3060
2734
2447
2684
2888
2839
2664
2615
2451
1971
1937
2262
2056
1306
1134
1275
716
417
640
421
-92
-254
-192
-68
80
3
-16
99
277
529
723
1158
1486
1604
2084
2594
2944
3325
3703
3899
4178
4660
5113
5815
5494
3983
3866
5207
5723
4963
4158
3316
2570
2440
2422
2241
1268
-375
-1483
-1684
-1614
-2225
-3372
-4196
-4838
-5679
-6061
-5931
-5875
-6141
-7062
-7787
-7354
-6455
-6147
-6592
-6750
-6321
-6008
-5527
-4608
-3950
-3998
-4121
-3593
-2456
-1418
-1060
-1033
-911
-467
257
1029
1695
1709
1515
1840
2179
2356
2804
3291
3117
2723
2753
2722
2630
3017
3141
2368
1762
1750
1713
1705
1729
1289
503
218
558
732
462
24
-274
-148
94
118
209
285
157
241
550
926
1361
1550
1510
1672
2459
3039
2985
3440
3821
3505
3603
4429
5123
5376
5104
3854
3324
4492
5166
4472
3749
3190
2056
1590
2075
2087
1216
-447
-1736
-1894
-1748
-2143
-3112
-4044
-4770
-5541
-6039
-5848
-5649
-6109
-7062
-7766
-7440
-6670
-6446
-6696
-6818
-6702
-6555
-5970
-4950
-4312
-4282
-4368
-3984
-2966
-1813
-1314
-1335
-976
-542
-215
711
1766
1798
1224
1461
2213
2761
3165
3189
2818
2475
2654
3051
3309
3446
3052
2241
1999
2514
2658
2291
2036
1685
1104
932
1359
1575
1229
586
126
211
545
677
562
267
-58
88
581
858
969
1030
787
772
1456
2070
2234
2158
2300
2507
2718
3298
3652
3751
4052
4183
3545
3095
3835
4335
3857
3425
3117
2403
1976
2029
1670
1020
288
-657
-1311
-1529
-1920
-2748
-3524
-3987
-4653
-5253
-5298
-5450
-5934
-6439
-6790
-6853
-6599
-6346
-6347
-6351
-6223
-5858
-5316
-4821
-4434
-4041
-3713
-3525
-2872
-1838
-1247
-1067
-744
-293
129
817
1499
1639
1600
1963
2449
2633
2903
3139
2910
2921
3355
3315
3007
3075
3014
2693
2688
2672
2211
1884
2002
1824
1258
1088
1087
815
556
395
141
-86
-74
-134
-245
-245
-390
-493
-333
-125
51
230
276
384
671
893
1216
1715
2016
1999
2229
2724
2885
3004
3470
3788
3763
3895
3823
3336
3475
4018
3564
2761
2763
2448
1493
1181
1215
622
-307
-1040
-1542
-1912
-2431
-3176
-3764
-4069
-4536
-5173
-5475
-5486
-5597
-5962
-6277
-6229
-5926
-5674
-5707
-5655
-5275
-4985
-4760
-4196
-3598
-3293
-2968
-2613
-2142
-1381
-779
-536
-235
286
759
1198
1692
2040
2193
2382
2763
3077
3196
3371
3448
3274
3167
3231
3299
3258
3058
2690
2374
2223
2027
1813
1640
1247
661
468
640
351
-69
-140
-449
-800
-673
-554
-779
-826
-731
-879
-914
-624
-351
-359
-364
-74
267
532
767
970
1234
1438
1625
1984
2326
2542
2643
2758
2892
3035
3295
3388
3411
3474
3228
2691
2668
3147
2796
1957
1689
1540
1046
671
540
-26
-737
-1183
-1664
-2008
-2189
-2624
-3291
-3712
-3971
-4362
-4563
-4494
-4630
-5004
-5246
-5222
-4926
-4626
-4664
-4770
-4482
-4059
-3844
-3531
-2983
-2641
-2511
-2145
-1546
-942
-553
-362
-84
402
837
1074
1468
1855
1930
1949
2230
2651
2752
2725
2709
2653
2633
2528
2488
2546
2481
2152
1768
1637
1671
1506
1101
834
678
500
353
214
11
-314
-496
-510
-588
-613
-635
-827
-923
-763
-645
-599
-533
-499
-410
-278
-106
107
360
613
629
623
857
1198
1518
1639
1681
1829
2005
2275
2530
2583
2567
2613
2738
2968
3109
2878
2477
2459
2823
2741
2000
1574
1718
1595
1031
631
405
-145
-735
-958
-1197
-1712
-2240
-2621
-2903
-3187
-3528
-3845
-4125
-4301
-4404
-4597
-4654
-4503
-4383
-4427
-4464
-4181
-3785
-3549
-3404
-3199
-2872
-2484
-2106
-1733
-1298
-896
-645
-429
-6
488
759
966
1201
1399
1629
1897
2156
2252
2242
2328
2366
2336
2429
2455
2297
2204
2146
1910
1713
1720
1567
1229
1017
822
575
471
308
-45
-234
-309
-431
-547
-683
-833
-902
-876
-896
-844
-714
-733
-749
-592
-395
-225
-18
197
349
516
777
931
1044
1362
1668
1774
1871
2044
2174
2414
2695
2705
2642
2724
2843
2890
3000
3055
2702
2290
2353
2526
2331
1892
1405
1096
984
760
341
-26
-431
-1054
-1513
-1677
-1860
-2268
-2797
-3179
-3416
-3652
-3922
-4059
-4069
-4279
-4581
-4539
-4274
-4169
-4164
-4120
-4018
-3718
-3304
-3061
-2840
-2468
-2124
-1901
-1582
-1026
-600
-355
-62
260
624
947
1212
1454
1651
1811
1919
2057
2249
2373
2360
2291
2255
2232
2141
2023
1991
1885
1587
1393
1354
1176
903
778
674
382
200
183
-45
-320
-324
-284
-490
-688
-712
-705
-742
-729
-608
-642
-758
-657
-394
-240
-194
-60
46
171
378
592
821
963
1066
1209
1376
1591
1854
1987
1936
1961
2144
2338
2428
2480
2474
2373
2387
2530
2487
2147
1976
2049
1901
1629
1382
1005
679
583
346
-104
-362
-752
-1336
-1542
-1592
-1950
-2478
-2819
-3021
-3263
-3461
-3575
-3638
-3769
-3929
-4013
-3967
-3820
-3721
-3591
-3493
-3435
-3178
-2833
-2585
-2373
-2103
-1768
-1412
-1068
-779
-521
-213
109
396
763
1131
1267
1341
1534
1782
2016
2156
2205
2124
2088
2229
2230
2139
2046
1855
1661
1524
1468
1348
1115
906
756
566
333
187
78
-47
-252
-483
-590
-584
-564
-702
-843
-813
-761
-688
-580
-538
-573
-549
-370
-119
34
67
141
300
498
685
817
976
1146
1221
1243
1351
1599
1768
1751
1748
1819
1897
1925
1964
2015
1941
1828
1785
1793
1780
1697
1501
1258
1135
1072
967
768
460
94
-163
-218
-309
-621
-1111
-1460
-1440
-1441
-1793
-2095
-2159
-2460
-2779
-2594
-2402
-2706
-3023
-2901
-2729
-2734
-2678
-2546
-2461
-2428
-2301
-2054
-1794
-1568
-1412
-1298
-1137
-888
-548
-268
-211
-140
155
420
518
718
936
920
898
1070
1257
1294
1286
1235
1157
1257
1345
1216
1094
1047
875
753
857
822
521
360
350
229
147
136
-7
-179
-271
-312
-293
-303
-377
-410
-430
-488
-432
-249
-252
-371
-287
-162
-140
-16
175
178
113
199
430
659
721
674
632
730
934
1041
1089
1156
1145
1053
1092
1327
1474
1352
1208
1238
1317
1391
1439
1397
1247
1117
1123
1201
1255
1191
1009
751
574
642
711
570
327
72
-147
-246
-251
-326
-552
-863
-1087
-1194
-1291
-1329
-1438
-1697
-1894
-2013
-2077
-2021
-1968
-2115
-2279
-2241
-2172
-2121
-2012
-1925
-1935
-1907
-1746
-1562
-1383
-1218
-1156
-1137
-976
-680
-446
-344
-304
-196
0
166
273
399
501
495
543
697
794
813
802
749
729
845
933
846
778
761
643
570
716
792
560
370
354
379
459
445
299
173
162
223
257
262
224
148
119
217
330
342
301
313
396
421
455
579
657
648
620
632
732
833
825
794
768
777
842
862
832
845
854
772
759
868
867
737
667
624
583
651
693
566
435
445
447
360
332
337
217
47
-18
-21
3
-49
-270
-484
-524
-471
-507
-622
-802
-975
-1010
-978
-996
-1120
-1266
-1331
-1370
-1428
-1445
-1386
-1405
-1532
-1621
-1560
-1417
-1381
-1409
-1424
-1437
-1335
-1142
-1028
-992
-983
-957
-852
-660
-479
-411
-398
-309
-148
-47
46
193
257
270
322
420
504
558
647
672
632
674
801
830
723
745
866
839
772
810
806
722
737
768
677
628
684
668
532
472
538
570
494
369
329
357
323
257
259
260
183
134
170
194
166
148
176
161
111
90
127
184
146
96
133
182
200
183
187
245
268
263
304
322
344
416
432
381
382
461
487
491
513
467
390
370
413
430
342
188
135
169
95
-40
-119
-164
-262
-421
-484
-493
-551
-635
-786
-929
-938
-897
-946
-1069
-1071
-1030
-1115
-1173
-1136
-1070
-1047
-1059
-1083
-1058
-924
-842
-840
-811
-714
-615
-572
-533
-441
-300
-224
-183
-86
11
61
116
236
329
345
355
400
501
578
546
479
535
641
634
552
495
522
549
501
434
408
420
376
300
257
221
201
181
137
88
56
43
26
14
10
8
-8
-36
-16
26
30
30
51
42
24
80
146
130
77
67
135
202
186
184
256
304
287
254
283
368
397
344
344
399
381
367
430
469
423
363
372
424
419
324
280
333
317
233
185
181
179
140
89
43
-8
-53
-69
-85
-127
-171
-215
-270
-309
-310
-287
-337
-423
-439
-437
-443
-433
-431
-476
-491
-419
-396
-431
-428
-399
-383
-391
-381
-336
-306
-320
-335
-309
-289
-306
-288
-267
-296
-311
-280
-253
-264
-303
-329
-295
-234
-252
-336
-337
-241
-211
-229
-203
-193
-207
-169
-132
-122
-98
-65
-48
-52
-6
42
43
85
134
136
117
160
205
190
212
262
270
221
204
267
308
291
282
306
280
266
321
328
294
304
340
342
312
307
343
379
383
353
321
351
442
439
342
321
383
408
374
390
409
332
244
249
335
348
282
222
185
209
229
200
157
120
90
82
85
81
86
62
31
8
-20
-40
-62
-58
-48
-110
-198
-194
-126
-132
-244
-299
-240
-226
-292
-344
-342
-316
-339
-396
-429
-416
-403
-444
-483
-472
-488
-540
-532
-510
-550
-579
-543
-523
-556
-570
-575
-569
-522
-518
-574
-547
-447
-412
-436
-423
-360
-292
-250
-232
-199
-106
-56
-79
3
142
157
146
223
289
290
353
451
449
411
420
476
570
603
518
468
529
542
516
545
558
499
450
434
415
451
487
398
281
288
368
379
298
216
239
290
239
177
221
274
202
130
181
239
211
154
139
162
176
176
184
193
171
139
136
163
194
182
136
91
71
125
182
125
36
18
21
-13
-37
-21
-44
-139
-197
-198
-208
-215
-261
-340
-381
-391
-420
-472
-477
-479
-534
-601
-587
-516
-521
-595
-631
-596
-552
-542
-541
-548
-556
-540
-480
-410
-384
-394
-399
-355
-286
-244
-213
-175
-141
-116
-84
-31
13
32
38
44
62
108
159
173
156
146
158
182
216
242
224
181
155
205
271
249
200
183
206
245
245
222
212
216
211
228
262
273
246
202
222
292
295
234
218
263
286
283
273
250
261
288
269
250
261
275
260
239
220
195
215
234
194
140
125
129
106
110
120
55
-4
23
44
-7
-42
-43
-61
-101
-130
-98
-83
-150
-204
-181
-180
-243
-230
-152
-185
-267
-258
-212
-206
-213
-204
-205
-239
-244
-188
-133
-138
-169
-168
-133
-115
-110
-90
-95
-98
-68
-64
-82
-78
-60
-44
-48
-81
-112
-85
-34
-42
-92
-100
-46
-29
-70
-78
-51
-32
-26
-42
-35
19
56
36
3
18
76
97
50
30
78
125
136
130
125
141
173
176
134
116
150
178
158
125
129
145
128
110
110
79
65
97
88
28
-8
15
34
2
-33
-70
-100
-77
-54
-72
-111
-136
-114
-74
-84
-114
-83
-34
-54
-84
-46
-4
-4
-6
19
33
30
56
99
98
41
50
124
146
100
69
118
136
73
58
130
147
81
47
67
78
74
74
51
20
16
26
32
3
-14
14
11
-52
-60
-2
-14
-70
-70
-49
-65
-67
-42
-65
-108
-114
-81
-36
-51
-121
-121
-61
-61
-89
-88
-97
-119
-103
-80
-120
-159
-124
-81
-95
-143
-161
-125
-99
-143
-190
-167
-119
-125
-156
-168
-157
-128
-113
-138
-153
-117
-74
-64
-86
-75
-16
32
32
-3
15
86
99
70
97
153
166
161
175
188
192
227
261
223
178
189
213
220
211
169
125
135
170
162
112
76
81
102
76
27
37
79
67
16
-4
26
62
57
6
-17
18
52
51
44
38
20
15
55
85
67
33
22
39
67
75
48
26
54
75
46
37
70
66
23
12
32
19
-7
4
11
-20
-56
-60
-44
-50
-78
-102
-120
-123
-129
-130
-129
-156
-170
-154
-136
-133
-164
-181
-168
-156
-144
-145
-152
-155
-145
-115
-107
-118
-119
-90
-68
-84
-76
-29
-5
-35
-48
-10
14
14
18
41
44
33
71
113
100
54
68
126
117
69
75
120
115
77
63
71
103
118
69
16
37
88
80
23
-12
15
46
22
-20
-29
-15
-10
-23
-46
-59
-41
-29
-36
-64
-99
-77
-26
-29
-74
-78
-55
-52
-46
-56
-79
-80
-56
-35
-44
-62
-56
-31
-32
-48
-25
11
16
-8
-37
-26
31
54
17
-18
1
50
46
11
23
52
58
38
23
40
68
66
32
14
40
60
52
34
35
42
32
23
22
21
31
47
51
31
4
24
65
60
34
33
51
66
69
63
