-9
-5
-6
-7
-1
1
-6
-13
-18
-16
-12
-16
-14
-7
-2
-6
-8
-4
-10
-11
-10
-8
-4
-2
3
6
10
11
14
10
3
1
0
-4
0
3
-1
5
5
6
12
0
-4
4
1
4
3
3
4
5
6
-3
3
8
5
7
4
6
1
-4
-4
-1
-2
-8
-10
-13
-19
-15
-8
-6
-2
1
4
1
-5
9
11
0
5
7
5
6
8
9
5
-1
1
6
6
9
7
3
7
10
10
5
-1
1
6
4
7
8
11
19
11
6
8
6
1
-3
-4
-11
-6
-3
-7
1
-1
-6
4
6
3
-1
0
-1
3
5
0
4
-1
-3
2
3
-3
-5
1
-4
-3
6
2
4
12
17
20
20
19
23
20
15
16
19
18
17
17
16
12
10
8
1
-8
-1
2
-3
0
2
0
2
2
-2
1
1
-3
1
-1
2
-1
-5
5
1
-4
-4
-5
3
-2
1
6
0
3
0
6
7
2
7
6
9
9
7
11
12
9
-2
-1
-4
-6
-7
-12
-7
-11
-12
-9
-9
-5
-2
3
5
3
6
7
7
13
9
6
6
0
2
9
8
1
9
13
16
18
20
27
28
35
41
49
65
69
66
75
85
89
90
92
89
82
84
77
63
54
45
31
21
7
-7
-21
-34
-37
-56
-65
-65
-77
-82
-91
-101
-108
-103
-92
-95
-96
-81
-66
-63
-57
-42
-37
-26
-1
18
25
37
51
65
80
87
105
122
123
129
129
133
151
138
128
139
111
87
75
51
34
15
-13
-28
-47
-80
-95
-113
-138
-153
-170
-184
-187
-201
-206
-192
-195
-196
-184
-186
-177
-149
-136
-132
-108
-78
-60
-33
7
38
58
84
115
133
163
210
239
250
257
274
292
289
292
296
253
218
231
207
161
142
108
72
43
-15
-60
-92
-148
-187
-202
-224
-255
-283
-301
-306
-303
-282
-273
-291
-265
-237
-212
-149
-112
-94
-49
-17
22
103
151
171
214
230
246
291
291
304
348
335
340
356
330
317
308
264
217
195
167
126
93
52
-10
-77
-133
-176
-236
-300
-322
-341
-394
-450
-483
-516
-526
-497
-503
-532
-496
-451
-444
-398
-350
-307
-207
-109
-48
14
82
187
292
351
438
544
616
660
664
687
755
742
706
748
424
-118
77
527
228
-270
-419
-700
-1115
-1025
-660
-857
-1515
-1724
-1436
-1467
-1648
-1297
-858
-1015
-1266
-967
-515
-163
374
787
735
790
1331
1964
2388
2665
2828
2838
2983
3337
3160
2554
2799
3497
3057
1915
1498
1546
1165
747
742
262
-1136
-1969
-1364
-1037
-2120
-3165
-3086
-2935
-3528
-3871
-3309
-3000
-3646
-3950
-3179
-2649
-2957
-2780
-1746
-1328
-1819
-1655
-456
322
154
175
883
1366
1293
1659
2506
2594
1992
2065
2783
2913
2485
2501
2866
2613
1951
1878
2185
1924
1203
867
825
454
-36
-2
-96
-1402
-2392
-1632
-1168
-2136
-2829
-2941
-3576
-3804
-2742
-2335
-3418
-3984
-3312
-2704
-2419
-1854
-1386
-1313
-1136
-539
249
1027
1784
2340
2576
2736
3320
4283
5026
5306
5218
5159
5376
5802
6338
6009
4379
3617
4638
4818
3239
2104
1837
915
-301
-414
-328
-1834
-3857
-4140
-3526
-4219
-5789
-6089
-5276
-5735
-7256
-7155
-5607
-5402
-6338
-5823
-4466
-4622
-4979
-3310
-1413
-1559
-2266
-1164
856
1503
1248
2008
3310
3392
2986
3954
5347
5140
4280
4626
5332
4830
4056
4586
4999
3792
2575
2576
2730
2353
811
-1542
-1402
-95
-1631
-3316
-3180
-4365
-6349
-5159
-2995
-4667
-7447
-6798
-4864
-4646
-4480
-3540
-3387
-3726
-2876
-1061
134
807
1604
2258
2754
3817
5347
6360
6875
7196
7339
7578
8348
9080
8147
6396
6565
7717
6936
4980
4134
3793
2365
1012
976
405
-2069
-4090
-3553
-3230
-5229
-6951
-6849
-6527
-7499
-8940
-8676
-7314
-7534
-8591
-7880
-6356
-6613
-7146
-5177
-3115
-3662
-4293
-2410
-103
132
-88
1333
3033
3007
2784
4269
5790
5496
4795
5598
6612
6120
5386
5987
6554
5454
4109
4417
4343
1343
-99
1996
1602
-1408
-2520
-2656
-4131
-4737
-3378
-3830
-6511
-7469
-6198
-5340
-5061
-4551
-4657
-5133
-4528
-2796
-1368
-538
252
824
1337
2632
4551
5695
6175
6752
7215
7701
8528
8858
7632
7063
8535
8770
6743
5374
5374
4674
3217
2630
2347
470
-2167
-2783
-1752
-2528
-5461
-6612
-5754
-6425
-8289
-8726
-7642
-7400
-8735
-9258
-7858
-6711
-7348
-7577
-5688
-4311
-5181
-5168
-2443
-530
-1330
-1371
937
2530
2094
2332
4313
5352
4563
4407
5883
6766
5926
5536
6461
6586
5578
4462
2991
2912
3774
2337
568
279
-976
-3050
-2611
-1131
-2843
-5670
-5911
-4823
-4926
-5237
-4458
-4113
-5006
-5309
-3776
-2123
-1428
-841
-20
533
1292
3075
4845
5739
5990
6281
6970
8116
8714
7243
6549
8675
9477
7060
5343
5866
5576
3890
3264
3306
1377
-1649
-2350
-924
-1410
-4585
-6295
-5466
-5527
-7587
-8853
-7703
-6863
-8563
-10032
-8570
-6690
-7435
-8465
-6716
-4893
-5857
-6466
-3793
-1201
-1965
-3010
-954
1652
1445
816
2672
4580
4006
3179
4740
6569
6034
5090
5958
6948
6309
4122
2415
4017
5269
2679
846
1147
-236
-2364
-1360
319
-2022
-5447
-5364
-3706
-3695
-4198
-3720
-3578
-4406
-4461
-2958
-1390
-623
-321
-81
663
2080
3685
5089
5969
6205
6289
6880
8436
9090
6866
5923
8621
9483
6647
4740
5465
5297
3204
2426
2940
1278
-2210
-3090
-1365
-1873
-5173
-6869
-5798
-5661
-7843
-9426
-8202
-6768
-8327
-10164
-8830
-6695
-7422
-8773
-6872
-4527
-5619
-6824
-4167
-1127
-1749
-3054
-1017
1798
1451
534
2405
4723
4326
3005
4272
6434
6039
4773
5660
6774
5167
2328
2306
5146
4539
759
110
559
-1036
-1955
-576
-650
-3911
-5502
-4096
-3096
-3405
-3491
-3393
-3791
-3839
-2847
-1381
-384
456
776
901
2273
4266
5757
6583
7155
7209
7395
8800
10112
8525
6191
8180
10344
8012
5190
5347
5774
3614
1958
2523
1795
-1824
-4120
-2831
-2173
-4986
-8077
-7417
-6090
-8097
-10726
-10132
-7758
-8289
-10920
-10785
-7969
-7337
-9195
-8557
-5435
-4999
-7109
-5883
-1664
-607
-2749
-2170
1592
2707
1065
1859
5054
5880
3940
4010
6796
7732
6153
5911
6652
6019
4648
3578
4022
4602
2593
241
114
403
-904
-2347
-2151
-2307
-4114
-5079
-4292
-3654
-3900
-4241
-4143
-3892
-3419
-2460
-1392
-416
263
718
1776
3646
5132
5979
7035
7898
8110
8603
10046
9624
7118
8072
11104
10055
6359
5286
6451
5507
3145
2733
2846
184
-3450
-3820
-2031
-2833
-6803
-8697
-7005
-7120
-10395
-11474
-8717
-7737
-10947
-12869
-10135
-7453
-8825
-10221
-7795
-5478
-7018
-7934
-4190
-811
-2374
-4108
-1091
2371
1674
704
3371
5943
4771
3338
5479
8342
7845
6247
6081
6201
5434
3981
5120
6384
3154
22
119
1107
792
-545
-1777
-3224
-4249
-4070
-3259
-3029
-3412
-4226
-5035
-4381
-2885
-1914
-1525
-891
-202
-23
1314
3914
5547
5874
6298
7739
8921
9119
9730
9341
7840
8818
11062
10255
7124
5915
6597
5903
4136
3514
2806
150
-2378
-2857
-2362
-3570
-6461
-7617
-7380
-8327
-10198
-10889
-9606
-9099
-11092
-12538
-10953
-8958
-9329
-10134
-8700
-6976
-7560
-7758
-5068
-2459
-2961
-3774
-1530
1055
1128
990
3001
4911
4501
3782
5469
7722
7787
6791
5405
5817
6570
4616
5057
6313
3400
206
863
2399
947
-727
-1424
-2403
-3276
-3181
-2552
-2899
-3314
-3714
-4136
-3787
-2572
-1428
-1263
-606
240
557
1809
4175
5708
5971
6494
8132
9927
10005
9235
7943
7625
10255
11788
9730
6435
5413
5978
5310
4414
3796
2139
-1188
-3546
-3055
-2265
-4212
-7385
-7654
-7542
-10020
-11686
-10198
-8369
-9683
-12545
-13005
-10586
-8864
-9428
-9644
-8180
-7591
-8701
-7476
-3464
-1851
-3851
-4140
-920
1142
705
1421
3930
4879
3477
3323
6185
8391
7583
5276
5075
6345
4957
4931
6371
4407
1613
696
1281
1772
1463
-368
-2588
-2654
-2154
-2532
-2679
-2134
-2640
-4070
-4310
-2812
-1072
-1073
-1083
1
403
1130
3243
5100
5972
6083
6871
9134
11089
11006
8004
6244
9220
12385
11433
7888
6112
6148
5199
4207
4923
4596
484
-3635
-3786
-1886
-3015
-6676
-7407
-6762
-9114
-12361
-12023
-8711
-7939
-11697
-14561
-12377
-9425
-9931
-10668
-8464
-7266
-9621
-9915
-5352
-1687
-2954
-5027
-2986
458
487
188
3154
5621
4169
2142
4515
8183
8751
5923
4279
6781
5895
3824
5807
6528
3608
136
746
2339
1768
501
-1013
-1857
-2549
-2637
-2137
-1460
-1740
-3242
-4203
-3540
-1219
-201
-534
-83
736
1314
2414
4743
6819
6810
6664
8796
10988
11940
9381
5904
8469
12749
12522
8375
5936
6740
6039
4219
4237
4991
1995
-3355
-5093
-2448
-1676
-6316
-9098
-7524
-7890
-12094
-14045
-10132
-7468
-11223
-15744
-14079
-9551
-9389
-11771
-10454
-7219
-8570
-11132
-7490
-1543
-1887
-5932
-4640
457
1459
-299
1570
5660
5511
2156
3107
7566
8724
5191
3520
7198
7150
3500
4515
6340
4051
809
1276
2643
1612
293
-745
-1535
-1656
-1439
-1803
-2180
-1837
-2052
-3322
-3041
-378
284
-876
41
1981
2566
2684
4672
6969
6593
6790
9776
12079
11832
7821
5087
9427
13747
12154
7788
5719
5991
5061
4071
5081
5219
794
-4588
-5375
-2424
-1879
-6607
-9284
-7628
-8919
-13423
-13733
-8777
-7151
-12289
-16531
-13872
-9041
-9050
-11316
-9891
-7473
-9411
-11106
-6316
-514
-1928
-6471
-4751
527
1410
19
2333
5963
4651
600
2466
8460
7447
3885
5542
5826
4127
4130
5319
5515
3535
1988
781
756
2556
2372
-190
-1544
-896
-954
-1791
-996
495
-1106
-3313
-1592
775
867
765
2256
3117
2456
3407
5843
7536
8035
8576
10819
11891
7708
4454
8713
13699
12286
7052
4516
5437
5137
3960
4599
4527
478
-4924
-6175
-2590
-1425
-6467
-10072
-8900
-8991
-12466
-13638
-9538
-7356
-11968
-16623
-14281
-8760
-8016
-11161
-10766
-7539
-8496
-10416
-6367
-580
-1360
-6149
-5077
693
2393
529
1972
5367
3862
832
3827
7749
5794
4114
5083
4594
4397
4957
4715
3699
3221
2604
669
661
2527
2326
-392
-1632
-442
-357
-1316
-721
307
-1323
-2534
-457
1510
1157
677
2338
3349
3006
4271
6708
7459
7183
9042
11832
12219
7874
4813
8863
13213
12209
7656
5486
5721
4409
3498
4341
4734
760
-5213
-6355
-3016
-2738
-7438
-9570
-8523
-9896
-13719
-14179
-9823
-7972
-12157
-16624
-14604
-9564
-9032
-11177
-10104
-7454
-8725
-10430
-6179
-347
-1262
-5478
-4034
902
2089
432
2400
6256
4278
571
3079
7288
7200
5175
4310
4283
4362
4554
4905
4946
3895
1645
-99
918
3248
2736
-295
-1673
-717
-372
-1205
-477
800
-514
-2417
-1458
1272
2208
1820
2427
3255
3160
4265
6609
8072
9116
9806
11400
9344
4824
7570
12487
12908
8745
5501
5931
5000
4358
5121
5371
1847
-3717
-5498
-3481
-1617
-4780
-8768
-9482
-9680
-11837
-13554
-10552
-8188
-11329
-15987
-15512
-10599
-8629
-10609
-11236
-9123
-9003
-10304
-7611
-2107
-1217
-5256
-5750
-1352
1694
1150
1053
3524
4253
1682
2226
5228
5330
5382
4912
3797
4231
4307
4134
4103
4548
3736
922
170
2374
3506
1304
-518
-90
389
-7
-171
751
715
-613
-730
1223
2471
2258
2797
3660
4344
4405
5463
7837
8775
9538
11621
11009
5749
5133
10210
12641
10338
5992
5482
4675
2442
3833
5292
3475
-2138
-6080
-5271
-3073
-3963
-7445
-8539
-9484
-11890
-13796
-12030
-8326
-9366
-13898
-15979
-12864
-9327
-9391
-10241
-9134
-8452
-10325
-9240
-3590
-526
-3340
-5610
-2791
215
828
1758
3920
3779
1079
1514
4128
5931
6374
4360
2832
3243
4353
4941
4579
4136
3101
1014
9
2214
3982
2288
-420
-1046
9
295
453
1106
1045
-802
-1736
507
2885
3043
2382
2971
3461
3958
5717
7712
8624
8427
9644
12288
10713
4821
5685
12671
14003
8324
3969
5688
6103
3444
3211
4876
3007
-3725
-6980
-4204
-1646
-4739
-9643
-9879
-9006
-11270
-14413
-12404
-8035
-9814
-15901
-17255
-11445
-7680
-10463
-12652
-9625
-7592
-9933
-9195
-3220
-354
-4438
-6544
-1875
2621
1497
-178
3716
5271
1424
1261
5218
6813
5383
4578
3818
3236
4656
5634
4434
3296
3233
1620
-59
1881
4462
2437
-1715
-1565
1212
1002
-835
344
1787
-648
-2266
783
3611
3017
2140
3195
4297
4171
5847
8394
9078
9316
11221
11905
6010
3640
10766
15447
11180
4517
4788
6359
4201
3780
5674
4924
-1551
-6764
-5335
-1165
-1880
-7774
-10277
-8929
-9805
-13653
-13194
-7951
-7935
-14566
-18282
-13510
-7778
-8885
-12517
-11469
-8643
-9937
-10597
-5297
-563
-3589
-8120
-5152
1052
2212
198
1224
3431
1751
780
4274
6909
6238
3444
1835
3459
5715
6477
4806
2912
2485
1913
1298
2525
4581
3097
-1300
-2469
791
2616
1072
47
374
-212
-1393
297
3806
4170
2060
1487
3318
5586
6576
7458
8221
8106
8831
11741
13828
7939
2441
9076
15858
11567
3998
4568
7584
4082
1042
3724
5660
-726
-7795
-6206
-1869
-3221
-9135
-10536
-8114
-9718
-14670
-14983
-9087
-7394
-13550
-18128
-14183
-8153
-8883
-12697
-11206
-7251
-8886
-11202
-6295
-198
-2173
-7075
-4724
1324
1859
-400
2123
4635
2621
1506
3495
5620
6273
5699
3168
2045
4885
6388
4219
2596
3373
2628
-94
422
4070
3809
-1118
-3010
20
1866
-98
-984
585
303
-1698
-1287
2101
3842
2287
1322
3133
5004
5540
6766
7975
8976
9774
10897
13269
9178
3089
8606
16143
13228
5560
4286
7612
5711
2420
4621
6548
391
-6936
-5720
-1097
-2010
-7843
-9960
-8370
-9796
-13683
-14184
-9479
-7926
-13499
-18104
-14942
-8992
-8923
-12407
-12144
-9009
-9433
-10980
-6772
-1377
-2778
-7154
-5446
224
1535
-90
1559
4113
2854
1365
3910
5934
5294
6194
5153
2301
4278
7043
5550
3016
3406
3922
1243
353
3627
4580
264
-2654
-306
2177
612
-1312
127
531
-1352
-1204
1009
2853
2515
1486
2011
3932
5602
5969
6688
7837
9138
10252
12537
10951
2852
5244
15231
14779
6853
3597
7477
6633
2165
3698
7403
3624
-5845
-6951
-1360
-265
-5743
-9454
-7675
-8487
-12385
-13966
-10014
-6827
-11228
-17098
-16255
-9854
-7889
-11508
-12742
-9927
-9177
-11379
-8982
-3047
-2481
-7132
-7511
-2302
469
-701
167
2724
1675
168
2903
5292
3961
5174
6098
1865
2212
7202
7461
3368
2184
4501
3397
627
2685
5822
2775
-2148
-1122
2886
2601
-250
58
810
-739
-1061
1163
2918
2631
1338
1160
3159
5333
6153
6039
6418
7578
8645
10928
13786
8698
637
6564
16251
13129
4436
3526
7735
4683
218
3924
7670
1155
-7933
-6486
-849
-1960
-7572
-8991
-7293
-9591
-13826
-13717
-8546
-6662
-12119
-17159
-14799
-8960
-8188
-11103
-11166
-8861
-9452
-10926
-7019
-1861
-2682
-6502
-5581
-1558
-701
202
2944
2526
156
1122
4307
3641
3292
7472
5635
-75
2451
7858
6552
2196
2786
4905
2067
-261
3385
5930
2033
-1906
-583
2268
1859
392
602
553
-381
-547
1033
3106
3320
2078
1673
3189
5542
6456
6172
7058
8660
9537
12230
11010
2652
4028
14129
14752
6472
2639
7188
7025
1492
2695
7542
3956
-5917
-6954
-748
136
-5781
-9469
-7421
-7616
-11630
-13601
-9900
-6513
-10384
-16073
-15507
-9717
-7579
-10823
-12276
-9544
-8496
-10799
-8966
-3120
-2253
-6727
-7143
-2387
-366
-844
845
1922
-88
15
3615
4251
2380
4494
5793
1816
1579
6592
7418
2845
1210
4340
4414
1065
1999
5385
3459
-1007
-1117
2425
3499
672
-373
528
278
211
1269
2554
2573
1448
1137
2794
5308
6162
5205
4969
6853
8727
9796
12685
10496
1110
2447
13953
15589
6447
2065
6490
6070
768
2703
7759
4044
-5574
-7382
-2142
-365
-4441
-7849
-7114
-8425
-12234
-12841
-8663
-5661
-9621
-15343
-15521
-10629
-7541
-8906
-10391
-9880
-10003
-10808
-7782
-2835
-2529
-5984
-6721
-3984
-1693
136
1836
1262
-862
-160
3018
3476
2513
4749
5706
1704
616
5059
7107
3937
1452
2849
3434
1564
1826
4431
3878
-30
-1402
1322
3520
1998
99
425
1111
1211
1392
2699
3957
3356
2262
3185
5598
6965
6564
6255
8172
10305
12497
10198
1568
3713
14319
14183
5626
2593
7143
5830
281
2611
7735
3553
-6789
-7655
-1108
29
-5890
-9605
-6989
-7431
-12272
-13702
-8902
-5545
-10313
-16013
-14802
-9358
-7670
-10074
-10791
-9020
-9222
-10794
-7476
-2093
-2624
-6808
-6202
-2572
-1515
-497
1934
2083
-798
-743
3658
4781
2026
4103
6572
1642
80
5775
7902
3569
908
3396
3800
1210
2028
4880
3680
-373
-1470
1494
3548
1837
84
-143
125
882
1555
1899
2689
3029
1647
1854
5064
6826
5806
5249
6860
8797
9829
12539
10025
1105
4204
14756
13764
4876
2884
7910
5512
-214
2775
7988
3105
-6674
-6379
-851
-1174
-6249
-8021
-6259
-8565
-12666
-12587
-8179
-6359
-10866
-15427
-14189
-9560
-8433
-9979
-10144
-9153
-9701
-10684
-7097
-2554
-3517
-6607
-5451
-2872
-2610
-480
2766
1710
-1601
-693
3907
4227
1780
4594
6039
1388
739
5717
7583
3811
1105
2964
3887
2206
2457
4482
3500
-33
-886
1903
3536
1817
271
136
325
978
1516
2130
2799
2385
1483
2028
4818
6553
5432
4896
6353
7904
8553
11808
11806
2269
1072
12120
15221
6715
1811
6633
6812
393
1025
7212
5635
-4043
-7199
-2543
-275
-3832
-7361
-6504
-7156
-10786
-12585
-9340
-5675
-8411
-13748
-14850
-10891
-7940
-8743
-9831
-9569
-9533
-10576
-8495
-3788
-3029
-5975
-6764
-4272
-3040
-1969
1927
2421
-2220
-3284
2167
5140
1896
2453
5767
2462
-785
3641
8396
5553
686
1528
4093
2927
2277
4735
4645
1007
-1035
1308
4082
3122
1526
1068
356
405
2110
3615
3406
2489
1651
2025
4330
6340
6200
5218
5422
6822
7960
10454
13135
6556
-1255
6081
15520
10987
2273
3588
7603
2425
-1583
4307
8388
423
-8258
-5717
-603
-2063
-6615
-7055
-6027
-9405
-13131
-11363
-6179
-5870
-11325
-15126
-12903
-8392
-7648
-9014
-8929
-8802
-10428
-10137
-5168
-1585
-4021
-6832
-5336
-3642
-2564
717
3114
452
-3367
-970
4056
3582
1749
4475
4579
99
587
5793
7256
3164
654
2533
3103
1958
3139
5036
3121
-513
-685
2231
3832
2548
1166
428
125
1219
2658
3248
3114
2363
1742
2690
5115
6158
5566
5563
5580
6800
9161
12187
11067
1633
978
11774
13957
6032
2379
6866
5747
-652
962
7552
5853
-4480
-7569
-2567
-635
-4057
-6882
-5528
-6886
-11390
-12612
-8412
-4852
-8240
-13431
-13854
-10087
-8038
-8529
-8370
-8313
-9822
-11023
-7708
-2799
-2760
-6274
-6593
-3847
-3372
-2186
1962
2491
-2253
-3954
1330
5131
2668
2057
4298
1634
-987
3504
7758
5380
1381
790
2114
2901
3876
4903
3531
730
-495
951
3555
4190
2622
637
-589
411
2857
3840
3327
2380
1241
1602
3944
6273
6405
5016
4677
5301
6824
9061
12357
12315
2031
-2215
9946
16406
8062
1228
5061
6504
-135
-483
7107
8038
-2610
-9410
-4753
133
-1803
-6263
-6305
-6457
-10917
-13186
-8975
-3965
-6626
-13010
-14799
-11387
-7858
-7305
-7886
-8686
-10108
-11327
-8541
-3007
-2009
-5737
-7198
-4728
-3413
-2203
1362
2543
-1253
-4309
-134
4997
2836
597
3251
3458
25
501
5715
7028
2065
-778
2063
4150
2848
3081
4274
2489
-486
-98
3670
4851
2530
737
249
852
2429
3829
3707
2654
1901
2096
3611
5777
6551
5077
4609
5443
6784
8822
11288
11915
3274
-1826
8829
15624
8448
1260
4566
6703
223
-770
6447
8021
-2279
-9221
-4365
340
-2001
-6351
-5950
-6284
-10646
-12532
-8837
-4034
-6422
-12715
-14398
-10799
-7604
-7590
-7840
-8132
-9504
-11139
-8857
-3157
-1698
-5584
-7213
-4323
-3401
-3296
644
3397
-426
-4995
-1410
4886
3844
693
2849
3738
-204
-335
5800
8110
2575
-956
1744
3678
2878
3747
4734
2023
-966
219
3763
4494
2518
1310
408
-42
1823
4100
3940
2367
1342
1388
3036
5247
6106
5238
3913
4476
6107
7432
9436
12117
8939
-1176
791
13600
13914
3996
1236
6528
4611
-1674
1883
8864
5168
-6525
-8359
-1464
743
-3027
-6414
-5683
-7378
-11337
-11103
-6019
-3398
-8714
-13882
-13176
-9074
-6682
-6986
-7678
-9062
-10730
-10629
-5997
-1651
-3415
-7075
-6753
-3975
-3510
-2101
2169
1981
-3812
-5095
1681
5653
2148
536
2883
1783
-689
2369
7589
6425
341
-1085
2730
4628
3815
3848
3478
1047
-489
1412
4727
4839
1984
-101
-349
1384
3473
3929
3068
1385
559
1749
4105
5817
5515
4063
3261
4326
6066
8027
9527
10578
8299
-819
-180
13004
15374
5121
-467
4487
5480
-249
1595
8492
6067
-6149
-9563
-1486
2675
-1720
-7104
-6602
-6800
-10381
-10833
-5892
-2739
-8381
-14639
-13796
-8367
-5519
-7079
-8485
-9206
-10369
-10598
-6403
-1285
-2546
-7845
-8434
-3772
-2203
-2379
875
2021
-2971
-5921
353
6548
3098
-721
1906
2542
-76
1634
7178
7302
486
-1716
3211
5538
3864
3746
4188
1732
-640
1749
5801
5049
1623
470
598
1464
3335
4196
3225
1254
545
1951
3878
5357
5422
3708
2553
3779
5834
8097
9481
10011
6341
-2214
1647
14379
13499
3070
35
5353
4184
-885
3237
9365
4020
-7935
-7966
349
1998
-2993
-6314
-5196
-7424
-11280
-9447
-3658
-2997
-10191
-14524
-11757
-7166
-6128
-7247
-7531
-9013
-11124
-10365
-4810
-844
-4194
-8867
-7541
-3000
-2523
-2888
778
1919
-3871
-6625
1219
7253
2369
-1167
1738
1887
-39
2707
7797
6488
-587
-1968
3753
6294
4200
3813
3713
953
-684
2867
6834
4717
1085
362
660
1672
3784
4619
3080
958
78
1659
4140
5699
4864
2464
2021
3725
5358
6739
8175
8662
7992
1385
-2137
9029
15598
7121
-1261
1732
6363
1917
102
5963
7598
-2735
-10207
-3360
3422
946
-5925
-7277
-5596
-8324
-9773
-5947
-2276
-6377
-12866
-13171
-8419
-4797
-6037
-7628
-8528
-10137
-10549
-6992
-1427
-1769
-7730
-9560
-4428
-1253
-2753
-1813
1549
-848
-6554
-2877
6263
5257
-1772
-180
3676
908
335
5480
7814
2455
-1972
1821
6030
4815
3321
3955
2672
213
1185
5082
5816
2366
592
678
1195
3160
4166
2950
1483
615
833
2494
4620
4996
2627
1361
2827
4624
5554
6503
7266
6812
6568
2518
317
8549
13177
6218
-1115
1896
6920
3194
568
4473
5731
-2607
-8324
-1660
3842
-523
-7403
-7040
-4486
-7155
-9104
-6127
-3394
-7485
-12713
-11574
-7023
-5291
-7443
-8855
-9005
-9278
-9100
-6558
-2816
-3570
-8106
-8678
-3499
-790
-2786
-2970
-218
-678
-4524
-1877
5299
4313
-1734
-587
3886
2507
1194
4936
6675
2416
-516
2945
6142
4884
3404
3668
2807
1112
2338
5164
4810
1914
703
1214
1884
2901
3251
2155
919
620
1353
2555
3733
3825
1961
1438
3092
4251
5107
5766
6027
6056
6969
4637
156
5173
12106
8061
101
625
6443
4552
151
2533
5767
591
-6770
-3486
2410
363
-5686
-7019
-4281
-5571
-8259
-7197
-4439
-5896
-10438
-11144
-8002
-5476
-6860
-8783
-8535
-8313
-8658
-7503
-3959
-3163
-6840
-8453
-4398
-1066
-2608
-3394
-1281
-403
-2698
-2489
2725
4281
-50
-1129
2912
3951
1401
2367
6053
4729
303
1546
5641
5366
3132
3313
3635
2219
1948
3876
4948
2856
940
1370
1925
2458
3051
2495
1196
1094
1809
2147
2827
3608
3011
1627
2324
4172
4758
4771
5278
5591
6168
6630
2182
736
8372
10784
3533
-1224
3474
6586
1447
-293
4371
4655
-3585
-6520
156
2509
-2813
-7156
-4953
-3585
-7176
-8517
-5484
-3943
-7867
-11266
-9632
-6282
-5997
-8201
-8462
-7832
-8136
-8450
-6385
-3161
-4148
-7744
-7170
-2560
-1323
-3369
-2348
71
-1176
-3450
-380
4298
2587
-747
1030
3615
3199
2001
3212
5553
3835
895
2860
5829
4661
2560
3186
3967
2311
1663
4062
4254
1338
550
1853
2309
1844
1771
1846
846
311
1512
2165
1989
2040
1816
1743
2157
3074
3798
3950
3906
4204
4476
5625
7693
3469
-441
5861
9867
4503
-237
3458
6420
1391
-1186
3135
5299
-1140
-5430
-1320
964
-2182
-5710
-4602
-3153
-6058
-8580
-6760
-3971
-6032
-9469
-9387
-7061
-6244
-7624
-7440
-6576
-7128
-8200
-7026
-3595
-3159
-5905
-6074
-2838
-1921
-3304
-1895
695
-264
-2841
-853
3465
2920
323
1473
3439
2905
1928
3337
5262
3370
1207
3104
4838
3698
2709
3037
2992
2152
1938
3155
3134
1455
1132
1509
1401
1478
1676
1371
690
418
1128
1892
1671
1600
1538
1430
1916
2500
2937
3292
3621
3291
3649
5195
7072
5040
-903
1877
9237
7203
775
964
5640
3435
-1164
1364
5543
2260
-4564
-3503
673
104
-3494
-4853
-2925
-4338
-7624
-7285
-3990
-3661
-7484
-9278
-7875
-5944
-6207
-6793
-6104
-6278
-7288
-7548
-4856
-2439
-3813
-5886
-4665
-2120
-2496
-2667
-182
896
-2077
-3395
1112
3721
919
-156
2352
2743
1045
1678
4362
4616
1237
663
3658
4304
2836
2525
3366
2711
1343
2255
3805
3153
1603
1326
1424
1593
2146
2137
1438
759
690
784
1316
2192
1783
741
947
1639
1841
2652
3020
2563
2478
2995
4101
4943
5989
3305
-586
3382
8067
5412
886
2251
4757
1478
-560
2375
4732
603
-4252
-2234
507
-568
-3628
-3923
-2806
-5015
-7079
-5865
-3375
-4307
-7319
-8227
-7153
-5600
-5528
-5862
-5957
-6298
-6757
-6200
-3611
-2349
-3991
-5359
-3752
-1851
-2195
-1614
167
-219
-2477
-1962
1927
3071
764
408
1825
1765
1206
2369
4427
3720
488
360
3630
4431
2542
2281
2832
1692
662
2390
4006
2246
466
605
970
1271
1763
1753
607
-422
-106
846
1331
1253
1007
740
384
832
2184
2950
2683
1892
2109
3235
4261
4819
5697
5568
903
220
6681
8601
3942
638
3128
3891
624
1256
4803
4016
-2399
-4528
-426
1290
-1245
-3823
-3431
-4251
-6539
-6287
-3948
-3106
-5966
-8310
-8068
-6249
-4755
-5009
-5541
-6259
-6781
-6448
-4264
-1869
-2654
-4913
-4911
-2541
-1483
-1584
-316
480
-1387
-3047
-286
3237
2154
-201
551
1957
1453
1374
3440
4546
1816
-432
1665
4090
3627
2396
2383
1956
506
1257
3590
3228
976
59
408
928
1397
1699
1100
-521
-1020
106
927
1186
923
174
-212
7
1107
2486
2731
1688
1003
1864
3135
4274
4783
5196
4973
1043
73
6242
9074
4232
152
2417
4086
1503
1534
4761
3875
-2398
-4341
14
2027
-541
-3580
-3626
-3581
-5268
-5288
-3263
-2548
-5105
-7666
-7352
-4998
-3452
-4089
-5207
-6001
-6109
-5371
-3540
-1659
-2206
-4484
-4989
-2708
-884
-690
-610
-638
-1655
-2492
-413
2515
1942
-299
-261
845
1197
1570
2504
3088
1283
-919
538
3566
3461
1401
1118
1470
530
613
2824
3090
519
-778
151
1247
1416
1499
1104
-435
-900
450
1508
1396
1083
481
-179
400
1796
2638
2258
1644
1471
1677
3033
4131
4028
3951
3892
4522
3905
1563
3372
7191
5543
1041
1125
4049
3226
1124
2043
3095
269
-2893
-1226
1083
-28
-2822
-4177
-3528
-3475
-4183
-4390
-3995
-4469
-5878
-6245
-5338
-4253
-4229
-4916
-5620
-5652
-4552
-3489
-3006
-3038
-3549
-4047
-3009
-1255
-1162
-1603
-1446
-1338
-1638
-1091
670
974
-582
-1031
367
1144
758
803
1460
1276
-77
62
1984
2560
1256
533
1274
1421
784
1589
2619
1299
-19
722
1518
1520
1307
1106
636
275
1016
1744
1364
925
1009
1022
1120
1612
2125
2206
1585
1622
2645
2941
2977
3335
3494
3470
3724
5146
4917
1767
1982
5836
5888
2176
1421
3775
3451
998
1112
3129
2121
-1521
-1939
-7
-153
-2109
-3112
-2668
-3332
-4597
-4508
-3732
-3876
-5003
-5690
-5676
-5005
-4276
-4277
-4934
-5400
-4852
-4187
-3819
-3399
-3180
-3574
-3693
-2890
-2289
-1880
-1418
-1444
-2067
-2049
-698
11
-574
-640
131
234
-107
417
1550
1721
429
206
1685
2148
1588
1733
2088
1791
1308
1650
2517
2291
1493
1407
1518
1598
1724
1669
1518
1107
721
980
1278
1059
781
793
802
669
929
1526
1501
1006
1280
1839
1973
2203
2561
2884
2880
2910
3689
4631
3633
1626
2799
5270
4559
2254
2247
3491
2472
1004
1892
2863
925
-1362
-959
-150
-727
-2082
-2771
-2802
-3533
-4281
-4378
-4126
-4183
-4915
-5770
-5886
-5147
-4495
-4647
-5512
-5568
-4835
-4673
-4418
-3831
-3485
-3703
-3970
-3298
-2237
-1651
-1605
-1760
-1851
-1422
-359
183
61
226
448
500
839
1464
2032
1952
1331
1206
1890
2555
2374
1927
2004
1963
1466
1823
2737
2212
1088
1021
1464
1523
1454
1527
1081
384
454
1157
1351
883
665
738
751
845
1450
1946
1467
1113
1735
2385
2536
2608
2780
3016
3122
3303
4080
4935
4236
2172
2405
4957
5261
3076
2110
2992
2600
1142
1593
2555
1231
-1165
-1667
-866
-1085
-1993
-2642
-3287
-4160
-4810
-4754
-4322
-4483
-5270
-6009
-6312
-5761
-4897
-4762
-5410
-5859
-5505
-4929
-4423
-3874
-3525
-3795
-3993
-3300
-2447
-1740
-1222
-1354
-1837
-1595
-271
471
200
295
609
545
681
1557
2323
2023
1232
1194
1968
2379
2264
2253
2293
1921
1502
2010
2714
2283
1449
1482
1769
1560
1562
1968
1743
896
823
1399
1495
1212
1145
1132
855
915
1349
1601
1646
1465
1218
1352
1973
2402
2244
2041
2260
2552
2608
2855
3381
3629
2678
1500
2254
3709
3672
2438
1569
1570
1367
1090
1483
1544
153
-1531
-1751
-1030
-874
-1714
-2766
-3488
-4053
-4151
-3815
-3769
-4231
-4868
-5442
-5526
-4764
-3980
-4087
-4901
-5381
-4804
-3871
-3402
-3227
-3243
-3472
-3314
-2578
-1743
-1121
-1063
-1526
-1660
-865
206
625
363
235
511
717
1254
1978
2118
1743
1262
1504
2324
2725
2568
2169
1754
1649
2187
2648
2386
1927
1676
1532
1477
1857
2202
1720
915
636
994
1359
1295
981
684
570
578
731
993
1035
769
423
471
1001
1384
1342
1128
1132
1295
1450
1833
2134
2113
2026
2300
2476
1913
1940
2694
2798
2149
1597
1616
1521
1196
954
750
230
-618
-1049
-1144
-1224
-1613
-2355
-3083
-3482
-3276
-3262
-3755
-4117
-4116
-4149
-4511
-4428
-3759
-3585
-4244
-4391
-3621
-3139
-3061
-3002
-2667
-2401
-2537
-2175
-1386
-971
-1005
-1096
-886
-435
103
450
435
395
700
1106
1305
1410
1541
1827
1911
1673
1964
2569
2247
1661
2061
2468
2006
1528
1833
2070
1426
1043
1317
1219
689
599
773
381
-33
136
366
36
-267
57
80
-317
-176
317
250
-141
138
733
670
438
794
1169
1213
1289
1573
1800
1880
2056
2199
2339
2577
2811
2691
2240
2093
2180
2407
2536
2148
1436
873
844
972
789
230
-492
-1083
-1366
-1379
-1517
-1880
-2434
-3015
-3267
-3183
-3172
-3385
-3499
-3656
-3975
-4032
-3531
-3006
-3173
-3514
-3438
-3102
-2642
-2270
-2143
-2115
-2075
-1871
-1425
-853
-436
-469
-627
-471
41
636
940
915
767
971
1336
1460
1732
1967
1726
1376
1448
1828
2030
1871
1529
1301
1227
1230
1232
1131
933
580
262
401
738
599
85
-198
-100
83
122
87
65
-88
-309
-164
274
359
65
-10
175
318
459
724
1000
812
429
692
1240
1501
1541
1379
1218
1395
1749
1916
2046
2176
1861
1355
1540
2011
1854
1600
1607
1218
515
426
920
853
72
-592
-719
-660
-965
-1255
-1252
-1590
-2359
-2680
-2239
-2011
-2452
-2869
-2929
-2989
-3021
-2709
-2462
-2548
-2755
-2928
-2685
-2135
-1857
-1925
-1988
-1815
-1606
-1395
-999
-698
-777
-912
-719
-285
78
215
251
254
199
454
991
1186
1055
883
888
1117
1239
1350
1512
1390
1021
930
1282
1456
1278
1118
915
699
738
916
864
567
348
296
262
238
362
315
-70
-199
-20
-5
-91
11
68
-245
-328
77
265
126
160
394
406
378
661
896
901
960
1158
1326
1361
1432
1645
1766
1757
1838
1968
1875
1649
1720
1951
1798
1411
1304
1270
909
685
812
578
-54
-353
-297
-540
-1018
-1148
-1190
-1581
-1970
-2046
-2050
-2224
-2484
-2569
-2562
-2696
-2728
-2621
-2659
-2771
-2740
-2597
-2517
-2418
-2223
-2090
-2093
-1966
-1619
-1418
-1319
-1128
-914
-735
-539
-271
-39
209
441
502
617
946
1205
1295
1380
1442
1525
1619
1649
1649
1674
1673
1485
1252
1339
1572
1372
922
782
776
677
545
461
344
0
-302
-278
-68
-116
-557
-790
-656
-580
-645
-651
-591
-614
-703
-695
-434
-125
-73
-194
-170
208
537
574
695
935
956
921
1221
1571
1641
1574
1592
1674
1720
1983
2209
1988
1747
1668
1666
1776
1826
1632
1235
1009
945
829
778
601
150
-303
-464
-475
-689
-922
-1121
-1469
-1820
-1899
-1782
-1863
-2110
-2333
-2483
-2519
-2458
-2273
-2194
-2380
-2517
-2385
-2181
-2026
-1842
-1703
-1679
-1651
-1435
-1077
-823
-747
-735
-621
-373
-121
25
228
441
469
499
604
883
1121
1072
1058
1110
1155
1187
1214
1289
1271
1163
1054
1029
1052
984
832
706
670
585
425
314
276
206
64
-77
-217
-216
-190
-337
-463
-517
-574
-638
-626
-562
-584
-663
-640
-532
-562
-515
-253
-187
-302
-192
96
173
130
316
591
654
662
822
998
1062
1039
1119
1291
1335
1304
1346
1442
1494
1535
1517
1385
1358
1472
1434
1231
1143
1186
1178
913
569
505
533
452
255
-37
-362
-565
-504
-577
-915
-1134
-1258
-1503
-1684
-1589
-1563
-1812
-1980
-1957
-1984
-2037
-1931
-1780
-1773
-1825
-1785
-1620
-1488
-1445
-1252
-1042
-992
-902
-631
-338
-262
-241
-92
95
215
344
510
613
657
679
822
925
908
988
1014
974
929
866
890
922
837
681
518
456
520
445
256
164
66
-79
-135
-60
-57
-264
-449
-399
-299
-308
-378
-390
-348
-387
-355
-259
-218
-170
-147
-132
-47
100
110
109
271
332
355
448
541
567
547
665
739
658
668
810
819
684
692
818
844
712
594
662
738
623
515
589
597
426
312
428
513
377
298
259
201
203
153
115
74
-79
-209
-186
-110
-172
-333
-448
-512
-594
-577
-493
-649
-920
-936
-818
-862
-1012
-1053
-1022
-1108
-1151
-1054
-991
-1002
-1072
-1068
-951
-865
-833
-785
-671
-639
-669
-537
-339
-273
-313
-312
-219
-101
-9
21
71
134
107
136
267
326
258
227
343
381
349
455
531
432
336
415
513
518
491
439
362
350
458
479
398
346
286
230
230
285
240
124
113
138
119
118
147
90
-2
56
180
174
86
133
216
157
153
264
338
290
171
190
331
380
376
388
383
371
341
417
585
567
396
346
470
575
524
394
389
458
413
369
362
311
256
181
187
224
169
109
49
9
-34
-107
-112
-97
-166
-302
-337
-271
-318
-416
-458
-505
-573
-627
-656
-705
-762
-806
-847
-887
-902
-897
-932
-982
-960
-914
-942
-949
-886
-862
-888
-888
-746
-636
-708
-676
-522
-464
-475
-404
-229
-152
-196
-190
-107
7
115
181
172
165
245
361
440
475
520
553
539
582
688
751
729
671
690
737
740
746
691
627
659
649
546
496
548
543
392
272
342
427
306
161
179
189
100
84
160
126
-10
-48
37
91
38
-21
-24
12
63
57
23
58
99
57
40
153
212
157
186
286
287
225
278
381
356
266
240
268
299
264
158
139
132
32
-40
-40
-53
-219
-370
-311
-319
-482
-568
-565
-599
-680
-712
-713
-754
-792
-787
-764
-784
-785
-741
-752
-740
-685
-662
-667
-642
-522
-459
-458
-392
-296
-252
-226
-93
33
18
11
150
300
281
300
438
453
401
463
563
583
573
566
550
537
507
548
622
546
367
301
372
387
295
238
234
137
38
65
115
108
18
-109
-158
-93
-43
-49
-120
-232
-228
-152
-95
-85
-142
-146
-103
-108
-91
-36
-49
-50
-12
-4
4
-2
27
79
77
82
72
35
57
73
62
92
108
89
27
-14
51
91
53
-14
-37
14
-1
-97
-74
20
-47
-141
-124
-79
-89
-152
-134
-121
-160
-134
-116
-114
-111
-112
-70
-59
-90
-28
84
88
50
63
121
166
162
186
200
185
212
233
245
273
250
187
215
250
192
154
141
127
54
-17
24
19
-78
-158
-154
-138
-188
-220
-207
-216
-283
-316
-258
-215
-260
-308
-236
-192
-224
-206
-175
-165
-189
-175
-94
-55
-59
-32
-1
-13
-3
33
47
41
51
67
62
94
110
68
62
62
25
37
83
61
-10
-43
-17
-10
-50
-50
-24
-69
-93
-63
-83
-109
-74
-32
-51
-101
-76
5
-1
-46
-27
10
31
27
35
40
34
78
118
94
49
81
163
135
62
88
155
145
119
152
128
92
138
156
109
81
98
90
60
79
89
40
0
-1
31
50
9
-47
-65
-23
11
-12
-26
-5
-25
-68
-51
-7
30
0
-78
-69
-7
14
-7
-42
-60
-77
-93
-58
18
-2
-117
-126
-55
-70
-126
-104
-63
-131
-207
-157
-101
-141
-190
-190
-185
-192
-185
-169
-191
-220
-216
-181
-155
-172
-174
-172
-151
-84
-32
-9
16
38
45
112
219
241
196
207
288
319
293
315
382
359
302
320
357
357
276
256
297
239
149
146
218
175
4
-40
26
23
-30
-62
-110
-170
-198
-163
-112
-154
-236
-243
-223
-215
-191
-163
-139
-178
-226
-161
-67
-43
-85
-95
-29
3
0
37
85
98
86
62
64
143
207
167
90
94
163
179
133
113
128
100
48
51
83
73
3
-34
-26
-48
-58
-47
-54
-86
-127
-146
-123
-84
-100
-158
-193
-163
-106
-109
-99
-76
-94
-94
-62
-7
51
52
2
-3
75
124
97
89
136
142
99
127
171
129
95
132
145
80
26
46
67
36
-21
-36
-36
-95
-119
-91
-109
-144
-160
-175
-196
-199
-162
-161
-190
-180
-172
-178
-142
-105
-102
-123
-128
-99
-109
-94
-34
-30
-68
-60
9
43
18
24
73
80
66
104
157
179
170
165
207
240
211
185
203
226
211
194
205
165
127
143
125
106
105
74
33
14
8
17
7
-33
-57
-65
-65
-53
-35
-41
-73
-74
-40
-15
-12
-9
-44
-66
-27
24
43
-8
-33
20
52
54
61
63
37
19
30
54
71
45
15
-9
-35
-40
-24
-4
-41
-124
-137
-92
-95
-130
-143
-172
-219
-218
-194
-197
-190
-189
-215
-231
-192
-171
-202
