2
4
2
2
10
6
3
7
6
3
1
3
8
6
6
11
2
-4
-5
-8
-2
1
5
3
4
5
2
2
-1
5
6
-1
-5
-1
0
-7
-14
-26
-25
-15
-12
-15
-4
-5
-14
-10
-8
-15
-15
-10
-10
-5
-2
-9
-14
-12
-16
-14
-6
-8
2
3
-2
6
6
11
9
2
9
12
9
7
9
9
9
7
6
7
-1
7
10
9
8
6
9
-2
2
9
7
14
8
1
5
0
5
9
-2
-1
1
2
4
0
-1
4
3
5
6
4
10
5
-2
2
-2
-1
-2
-11
-8
-3
1
3
4
8
4
5
4
4
5
2
3
5
0
-2
5
4
-7
-14
-7
-2
-1
6
4
13
13
0
2
2
-1
-1
-8
-5
2
-3
0
0
2
8
6
6
-1
0
8
10
10
9
10
5
-4
-9
-6
-2
-7
-10
-14
-20
-16
-11
-13
-14
-18
-9
-1
-1
0
-7
-11
-6
-11
-14
-17
-21
-10
-14
-20
-11
-10
-5
-1
-3
-4
4
5
1
5
-2
-4
6
6
0
-1
-1
4
4
-3
3
6
5
6
7
15
9
19
26
24
23
22
25
18
8
15
19
11
13
16
12
10
18
11
1
7
-5
-13
-13
-20
-13
-16
-20
-2
0
-4
-3
-8
-13
-3
10
0
-9
-11
-14
4
8
-8
-16
-8
-3
-8
-7
7
6
-10
-16
-16
-10
3
4
-4
-3
5
11
15
18
25
32
26
18
30
38
25
30
28
18
26
28
29
27
11
14
31
28
9
8
18
14
8
18
22
16
9
3
5
18
22
-3
-24
-3
8
-16
-29
-16
-11
-24
-27
-21
-35
-64
-68
-56
-50
-48
-59
-52
-41
-58
-61
-38
-41
-57
-54
-47
-50
-52
-31
-23
-39
-35
-25
-32
-43
-35
-25
-25
-32
-17
2
-13
-6
24
22
-1
1
34
46
37
31
24
36
46
30
33
58
52
32
45
49
39
61
76
64
72
79
63
68
83
70
65
75
58
21
24
49
49
44
29
6
2
2
-6
11
3
-24
-6
12
-5
-15
1
6
-16
-7
19
-5
-30
-21
-7
-26
-40
-2
6
-39
-29
11
-10
-32
11
31
2
3
24
7
-5
4
-4
-10
-26
-32
39
-4
-322
-428
-116
11
-240
-471
-593
-687
-541
-292
-427
-786
-905
-754
-545
-446
-549
-664
-575
-453
-361
-208
-117
-94
51
222
279
388
611
801
954
1065
1087
1192
1436
1637
1711
1744
1812
1897
1969
1988
1998
1995
1911
2044
2361
1805
489
458
1719
1890
622
-307
-486
-770
-949
-471
-212
-1378
-3070
-3103
-1745
-1654
-3035
-3197
-2246
-2856
-4226
-3481
-1780
-2029
-3161
-2788
-1870
-2154
-2456
-1163
159
-485
-1635
-933
663
940
576
1190
1737
1013
692
1939
2901
2376
1803
2106
2235
1734
1750
2538
2611
1587
950
1181
1184
695
453
359
-72
-643
-1001
-1151
-1343
-1629
-1820
-1892
-2189
-2657
-2675
-2336
-2193
-2256
-2338
-2393
-2182
-1645
-1224
-1074
-873
-502
-156
202
778
1366
1676
1916
2298
2681
2995
3364
3790
4051
4128
4223
4399
4554
4566
4501
4438
4317
4220
4253
3681
2175
1531
2457
2748
1261
-310
-788
-1148
-1810
-1914
-1745
-2764
-4763
-5490
-4413
-4027
-5459
-6221
-5218
-5150
-6693
-6675
-4624
-3968
-5194
-5258
-3832
-3369
-3731
-2674
-747
-516
-1609
-1231
771
1881
1554
1815
2947
3068
2457
3140
4612
4692
3760
3689
4148
3896
3578
3866
3511
2255
1631
1836
1782
1179
279
-760
-1426
-1494
-1507
-1932
-2660
-3414
-3914
-3881
-3611
-3579
-3631
-3633
-3819
-3824
-3159
-2342
-1855
-1459
-1055
-814
-370
682
1805
2353
2596
2996
3418
3933
4769
5573
5928
5927
5901
5878
5987
6380
6660
6565
6244
5243
3480
2943
4292
4738
2855
699
-302
-866
-1234
-1158
-1379
-2836
-5122
-6430
-5759
-4914
-5896
-7200
-6997
-6978
-8389
-8734
-6694
-5270
-6295
-7340
-6488
-5254
-4818
-3941
-2219
-1514
-2477
-2681
-577
1673
1951
1674
2468
3081
2826
3465
5237
6001
5157
4315
4590
5274
5313
4799
4549
4130
2706
2172
2929
2455
1033
129
-693
-1422
-1424
-1648
-2545
-3149
-3770
-4485
-4344
-3819
-3920
-4171
-4146
-4206
-3942
-3033
-2175
-1670
-1194
-802
-279
822
1985
2718
3319
3824
4264
4964
5852
6618
7058
7079
6927
7047
7389
7641
7800
7681
6272
4020
3863
5496
5250
2936
1161
172
-936
-1552
-1552
-1811
-3373
-5953
-7190
-6468
-6189
-7514
-8253
-7661
-8279
-10241
-10214
-7729
-6504
-7793
-8643
-7473
-6302
-6109
-4970
-2723
-2034
-3244
-3144
-676
1466
1675
1740
2888
3568
3303
3875
5804
6876
5995
5256
5873
5959
5049
5394
6036
4491
2822
2885
2454
1542
1556
548
-1337
-1748
-1930
-2973
-3087
-2897
-4166
-5076
-4527
-4419
-4778
-4136
-3519
-3890
-3910
-2903
-1728
-963
-188
692
1024
1466
2963
4339
4900
5574
6462
6732
6936
8124
8794
8647
9065
9142
8736
8585
7242
5413
6304
7751
5802
2529
1352
1283
213
-791
-1104
-2355
-4834
-6876
-7215
-6392
-6609
-8942
-10252
-9215
-9586
-11726
-11166
-8193
-8149
-10770
-10818
-8106
-6785
-7075
-6116
-4115
-3622
-4473
-3428
-155
1684
862
742
2726
4014
3832
4595
6665
7271
5876
5511
7031
7162
6057
6757
6770
4463
2964
3393
3840
3278
2055
-362
-2226
-1652
-993
-1837
-2748
-3740
-5601
-5898
-4207
-3675
-4639
-5040
-4580
-4615
-4496
-2933
-1266
-769
-762
-454
292
1735
3740
5043
5244
5377
5978
7013
8105
9132
9833
9668
9470
9541
9556
8875
7226
7264
8705
7713
4397
2279
2435
2261
922
-455
-1864
-3705
-5768
-6706
-6330
-6456
-8455
-10733
-10693
-9885
-11148
-12463
-10843
-9174
-10800
-12566
-10801
-7969
-7714
-8242
-6825
-5054
-4908
-4770
-2396
437
735
-93
1149
3598
4417
4429
5721
7209
6961
6250
6925
7517
7522
7511
6969
6050
5189
4874
3974
3240
3634
2117
-461
-817
-379
-1614
-2653
-2470
-3516
-5052
-4832
-4125
-4728
-4858
-4317
-4761
-4765
-3589
-2432
-2127
-1673
-465
226
587
2045
3700
4156
4808
5888
6589
7260
8121
9027
9612
10150
10486
10682
10369
8084
6056
8042
10547
8273
4241
2622
2392
1550
667
445
-844
-3946
-6975
-7625
-6495
-6557
-9109
-11091
-10389
-10996
-13792
-13707
-10031
-8958
-12418
-14023
-11315
-8872
-8907
-8569
-6389
-5201
-6456
-6348
-2424
1047
636
-424
1336
3542
3696
4210
6898
8590
7265
5713
5663
7374
9428
8919
5849
4431
5825
4686
3556
5625
4258
-310
-1398
611
417
-1220
-1600
-2532
-4005
-4283
-3733
-3855
-3736
-3039
-3874
-5291
-4317
-1722
-873
-1181
-563
5
52
1352
3765
5039
4876
4758
5629
6662
8063
9504
9857
10153
10281
10437
8908
5816
7251
11285
10486
5469
2520
3003
2971
1868
1425
892
-2155
-6142
-7129
-5729
-5005
-7098
-10258
-10802
-10147
-12073
-14098
-11461
-8102
-10524
-15112
-14038
-9313
-8080
-9464
-8555
-6146
-6451
-8000
-5310
-66
955
-1466
-1178
1932
3423
3297
5060
7710
7775
5232
3680
6020
9106
8924
6543
5121
5025
4446
4049
5161
5774
2948
-724
-676
1114
971
-438
-995
-1655
-3305
-3745
-3057
-2140
-1567
-2743
-4027
-3885
-2394
-474
111
57
220
265
871
2704
4744
5493
5194
5052
5788
7455
8800
9069
9623
11236
10799
5713
3513
8719
12113
8961
4132
2492
2614
1565
1131
1926
1349
-2886
-7551
-7950
-5199
-4732
-8274
-10096
-9131
-10696
-14702
-14174
-8472
-6995
-12251
-15816
-12689
-8569
-8810
-9499
-6881
-5274
-7992
-9060
-4050
1059
382
-1916
-553
1783
2008
2625
5603
7696
6140
3624
3492
5644
8296
8269
5358
4467
5414
3940
2818
5461
6349
2077
-996
385
1655
715
140
276
-1296
-3217
-2904
-1811
-1022
-953
-1889
-3059
-3322
-1292
695
935
847
813
1076
1541
3246
5634
6097
5363
5244
6324
7813
9206
10263
10720
11151
8281
3430
5257
11380
12073
6700
2289
1739
1736
1460
1909
2016
-622
-5783
-8967
-7542
-4774
-5753
-9103
-10371
-10711
-13212
-15236
-11750
-6830
-8727
-14833
-15964
-11370
-8072
-8395
-8207
-6270
-6611
-9150
-7614
-1292
2055
-275
-2118
-442
1581
2602
4446
6217
6370
5112
3051
3532
7141
9014
6518
3895
4949
5102
2994
3775
6268
4839
442
-637
1440
1798
874
749
-247
-2177
-2402
-1582
-952
-400
-739
-2041
-2956
-1869
272
1259
997
804
940
1235
2578
4523
5684
5180
4652
5433
6636
8415
9396
9703
10441
9809
5915
3176
7490
11868
9603
4288
1440
1778
1344
1294
2098
1006
-2936
-7504
-8341
-6245
-4944
-6890
-9687
-10527
-11706
-13872
-13787
-9756
-7300
-10984
-15610
-14432
-9737
-7887
-8500
-7778
-6433
-7651
-8733
-5227
51
1262
-1471
-2363
-145
1777
3124
4911
5513
4819
3964
3009
4378
7887
8353
4960
3556
5133
4765
3569
4900
6100
3572
167
396
2386
2613
1591
770
-706
-1840
-1054
-241
-150
-76
-658
-2120
-2301
-325
1448
1406
574
660
1243
2029
3401
4961
5567
4711
4263
5482
7551
9079
9584
9522
10072
6539
1178
6507
13396
10558
3946
657
2137
2186
1916
2641
1607
-1793
-6924
-8199
-5748
-3771
-5604
-8894
-10006
-11327
-12995
-13436
-9548
-5879
-9726
-15858
-15523
-9642
-6758
-8044
-8491
-7098
-7370
-8990
-6630
-760
1509
-1711
-3360
-1736
306
2968
4690
4182
3658
3646
2052
2567
7409
9262
4754
1686
4340
5428
3408
4334
6361
4017
-199
-213
2631
3296
2135
1355
-282
-1947
-930
704
955
650
-273
-1546
-1777
-229
1976
2533
1233
539
1312
2383
3624
4917
5642
5264
4375
5456
7654
8726
9265
10323
10497
5851
2215
6522
11105
9676
5313
2607
1277
530
1456
2265
1598
-1923
-6409
-7946
-6661
-5302
-6320
-8081
-9685
-11768
-13649
-13401
-9930
-7503
-9980
-14238
-14440
-10969
-8363
-7759
-7463
-6981
-7720
-8402
-6077
-1695
769
-322
-2513
-2181
555
2835
4106
4592
4435
3406
2306
3381
6417
8093
5715
3130
3903
4661
3806
4401
5904
4200
814
28
1737
2980
2459
1233
-181
-1186
-1014
100
813
560
50
-1088
-2015
-532
1766
1902
1381
1321
1108
1833
3491
5055
5330
5107
5096
5289
7165
9088
9879
9974
10746
9132
2571
3415
11611
12422
6363
2262
2081
1284
788
2497
2764
-598
-5823
-7986
-7123
-5604
-5410
-7584
-9619
-11608
-13533
-13847
-11483
-8130
-8714
-13637
-16353
-12874
-8561
-7580
-8068
-8134
-8064
-8504
-7401
-3398
460
545
-1916
-3325
-1244
3061
5207
4625
3860
4070
3307
2406
5505
9424
7744
3044
2894
5409
4923
4325
5904
5310
1582
-217
1423
3207
3000
1680
-125
-1939
-1650
223
1019
43
-742
-1305
-2248
-1631
589
2315
1661
-60
-258
1882
3712
3964
5143
5291
4171
4304
6571
9186
9884
10000
10229
8799
2946
3132
11872
12689
6694
2813
2155
1498
1232
3627
3504
-187
-5463
-7706
-6269
-5037
-4727
-6738
-8904
-11448
-13573
-12824
-10481
-7995
-8839
-13088
-15907
-13231
-8839
-7292
-7538
-8452
-8904
-8936
-7126
-3484
-663
-222
-1978
-3518
-2518
2012
5737
4728
2350
2609
3474
2797
4749
8828
7960
2680
1801
5384
5896
4712
5445
5099
1885
-3
1932
3980
3480
1940
226
-1582
-1433
919
2082
453
-1017
-1224
-1732
-1306
799
2387
1518
-380
-636
1432
3589
3937
4341
4405
3502
3977
6239
8385
9070
8918
8275
9191
8290
3218
5202
12023
10784
4422
1839
2908
2299
1967
3087
2010
-2112
-6269
-6132
-4674
-4833
-6125
-8033
-9492
-11588
-12623
-11430
-9776
-9351
-10904
-13394
-14484
-11851
-8349
-7483
-8747
-9758
-9023
-7422
-5388
-3398
-1959
-1528
-2062
-2844
-1484
3326
5582
2708
1285
3626
4345
2983
5163
8432
6153
2035
3061
5955
5515
4510
4919
3877
1433
1091
2917
3594
2470
1364
141
-1161
-455
1570
1557
-331
-1106
-881
-779
-130
1049
1856
1323
-11
347
2747
4173
3932
4198
4448
4258
5551
7351
8739
9475
9513
9732
5243
1704
8415
13113
8698
3884
3234
2606
1024
2779
4498
2228
-3181
-6475
-5301
-4355
-4626
-5859
-6981
-9246
-12859
-12942
-10258
-8367
-9086
-11566
-13995
-14141
-11017
-8087
-7349
-8566
-9937
-9762
-7910
-5020
-2843
-1844
-1931
-2943
-3712
-1299
3923
5519
2701
1385
2477
3129
3654
5923
8365
5847
1149
2600
6317
5833
4828
5396
3656
375
936
3845
4111
2542
1158
-368
-1255
-211
1765
2118
-22
-1770
-1308
-692
134
1881
2230
663
-605
450
2879
4377
4651
4083
3731
4138
5289
7237
9565
9818
8721
9023
4333
1326
9830
14020
7780
2762
2940
2712
1201
3356
5207
2051
-4409
-7078
-4620
-3461
-4025
-5603
-6920
-9536
-13367
-12491
-8393
-6765
-9466
-12617
-13688
-13034
-10375
-7494
-6517
-8581
-10841
-10074
-6972
-3986
-2694
-2351
-2659
-3689
-3806
-294
4380
4691
1848
1091
2843
3963
4194
5226
7367
5737
1353
3032
6830
5767
3934
4676
3647
424
1432
4301
3590
1397
252
-233
-477
183
1180
1058
-742
-2285
-1338
-4
101
763
1219
160
-712
559
3102
3921
3710
3444
3320
4301
5463
7436
9016
8598
8283
9645
6977
1594
7288
14297
9075
3022
3322
4519
2235
2139
5067
3523
-2520
-6393
-4029
-2204
-3956
-5750
-6450
-7517
-11368
-12476
-8764
-6580
-9075
-12350
-12421
-11815
-11049
-8978
-6863
-7687
-10860
-10772
-7118
-4228
-4148
-4151
-2832
-2978
-4342
-2255
3165
4409
954
53
2838
4294
3512
3857
6239
6081
1968
2511
6616
5738
3387
4145
4201
1468
1364
3913
3768
1713
470
207
114
385
907
899
-380
-1841
-1266
32
299
341
693
283
-370
693
2567
3260
3394
3518
3178
3889
5713
6922
7920
8481
8587
9876
6766
1482
7476
14185
8844
3263
4334
5037
2169
2440
5487
4036
-1914
-5423
-3173
-1920
-3570
-5240
-5681
-6565
-10672
-12139
-8475
-5953
-8509
-12200
-12291
-10917
-10385
-9658
-7301
-6937
-10301
-11394
-7624
-3804
-4230
-5286
-3529
-2541
-4293
-3485
2121
4615
887
-1162
2092
4381
3485
3886
6076
5653
2005
2023
5713
6274
4577
3733
3087
1717
1457
3420
4333
2405
49
-747
-245
769
1290
779
-677
-2008
-1645
-679
-22
906
735
-929
-1306
720
2593
2972
2926
3083
3092
2964
4850
7603
7754
7323
7510
9174
9694
3728
3368
12202
12208
4328
2786
5941
4592
1672
3567
5271
1065
-4705
-3929
-826
-2419
-5194
-5943
-5517
-7905
-11431
-9870
-6357
-7140
-10922
-12288
-10838
-9644
-9725
-8951
-7219
-8438
-10687
-9149
-5129
-3683
-5261
-5087
-2958
-2721
-3557
-1070
2891
2694
-315
-383
3300
4998
3356
4460
6250
3098
1811
5231
5951
4229
4293
4179
1735
1127
3647
4133
2035
746
522
-261
-465
929
1379
-409
-2396
-2054
-489
-460
-702
164
-176
-1716
-1084
1560
2838
2091
1786
2680
3254
3627
5207
7029
7060
6850
7266
8537
10513
6343
2031
9011
13058
6135
2714
5886
5896
1956
1839
4807
3208
-2688
-4227
-1123
-1809
-5029
-5862
-4802
-6090
-10445
-10643
-7154
-6927
-9827
-11378
-10519
-9933
-10194
-9294
-7299
-7813
-10002
-9250
-6247
-4586
-5153
-4901
-3062
-2783
-3683
-1939
1794
2437
402
235
2277
3677
3239
4061
6415
4386
805
3661
7277
4600
2578
5017
3861
-92
1860
5707
3544
-272
330
1123
-369
-50
1439
724
-1697
-2511
-1056
-147
-471
-371
40
-897
-1546
490
2735
2484
1727
2436
2937
3198
4898
6916
6927
6131
7036
8324
9742
7618
2767
7065
12528
7274
2915
5662
6633
2586
1570
4513
3749
-1322
-3831
-1140
-985
-4437
-5858
-4866
-4941
-9088
-10794
-7363
-6570
-9557
-11043
-9782
-9199
-10033
-9586
-7458
-7355
-9467
-9149
-6343
-4598
-5295
-5459
-3440
-2530
-3495
-2607
852
1817
-154
79
2272
2833
2299
3357
5280
4447
1829
2843
5620
4502
2461
3856
4615
1588
550
3575
4043
942
9
989
246
-416
454
711
-587
-1956
-1409
-323
-712
-734
-70
-376
-1030
-555
1345
2195
1562
1902
2705
3190
4112
5293
5980
6090
6427
7637
8564
9735
8343
2725
5371
12679
9135
3525
5204
6729
2769
889
4484
4952
-258
-4056
-1843
-942
-4230
-5548
-4279
-4527
-9295
-11537
-7795
-6126
-8672
-10676
-10000
-9561
-10298
-9838
-7273
-6397
-9079
-9774
-6967
-4514
-4811
-5092
-3089
-2447
-3743
-3154
566
2557
544
-166
1864
2703
2105
3256
5710
5526
1777
1134
5835
5877
1721
3407
5717
1554
-645
3406
4646
1087
41
1089
-82
-955
411
949
-441
-1877
-1685
-778
-1047
-885
103
-367
-1397
-836
861
1657
1497
1927
2575
2672
3463
4849
5795
6171
5898
6907
8297
9328
8305
3356
5313
12008
9184
3581
4904
6880
3323
1288
4230
5124
562
-3961
-1849
-77
-3294
-5346
-4254
-3989
-8516
-11043
-7379
-5426
-8265
-10678
-9769
-9000
-9775
-9703
-7424
-6389
-9005
-9965
-7121
-4489
-4797
-5554
-4024
-2776
-3719
-3771
-307
2185
260
-1315
857
2943
2012
1994
4862
5317
1980
1781
5243
5327
2854
3314
4619
2897
1141
2384
4129
2838
483
490
893
410
258
738
295
-1489
-1866
-719
-281
-833
-832
-603
-1091
-933
31
1124
1554
1290
1434
2066
3075
4299
5030
5220
5530
5656
6592
8216
9586
9391
4131
2855
10064
11029
5241
4381
6569
3924
600
3167
5866
2453
-3198
-3056
-508
-2715
-5273
-4295
-3319
-7002
-11347
-9239
-5333
-6830
-10346
-10022
-8695
-9889
-10477
-7730
-5401
-7755
-10386
-8364
-4816
-4308
-5288
-3984
-2475
-3797
-4601
-1038
2448
878
-1471
120
2517
2111
1657
4133
5656
2412
756
4806
6318
2329
1912
5525
3391
2
2798
4174
1694
1040
1577
414
-354
520
826
-20
-1320
-1750
-945
-430
-986
-1130
-712
-1325
-1230
210
886
641
970
1776
2010
2666
3761
4641
5025
4915
5460
6892
7830
8251
9377
6342
2519
7630
11600
7302
4396
5952
5286
1758
2573
5779
4313
-1082
-3111
-814
-1369
-3713
-4038
-3264
-5166
-9820
-9816
-5819
-5340
-8872
-10418
-8823
-8857
-10049
-8682
-5703
-6404
-9918
-9692
-5939
-4010
-5104
-5093
-3433
-3623
-4880
-2923
1118
1310
-1426
-1495
1050
2126
1630
2713
4880
3582
530
2732
6373
5635
2723
2096
4305
2947
1295
4807
5280
739
-458
2058
1736
367
1433
1248
-1133
-2260
-878
335
-110
-1091
-1615
-1549
-1676
-943
804
845
-291
-66
812
1672
3061
3955
3784
3382
3965
5233
6287
7483
7623
7911
7307
2944
4358
11243
9768
4103
3953
5360
3061
1799
4926
5649
534
-4063
-2326
99
-2000
-4072
-3771
-4049
-7859
-10371
-6680
-3558
-6708
-10764
-9922
-7915
-8565
-8716
-6259
-5423
-8897
-10631
-6992
-3181
-3751
-5715
-4865
-3600
-4315
-3842
-221
1696
-1055
-3039
-577
2227
2111
1786
3383
3962
1049
740
5404
6798
3672
1082
2666
5012
2489
2457
5950
3070
-1436
1013
3774
1422
226
1414
207
-1929
-1327
705
787
-878
-1938
-1697
-1166
-819
365
1091
-203
-921
434
1893
2501
3198
3565
3030
3026
4417
6100
6916
7033
6965
7284
5092
2837
7957
11369
6103
2563
4541
5057
2445
2969
5455
3045
-2560
-3457
160
-17
-3212
-4342
-3821
-5237
-8854
-8056
-3965
-4722
-9419
-10554
-7795
-7204
-8414
-7472
-5634
-7105
-9994
-8508
-4239
-3105
-5580
-6274
-4205
-3715
-4406
-2424
702
-352
-3453
-2376
1429
2302
891
1526
3201
2324
496
3019
6711
5046
1822
2051
3831
3896
3471
4542
4457
1371
-186
2397
3769
2047
856
673
-320
-1055
417
1503
124
-1610
-1816
-1120
-519
240
642
-150
-1216
-653
918
1956
2482
2450
2266
2157
2921
4680
5894
5917
5335
5519
6852
7199
4127
4231
9500
8210
2685
3233
6379
4609
1380
3133
4375
726
-2881
-1094
1503
-1755
-5198
-4205
-2803
-5664
-8555
-5920
-3916
-7095
-10215
-8288
-5827
-7418
-8909
-7290
-5810
-7847
-9101
-6151
-3763
-5146
-6928
-5158
-2854
-3495
-4217
-1939
27
-1848
-2943
-99
2361
1117
-175
1958
3858
2344
920
4026
6303
3094
1485
3913
4836
3048
2812
4580
3608
897
1444
3668
2828
619
811
1422
59
-717
697
967
-850
-1544
-791
-548
-676
-450
-277
-541
-817
-143
972
1257
1304
1911
2180
2179
3159
4196
4701
4797
4885
5636
6392
7223
4989
2683
6897
8973
4727
2863
5313
4986
1398
2062
4599
2803
-1810
-2487
727
-500
-4240
-4192
-2069
-3851
-8283
-7450
-3854
-4900
-8780
-8768
-6219
-6843
-8694
-7734
-5379
-6209
-8785
-7798
-4562
-3974
-5878
-5631
-3374
-3165
-4435
-3093
66
-121
-2505
-1712
1372
1819
345
1390
3864
3035
743
2733
5484
4073
2691
4041
4645
2882
2237
4202
4974
2708
1556
2790
2266
1141
2062
2375
632
-546
220
688
12
-386
-321
-678
-1149
-805
-48
-39
-697
-482
196
316
638
1598
2167
1721
1909
2714
3273
3973
4728
5095
5106
6162
4797
1830
5360
9177
5453
1833
4015
5284
1987
1542
4437
3679
-1106
-3079
242
988
-2738
-4193
-2382
-3282
-7460
-7422
-3547
-3690
-7980
-9342
-6770
-6037
-7817
-7796
-5613
-5983
-8864
-8518
-4965
-3562
-5436
-6318
-4582
-3464
-4134
-3425
-672
-286
-2655
-2730
375
2143
849
467
2634
2959
806
1976
5601
5596
2478
1212
4045
5258
2746
3574
5598
2500
-220
2864
5127
2355
704
1738
1193
-342
354
2014
1304
-1090
-1884
-581
193
-243
-190
-42
-1087
-1421
151
1271
1040
887
1016
1024
1682
2778
3733
4034
3278
3614
4795
5474
6778
5450
2100
4438
8172
5589
2922
4915
5443
1866
821
4008
4282
-204
-2336
124
52
-3357
-3975
-1852
-2579
-6960
-7937
-4636
-4140
-7143
-8343
-6611
-6311
-8164
-8055
-5550
-5114
-7664
-8243
-5612
-3939
-4915
-5261
-3589
-3029
-4064
-3602
-806
374
-1434
-1958
74
1596
944
801
2981
3668
1192
967
4348
5123
2874
2623
4119
3677
2053
3102
5159
3601
1022
1840
3050
2003
1345
2115
1576
-522
-703
674
661
-366
-945
-1160
-1401
-1332
-632
-163
-884
-1583
-1139
-389
142
588
936
885
631
1294
2719
3291
3191
3505
3886
4157
4591
6300
6765
2702
2382
7656
7227
2823
3365
5820
3234
132
2602
4718
1436
-2482
-1380
671
-1690
-4307
-3070
-1686
-4936
-8134
-5862
-3212
-5324
-8288
-7082
-5362
-6898
-8007
-5999
-4166
-5945
-7977
-6140
-3331
-3605
-5083
-4084
-2377
-2885
-3704
-1828
685
-218
-2150
-916
1524
1607
519
1638
3418
2082
599
3102
5269
3438
2053
3553
4032
2486
2828
4626
3838
1775
1793
2569
2261
1893
2002
1478
69
-462
490
835
-41
-610
-871
-1269
-1239
-604
-94
-698
-1372
-934
-364
-111
387
940
787
355
886
2211
2994
2876
2989
3408
3464
3988
4945
6206
5655
1879
2486
7248
6498
2672
2952
4852
2445
3
2595
4522
1258
-2912
-1602
780
-1596
-3803
-2427
-1570
-5027
-7628
-4967
-2517
-4678
-7615
-6615
-5059
-6119
-6940
-5307
-3773
-5734
-7499
-5544
-2986
-3100
-4470
-4011
-2807
-2837
-3209
-1599
515
-464
-2270
-1479
998
1779
553
1032
2691
1605
139
2519
4655
3132
1626
2370
3156
2554
2499
3395
3257
1667
738
1642
2438
1738
785
845
411
-600
-105
737
215
-797
-1103
-989
-870
-399
-43
-409
-918
-800
-138
386
625
1001
999
702
1204
2297
2893
2849
3029
3134
3306
3784
4333
4985
5004
5435
3742
1156
4638
7690
4267
1221
2900
3852
851
575
3405
2885
-1691
-3552
-289
272
-2809
-3764
-2069
-2907
-6656
-6307
-2839
-2710
-6119
-7542
-5472
-4498
-5503
-5675
-4139
-4074
-6122
-6181
-3588
-1843
-3109
-4520
-3552
-2065
-2019
-2240
-653
358
-1360
-2394
-228
2210
1589
-4
1052
2322
868
758
3553
4273
1701
474
2469
3467
2006
1976
3357
2131
-45
954
2661
1827
329
509
728
-444
-546
717
576
-913
-1374
-672
-440
-765
-575
-282
-951
-1312
-443
329
339
142
367
668
663
1195
2233
2536
2107
2139
2954
3371
3549
4077
4259
4133
4465
5475
3817
1913
5479
7039
3030
1343
3914
4256
880
997
3362
2021
-1700
-2246
657
-188
-3349
-3440
-1983
-2964
-5987
-5384
-2809
-3695
-6604
-6814
-4678
-4537
-5865
-6039
-4665
-4472
-6118
-5825
-3755
-2980
-4190
-4851
-3483
-2255
-2659
-2900
-1313
-525
-1773
-2134
-220
1505
600
-447
1039
2209
1230
1227
2827
3458
2362
1525
2170
3033
3295
2087
1935
3362
1882
108
1910
3406
845
-792
1352
1287
-736
-285
1092
110
-1619
-1062
68
-280
-1080
-665
-199
-786
-796
207
753
210
32
636
1145
1293
1788
2400
2154
2243
2670
3222
3772
3774
3875
3889
4066
4612
5553
3947
1538
4620
6559
3211
1468
3597
3999
508
529
3145
1964
-1509
-2229
141
-462
-3070
-3387
-2113
-2622
-5703
-5718
-3118
-3312
-6006
-6609
-4589
-4503
-5864
-5809
-4403
-4200
-5692
-5697
-4147
-2939
-3461
-4386
-3547
-2428
-2524
-2838
-1586
-397
-1213
-2054
-889
1059
797
-310
727
2007
1290
484
1747
3343
2557
845
1645
3213
2397
1506
2492
2919
1439
588
1845
2628
1190
147
1016
1051
-160
-38
949
475
-805
-689
216
59
-478
-100
116
-486
-615
138
745
535
337
678
738
683
1403
2076
1834
1688
2018
2438
2714
2966
3420
3183
2962
3499
3781
3747
4432
4789
2106
1239
4780
5176
2027
1217
2893
2081
-457
606
2486
736
-2610
-2447
-353
-1700
-3665
-3018
-2149
-3992
-6083
-4719
-3066
-3950
-5750
-5936
-4837
-4711
-5155
-4800
-3921
-4216
-5241
-5088
-3586
-2284
-2968
-3903
-3172
-2187
-2237
-2233
-935
-258
-1324
-1889
-436
1272
903
81
931
1633
994
1105
2636
3340
2218
900
1506
3608
3419
1386
2270
3503
1199
216
3021
3643
490
-126
1842
1126
-377
734
1811
262
-1318
-489
753
330
-477
-34
161
-685
-591
649
938
63
-13
580
590
687
1473
1874
1325
1001
1656
2391
2379
2460
2833
2530
2231
2797
3519
3515
3169
3611
3285
1150
1790
4859
3961
844
885
2283
1077
-304
1068
1820
-506
-2930
-1905
-205
-1444
-3102
-2881
-2434
-4119
-5226
-3434
-2512
-4074
-5674
-5196
-4108
-4213
-4424
-4153
-3885
-4533
-5024
-4119
-2836
-2441
-3424
-3949
-3185
-2242
-1909
-1827
-1103
-1070
-1861
-1606
68
1231
439
-38
820
1289
1193
1814
2872
2627
1789
1776
2507
3380
3183
2298
2187
2695
2425
1770
2534
2971
1471
676
1570
1796
863
687
1065
444
-463
-160
655
280
-608
-646
-408
-592
-585
57
123
-731
-916
-148
320
107
242
651
297
83
901
1744
1574
1172
1544
1907
1960
2336
2847
2934
2665
2703
3062
3446
3799
2788
1494
2777
3935
2476
1260
2033
2172
215
-194
1327
942
-1185
-1971
-1030
-1245
-2617
-2846
-2365
-2910
-4276
-4487
-3714
-3407
-4066
-4922
-4650
-4162
-4360
-4549
-4074
-3554
-3996
-4421
-3855
-2791
-2446
-2974
-2938
-2101
-1626
-1848
-1375
-184
-63
-766
-475
905
1405
909
1231
2032
2048
1765
2283
3214
3292
2444
2035
2806
3185
2423
2460
3064
2295
1235
1584
2223
1533
725
842
574
-103
-225
112
10
-862
-1345
-1041
-930
-1247
-1242
-1022
-1334
-1640
-1283
-758
-728
-938
-852
-698
-445
12
431
614
482
521
943
1519
1823
1872
2046
2074
2188
2515
2836
3044
2967
2920
2888
3060
3422
3468
2722
1642
2361
3488
2439
1130
1375
1704
514
-199
736
778
-878
-2008
-1318
-1125
-2254
-2664
-2309
-2514
-3717
-4183
-3297
-2961
-3677
-4304
-3991
-3600
-3845
-3923
-3385
-2944
-3354
-3733
-3151
-2224
-1980
-2333
-2189
-1590
-1311
-1299
-839
-37
37
-403
-224
678
1249
1052
1041
1514
1650
1412
1693
2429
2451
1800
1708
2080
2163
2101
2064
1941
1649
1255
981
1281
1576
874
170
233
243
-160
-263
-43
-474
-1201
-1205
-833
-945
-1157
-1055
-1167
-1469
-1371
-783
-554
-830
-834
-520
-352
-260
268
664
464
428
904
1356
1373
1465
1824
2044
1976
1924
2358
2756
2639
2496
2647
2654
2538
2824
2987
2767
2589
2734
2456
1492
1859
2864
2209
928
779
1261
658
-166
298
465
-879
-1939
-1447
-1067
-1812
-2550
-2579
-2673
-3423
-3717
-3150
-3011
-3671
-4137
-3993
-3744
-3551
-3403
-3344
-3314
-3402
-3326
-2854
-2277
-1990
-2209
-2390
-1951
-1267
-1011
-962
-601
-330
-421
-372
245
951
918
648
939
1275
1294
1533
2030
2022
1537
1524
1881
2034
2101
1920
1514
1394
1425
1169
893
1159
1095
49
-340
265
243
-546
-686
-287
-899
-1547
-949
-558
-1181
-1576
-1152
-994
-1240
-999
-485
-482
-803
-618
-68
261
368
564
791
805
998
1552
2010
2027
1915
2118
2374
2536
2761
3043
3070
2728
2672
2969
3129
3089
2880
2686
2664
2614
2390
2463
2609
1751
745
1178
1915
1190
166
155
69
-657
-930
-590
-832
-1771
-2349
-2292
-2332
-2673
-2791
-2880
-3382
-3848
-3697
-3403
-3401
-3422
-3606
-3838
-3734
-3303
-2869
-2881
-2941
-2715
-2630
-2576
-2026
-1311
-1326
-1669
-1429
-903
-616
-445
-93
49
-192
-148
351
852
949
792
777
902
1040
1235
1566
1684
1385
1205
1300
1319
1534
1899
1613
920
947
1399
1205
937
1168
1020
206
44
809
772
13
-38
219
-187
-567
21
396
-205
-567
-215
-34
-223
37
409
130
-244
46
603
589
465
725
830
606
640
1176
1406
1152
1099
1251
1297
1334
1574
1734
1565
1315
1327
1571
1724
1691
1498
1429
1414
1200
1193
1485
1561
1287
1006
585
338
788
1081
586
-176
-401
-269
-384
-510
-636
-957
-1467
-1864
-1803
-1701
-1912
-2193
-2399
-2713
-3057
-2945
-2541
-2621
-3130
-3315
-3083
-2933
-2877
-2649
-2524
-2696
-2777
-2456
-1964
-1697
-1604
-1566
-1475
-1240
-952
-540
-153
-79
-151
-63
315
788
971
948
1042
1124
1168
1430
1819
1937
1716
1561
1675
1816
1854
1996
1983
1618
1431
1455
1473
1496
1448
1176
707
549
802
791
315
170
250
-210
-550
-188
25
-488
-900
-708
-659
-911
-779
-451
-682
-1052
-849
-435
-285
-331
-232
-52
-62
57
437
720
696
697
942
1021
1085
1414
1606
1498
1374
1528
1667
1638
1772
1796
1538
1348
1493
1692
1443
1168
1223
1193
998
864
855
857
856
540
-29
-64
308
395
-22
-437
-589
-756
-758
-684
-833
-1189
-1501
-1637
-1695
-1687
-1747
-1786
-1937
-2294
-2404
-2219
-1987
-1994
-2168
-2246
-2265
-2068
-1817
-1730
-1705
-1710
-1666
-1550
-1269
-987
-914
-898
-909
-843
-579
-247
-96
-125
-112
-62
41
301
578
587
424
493
722
830
924
1047
1096
1040
972
1143
1371
1441
1353
1131
1153
1335
1230
1031
1111
1141
805
636
782
726
386
250
393
208
-225
-213
39
-208
-595
-484
-339
-624
-790
-484
-456
-822
-793
-438
-414
-677
-542
-218
-260
-304
-61
192
121
57
365
601
532
558
861
1008
876
887
1124
1355
1312
1151
1280
1492
1455
1343
1317
1346
1328
1257
1256
1181
1019
987
1023
940
650
585
772
474
60
95
176
22
-215
-352
-570
-749
-681
-696
-982
-1328
-1374
-1350
-1546
-1643
-1632
-1734
-1937
-1987
-1849
-1841
-1859
-1733
-1666
-1772
-1816
-1569
-1227
-1174
-1277
-1139
-926
-832
-676
-461
-384
-411
-359
-169
12
53
72
131
134
131
236
404
473
404
324
387
523
574
628
656
602
559
549
618
739
732
591
577
598
490
511
595
526
311
193
294
292
202
180
131
30
-18
26
69
94
16
-114
-109
-15
54
7
-37
29
8
-108
-50
103
58
-71
-61
-4
-42
-57
76
145
13
-72
83
251
216
173
230
275
365
467
520
532
541
636
719
728
740
810
894
858
767
826
959
959
848
800
889
936
778
670
824
886
633
458
581
646
428
263
336
249
-62
-86
41
-114
-395
-522
-531
-679
-884
-916
-928
-1076
-1263
-1343
-1345
-1390
-1446
-1454
-1498
-1558
-1524
-1489
-1470
-1418
-1354
-1320
-1303
-1195
-1072
-1052
-1022
-851
-669
-645
-649
-545
-387
-271
-192
-56
57
56
70
221
352
356
357
370
403
451
488
498
490
485
450
448
481
450
332
312
362
264
207
274
297
187
106
151
123
83
111
143
117
63
129
103
10
100
218
184
69
104
237
251
205
206
289
355
286
249
404
502
430
423
510
550
567
659
720
706
677
671
729
743
743
758
723
671
628
647
663
622
517
411
409
386
309
263
243
197
115
78
75
64
50
-4
-75
-78
-83
-79
-30
-116
-251
-191
-111
-187
-263
-262
-284
-350
-330
-332
-460
-489
-435
-454
-589
-689
-624
-586
-679
-774
-754
-725
-809
-856
-774
-782
-951
-949
-795
-829
-963
-920
-765
-760
-866
-848
-744
-728
-722
-624
-525
-535
-591
-506
-334
-275
-299
-216
-73
-59
-80
39
221
240
172
262
362
357
395
528
563
446
496
668
667
611
663
715
719
752
765
757
772
792
771
716
718
787
773
647
602
577
504
523
520
424
347
355
353
292
278
275
231
168
137
177
221
171
70
61
76
29
9
37
6
-102
-91
-37
-88
-129
-134
-127
-175
-229
-223
-192
-186
-212
-232
-291
-298
-202
-126
-203
-358
-268
-107
-161
-209
-115
-29
-130
-197
-78
6
-28
-82
-38
-49
-134
-96
-15
15
-63
-141
-124
-89
-56
-95
-131
-129
-202
-270
-226
-142
-177
-284
-347
-385
-354
-335
-377
-392
-409
-476
-517
-447
-397
-442
-472
-468
-421
-400
-426
-399
-350
-333
-334
-327
-238
-182
-228
-195
-74
-41
-74
23
185
188
129
218
344
354
360
468
529
486
508
608
649
621
639
675
622
585
618
625
560
472
437
440
443
411
310
225
220
220
190
149
103
31
-13
19
14
-29
-36
-37
-78
-145
-104
-17
-40
-126
-128
-43
-47
-109
-52
14
-53
-96
-30
39
20
-25
-15
-9
2
45
69
56
25
49
84
86
112
106
80
85
75
73
84
82
47
-23
-51
-28
-20
-32
-84
-134
-136
-142
-179
-202
-165
-167
-226
-241
-218
-220
-266
-240
-203
-261
-295
-283
-269
-294
-317
-272
-266
-336
-359
-291
-253
-277
-283
-288
-300
-298
-260
-223
-206
-220
-266
-228
-165
-154
-171
-157
-132
-154
-121
-57
-28
-20
-46
-39
18
61
77
94
102
90
108
167
229
236
227
245
243
250
304
351
365
347
287
302
392
409
334
301
381
368
250
266
367
340
224
217
241
194
200
223
160
93
104
123
120
118
97
52
28
49
40
14
35
30
-43
-63
1
6
-63
-74
-26
-15
-58
-78
-58
-47
-70
-59
-10
-19
-43
-11
30
14
-32
-30
9
16
-7
-31
-39
-14
-3
-40
-60
-46
-45
-63
-52
-57
-132
-145
-99
-105
-133
-167
-171
-152
-175
-198
-177
-181
-227
-226
-181
-197
-221
-175
-143
-185
-200
-155
-143
-145
-116
-109
-134
-122
-57
-28
-93
-116
-42
-21
-50
-36
0
-6
-39
-19
10
-1
-9
3
3
-23
-22
27
80
68
37
71
91
113
138
147
165
143
133
161
178
204
220
190
154
149
165
186
175
147
135
89
47
90
139
108
48
11
21
18
-29
-2
28
-27
-88
-93
-53
-61
-96
-83
-91
-149
-181
-121
-81
-163
-218
-177
-122
-127
-172
-148
-114
-141
-141
-70
-11
-30
-48
-14
21
34
62
113
117
98
120
145
156
180
205
190
144
130
187
205
165
167
187
157
104
120
169
122
35
31
44
19
0
4
-15
-77
-113
-103
-77
-85
-117
-134
-148
-167
-167
-125
-94
-141
-181
-150
-142
-137
-79
-52
-100
-112
-60
-21
2
9
28
59
40
24
77
146
139
88
89
115
137
143
136
141
116
75
66
94
104
61
24
30
45
4
-30
13
30
-42
-110
-74
-34
-74
-100
-82
-81
-145
-165
-77
-46
-110
-152
-115
-103
-137
-103
-35
-41
-108
-100
-19
-4
-19
9
50
41
12
54
109
105
85
101
109
90
97
136
153
134
105
93
97
92
98
92
46
4
-18
-15
-21
-60
-80
-93
-104
-130
-161
-154
-153
-185
-210
-197
-194
-226
-210
-154
-163
-215
-195
-135
-116
-129
-133
-132
-128
-90
-34
-32
-49
-21
-3
1
42
70
73
73
74
79
94
119
127
102
86
100
118
132
145
118
105
128
136
138
150
171
136
94
130
160
141
102
79
83
80
62
46
47
40
12
-11
-2
37
49
18
5
18
29
43
65
72
45
16
31
58
40
24
26
8
-14
-27
-9
8
-7
-7
-27
-67
-35
14
-11
-59
-50
-36
-52
-51
-37
-37
-60
-72
-59
-44
-46
-60
-52
-46
-56
-44
-19
-16
-17
-24
-49
-39
0
-7
-38
-32
-34
-50
-35
-23
-35
-59
-56
-43
-38
-24
-30
-48
-65
-50
-35
-58
-71
-86
-95
-106
-119
-101
-103
-130
-137
-116
-103
-110
-91
-62
-69
-93
-51
5
-6
-17
14
41
16
17
55
52
46
67
104
114
111
128
146
169
177
173
188
207
222
224
234
224
177
175
180
151
112
96
95
48
8
12
25
4
-54
-71
-41
-61
-108
-105
-97
-132
-173
-158
-135
-154
-181
-183
-165
-164
-172
-156
-114
-105
-133
-120
-74
-51
