-4
-6
-9
-4
-5
-12
0
-6
-11
-3
-7
-10
-17
-17
-11
-9
-12
-17
-10
-11
-4
-2
-11
-5
-2
-6
1
3
-4
-6
-9
-8
0
-5
-5
-2
-7
-2
6
7
5
6
10
4
3
10
6
5
9
-1
-8
-3
-3
-1
3
0
-7
-3
0
2
2
0
-3
0
6
2
5
6
5
9
9
10
5
9
14
8
11
8
3
5
5
1
-7
-7
-1
-3
-3
-3
-10
-6
-2
-4
1
3
0
-5
-11
-8
-3
2
1
0
1
-1
-5
1
2
-6
-1
3
1
6
2
-1
2
-4
-7
0
-4
-11
-5
-6
-4
3
4
6
2
-3
0
-1
-3
2
3
3
4
6
6
-1
1
3
-4
-2
-5
-10
-4
-2
-8
-1
-3
-8
1
-7
-9
-1
-8
-3
4
8
13
8
5
8
1
-2
4
3
2
0
8
11
1
-1
-9
-8
-2
-2
-5
1
11
6
5
9
5
8
8
6
13
9
-2
-5
-3
4
0
2
6
-6
-7
-1
-11
-12
-11
-13
-8
-16
-15
-8
-7
-11
-13
-12
-16
-14
-18
-27
-19
-13
-10
-11
-10
-3
-6
-7
-7
-12
-7
-7
-9
2
6
3
10
13
6
-1
6
9
4
7
9
10
10
10
10
9
10
12
11
9
15
9
10
17
10
10
13
19
17
6
11
12
3
5
11
13
11
17
17
7
10
7
3
6
13
15
3
0
2
4
5
0
-4
-5
-9
-4
-1
-13
-12
-9
-9
-8
-10
-13
-8
-8
-13
-10
-9
-16
-17
-18
-15
-10
-15
-7
-8
-11
-4
-9
-2
-5
-6
-5
-12
2
10
-8
-13
-3
-5
-7
2
4
1
4
6
5
6
8
5
1
2
4
5
1
5
7
1
6
4
1
9
4
2
1
-1
4
0
0
2
0
-5
-5
-5
-10
-2
-5
-8
-2
-6
0
1
-7
-2
-5
-7
-7
0
-4
-12
-2
1
-1
0
-5
-2
0
2
2
1
1
2
5
-1
0
4
9
10
5
-3
-3
12
7
3
5
-1
1
-2
-7
-4
2
-3
-1
-2
3
12
6
4
5
4
3
3
1
-1
1
5
9
9
9
11
11
6
10
23
20
18
22
16
19
27
21
19
20
15
14
5
9
8
7
20
12
9
14
12
10
1
5
11
12
16
16
21
20
17
20
16
16
7
9
18
9
12
6
-15
-8
0
-9
-18
-24
-26
-33
-40
-37
-39
-44
-49
-50
-45
-55
-63
-57
-72
-77
-69
-71
-56
-51
-60
-55
-47
-42
-31
-21
-15
-2
12
27
37
41
41
47
70
82
91
97
108
128
122
123
128
127
138
132
125
131
120
106
102
93
92
92
77
67
52
28
15
14
-5
-30
-49
-56
-69
-81
-83
-101
-119
-132
-137
-136
-144
-144
-142
-150
-151
-130
-122
-132
-137
-134
-120
-99
-72
-56
-52
-38
-32
-28
-10
13
32
43
46
51
64
75
81
98
101
86
81
89
92
87
73
64
64
48
32
39
46
27
21
19
-2
3
17
15
16
18
23
41
60
45
50
89
102
108
129
140
146
163
181
199
222
231
227
237
252
256
280
311
306
289
283
282
296
317
303
268
230
205
191
156
116
61
-15
-84
-129
-168
-248
-361
-472
-571
-623
-659
-730
-821
-919
-994
-1007
-1009
-1077
-1148
-1141
-1117
-1093
-1058
-1054
-1063
-1012
-930
-858
-746
-620
-537
-472
-390
-268
-100
57
146
231
352
455
547
676
787
839
902
984
1033
1074
1149
1215
1228
1228
1235
1239
1258
1314
1332
1267
1217
1250
1300
1305
1280
1276
1246
1149
1070
1061
1072
1064
1074
990
501
-134
-76
544
672
46
-758
-1255
-1289
-923
-525
-731
-1691
-2564
-2445
-1704
-1421
-1749
-2072
-2298
-2561
-2361
-1588
-1144
-1450
-1741
-1472
-1101
-951
-643
-59
202
-81
-204
238
742
941
1119
1292
1109
779
963
1563
1798
1521
1233
1076
890
880
1188
1365
986
355
66
172
326
271
52
-271
-737
-1011
-814
-559
-659
-1051
-1643
-2090
-1834
-1190
-961
-1336
-2013
-2382
-1976
-1127
-646
-830
-1320
-1588
-1190
-307
291
324
138
4
202
832
1459
1746
1732
1640
1714
1937
2253
2667
2915
2759
2489
2478
2648
2872
3124
3123
2732
2262
2079
2274
2534
2534
2327
1826
614
-487
65
1374
1252
-369
-1961
-2711
-2614
-1728
-948
-1663
-3787
-5276
-4621
-3020
-2564
-3335
-3981
-4337
-4761
-4252
-2573
-1714
-2528
-3172
-2572
-1811
-1441
-645
499
678
-161
-375
739
1912
2226
2313
2457
1956
1266
1859
3305
3669
2750
1996
1768
1525
1642
2349
2491
1404
105
-273
215
536
-28
-881
-1563
-2387
-2551
-1668
-1513
-2620
-3514
-3652
-3390
-2796
-2322
-2550
-3022
-3035
-2517
-1655
-907
-678
-590
-312
80
744
1505
2032
2432
2672
2779
3115
3554
4006
4585
4679
4181
4054
4431
4644
4776
4881
4476
3901
3727
3728
3804
3899
3496
2864
2504
1404
-228
33
1706
1508
-835
-2880
-3701
-3650
-2786
-2036
-2922
-5386
-7391
-6941
-4729
-3797
-5192
-6351
-6231
-6412
-6211
-4239
-2658
-3487
-4611
-3805
-2286
-1623
-1045
264
1024
326
-204
1030
2892
3442
3141
3294
3302
2657
2867
4473
5226
3998
2760
2653
2660
2543
2938
3207
2228
240
-1196
-799
143
-298
-1358
-2427
-4015
-4708
-3543
-2547
-3133
-4425
-5365
-5238
-4084
-2993
-2637
-2829
-3242
-3114
-1893
-461
370
771
819
941
1781
2898
3809
4523
4602
4309
4588
5132
5601
6283
6490
5797
5337
5561
5753
5941
6099
5572
4701
4383
4473
4399
3729
1963
416
1003
2091
1039
-1327
-2939
-3638
-3657
-3061
-3149
-4873
-7078
-7906
-7000
-5851
-6212
-7592
-7954
-7544
-7648
-7230
-5630
-4840
-5503
-5446
-4042
-3021
-2680
-1641
-49
568
156
385
1900
3296
3713
3989
4406
4203
3825
4534
5829
5947
4765
3965
4058
3983
3805
3871
2681
588
314
1001
201
-1255
-2348
-3495
-3890
-3218
-3491
-5040
-5914
-5754
-5292
-4691
-4544
-5054
-4996
-4116
-3282
-2546
-1707
-1037
-653
97
1438
2357
2707
3567
4665
5045
5381
6086
6353
6539
7225
7492
7118
7006
7095
7088
7163
7105
6827
6499
6276
6024
4787
2409
1091
2342
3803
2337
-1342
-3931
-4262
-3616
-2846
-2884
-5257
-9075
-10522
-8389
-6363
-7115
-9005
-9928
-10143
-10120
-9069
-6999
-5889
-6924
-7796
-6370
-4333
-3425
-2353
-462
161
-901
-713
1981
4378
4643
4516
4879
4666
4459
5867
7849
7829
6016
4845
5052
5516
5280
4262
3381
2615
1238
456
195
-1394
-2960
-2835
-2852
-4166
-5546
-6300
-6177
-5395
-5189
-5815
-6311
-6108
-5178
-3840
-3003
-2831
-2465
-1684
-429
1219
2260
2602
3281
4185
5031
6144
6795
6889
7496
8090
8016
8182
8598
8534
8361
8282
8004
7735
7795
8142
8164
6299
2138
-91
2849
6076
4056
-1089
-4762
-5827
-4657
-2275
-1600
-5007
-10540
-12984
-10362
-6757
-6977
-9944
-11328
-11507
-12409
-11377
-7515
-5739
-7832
-9299
-7775
-5712
-4619
-2742
117
625
-1684
-2005
1768
5329
5739
5366
5636
4909
4179
6307
9550
9689
6991
5331
5147
3886
3491
5854
5820
2086
-148
-1198
-2396
-1159
295
-1698
-4856
-6596
-6949
-5514
-3367
-3527
-5836
-7198
-6798
-5397
-3127
-1453
-1925
-3234
-2830
-472
1546
2637
3781
3863
3110
4163
6341
7383
8050
8593
7884
7288
8156
9343
10045
9972
8959
8229
8410
9278
9664
6210
1210
1754
6093
6927
2573
-2874
-5134
-4683
-3415
-1706
-2703
-8455
-13482
-12241
-7830
-7231
-10601
-12475
-12266
-12861
-13474
-11370
-7831
-7751
-10496
-10420
-7641
-6237
-5551
-2727
368
-644
-3593
-1599
3995
6140
5111
5455
6167
4975
5311
9016
11298
9452
6930
6893
7161
4939
4293
6957
6502
3114
1151
-927
-2369
-865
531
-1206
-4628
-7326
-7865
-5655
-3141
-3899
-6816
-8313
-7820
-5761
-3209
-2160
-2846
-4053
-3426
-667
1408
2500
3530
3519
3294
4705
6725
7742
8337
9050
8605
7816
8837
10091
10208
10119
9906
9715
9465
9646
10468
7396
1202
1310
7029
8729
3732
-2983
-5939
-5219
-3054
-768
-2083
-8511
-14265
-13582
-8812
-6874
-10111
-13516
-13787
-13602
-13929
-12372
-9064
-8203
-10555
-11368
-9182
-7047
-5821
-3441
-470
-634
-3400
-2854
2352
6287
6110
5239
5258
4745
5250
8506
11128
10173
7533
6129
5835
5095
5964
8040
6383
2761
540
-1260
-918
1553
1441
-2146
-5660
-6974
-6102
-4009
-2780
-4443
-7581
-8463
-6810
-4523
-2792
-2647
-3739
-4532
-3265
-315
1567
2263
2850
2683
2922
4756
6667
7862
8559
8373
7544
7505
9027
10698
11217
10601
9320
8849
9607
11102
11869
7714
1417
1649
6847
8720
4631
-1361
-4696
-5099
-3457
-992
-1817
-7556
-13021
-13247
-9763
-8172
-10488
-12697
-13122
-14011
-15109
-13743
-10176
-8775
-10704
-11858
-10404
-8606
-7143
-4237
-1042
-1375
-4171
-3444
1516
5144
5431
5217
5249
4344
4845
8358
10999
10137
7879
6430
5323
5210
7577
8819
6413
3294
579
-879
934
3212
1794
-2214
-5381
-6031
-4573
-2569
-1944
-4312
-7513
-7833
-5934
-3862
-2307
-2389
-3941
-4420
-2663
-287
1429
2562
2877
2363
2623
4431
6295
7568
8357
8103
7468
7766
8969
10415
11282
10791
9978
10126
11151
11116
7015
2929
4822
8508
8391
4241
-1394
-4281
-3268
-993
-18
-2720
-8927
-13330
-12058
-8071
-7638
-11490
-13918
-14181
-15002
-14748
-12318
-10327
-10910
-12683
-12661
-10470
-8476
-7139
-4937
-2767
-3179
-4917
-2948
2221
4806
4459
4285
4238
4065
5693
9247
11005
9140
6972
6334
5786
6566
8909
8507
5415
3177
1366
604
2423
3460
1002
-2709
-4890
-4925
-3459
-1833
-2322
-5424
-7703
-6970
-5059
-3379
-2330
-3123
-4785
-4381
-1871
354
1405
2182
2360
2037
3251
5411
6982
8077
8249
7734
7646
8517
10242
11810
12041
11328
10843
11711
11622
6828
3719
7719
10880
8272
3433
-878
-3104
-1817
1034
978
-3823
-10226
-13015
-10593
-6543
-7204
-12381
-14914
-14653
-15126
-14471
-11593
-10243
-12557
-14534
-13025
-10390
-8791
-7307
-5379
-4335
-5184
-5745
-2611
2353
4184
3193
2869
3451
4033
5793
9026
10563
8684
6517
6272
6697
7455
8991
8771
5569
2881
2113
2312
3493
3637
812
-2662
-3920
-3444
-2666
-2166
-2959
-5474
-7197
-6297
-4754
-3698
-3363
-4336
-5003
-4180
-2357
-432
625
1042
1222
1662
3261
5243
6481
7209
7307
7295
8173
9314
10547
11580
11465
11110
11335
12691
13272
8499
3659
6530
10910
10040
5718
759
-2565
-2653
31
1642
-1802
-8317
-12427
-11505
-7798
-7262
-11285
-14004
-14250
-15199
-15565
-13306
-10913
-11819
-14045
-13741
-11669
-10094
-8507
-6046
-4181
-4765
-6203
-4191
708
3522
3559
3398
3270
3136
5342
9189
10394
8734
6857
6030
6705
8260
9481
8632
5676
3622
3018
2887
3641
3613
1131
-2067
-3444
-3022
-2498
-2113
-2662
-5330
-7135
-6047
-4710
-3942
-3319
-4134
-5413
-4763
-2378
-222
660
906
849
1118
2955
5218
6588
7174
7002
7034
8001
9437
10926
11812
11823
11429
11591
13106
11563
5637
5004
10196
11559
7972
3086
-845
-2220
-418
2102
790
-5117
-11047
-12286
-8967
-5938
-8466
-13331
-14656
-14780
-15485
-14198
-11191
-10870
-13935
-15053
-12646
-10218
-9056
-7576
-5505
-4955
-6338
-5694
-1244
2656
3116
2437
2791
3421
4512
7347
9777
9367
7500
6393
7033
7905
7893
8496
7803
4989
3531
3132
2606
2912
2522
-35
-2580
-3371
-3277
-2873
-2402
-3595
-6206
-6889
-5729
-4815
-3808
-3574
-4772
-5251
-3883
-1700
25
834
970
1101
2205
4151
5838
6724
7105
7491
7998
8876
10300
11583
12281
12390
12780
13606
10375
4587
6036
12255
13069
8240
2485
-1190
-1595
971
3903
2079
-5594
-12196
-12012
-7365
-4920
-8379
-12869
-14580
-15958
-16214
-13346
-10124
-10866
-14738
-16084
-13488
-10690
-8926
-6823
-5358
-6448
-8260
-6166
-328
3252
2662
1730
1750
1946
4256
8651
10568
8628
6281
5707
6622
8309
9877
9292
6331
3976
3280
3647
4645
4471
2099
-1037
-2860
-2740
-1868
-1279
-1806
-4502
-6922
-6208
-4516
-3708
-3298
-4035
-5553
-5394
-3187
-898
198
366
84
304
2208
4689
6045
6384
6410
6609
7534
9163
10687
11622
11885
11628
12664
13211
7938
3952
9083
13771
10952
5209
1151
-810
-341
2984
4326
-849
-8871
-12107
-9171
-4955
-5499
-10782
-13837
-14367
-15435
-14821
-11642
-9998
-12877
-15867
-14618
-11677
-10039
-8679
-6517
-5569
-7270
-7990
-3890
1505
2927
1727
1502
2159
3081
5666
8841
9248
7418
6173
6572
7739
8404
8913
8230
5909
4277
3585
3455
4098
3701
1174
-1407
-2338
-2256
-2077
-1836
-2793
-5483
-6486
-5131
-4285
-3983
-3819
-4816
-5563
-4119
-2009
-873
-328
20
186
1143
3368
5133
5969
6500
6506
6932
8419
10046
11207
11954
12163
12121
13350
11977
5923
5424
11621
13442
9064
3884
323
-1218
700
4070
3136
-3885
-10833
-11600
-7720
-4732
-7479
-12445
-14120
-15014
-15916
-13992
-10736
-10914
-14453
-15865
-13525
-11033
-9677
-7850
-5933
-6100
-7937
-6915
-1602
2618
2641
1535
1650
2475
4148
7547
10173
8894
6423
6123
7544
9045
9353
8407
6802
5302
4495
4426
4222
3187
1708
39
-1339
-1949
-2397
-2791
-2846
-4095
-6070
-6104
-5058
-4667
-4341
-4381
-5435
-5351
-3396
-1761
-759
-178
-314
288
2353
4359
5434
6039
6484
6939
8129
9833
10859
11366
12180
12755
13407
14234
9991
4220
7658
13891
12831
7359
2528
-591
-1186
2037
4837
1280
-6989
-12207
-10795
-6307
-5096
-9658
-13570
-14423
-15962
-16219
-12935
-10243
-12303
-15812
-15664
-13083
-11122
-9427
-7105
-5854
-7223
-8556
-5607
91
2798
1955
1400
1808
2303
4649
8977
10678
8309
6003
5882
7336
9219
10458
9566
6312
3956
3773
4445
5345
4728
1679
-1430
-2438
-1975
-1532
-1352
-2318
-5340
-7269
-5908
-4319
-4035
-3735
-4455
-6176
-5597
-2832
-897
-298
-261
-403
316
2547
4928
6043
6424
6447
6669
8238
10138
11506
12617
12818
12582
13565
11726
5987
6746
13211
13914
8649
3556
770
-279
1607
4813
3081
-4918
-11526
-11000
-6674
-4459
-8059
-13228
-14798
-15390
-15640
-13346
-10575
-11838
-15879
-16589
-13331
-10677
-9831
-8395
-6727
-7228
-8598
-6421
-852
2481
1628
607
1292
2165
4128
7931
10170
8489
5845
5650
7403
9087
10092
9593
6794
4350
4159
4816
5517
5172
2456
-963
-2200
-1392
-920
-1268
-2137
-4705
-7036
-5939
-3899
-3730
-4024
-4593
-6001
-5759
-3051
-918
-555
-684
-713
-21
2114
4680
5890
5874
5734
6103
7614
9885
11486
11831
11866
12031
13247
13101
7585
5376
11099
13912
10184
5081
1688
-123
386
3660
4292
-2157
-9982
-11258
-7602
-4604
-6637
-11889
-14081
-14660
-15487
-13971
-10942
-10849
-14649
-16749
-14155
-11008
-10170
-9114
-7139
-6946
-8408
-7631
-2778
1514
1496
288
806
2066
3676
6374
8666
8209
6365
6050
7414
8666
8864
8596
7409
5748
5151
4756
4519
4713
3464
796
-972
-1236
-1272
-1439
-1652
-3302
-5869
-6017
-4310
-3926
-4214
-4354
-5410
-5798
-3905
-1692
-979
-1122
-942
-204
1447
3882
5137
5143
5604
6299
7143
8855
10765
11543
11766
12161
13199
13439
8623
5261
10334
14445
11440
6131
2478
564
781
3619
4983
-92
-8482
-11324
-7962
-4418
-5420
-10588
-13914
-14657
-15286
-14314
-11380
-10399
-13888
-17016
-15273
-11712
-10213
-9368
-7728
-7427
-8822
-8369
-3886
813
1486
198
121
1142
3113
6178
8754
8707
6589
5311
6573
8921
9791
9128
7533
5553
4744
5031
5559
5357
3353
685
-954
-1131
-654
-894
-1754
-3394
-5802
-6168
-4396
-3756
-4081
-4389
-5512
-5961
-4164
-1888
-1007
-1052
-956
-437
1155
3722
5263
5431
5674
6201
7186
9080
10761
11636
12369
12941
13667
11568
6287
6997
13183
14530
9979
4592
1225
232
2407
5764
4451
-3331
-10632
-10605
-6120
-3487
-6523
-11871
-14154
-15174
-15394
-12865
-9969
-11136
-15505
-16975
-14079
-11062
-9868
-8655
-7384
-8154
-9691
-7510
-1764
1608
721
-362
47
1064
3690
7510
9231
7760
5434
4941
7088
9654
10322
9212
6772
4631
4464
5482
6637
6126
2883
-288
-1158
-463
378
189
-1331
-4358
-6852
-5615
-3040
-2743
-3781
-5245
-6636
-6032
-3373
-1027
-825
-1889
-2217
-1218
1236
4066
5101
4637
4328
4985
6703
8866
10684
11464
11327
11259
12908
12760
7222
5845
11860
14222
10162
5278
2396
1013
2032
5084
4862
-1707
-9195
-10202
-6069
-3079
-5777
-11374
-13531
-14015
-14667
-12859
-10066
-10861
-14917
-16617
-14009
-10928
-9997
-9424
-8122
-8053
-9198
-7986
-3121
618
145
-867
37
1163
2664
5902
8255
7445
5743
5296
6662
8666
9528
9051
7234
5440
4908
5023
5896
6206
3822
707
-502
-269
132
19
-735
-3037
-5894
-5528
-3229
-2953
-3701
-4485
-5910
-5945
-3700
-1491
-1156
-1959
-1966
-1046
802
3406
4586
4303
4302
5032
6655
8636
10007
10877
11382
11446
12800
12515
7174
5920
11721
14085
10358
5636
2540
983
2040
5332
5364
-1297
-8734
-9661
-5801
-2972
-5399
-10587
-12918
-13692
-14210
-12559
-10010
-10485
-14266
-16196
-13875
-11046
-10142
-9184
-7771
-8088
-9537
-8326
-3371
491
39
-1145
-537
403
2184
5691
8181
7475
5208
4325
6135
8526
9491
9230
7222
4898
4452
5091
6195
6274
3616
618
-487
-245
325
177
-781
-2971
-5615
-5381
-3323
-2971
-3498
-4235
-5591
-5687
-3694
-1528
-1026
-1490
-1404
-848
734
3261
4754
4937
4636
4992
6646
8485
9874
11095
11828
12022
12463
9653
5201
8139
13775
13133
8338
3762
1006
734
3831
6624
3378
-4943
-10188
-8342
-4135
-3049
-7039
-11496
-13159
-14231
-13722
-10637
-8824
-11505
-15349
-15294
-12311
-10149
-9124
-8018
-7522
-8598
-9407
-6410
-1082
983
-515
-1272
-326
970
3349
6657
7894
6214
4326
4560
6859
8814
9118
8167
5953
4230
4275
5200
6431
5862
2478
-361
-675
251
934
643
-1043
-4161
-5942
-4199
-2139
-2217
-3242
-4936
-6186
-4975
-2303
-714
-1016
-1886
-2160
-1139
1563
4088
4471
3958
3871
4505
6535
8767
9824
10195
10431
10698
12276
12013
6644
5453
11188
13181
9318
5190
2690
821
1587
4925
4689
-1686
-8287
-9094
-5695
-3251
-5662
-10406
-12388
-13109
-13707
-12103
-9624
-10276
-13884
-15221
-12842
-10589
-9869
-8838
-7499
-7570
-8653
-7522
-3094
353
156
-717
-186
695
2218
5325
7621
7084
5262
4334
5625
7845
8924
8579
6760
4715
3892
4165
5435
6056
3720
394
-887
-563
-46
111
-336
-2511
-5486
-5433
-3165
-2490
-2990
-3676
-5186
-5668
-3471
-1095
-695
-1086
-1235
-1071
607
3509
4911
4660
4560
4982
6227
8305
9819
10630
11335
11561
12167
10060
5293
7225
13145
13141
8381
3936
1535
917
3178
6251
3987
-4024
-9664
-8218
-4149
-2878
-6446
-10849
-12704
-13824
-13508
-10707
-8709
-10923
-14866
-15264
-12352
-10128
-9090
-7898
-7529
-8600
-9253
-6511
-1414
818
-510
-1270
-481
677
3171
6432
7443
5987
4405
4388
6424
8526
8867
7823
5800
4184
4075
5136
6369
5468
2236
-328
-651
277
915
502
-1193
-4122
-5779
-4032
-2027
-2374
-3468
-4793
-5880
-4872
-2292
-743
-1150
-1842
-1870
-1015
1399
3993
4625
4072
3992
4789
6604
8654
9916
10480
10627
10863
12151
10547
5669
7250
12950
12605
7889
4096
2111
1268
3016
5684
3408
-4102
-9198
-7717
-4012
-3176
-7182
-11501
-12448
-12952
-13111
-11122
-9419
-11344
-14766
-14805
-11824
-9932
-9586
-8534
-7469
-8046
-8675
-6174
-1525
498
-650
-1106
18
1368
3428
5830
6787
6325
5260
5077
6887
8244
7988
7572
6713
5321
4610
4953
5583
4893
2444
413
-83
128
188
-261
-1441
-3859
-5315
-4043
-2960
-3347
-3871
-4951
-5781
-4706
-2738
-1626
-1742
-1985
-1671
-649
1423
3348
4094
4251
4412
5393
7123
8549
9767
10834
11252
11963
12711
9244
5371
9203
14074
12256
7529
4197
1978
1379
4283
6508
2331
-5544
-9100
-6757
-3437
-3699
-8075
-11428
-12441
-13625
-13254
-10431
-9243
-12319
-15362
-14287
-11560
-10284
-9493
-8141
-7683
-8809
-8959
-5452
-933
98
-1165
-1161
102
1392
3478
6374
7281
5734
4453
5213
7337
8406
8382
7830
6041
4646
4910
5627
5931
4956
2199
16
-14
393
223
-159
-1541
-4278
-5459
-3989
-3064
-3436
-3945
-5205
-6231
-5036
-2847
-1895
-2066
-2409
-2313
-1172
1003
3045
3766
3580
3641
4890
6825
8358
9447
10069
10496
10996
12685
12277
7114
6501
12107
13567
9680
5970
3731
2095
2829
5569
4892
-1506
-7408
-7410
-4361
-3118
-6196
-10289
-11530
-12419
-13385
-12034
-10029
-10949
-14117
-14975
-12773
-11062
-10525
-9304
-8004
-8177
-9097
-7700
-3305
-337
-737
-1417
-512
968
2547
4954
6831
6502
5215
5174
6797
8138
8291
8169
7417
6046
5358
5430
5844
5658
3663
1460
639
489
331
-153
-1011
-2773
-4658
-4441
-3358
-3745
-4406
-4680
-5621
-5720
-4091
-2881
-2718
-2656
-2495
-1953
-435
1520
2752
3078
3270
4214
5648
6856
8147
9365
10059
10488
11590
12993
10104
5649
8596
13704
12458
8137
4954
3017
2364
4171
6305
3316
-3913
-7812
-6068
-2974
-3224
-7505
-10683
-11328
-12498
-12752
-10620
-9478
-11829
-14662
-14081
-11816
-10873
-9936
-8373
-7977
-9035
-9341
-6299
-1896
-457
-1487
-1782
-757
854
3372
5968
6270
4646
4011
5562
7782
8489
7926
7104
5972
5705
6343
6481
6040
4480
2406
1727
1761
1457
729
-372
-1609
-3240
-3975
-2937
-2721
-4010
-4815
-5184
-5313
-4593
-3373
-2769
-3242
-3372
-2581
-1348
408
1709
1961
2255
3076
4358
5925
6970
7734
8579
9334
10148
11623
12891
9561
5412
8574
12926
11491
8058
5574
3351
2152
3747
5789
3123
-3349
-6790
-5418
-3196
-3758
-7298
-9713
-10396
-11891
-12488
-10685
-9484
-11354
-13758
-13499
-11886
-10931
-9772
-8178
-7801
-8862
-9098
-6346
-2359
-843
-1525
-1726
-797
793
3074
5232
5605
4774
4439
5340
6933
7615
7602
7312
6422
5875
5873
5667
5550
5190
3656
2138
1473
1013
558
325
-413
-2599
-3975
-3262
-3011
-3647
-3913
-4597
-5603
-5159
-3719
-3161
-3362
-3197
-2868
-2183
-519
853
1379
1997
2565
3258
4717
6299
7391
8011
8312
9032
10350
12144
12773
8758
5234
8807
12677
11315
8120
5207
2557
1771
4023
5839
2607
-3878
-6944
-5337
-3267
-4209
-7678
-9599
-10477
-12436
-12752
-10482
-9401
-11626
-13930
-13263
-11505
-10711
-9572
-7928
-7616
-8624
-8659
-5751
-1770
-594
-1613
-1436
-111
1181
2955
5063
6007
5340
4365
4820
6648
7665
7762
7590
6447
5133
4738
5372
6194
5423
3099
1225
701
867
951
619
-710
-3109
-4350
-3350
-2606
-3076
-3773
-4889
-5617
-4900
-3525
-2790
-2870
-2892
-2814
-2078
-264
1209
1876
2150
2392
3413
5044
6279
7238
7870
8174
9046
10691
12501
10677
5953
6728
11374
11966
9296
6672
4299
2443
3064
5601
4911
-580
-5141
-5245
-3359
-3032
-5684
-8170
-9073
-10756
-12038
-11066
-9471
-10008
-12453
-13158
-11710
-10978
-10415
-8695
-7552
-8075
-8842
-7447
-4041
-1809
-1759
-1907
-1048
164
1327
3128
4869
4941
4094
4263
5600
6595
6815
7010
6689
5735
5146
5058
5442
5501
4149
2563
1837
1432
997
831
491
-1213
-3155
-3184
-2461
-2686
-3019
-3548
-4819
-5176
-3983
-2986
-2933
-2904
-2768
-2718
-1722
127
1009
1191
1863
2506
3345
4844
6255
6851
7003
7553
8620
9888
11160
11700
8962
5468
7442
11329
11110
8177
5084
2686
1861
3377
5138
3211
-2367
-6343
-5731
-3522
-3590
-6416
-9001
-10346
-11656
-11938
-10444
-9166
-10533
-13153
-13503
-11715
-10180
-9258
-8303
-7828
-8499
-8901
-6457
-2473
-924
-1820
-2182
-1168
321
2436
4681
5198
4324
3804
4355
6093
7643
7720
6761
5573
5128
5305
5611
6113
5425
3228
1750
1664
1953
1780
1015
-138
-2050
-3137
-2185
-1574
-2250
-3150
-4213
-4906
-4198
-2774
-2227
-2879
-3333
-2765
-2010
-821
734
1413
1420
1523
2423
4133
5603
6277
6442
6694
7356
8624
10226
11598
10887
6859
4953
8527
11474
10083
6920
4007
1843
1639
3817
5182
1853
-4054
-6665
-5250
-3410
-4118
-7039
-9218
-10487
-11786
-11575
-9662
-8927
-10911
-12979
-12616
-11166
-9992
-8622
-7558
-7666
-8496
-8274
-5487
-2030
-1021
-1811
-2012
-1175
416
2805
4844
4850
3631
3209
4252
6089
7264
7033
5780
4693
4540
4991
5793
5915
4329
2335
1611
1859
2037
1900
1338
-340
-2340
-2422
-1268
-1180
-1939
-2847
-3864
-4095
-3187
-2166
-1936
-2405
-2803
-2520
-1415
114
1113
1233
1281
1756
2703
4088
5373
5940
5888
6024
6857
8458
9947
10703
9664
5870
4500
8301
10988
9277
5883
3172
1503
1550
3905
5049
1027
-4698
-6400
-4734
-3102
-3946
-6772
-8825
-10297
-11349
-10521
-8720
-8400
-10542
-12660
-12078
-10232
-9032
-7970
-7028
-7314
-8434
-7951
-4625
-1328
-996
-2041
-2143
-1118
765
3214
4743
4156
2973
2710
3951
6261
7233
6218
4832
4223
4388
4934
5829
5814
3774
1768
1525
2152
2614
2272
1158
-557
-2231
-1953
-596
-684
-1584
-2661
-3888
-3733
-2402
-1499
-1659
-2437
-2787
-2357
-1001
601
957
613
776
1331
2541
4044
4870
5269
5304
5402
6275
7658
8945
9546
9594
7789
4622
5459
9552
10215
7200
4266
2123
939
2223
4605
3514
-1736
-5875
-5862
-3821
-2783
-4650
-7895
-9908
-10745
-10645
-9293
-8015
-9124
-11919
-12747
-10969
-9115
-8070
-7471
-7577
-8263
-8284
-6213
-2828
-1009
-1707
-2836
-2269
-75
2273
3801
3911
2890
2291
3142
5220
6762
6311
5003
4123
4143
5054
5625
5422
4493
2834
1969
2346
2682
2485
1744
441
-964
-1549
-919
-276
-886
-2017
-2844
-3372
-2892
-1609
-1229
-1971
-2467
-2261
-1531
-240
726
644
498
986
1870
3008
4036
4570
4808
5010
5349
6300
7691
8432
8665
8924
7284
4621
5749
9105
9224
6387
3713
2007
1298
2572
4330
2608
-2192
-5491
-5335
-3299
-2452
-4746
-7954
-9527
-9994
-9763
-8462
-7564
-9186
-11722
-11867
-10016
-8382
-7561
-7415
-7829
-8140
-7501
-5474
-2711
-1360
-2375
-3370
-2096
231
1970
3030
3066
2191
1698
2892
5078
6042
5411
4296
3617
4067
4991
5214
5069
4363
2842
2114
2573
3049
2647
1605
629
-474
-1004
-314
39
-816
-1856
-2568
-2863
-2169
-1102
-1269
-2216
-2406
-2048
-1310
-75
451
55
56
803
1912
3022
3615
3747
3923
4494
5276
5927
6670
7327
7650
8217
7821
5338
4518
7053
8413
6716
4401
2649
1401
1536
2976
2870
-414
-4161
-5221
-3883
-2829
-4085
-6696
-8381
-9055
-9377
-8723
-7803
-8428
-10255
-11137
-10045
-8519
-7842
-7533
-7493
-7662
-7353
-6113
-3997
-2278
-2280
-2956
-2513
-845
939
2038
2499
2365
1984
2486
4127
5327
5208
4617
4116
4135
4852
5455
5252
4582
3895
3097
2931
3467
3142
2012
1350
854
82
-49
228
-305
-1295
-1861
-1869
-1722
-1635
-1656
-1969
-2267
-2137
-1458
-687
-336
-351
-493
-42
1131
2218
2621
2605
2953
3529
4156
5057
5891
6104
5935
6284
7276
7932
6583
4474
5074
6949
6821
5250
3654
2215
1281
1702
2582
1340
-1919
-4107
-4019
-3215
-3488
-5297
-7081
-7780
-8199
-8476
-8138
-7871
-8716
-9897
-9776
-8699
-8008
-7808
-7491
-7100
-6926
-6488
-5244
-3593
-2651
-2740
-2675
-1619
-251
861
1842
2394
2244
1983
2747
4485
5296
4801
4347
4095
4221
5099
5863
5533
4154
2931
2892
3592
4038
3420
1872
705
307
406
917
747
-563
-1880
-2288
-1702
-1051
-1103
-1622
-2314
-2640
-2118
-1155
-452
-384
-793
-981
-339
944
1960
2225
2290
2436
2644
3515
4785
5342
5217
5143
5409
6174
7211
7018
5188
4229
5268
6145
5559
4397
3061
1558
985
1627
1758
6
-2450
-3713
-3722
-3605
-4352
-5574
-6399
-7249
-8194
-8333
-7811
-7801
-8532
-9082
-8983
-8550
-7951
-7310
-6788
-6529
-6537
-6047
-4607
-3030
-2356
-2426
-2097
-994
299
1367
2220
2644
2507
2471
3277
4645
5351
5077
4725
4654
4705
4996
5449
5258
4212
3372
3241
3456
3515
2867
1663
784
604
676
479
-103
-829
-1574
-1954
-1582
-1132
-1408
-2072
-2329
-2250
-1981
-1237
-722
-848
-926
-800
-209
904
1626
1828
1945
2108
2655
3640
4560
4872
4647
4707
5305
5964
6794
7167
5912
4298
4203
5327
6106
5445
3622
1786
938
1189
1718
1281
-688
-3216
-4466
-3981
-3551
-4370
-5787
-7172
-8256
-8589
-8107
-7597
-7897
-8925
-9618
-9152
-8094
-7255
-6773
-6654
-6662
-6375
-5307
-3536
-2157
-1909
-2103
-1580
-277
1080
2127
2839
2963
2601
2984
4398
5474
5523
4945
4349
4376
5074
5635
5432
4491
3329
2693
3009
3678
3406
2075
685
93
361
597
208
-610
-1616
-2346
-2233
-1592
-1380
-1908
-2610
-2877
-2605
-2015
-1397
-1145
-1280
-1344
-1046
-209
817
1384
1590
1724
1996
2737
3679
4267
4513
4593
4832
5378
6061
6746
6574
5347
4442
4735
5719
5922
4677
3066
1886
1250
1465
1731
609
-1684
-3596
-4037
-3630
-3818
-4888
-6251
-7382
-8038
-8114
-7600
-7309
-8017
-8944
-8971
-8181
-7297
-6738
-6419
-6193
-5989
-5367
-4057
-2622
-1794
-1606
-1351
-464
744
1821
2654
3098
3134
3177
3678
4541
5238
5353
4971
4590
4482
4664
5014
4969
4202
3247
2739
2794
2990
2681
1763
712
42
16
141
-211
-956
-1757
-2240
-2196
-1876
-1813
-2223
-2692
-2753
-2516
-2189
-1687
-1381
-1504
-1410
-868
-235
401
991
1373
1580
1965
2608
3299
3936
4229
4229
4465
5016
5632
6137
6358
5887
4904
4387
4666
5252
5187
3988
2366
1206
910
1157
1037
-130
-2147
-3883
-4198
-3653
-3893
-5071
-6345
-7393
-7872
-7578
-7078
-7164
-7868
-8446
-8352
-7589
-6575
-5938
-5832
-5842
-5547
-4711
-3324
-1982
-1355
-1309
-1109
-255
974
2059
2749
2928
2831
2998
3615
4337
4853
4873
4350
3952
4091
4409
4623
4452
3578
2498
2137
2493
2704
2304
1360
207
-442
-245
163
-63
-962
-2002
-2555
-2271
-1629
-1406
-1907
-2627
-2817
-2424
-1728
-1065
-950
-1246
-1172
-507
304
944
1389
1545
1610
2132
2952
3551
3914
4080
4183
4477
4933
5378
5631
5786
5656
4875
4254
4353
4523
4455
3894
2574
1228
679
796
770
-113
-1658
-3161
-3959
-3797
-3683
-4455
-5654
-6757
-7272
-6983
-6501
-6488
-7044
-7676
-7693
-7032
-6125
-5491
-5402
-5405
-5060
-4243
-2994
-1913
-1430
-1284
-938
-97
949
1853
2442
2548
2544
2980
3627
4086
4317
4256
4022
3930
4020
4081
4023
3779
3267
2676
2276
2091
1924
1621
1094
326
-336
-526
-446
-575
-1058
-1743
-2257
-2294
-2090
-1936
-2069
-2529
-2741
-2376
-1805
-1447
-1354
-1308
-1128
-739
-94
530
834
1045
1346
1766
2394
2982
3324
3509
3628
3825
4231
4728
5015
4984
4839
4894
5078
4918
4351
3785
3482
3428
3232
2532
1609
807
213
-121
-509
-1288
-2385
-3297
-3604
-3759
-4260
-4951
-5524
-5844
-5996
-6119
-6238
-6290
-6355
-6390
-6145
-5688
-5323
-5068
-4679
-4122
-3555
-3014
-2418
-1821
-1259
-678
-137
394
952
1423
1859
2309
2684
2878
2932
3178
3531
3615
3543
3440
3276
3129
3071
2964
2639
2215
1856
1528
1162
957
765
239
-204
-384
-678
-1019
-1148
-1286
-1666
-1906
-1853
-1810
-1826
-1883
-1933
-1798
-1487
-1213
-1092
-951
-672
-337
103
678
1048
1091
1308
1873
2395
2746
3037
3272
3415
3578
3915
4315
4505
4507
4546
4598
4469
4178
3954
3832
3600
3228
2797
2207
1484
932
639
231
-519
-1340
-1999
-2558
-3004
-3325
-3792
-4460
-5022
-5351
-5472
-5498
-5624
-5859
-6008
-5912
-5622
-5268
-4887
-4593
-4436
-4111
-3516
-2876
-2254
-1727
-1365
-953
-341
269
806
1328
1644
1784
2059
2438
2703
2917
3087
3059
2944
2928
2940
2877
2768
2550
2192
1837
1632
1556
1411
1043
566
159
-136
-308
-415
-634
-1008
-1325
-1482
-1554
-1505
-1441
-1525
-1665
-1721
-1609
-1302
-1004
-856
-752
-623
-337
134
582
892
1107
1357
1651
1958
2350
2729
2954
3071
3247
3504
3727
3889
4032
4081
4050
4147
4236
4013
3543
3170
2986
2796
2558
2179
1461
679
186
-123
-518
-1126
-1864
-2567
-3101
-3420
-3704
-4150
-4643
-5094
-5457
-5537
-5518
-5598
-5632
-5578
-5483
-5309
-4946
-4527
-4219
-3920
-3534
-3066
-2521
-1925
-1422
-996
-557
-149
312
861
1325
1619
1862
2121
2359
2547
2739
2921
2924
2786
2684
2617
2587
2538
2343
2043
1729
1486
1324
1192
991
577
138
-82
-196
-366
-575
-822
-1066
-1181
-1160
-1121
-1193
-1307
-1309
-1213
-1050
-824
-656
-610
-520
-265
71
369
641
914
1149
1348
1621
1984
2260
2403
2551
2760
2962
3145
3304
3375
3396
3446
3531
3619
3662
3573
3307
2907
2628
2603
2441
2047
1613
1004
219
-336
-226
-122
-1022
-2295
-2903
-3025
-3107
-3157
-3451
-4370
-5257
-5192
-4580
-4409
-4800
-5293
-5473
-5091
-4426
-3989
-3913
-3930
-3727
-3280
-2628
-1907
-1444
-1341
-1221
-681
44
530
860
1149
1282
1344
1626
2117
2367
2203
2032
2053
2150
2330
2434
2286
1989
1710
1630
1629
1543
1397
1025
575
423
415
316
163
-24
-312
-591
-617
-492
-495
-610
-740
-868
-847
-645
-449
-376
-399
-404
-310
-80
235
424
441
513
685
904
1145
1324
1415
1428
1523
1761
1953
2033
2100
2187
2293
2406
2476
2512
2474
2460
2613
2653
2381
2027
1916
1969
1785
1427
1130
651
75
-29
46
-439
-1222
-1683
-1922
-2225
-2424
-2607
-3175
-3793
-3892
-3771
-3821
-3951
-4137
-4352
-4386
-4095
-3727
-3628
-3612
-3447
-3217
-2872
-2379
-1943
-1724
-1567
-1178
-654
-276
32
373
625
808
1101
1495
1784
1917
2038
2149
2195
2263
2400
2494
2396
2227
2165
2074
1977
1956
1756
1390
1136
997
881
766
588
288
-45
-244
-282
-298
-415
-672
-930
-987
-914
-882
-902
-963
-1047
-1011
-784
-534
-453
-486
-446
-261
2
280
465
498
569
809
1112
1365
1525
1606
1678
1854
2135
2359
2451
2446
2430
2490
2619
2737
2706
2428
2056
1902
1950
1919
1640
1129
619
214
-71
-128
-283
-860
-1556
-2027
-2239
-2347
-2493
-2700
-3091
-3641
-3932
-3774
-3521
-3504
-3705
-3902
-3913
-3627
-3107
-2728
-2652
-2663
-2555
-2141
-1444
-832
-635
-677
-469
86
665
1109
1385
1367
1283
1505
2023
2437
2415
2177
2027
1985
2126
2322
2240
1878
1497
1294
1259
1269
1152
748
266
3
-63
-82
-183
-448
-812
-1078
-1129
-1041
-1000
-1124
-1366
-1523
-1440
-1224
-1030
-926
-940
-973
-861
-564
-267
-79
19
42
135
420
767
1011
1115
1099
1125
1330
1617
1872
2006
1953
1837
1859
2062
2224
2199
2086
1955
1824
1812
1976
2017
1767
1369
1050
1011
1123
1085
774
261
-180
-284
-180
-210
-554
-1103
-1507
-1611
-1536
-1503
-1788
-2231
-2449
-2441
-2352
-2257
-2258
-2390
-2551
-2506
-2198
-1947
-1868
-1782
-1708
-1628
-1368
-1006
-774
-686
-586
-451
-271
18
307
428
436
521
648
780
941
1029
984
856
794
893
999
943
768
625
543
509
519
477
328
118
-42
-54
-1
-22
-150
-325
-457
-480
-422
-393
-473
-626
-708
-668
-558
-458
-474
-545
-530
-428
-296
-174
-114
-101
-45
71
214
339
412
464
534
679
843
907
925
979
1043
1173
1355
1428
1408
1432
1487
1549
1655
1729
1650
1526
1593
1750
1739
1589
1436
1316
1254
1229
1192
1039
714
424
314
261
119
-171
-507
-751
-969
-1130
-1204
-1334
-1603
-1900
-2006
-1981
-2017
-2074
-2189
-2337
-2326
-2183
-2051
-1972
-1944
-1944
-1887
-1659
-1333
-1141
-1082
-980
-841
-667
-392
-121
12
47
129
300
476
622
719
723
693
726
812
836
775
722
657
563
527
493
369
249
163
53
-70
-158
-203
-299
-437
-513
-581
-644
-628
-603
-676
-768
-753
-637
-499
-429
-411
-394
-309
-108
94
210
249
307
444
620
838
1005
1050
1099
1216
1377
1538
1634
1702
1746
1740
1781
1886
1921
1864
1819
1792
1723
1652
1674
1652
1462
1246
1095
968
874
787
602
305
21
-113
-151
-249
-435
-698
-963
-1095
-1084
-1068
-1154
-1355
-1558
-1640
-1603
-1498
-1439
-1530
-1695
-1744
-1623
-1469
-1394
-1365
-1361
-1363
-1243
-1030
-897
-862
-846
-771
-618
-483
-378
-299
-283
-250
-166
-72
-5
-36
-64
-3
16
-43
-84
-80
-75
-121
-192
-213
-210
-250
-285
-298
-326
-342
-315
-260
-260
-310
-304
-227
-144
-111
-135
-94
57
185
247
303
333
367
475
623
728
748
769
844
937
1033
1078
1085
1100
1111
1110
1149
1195
1175
1106
1029
989
980
987
971
879
737
642
612
616
599
499
323
190
181
174
83
0
-42
-115
-189
-186
-153
-210
-299
-282
-242
-266
-306
-316
-305
-302
-293
-279
-286
-276
-260
-272
-269
-250
-267
-311
-339
-362
-385
-403
-430
-468
-501
-553
-615
-621
-614
-670
-724
-732
-744
-806
-845
-817
-806
-851
-871
-836
-807
-800
-779
-731
-683
-592
-497
-481
-456
-358
-248
-144
-59
-1
12
37
175
330
382
365
340
378
455
520
588
605
550
508
539
607
641
617
552
480
460
471
468
488
488
393
284
292
384
414
329
247
231
244
296
361
349
252
164
200
316
349
292
240
229
256
278
281
298
304
254
213
254
290
269
272
294
265
217
229
273
269
229
199
167
152
170
163
112
38
-26
-49
-45
-52
-103
-202
-310
-368
-340
-314
-361
-466
-573
-610
-580
-518
-492
-584
-701
-709
-637
-554
-517
-556
-619
-608
-494
-375
-349
-354
-372
-398
-312
-148
-65
-86
-131
-146
-86
35
128
120
51
13
25
89
169
179
97
6
-5
41
84
85
38
-34
-111
-130
-71
-24
-59
-142
-171
-159
-133
-66
-33
-59
-74
-32
26
66
127
166
154
167
227
284
323
350
370
368
346
391
454
449
426
384
346
358
390
384
316
259
250
235
206
212
194
119
96
128
142
111
69
61
61
60
88
102
44
-23
-28
38
96
81
15
-23
-4
32
58
59
14
-49
-65
-42
-10
17
-3
-61
-109
-108
-66
-51
-63
-85
-144
-194
-179
-132
-121
-175
-272
-337
-327
-273
-230
-259
-367
-464
-459
-384
-334
-342
-389
-453
-451
-379
-330
-305
-298
-317
-319
-247
-136
-106
-145
-115
-31
28
74
102
137
183
213
254
295
327
354
368
392
435
445
410
368
357
383
369
324
307
275
240
241
221
146
66
41
56
68
58
13
-39
-68
-68
-62
-79
-99
-118
-142
-124
-35
25
-20
-68
-43
29
92
101
101
100
99
137
209
265
254
207
193
192
160
136
155
162
124
73
53
26
-25
-44
-79
-153
-205
-218
-202
-196
-253
-342
-379
-350
-342
-393
-437
-435
-436
-430
-384
-383
-433
-438
-399
-367
-343
-305
-263
-222
-179
-129
-77
-33
15
32
51
107
160
210
267
305
310
298
305
328
341
351
354
347
350
349
338
324
289
229
179
152
122
104
95
58
-9
-38
-24
-45
-100
-145
-160
-142
-115
-117
-125
-109
-103
-129
-146
-109
-75
-73
-45
2
35
52
89
152
182
154
132
155
209
266
280
259
226
191
189
201
165
104
62
45
35
10
-30
-73
-115
-138
-169
-222
-261
-277
-288
-292
-290
-297
-317
-327
-320
-320
-325
-323
-307
-279
-233
-182
-174
-176
-141
-113
-97
-53
-4
28
52
81
114
132
162
184
164
175
228
252
252
269
272
246
229
245
243
182
141
149
168
188
169
138
123
86
54
43
16
-7
-19
-27
-31
-44
-44
-40
-56
-81
-106
-114
-94
-44
-18
-50
-63
-39
-17
-2
25
37
-3
-23
34
90
96
76
47
22
17
48
71
41
4
-13
-18
-12
-20
-56
-106
-149
-158
-161
-178
-189
-188
-213
-248
-232
-205
-223
-258
-262
-240
-219
-192
-175
-166
-151
-151
-143
-112
-73
-52
-50
-26
4
8
27
64
90
96
93
115
160
187
196
212
222
225
231
245
256
234
202
210
227
217
194
187
175
137
105
100
110
113
94
66
40
30
44
64
51
19
1
5
17
25
33
34
20
-7
-11
11
26
49
69
50
18
10
43
78
83
61
20
-6
3
33
57
27
-44
-90
-82
-60
-59
-85
-140
-202
-238
-214
-172
-179
-239
-318
-346
-308
-258
-238
-260
-289
-282
-253
-206
-163
-175
-197
-180
-126
-63
-25
0
1
-4
31
87
131
144
127
112
116
156
187
171
141
115
113
132
136
134
110
72
63
78
80
59
34
13
11
26
35
16
-13
-9
9
18
13
8
5
0
12
31
52
60
39
14
17
27
31
41
57
57
47
59
82
72
54
64
71
52
58
91
105
87
60
49
46
49
54
48
40
19
-21
-36
-30
-38
-66
-101
-128
-138
-131
-123
-122
-139
-177
-200
-186
-170
-178
-180
-178
-188
-193
-166
-117
-93
-92
-99
-89
-55
-12
15
16
27
56
87
117
137
132
114
112
149
194
199
172
150
140
151
164
150
108
65
62
87
109
112
67
13
-15
-6
22
16
-14
-44
-61
-45
-16
3
-14
-54
-71
-48
-10
11
8
-6
-7
15
41
56
46
28
13
6
42
76
67
46
27
16
11
18
36
20
-19
-40
-31
-18
-22
-36
-60
-93
-110
-104
-91
-88
-92
-110
-130
-122
-102
-107
-115
-106
-107
-118
-97
-44
-25
-41
-55
-42
-26
-19
-7
-4
-4
7
28
45
54
62
58
51
38
37
56
67
70
65
49
46
55
53
40
18
20
36
41
41
35
25
20
23
18
12
9
3
14
32
26
11
1
23
45
26
1
-14
-15
8
27
10
-30
-40
-31
-28
-17
