11
11
4
8
11
19
27
17
15
19
17
14
7
7
10
11
7
8
10
5
5
7
5
3
7
3
0
1
6
4
0
-2
-7
-4
-6
-11
-9
-14
-12
-10
-14
-11
-18
-15
-12
-12
-5
-14
-8
-8
-11
-2
-9
-7
-5
-15
-14
-15
-14
-15
-16
-7
-10
-7
-1
-3
3
4
-1
3
2
6
20
0
-16
15
24
-11
-20
22
24
-12
-14
15
22
0
10
26
14
2
12
22
4
-5
8
0
-1
6
5
5
1
0
1
-3
-4
-4
-2
-5
-7
-10
-8
-4
-1
2
0
-5
-6
-5
-3
-5
-7
-11
-22
-15
-7
-7
-5
-13
-11
-7
-15
-20
-19
-21
-16
-10
-17
-16
-12
-8
-5
-5
4
7
4
-2
-2
2
-1
7
3
0
6
6
9
4
4
10
6
1
3
4
5
3
4
6
1
9
18
9
14
17
13
18
19
18
14
9
6
7
9
6
3
3
6
-1
-3
-5
-10
-7
-7
-9
-12
-8
-8
-10
-5
1
8
6
7
8
2
4
4
2
5
9
6
-3
-3
-9
-8
-2
-14
-8
6
5
-4
-14
-8
1
8
15
15
14
11
0
1
12
7
4
9
2
-1
3
0
-1
6
7
4
7
4
12
23
11
9
12
4
-1
8
14
13
11
5
7
8
8
12
3
-3
-1
3
2
-2
-2
-4
4
2
-9
-3
-4
-10
0
-2
0
7
-1
4
7
0
-4
-9
-2
-4
-5
0
-5
0
-4
-11
-21
-23
-10
2
8
2
-9
-12
-8
-3
1
1
0
-7
-9
3
0
2
2
-3
-4
-3
-3
-3
3
5
5
14
12
2
0
-2
12
7
3
12
3
6
7
8
12
12
16
6
-2
-2
-1
5
7
4
-1
-2
5
11
7
4
-4
-11
-8
-8
-4
-2
-2
3
-6
-9
-8
-11
-11
-10
0
-3
-4
3
3
4
3
6
4
-5
0
2
-3
0
-3
-11
-5
5
3
8
3
-6
-3
-1
6
3
1
3
5
9
3
1
9
8
3
3
7
16
20
9
10
15
16
20
21
23
29
21
11
13
11
15
15
11
8
10
6
-5
-5
-6
-9
-11
-16
-21
-23
-23
-25
-26
-26
-28
-27
-24
-26
-26
-18
-20
-22
-18
-17
-14
-16
-19
-21
-15
-8
-5
0
-2
3
10
19
19
13
18
15
22
27
17
7
10
21
15
14
10
4
11
9
6
3
-8
-8
-5
-10
-9
-11
-13
-15
-25
-29
-24
-16
-19
-21
-16
-21
-15
-6
-13
-15
-9
-11
-13
-6
-4
-12
-3
1
-11
-11
-9
-12
-4
-4
-19
-20
-16
-24
-23
-22
-25
-26
-33
-39
-31
-24
-31
-35
-37
-40
-32
-37
-41
-31
-27
-24
-2
1
4
23
15
27
46
50
70
82
90
101
108
111
114
125
126
123
124
114
101
94
78
61
51
27
5
2
-15
-34
-44
-67
-81
-80
-99
-110
-98
-107
-113
-98
-95
-94
-78
-75
-74
-55
-50
-54
-37
-23
-31
-16
-2
-16
-15
-7
-20
-30
-32
-42
-48
-51
-52
-50
-46
-41
-40
-18
-1
4
32
52
76
109
129
147
184
207
210
226
221
226
252
246
223
205
173
134
125
96
39
10
-47
-107
-131
-173
-216
-235
-263
-305
-327
-331
-341
-338
-316
-316
-305
-270
-250
-213
-164
-145
-120
-75
-44
-3
43
80
107
133
157
179
211
221
228
245
239
231
233
235
220
212
202
170
151
129
106
83
57
31
-9
-27
-48
-79
-88
-117
-157
-163
-167
-176
-170
-178
-190
-184
-174
-171
-146
-119
-116
-85
-55
-45
2
39
41
70
106
105
140
174
159
194
206
166
197
210
183
188
186
143
130
121
74
60
60
9
-13
2
-48
-52
-45
-82
-83
-72
-93
-106
-62
-105
-127
-66
-120
-134
-91
-151
-176
-158
-180
-259
-190
-239
-445
-239
-382
-535
-265
-423
-443
-314
-340
-338
-209
-83
-166
64
185
89
425
525
464
740
797
801
988
982
937
1041
1012
951
1015
879
707
678
570
435
318
158
-63
-173
-273
-484
-562
-682
-899
-918
-954
-1116
-1107
-1097
-1151
-1095
-1075
-1029
-966
-850
-736
-686
-504
-435
-363
-126
-42
56
212
259
369
475
538
624
662
690
697
728
729
682
702
674
596
557
486
431
408
331
238
191
95
-3
-3
-57
-165
-250
-282
-342
-380
-370
-445
-479
-473
-489
-490
-426
-441
-474
-345
-330
-344
-215
-156
-145
-35
23
41
148
188
198
308
371
318
369
429
391
471
516
433
420
421
394
464
474
332
326
356
241
251
316
175
148
147
-61
-128
-43
-133
-260
-168
-701
-942
-458
-740
-749
-734
-1344
-1391
-1026
-994
-1078
-951
-1269
-1366
-648
-562
-623
-93
-228
-148
485
525
821
1334
1357
1458
1756
1756
1933
2377
2349
2135
2004
1848
1869
2002
1765
1335
1016
598
412
409
67
-378
-720
-1094
-1352
-1483
-1678
-1835
-2023
-2232
-2408
-2457
-2333
-2327
-2196
-2087
-2192
-2118
-1822
-1530
-1243
-994
-941
-768
-482
-157
208
488
637
666
895
1169
1337
1547
1676
1676
1663
1690
1742
1835
1839
1769
1660
1455
1323
1259
1235
1141
856
600
379
234
158
30
-135
-346
-634
-789
-760
-846
-972
-1010
-1109
-1242
-1234
-1199
-1208
-1216
-1052
-1145
-1129
-999
-1612
-1186
-674
-910
-851
-1159
-1315
-1311
-630
-251
-615
-617
-980
-695
207
388
495
664
575
861
1335
1828
2336
2443
2451
2602
2744
2898
3401
3751
3559
2937
2430
2512
2754
2812
2280
1538
675
21
206
231
-311
-1094
-1929
-2455
-2602
-2741
-2804
-2969
-3526
-3872
-4056
-3881
-3496
-3329
-3079
-3180
-3346
-3043
-2419
-1663
-1191
-1122
-1129
-899
-336
400
1048
1333
1165
1209
1637
2044
2514
2770
2659
2495
2391
2465
2698
2774
2623
2361
1959
1616
1492
1586
1592
1159
624
100
-160
-68
-121
-302
-718
-1309
-1522
-1463
-1460
-1548
-1647
-1886
-2291
-1994
-2374
-2748
-1848
-2433
-2666
-2126
-2727
-2786
-2204
-1858
-1977
-1709
-1473
-1735
-811
-61
-197
554
674
787
1868
2172
2762
3232
3210
3877
4305
4399
4725
5007
4982
5012
5151
4609
3969
4052
3972
3447
2958
2084
1019
611
387
-134
-817
-1750
-2687
-3199
-3373
-3729
-4309
-4555
-4870
-5416
-5279
-5156
-5232
-4802
-4645
-4733
-4401
-3924
-3409
-2767
-2200
-1945
-1765
-1014
-257
271
881
1192
1428
1806
2309
2818
3132
3345
3401
3299
3414
3666
3779
3613
3349
3203
2880
2582
2614
2448
2053
1643
952
272
33
322
-267
-442
-1354
-4110
-3254
-2157
-2912
-2807
-3981
-5736
-5796
-4042
-3430
-3637
-3446
-4750
-4620
-2377
-2140
-1419
-10
-627
-186
667
1384
3193
4101
4328
4684
4594
4918
6138
7283
7392
6823
6446
5778
5716
6191
5991
5718
4665
2862
2034
1905
1493
1125
338
-1434
-2950
-3502
-3379
-3652
-4372
-4892
-6215
-6876
-6440
-6459
-5953
-5775
-6601
-6884
-6483
-5718
-4815
-4115
-3763
-4071
-3875
-2703
-1623
-565
-24
41
391
812
1669
2851
3392
3444
3367
3447
3957
4485
4916
5090
4707
4163
3801
3863
4142
3938
3543
2431
485
-540
-162
418
-143
-1521
-3358
-4892
-4659
-3507
-2817
-3346
-4808
-5746
-5400
-3844
-2582
-2217
-1992
-2299
-2369
-1223
716
2348
2906
2968
2937
3205
4505
6206
7161
7260
5913
4465
5245
6727
7054
6403
5241
3373
1948
2634
3599
2848
1179
-528
-1858
-2376
-2287
-2144
-2538
-3809
-5351
-6175
-5896
-5199
-4968
-5111
-5904
-6999
-6826
-5657
-4554
-4019
-4320
-4966
-4951
-3730
-2232
-1382
-997
-1109
-1394
-687
687
1771
2468
2537
2145
2165
2941
4081
4715
4492
3888
3410
3698
3821
4777
4112
568
897
1814
847
1206
478
-1999
-3248
-2008
-1724
-1878
-1603
-3535
-4238
-2513
-2784
-2505
-772
-1110
-1304
-1322
-781
1246
2441
3063
3293
2841
2844
4489
6267
6763
6251
4474
3783
5490
6593
5649
5001
4242
1867
1439
2988
2712
1232
19
-1221
-2379
-2808
-2521
-2659
-3275
-4315
-6133
-6419
-5411
-5390
-5131
-4968
-6367
-7250
-6173
-4797
-4160
-3970
-4253
-4968
-4390
-2621
-1730
-1142
-801
-1205
-1212
-39
1311
1956
2362
2376
2035
2238
3201
4099
4207
4082
3703
3058
3701
3274
2101
2461
1686
1051
864
-74
-1032
-1696
-1442
-1784
-2344
-2462
-3239
-3015
-2525
-2967
-2166
-2075
-2156
-1004
-1183
-567
551
976
1918
2698
3250
3614
4682
5428
5365
6068
6994
6680
5252
5409
6526
6482
5476
4643
4109
2614
1943
2817
2538
425
-1516
-1781
-1560
-2817
-3815
-3477
-4270
-5840
-6632
-6299
-5877
-6448
-6484
-6306
-7155
-7308
-6228
-5234
-4868
-5173
-5200
-4615
-3709
-2587
-2041
-1578
-1094
-976
-323
797
1792
2272
2358
2651
3021
3461
4131
4800
4864
4197
3821
3775
3711
3537
2791
2273
1771
808
347
-100
-768
-1304
-1668
-2003
-2655
-2592
-2352
-2632
-2360
-2249
-2294
-1782
-1231
-322
205
178
1065
2101
2926
3726
4239
4874
5399
5982
6410
6650
7124
6181
4947
6191
7138
5558
4181
4123
3094
1530
1753
2077
476
-1661
-2660
-2716
-3039
-4286
-5156
-4957
-5783
-7546
-7650
-6614
-6752
-7576
-7345
-7055
-7801
-7366
-5741
-5358
-5539
-5376
-4953
-4067
-3049
-2146
-1629
-1201
-725
-382
649
1832
2262
2602
2849
2998
3535
4302
4643
4438
4276
3646
3362
3703
2688
2350
2609
1209
195
163
-343
-1132
-859
-1279
-2309
-2125
-2392
-2338
-1459
-1750
-2118
-1177
-912
-611
564
1128
1674
2411
3169
4137
5098
5562
6285
7386
7579
7014
7697
8193
6264
6326
8223
7467
4903
3982
4426
2982
1819
2254
1219
-1191
-3019
-3325
-2787
-3796
-5905
-6170
-6156
-7836
-8941
-7929
-6977
-8331
-9241
-8267
-8258
-8581
-7311
-6207
-6441
-6707
-6002
-4751
-3796
-2864
-2280
-1971
-1125
-495
443
1918
2450
2480
2968
3421
3953
4910
5083
4513
4400
4410
4225
3919
3493
2895
2232
1754
957
236
-127
-675
-964
-1560
-2123
-2087
-2605
-2338
-1690
-2319
-2377
-1701
-1076
-505
-113
594
1257
1962
2807
3647
4963
5779
5966
6613
8179
8635
7436
7712
7500
6581
7794
8908
6976
4133
4064
3788
2745
3030
1949
-518
-2348
-3166
-3241
-3546
-4786
-6144
-6852
-7620
-8950
-9232
-7770
-7766
-9545
-9802
-9127
-9176
-8405
-6809
-6669
-7525
-7216
-5824
-4597
-3433
-2612
-2471
-1962
-1085
-109
1447
2736
2700
2698
3377
3877
4449
5303
5668
4908
4311
4420
3893
3686
4129
3332
2172
1141
227
374
476
241
-723
-1989
-2221
-2181
-1523
-1043
-1645
-1835
-2206
-1536
107
191
927
1554
1500
2572
3764
4998
5705
6364
6802
7360
8909
8867
8141
7123
6150
8085
9783
7653
4445
4283
4117
2235
2572
3102
586
-3036
-4008
-2916
-3496
-5477
-6484
-6353
-7528
-10272
-10380
-7748
-7669
-10055
-10487
-9558
-9774
-9535
-7494
-6462
-7782
-8221
-6548
-4891
-4069
-3289
-2395
-2190
-1868
-675
865
2445
2899
2510
2796
3549
4258
4952
5512
4946
3923
4174
4178
3751
3808
3356
2532
1591
842
708
822
629
-273
-937
-1171
-1768
-1353
-456
-826
-1388
-1579
-917
437
767
1082
1925
2252
2864
3708
5076
5806
6217
7248
7166
8380
9706
8712
6071
5514
9073
9714
6668
4898
5032
3623
1308
2571
3745
840
-3464
-4468
-2732
-3544
-6360
-6829
-5530
-7496
-11477
-10876
-7521
-8037
-10765
-10540
-9466
-10502
-10477
-7747
-6358
-7800
-8680
-7170
-5014
-4173
-3701
-2421
-1775
-2192
-1393
934
2663
2751
2748
3313
3610
4403
4801
4982
5878
5078
3251
3639
4684
3896
3431
3594
1784
-61
714
1572
936
209
-827
-1736
-1580
-962
-344
-687
-1570
-1456
-1070
-395
744
1199
1637
2360
2543
2891
4741
6217
6101
6375
7814
8300
7272
9604
10562
6008
4971
8851
10082
6156
4538
5524
3204
1401
1987
2532
964
-3256
-5426
-3447
-3221
-6846
-8041
-6170
-7419
-11750
-11769
-8002
-8543
-11335
-10912
-10023
-10634
-10574
-8766
-6950
-7482
-8659
-7748
-5343
-3820
-3828
-2794
-1343
-1909
-1573
1381
2890
2414
2859
3789
3917
3795
4947
5254
4456
4868
4512
3877
4077
3669
3054
2951
2288
979
635
1160
901
-223
-444
-413
-1134
-1365
-727
-364
-1148
-1326
-248
151
277
1277
2046
2494
3168
3625
4599
5995
6474
6609
8019
9380
9429
10915
9863
4338
5036
11440
11978
6888
4576
4499
2384
2031
4402
4237
223
-4777
-6046
-2992
-2582
-6589
-8020
-6551
-8859
-13408
-12245
-7467
-8241
-12184
-12472
-11670
-11852
-10671
-8247
-7177
-9006
-10630
-8722
-5320
-3492
-3711
-3553
-2622
-2978
-1968
1198
3234
3214
2331
2109
3442
5178
4945
5182
6092
4551
2787
4014
5851
4676
3640
3292
1383
710
1810
2223
1621
295
-1112
-1253
-686
139
328
-878
-1633
-1211
-347
533
1526
1657
1173
1961
3031
3629
5461
6822
5918
5846
7670
9264
10142
12251
9901
3020
4878
11967
12286
7263
5228
4823
1576
1644
4603
4801
895
-4922
-6496
-3385
-2866
-6727
-7417
-5750
-9360
-14749
-12764
-6971
-8013
-12190
-12611
-12265
-12445
-11090
-8382
-6821
-8681
-11256
-9872
-5710
-3451
-3632
-3243
-2735
-3861
-3157
1332
4288
3403
1807
1479
2776
4398
6295
6900
4995
3862
3426
4135
6325
6228
4163
2608
1722
1380
1961
3018
2608
356
-1075
-1204
-877
347
887
-196
-2035
-2611
-693
958
1223
1242
1042
748
1407
3166
4931
6187
5417
4848
6286
8237
9636
10293
12357
7719
604
6257
14103
12040
5701
4289
3778
431
2170
6085
5001
-980
-7084
-6717
-2108
-2773
-7317
-6857
-5952
-11256
-15801
-11111
-4972
-8233
-13195
-13088
-12560
-12100
-9813
-7036
-6646
-9991
-12066
-8969
-4336
-2591
-3526
-3676
-3247
-4339
-2547
3116
4804
2487
981
1122
3103
4452
5575
6494
5114
3389
2408
4103
6258
5479
4556
2849
939
1282
2096
3531
3658
419
-1473
-978
16
1527
1536
-202
-1719
-1610
197
1728
1980
1684
1276
1265
1949
3706
6175
6394
5347
5324
6596
9010
10440
12157
8856
1432
4154
12362
12371
6530
4875
4318
398
800
5034
5781
609
-6053
-6972
-3237
-2748
-6619
-7043
-5413
-9681
-15536
-12880
-5837
-6843
-12251
-13056
-12233
-12249
-10730
-7603
-6015
-8702
-11820
-9940
-5281
-2738
-3323
-3460
-3039
-4921
-3122
2735
4277
2597
1204
569
1845
4757
6774
5723
4441
3570
2257
4249
6828
5972
4300
2768
1628
1714
2878
4236
3386
619
-773
-425
419
1741
2303
515
-2001
-1650
775
2051
2343
1849
860
994
2484
4178
5629
5846
5076
5085
6513
9063
9947
11412
8984
1213
3366
11722
12225
6378
4203
4273
99
99
4814
5582
709
-6137
-7655
-3490
-2323
-6490
-7472
-5578
-9110
-15245
-13398
-5862
-6396
-12240
-13342
-12427
-11943
-10408
-7836
-6220
-8590
-11619
-10266
-5565
-2315
-3059
-3717
-3958
-4667
-1823
2449
3564
2913
1302
-583
2106
6259
6468
5223
4187
3135
2721
4795
6900
6024
4304
2323
1107
2304
3864
4411
3075
271
-646
-160
800
2477
2287
-237
-2145
-1362
743
2222
2523
1489
251
755
2477
4000
5691
5734
4428
4336
6000
8929
10179
11669
9095
826
2134
11283
13455
7399
3752
3820
597
130
4523
6337
2127
-5524
-8504
-4457
-1562
-4865
-7241
-6099
-8910
-14850
-13890
-6332
-5260
-11073
-13913
-13514
-11968
-9735
-7770
-6450
-8371
-11896
-11163
-6099
-2111
-2494
-3977
-4858
-5236
-2345
2003
3599
2895
1059
-591
1686
4882
5981
6371
4462
2656
2873
4122
5844
6782
5728
2421
899
2129
3411
4928
4285
853
-667
-171
756
2698
2941
447
-1562
-1386
449
2502
2992
1843
923
1120
2133
4048
6034
5851
4778
4806
5812
8544
10841
12158
8393
701
3212
11847
12551
6828
4614
4220
41
20
5211
6630
960
-6422
-7624
-3426
-2112
-6005
-7107
-5553
-9417
-15472
-13393
-5916
-6231
-12195
-13927
-12925
-12163
-10639
-8019
-6520
-9077
-12421
-10995
-5933
-2587
-3134
-4465
-5258
-5117
-2027
1752
3054
2496
802
-925
1155
5717
6932
5092
3764
3299
3009
4451
7009
7123
4728
2312
1342
2642
4771
5107
3375
1104
-57
29
1315
3287
3108
90
-2021
-1004
1208
2479
2559
1707
376
624
2429
4237
5400
5106
4196
4118
5559
8322
9981
10044
10636
5891
-171
5552
14132
12180
4503
2523
2580
11
2245
6328
4948
-1869
-8539
-7718
-1961
-1180
-6180
-8276
-7591
-10856
-15027
-11021
-4425
-7307
-13777
-15062
-12918
-10330
-8568
-7395
-7608
-10700
-12533
-9104
-3599
-1461
-3920
-6221
-5345
-3194
-294
2734
3303
1417
-951
-13
4221
6364
6177
4296
2514
3204
4156
5860
7153
5848
3392
1335
1965
4320
5147
4279
2055
36
146
976
2281
3440
1643
-1471
-2125
3
2459
2843
1595
281
113
1507
3250
4895
5376
3587
2946
4813
6940
9196
10098
10792
7514
-45
2771
12640
13990
6773
2607
3063
703
1221
6043
7021
1343
-6946
-8571
-2673
191
-4235
-7395
-6879
-9281
-14042
-12540
-5243
-5185
-12159
-15236
-13558
-10846
-8938
-7780
-7330
-9871
-12855
-10843
-5314
-1977
-3316
-5710
-6395
-5381
-1544
2503
2810
1384
138
-951
1538
5876
6553
4647
3165
2830
3345
5155
6915
6234
4544
2883
1597
3033
5332
5189
3320
1009
426
1228
1664
3069
3298
98
-2094
-423
1999
2570
1977
1042
314
903
2215
3947
5308
4384
2875
3801
5896
7541
9206
9861
10257
5503
-819
5094
14451
12381
3891
1966
2951
440
1977
6412
5769
-1470
-8603
-7511
-1345
-324
-5752
-8513
-7669
-10287
-14292
-10802
-4326
-6871
-13722
-15291
-12683
-9785
-8185
-7502
-8013
-10816
-12387
-9061
-3684
-1678
-3936
-6291
-6214
-3704
443
3126
2389
634
-889
-248
3913
6768
6438
3807
1772
3022
4965
6521
6813
5532
3694
1814
2192
4632
6023
4756
1571
-81
1036
1876
2332
3471
2223
-1370
-2278
405
3080
3092
1058
-115
402
1619
3050
4682
5232
3441
2721
4386
6653
8940
9383
10237
7941
65
1193
11776
14637
6724
1841
2996
1197
858
5345
7142
2126
-6384
-8975
-3093
924
-3284
-7737
-7274
-8527
-13418
-12705
-5387
-4540
-11423
-15340
-13769
-10609
-8574
-7652
-7461
-9664
-12524
-10977
-5572
-1950
-3225
-5856
-6469
-5472
-1874
2422
2810
728
-648
-771
1524
5257
7194
5227
2010
2012
3850
5801
7177
6442
4512
2558
1817
3362
5850
6237
3224
150
334
1864
2402
3043
3251
414
-2738
-1229
2601
3449
1536
159
-18
745
2330
3916
5018
4268
2528
2786
5526
7961
8779
8789
9496
7619
624
1968
12391
14576
6290
948
2754
2106
1652
5391
6453
1532
-6744
-8909
-2603
1448
-3060
-8535
-8324
-8441
-12208
-12077
-5842
-4915
-11854
-15849
-13554
-9691
-8031
-8248
-8570
-10151
-12371
-10608
-5214
-2084
-3875
-6723
-6842
-5029
-1534
2125
2266
34
-1134
-482
2221
5513
6351
4155
1755
2367
4449
6029
6813
5678
3978
2957
2347
3781
6240
5666
2600
499
1108
2602
2655
2928
2945
329
-2208
-500
3227
3470
1147
48
484
1530
2831
4013
4812
4186
2352
3195
6327
8494
8933
9905
9325
1823
-385
9340
15337
9291
2155
2617
2359
881
4081
7293
4654
-4077
-9441
-4731
1462
-1101
-7177
-7524
-7062
-11624
-13651
-7175
-3289
-9162
-15094
-14676
-10892
-8385
-8133
-7840
-8707
-11812
-12256
-7317
-2136
-2696
-5895
-6387
-5877
-3698
1446
3418
541
-1114
-585
838
4082
7028
5945
2155
1520
3578
5521
7167
6558
4577
3204
2353
3015
5418
6511
4112
679
198
2135
2807
2564
2926
1537
-1803
-2177
1598
3782
1723
-328
-409
217
1618
3033
4014
3970
2248
1453
3848
6896
7705
7470
7457
8798
6591
688
3623
12668
12961
3984
442
3495
2630
2277
4985
5177
193
-6861
-7395
-1260
1540
-3942
-9527
-8622
-7523
-10916
-11284
-5817
-5715
-12328
-15392
-12329
-8264
-7708
-8997
-9153
-9950
-11077
-9185
-4816
-2307
-4411
-6665
-5742
-3975
-638
2661
1692
-681
-714
1004
3310
5286
6275
4240
1608
2960
5592
6843
6394
5127
4046
3016
3391
4678
5402
5013
2421
65
1534
3280
2350
1899
1976
92
-1869
-354
2648
2509
34
-910
252
1348
1762
2804
3871
2888
1668
2515
5244
7124
6666
6757
8491
9497
3767
-194
7557
14158
9623
1733
2026
3916
1894
3317
5865
4252
-2406
-7819
-4771
1337
124
-6821
-8789
-6628
-8380
-11781
-8807
-4303
-7807
-13681
-13975
-10381
-7818
-8065
-8845
-9024
-10334
-10902
-7710
-3306
-2788
-5810
-6666
-5255
-3337
438
2538
180
-1493
-257
1378
3654
5912
5421
2318
1638
4139
5827
6365
5746
4412
3615
3237
3537
4882
5474
3839
1421
806
2366
2923
2129
2022
1543
-518
-1628
679
3022
1690
-731
-649
527
1256
2096
3060
3387
2135
1491
3254
5827
6370
6064
6799
8193
9513
4236
-265
6789
13923
9555
1346
2229
4085
1590
2929
5369
3989
-2153
-7649
-5186
892
37
-7025
-9248
-6556
-7678
-11843
-9748
-4710
-7529
-13328
-13873
-10341
-7692
-8228
-8939
-8730
-9909
-10465
-7542
-3383
-2672
-5487
-6236
-4592
-2798
492
2474
551
-933
170
2131
4168
5629
5148
2659
2346
4505
5791
6406
5707
4204
3740
3589
3455
4392
5228
3752
1154
665
2209
2535
1611
1580
1482
-735
-2305
350
2953
1292
-1298
-1144
488
1386
1683
2396
3264
2455
1300
2722
5993
6936
6198
6745
8566
9070
2939
524
9093
14328
7968
794
3049
4682
2218
3519
5769
3846
-2971
-7505
-3617
1886
-650
-7798
-8932
-6141
-8049
-11805
-8740
-4783
-8787
-13922
-13376
-9611
-7561
-8520
-9340
-9235
-10213
-10157
-6715
-3018
-3277
-5911
-6062
-4399
-2380
1123
2599
39
-1298
253
2692
4769
5444
4804
2773
2548
4505
5961
6799
5680
3894
3441
3507
3837
4489
4871
3725
1031
256
2231
2750
1686
1461
877
-1038
-1772
791
2946
963
-1503
-964
655
1408
1623
2576
2952
1650
1250
3122
5760
6795
6196
6121
8859
7894
729
1949
11542
13362
4735
611
4335
3836
2281
4483
5663
2273
-4780
-6930
-1150
2507
-2884
-8870
-7582
-5705
-9448
-11212
-6252
-5050
-10722
-14195
-11975
-8197
-7606
-8950
-8952
-9165
-10403
-9569
-5396
-2416
-4597
-6834
-5249
-3642
-2091
1282
2233
-662
-1712
707
3085
4415
5271
4065
2084
2744
4565
6057
6606
4918
3158
3214
3667
3970
4708
4818
2733
322
845
2653
2694
1530
962
494
-1038
-1237
1358
2751
343
-1935
-1025
1007
1627
1479
2162
2333
1347
1495
3798
6021
5922
4978
5636
7357
9771
7703
1082
3133
11261
11153
4158
2528
5216
2878
1114
3780
5345
2060
-4754
-6531
-1213
1142
-4728
-9071
-6109
-5235
-10507
-12087
-6515
-5062
-10476
-13432
-11135
-8431
-8593
-9241
-7983
-7940
-9941
-9366
-5534
-2863
-4198
-5409
-4058
-3670
-2257
1558
2271
-253
-457
1590
3019
4012
5029
4400
2850
3365
4417
5386
6104
4617
3125
3598
3976
3142
3192
4026
2777
412
568
2012
1445
390
600
475
-1113
-1542
454
1459
-18
-1483
-635
857
1064
1138
2368
3039
1877
1754
3846
5916
6418
6425
7383
9815
7075
-14
3325
13171
12952
3839
1570
5117
3345
2189
5278
6568
1802
-5817
-6536
-107
2469
-3712
-8742
-6670
-5927
-10384
-10895
-5140
-4927
-11288
-14091
-11275
-7836
-7675
-8636
-8243
-9098
-10588
-8843
-4374
-2182
-4884
-6542
-4257
-3208
-2149
1831
2966
-436
-1698
1350
3767
3834
5183
5412
2672
2058
3918
6135
7017
5248
3102
2628
3074
3558
4577
4902
2475
-405
110
2256
2355
1161
669
11
-1829
-1795
1123
2309
-14
-2347
-1515
627
1006
832
1896
2414
856
565
3385
5803
5351
4310
5626
7480
9091
7834
1847
2474
10224
11649
5344
2456
5312
3683
982
3500
5717
3213
-3420
-6687
-2116
1781
-2862
-8327
-6563
-4590
-8855
-11945
-7267
-4298
-8992
-12947
-11472
-8277
-7768
-8863
-8110
-7456
-9019
-9319
-6094
-2745
-3637
-5629
-4164
-3124
-2885
414
2687
357
-1303
974
2889
2897
4067
4861
3130
2375
3460
4790
5735
4685
3050
3075
3453
2984
3068
3914
3108
938
569
1705
1749
1033
877
723
-481
-1456
-67
1620
625
-1155
-950
412
932
741
1734
2887
1842
1139
2822
5335
5785
5183
6417
8090
9360
4736
-265
6321
13794
10001
2163
2892
5490
2535
2649
5884
5688
-287
-6571
-4872
1666
1772
-5712
-8783
-5456
-5842
-10615
-9574
-4079
-5879
-12190
-13348
-9633
-6778
-7431
-8674
-8284
-8714
-9687
-7645
-3450
-2149
-5120
-6337
-3923
-2650
-1194
1974
1786
-1330
-1376
1933
3632
3442
4496
3798
1529
2181
4276
5871
5742
3611
2231
2575
3101
3410
4118
3959
1485
-459
931
2551
2026
1067
556
-329
-1496
-818
1566
2010
-393
-2125
-859
1310
1422
872
2093
2440
958
1572
4302
6080
5384
4508
5769
7513
9398
6185
806
5110
11574
9116
3044
3525
5512
2096
1295
4462
5195
476
-5571
-5065
216
401
-6044
-8360
-4835
-5377
-10667
-10726
-5227
-5405
-10776
-12375
-9536
-7245
-8090
-8906
-7338
-7053
-8900
-8254
-4327
-2294
-4342
-5311
-3370
-2426
-1656
1006
1877
2
-410
1672
3191
3119
4119
4297
2163
1963
3731
5305
5315
3668
2529
2531
2877
2948
3378
3697
1886
-237
614
2346
1839
633
538
150
-1009
-1020
672
1830
260
-1782
-832
1449
1525
694
2125
2921
1503
1979
4184
5778
5327
4841
6197
8277
9838
4463
10
6856
12751
8427
2181
3865
5292
1706
2149
5427
5110
-681
-6214
-4220
1490
458
-6487
-7916
-4574
-6043
-10846
-9161
-3972
-6070
-11648
-12348
-9029
-6666
-7610
-8630
-7552
-7901
-9318
-7498
-3427
-2443
-5160
-5654
-3672
-3067
-1276
1787
1074
-1227
-639
1652
2706
2932
4147
3281
1331
2084
3850
5333
4986
2839
2195
2962
3040
2924
3662
3657
1255
-243
1516
2727
1640
707
816
280
-1107
-740
1498
1981
-427
-1806
-283
1402
1226
980
2407
2421
965
1993
4546
5653
4726
4715
6419
8206
9069
4075
608
7084
12102
7776
2350
4071
4959
1710
2570
5561
4788
-789
-5824
-3665
1783
447
-6349
-7684
-4298
-5731
-10387
-8548
-3837
-6294
-11529
-11774
-8401
-6457
-7635
-8565
-7532
-7683
-8862
-7259
-3498
-2535
-5258
-5917
-3640
-2675
-1155
1294
574
-1293
-634
1722
2557
2581
3897
2935
983
1544
3542
5400
4622
2516
1981
2533
2527
2776
4043
3483
723
-497
1231
2632
1858
729
439
10
-1123
-477
1827
1977
-351
-1682
-197
1681
1675
1354
2313
2457
1089
1857
4943
6031
4435
4153
6179
7949
9414
6416
982
4155
10826
9838
4132
3554
5096
2163
1588
4672
5483
1630
-4382
-5093
-96
1306
-4232
-7517
-4807
-4648
-9637
-10378
-4931
-4398
-9767
-12280
-9903
-6938
-7234
-8465
-7517
-7065
-8606
-8580
-4969
-2048
-3932
-5978
-4365
-2907
-2002
229
963
-436
-852
767
2285
2340
3330
3552
1496
1379
3222
4710
4385
3055
2715
2568
2432
2779
3419
3667
1991
-161
793
2544
1815
765
700
422
-682
-786
1014
1692
14
-1452
-701
1105
1301
639
1563
2136
1195
1434
3502
4948
4281
3661
4552
6059
7561
9137
6753
1130
2618
9528
10814
5465
2931
4007
2278
1702
4248
5772
2738
-3975
-5891
-805
1888
-2842
-6793
-4933
-4699
-9313
-10029
-4593
-3538
-8935
-12348
-10172
-6914
-6956
-7946
-7059
-7061
-9213
-9168
-5108
-1863
-3752
-6335
-5058
-3404
-2743
-359
1584
-198
-2223
-675
2000
2649
2932
3032
1526
1106
2545
4329
4998
3620
2397
2566
2803
2985
3817
4053
2395
523
968
2422
2417
1711
1298
828
-235
-666
1130
2543
839
-1153
-718
905
1518
1169
1654
1881
1060
1158
3056
4759
4184
3193
3955
5585
6889
8553
6260
983
2888
8898
9547
4919
3078
4049
2196
1579
3973
5593
2471
-3790
-5002
-341
1545
-3053
-6196
-4307
-4468
-8696
-9333
-4592
-3715
-8525
-11428
-9551
-6772
-6866
-7584
-6670
-6956
-8808
-8507
-4907
-2265
-3965
-5806
-4635
-3482
-2636
-151
1247
-623
-2073
-300
2027
2425
2748
2739
1282
723
2158
4540
4821
2849
1810
2145
2530
2722
3482
3687
1858
-4
575
2267
2543
1519
778
333
-529
-528
1262
2301
542
-1515
-951
965
1518
1303
1786
1520
526
1072
3037
4473
4093
3274
3428
4559
6177
7272
8733
6848
1223
1835
8560
10866
6095
2801
3329
2075
1621
4297
5870
2697
-3387
-5431
-1500
1337
-1933
-5617
-5173
-5349
-8560
-9104
-4969
-3840
-8197
-11359
-10361
-7781
-6521
-6745
-6965
-7706
-8954
-8461
-5309
-2351
-3188
-5557
-5309
-3901
-2365
450
1539
-464
-1784
-370
1726
2623
3559
3387
1287
582
2285
4666
5127
3470
2330
2136
1946
2544
4097
4220
2061
-38
400
2255
2513
1700
1162
174
-1122
-839
1430
2304
191
-1653
-1104
591
1070
865
1574
1415
-63
-8
2714
4610
3736
2451
2761
4084
5547
6883
8065
7248
2275
830
6868
10861
7351
3160
3341
2690
1641
3923
6085
4057
-1654
-4970
-2399
1185
-274
-4217
-5167
-5336
-7696
-8691
-5381
-3564
-7209
-10825
-10609
-8398
-6717
-6423
-6811
-7791
-9236
-8744
-5765
-2990
-3196
-5444
-5707
-4307
-2863
-389
1301
-109
-2006
-1288
1065
2305
2767
3393
2197
484
1222
3651
4898
3966
2763
2270
1874
2021
3505
4416
3106
856
150
1481
2419
2020
1465
877
-435
-1089
502
2204
1350
-791
-1399
-11
1164
972
1142
1514
709
9
1423
3777
4100
2975
2724
3551
4281
5304
6638
7548
7703
4229
1077
4658
10093
9303
3946
2352
3077
2269
3000
5037
4697
266
-4500
-4180
54
1267
-2828
-6275
-6107
-6124
-7928
-7225
-4253
-5430
-9722
-11317
-9148
-6313
-5891
-6987
-7742
-8413
-8517
-6614
-3589
-2540
-4490
-6022
-4749
-2758
-961
575
300
-1589
-2286
22
2559
2943
2428
1653
673
753
2835
4890
4357
2278
1246
1718
2563
3526
4005
2897
909
199
1496
2746
2502
1507
509
-375
-636
500
1954
1490
-504
-1600
-617
827
1141
1062
930
566
-56
497
2923
4340
3223
1805
2434
3985
4879
6097
7025
7120
6409
3496
2372
6568
10283
7696
3012
2518
3459
3016
3621
4920
3574
-922
-4353
-2828
1023
775
-3877
-6745
-5929
-5744
-7151
-6282
-4534
-6522
-10227
-10636
-7728
-5571
-6161
-7790
-8347
-8018
-7333
-5727
-3691
-3298
-5159
-5990
-4228
-2061
-543
-109
-1085
-1923
-1040
878
2298
2480
1829
1076
982
2007
3484
4266
3275
1900
2099
2823
3049
3340
3588
2723
1338
1320
2478
2843
2022
1239
827
381
149
877
1611
704
-725
-895
51
997
891
470
419
432
814
1318
2198
2846
2454
2196
2830
4054
4614
4891
5600
6419
6370
3894
2640
5596
8410
6722
3402
3027
3310
2509
2901
4211
3332
-612
-3522
-2113
607
-231
-3885
-5600
-4906
-5406
-6855
-6212
-4898
-6266
-9009
-9339
-7249
-5870
-6488
-7334
-7314
-7261
-7051
-5855
-4078
-3509
-4678
-5376
-4194
-2315
-843
-332
-1241
-2059
-962
858
1516
1740
1975
1132
479
1868
3694
3763
2575
1807
2316
3013
3052
3233
3290
2476
1425
1621
2588
2623
1752
984
807
624
398
757
1225
569
-732
-708
243
692
611
345
320
238
484
1511
2175
1959
1661
2235
3066
3438
3850
4199
4462
5090
6262
6306
4029
2891
5081
7369
6241
3770
3161
2959
2402
2758
3755
2834
-578
-2769
-1510
304
-1120
-3989
-4605
-4183
-5384
-6774
-5812
-4712
-6194
-8292
-8231
-6743
-6195
-6705
-6754
-6470
-6813
-6926
-5771
-4111
-3729
-4573
-4765
-3793
-2505
-1456
-921
-1195
-1500
-829
401
1272
1617
1642
1087
861
2050
3392
3207
2336
2311
2609
2709
2938
3245
2998
2157
1580
1841
2572
2403
1472
1084
933
442
423
1091
1124
110
-758
-500
358
601
173
43
149
-108
135
1277
1886
1355
1002
1723
2617
2927
3137
3484
4017
4475
4902
5688
5134
3355
3568
5887
6605
4541
3129
3117
2727
2531
3062
3082
1087
-1553
-2019
-709
-482
-2308
-4003
-4339
-4846
-6033
-5964
-4896
-5400
-7224
-7978
-7182
-6463
-6492
-6570
-6500
-6648
-6851
-6114
-4607
-3927
-4407
-4706
-3939
-2935
-2103
-1171
-786
-1046
-1153
-344
1064
1973
1860
1184
1213
2059
2877
3437
3561
3029
2509
2645
2995
3545
3874
3115
2066
1866
2418
2579
2240
2019
1464
632
258
701
1415
1120
-192
-865
-415
23
98
172
72
-346
-582
-32
950
1410
1164
737
1101
1989
2578
3072
3274
3116
3204
3960
5258
5536
3981
2815
3660
5390
5556
4172
3172
2521
1937
2000
2685
2546
559
-1669
-1923
-941
-1098
-2530
-3754
-4054
-4699
-5837
-5585
-4767
-5218
-6738
-7654
-6998
-6132
-6031
-6158
-6179
-6338
-6433
-5809
-4439
-3601
-4046
-4403
-3845
-2719
-1599
-975
-804
-905
-684
80
983
1892
2258
1831
1686
2359
3171
3482
3517
3417
2991
2673
3024
3777
3892
3189
2291
1903
2121
2304
2342
2059
1176
231
88
770
1114
451
-467
-913
-814
-452
-149
-37
-377
-904
-941
-292
551
885
662
385
734
1448
2092
2651
2797
2692
2671
3255
4310
5213
5107
3543
2662
3834
5488
5420
4030
3039
2363
1950
2277
3098
2717
352
-1798
-1698
-385
-574
-2330
-3521
-3895
-4677
-5534
-5140
-4413
-5245
-7014
-7575
-6698
-5923
-5909
-6185
-6323
-6464
-6449
-5530
-4143
-3567
-4056
-4500
-3788
-2440
-1347
-759
-727
-874
-569
381
1387
2165
2471
2062
1709
2207
3283
3970
3884
3405
3064
2992
3227
3725
3935
3453
2457
1950
2283
2553
2327
1843
1281
576
175
494
781
372
-451
-1042
-1077
-810
-535
-567
-932
-1306
-1387
-971
-324
7
-121
-264
-168
292
1229
2014
2113
1958
2078
2505
3115
3864
4468
4716
4163
3166
3176
4282
5226
4828
3701
2679
1939
2050
2598
2618
1523
-347
-1597
-1527
-967
-1251
-2609
-3894
-4606
-4976
-4915
-4730
-4957
-5761
-6646
-6841
-6190
-5442
-5393
-5705
-5886
-5752
-5186
-4337
-3424
-3142
-3413
-3300
-2526
-1359
-500
-255
-261
-192
321
1235
2019
2405
2306
2136
2395
2951
3557
3805
3578
3268
3147
3182
3344
3510
3292
2739
2242
1984
1958
2053
1823
1038
283
42
6
-16
-92
-644
-1471
-1815
-1577
-1280
-1275
-1633
-2057
-2078
-1738
-1259
-876
-783
-737
-601
-252
412
1101
1437
1530
1841
2238
2632
3247
3776
3845
3875
4216
4643
4861
4503
3979
3851
4042
4255
4021
3243
2240
1652
1636
1633
1204
124
-1137
-1813
-1884
-1923
-2462
-3349
-4128
-4673
-4953
-4946
-4947
-5201
-5632
-5961
-5821
-5394
-5141
-5061
-5010
-4937
-4727
-4206
-3454
-3037
-2965
-2678
-2113
-1494
-899
-303
27
170
515
1070
1706
2139
2264
2283
2535
2896
3103
3353
3446
3231
3046
3127
3265
3137
2884
2536
2145
1956
1778
1453
1133
795
303
-88
-305
-587
-817
-1014
-1396
-1759
-1812
-1771
-1896
-1966
-1996
-2078
-2021
-1768
-1374
-1143
-1121
-993
-626
-107
301
582
900
1228
1552
1965
2382
2618
2857
3194
3473
3679
3934
4264
4390
4226
3881
3717
3818
3816
3750
3527
2788
1881
1652
1767
1387
669
-61
-679
-1256
-1686
-1805
-2119
-2933
-3773
-4081
-3999
-4166
-4577
-4753
-4879
-5224
-5247
-4798
-4523
-4601
-4682
-4478
-4095
-3701
-3213
-2870
-2683
-2434
-2060
-1471
-911
-526
-178
156
434
842
1350
1616
1771
2008
2258
2393
2561
2805
2775
2754
2851
2761
2675
2602
2449
2304
2104
1847
1516
1314
1229
794
330
142
-34
-279
-568
-845
-1087
-1281
-1379
-1386
-1451
-1603
-1756
-1690
-1409
-1305
-1324
-1242
-1013
-727
-510
-212
211
507
602
775
1268
1811
2049
2228
2498
2633
2755
3138
3558
3685
3614
3667
3948
3889
3432
3377
3476
3257
2986
2848
2414
1596
1294
1338
902
119
-539
-947
-1315
-1863
-2375
-2606
-2990
-3717
-4202
-4126
-4190
-4703
-4955
-4879
-4938
-5031
-4861
-4599
-4489
-4464
-4317
-3936
-3484
-3164
-2944
-2608
-2152
-1802
-1446
-998
-606
-198
120
416
865
1247
1445
1645
2079
2436
2450
2487
2701
2867
2935
3063
3113
2939
2447
2187
2604
2735
2219
1670
1399
1139
917
1023
799
42
-486
-559
-494
-514
-814
-1340
-1674
-1650
-1474
-1416
-1538
-1751
-1868
-1698
-1420
-1211
-1013
-940
-965
-748
-280
172
507
720
865
1046
1401
1912
2346
2612
2696
2720
2968
3392
3735
3791
3625
3588
3787
3952
3676
3292
3339
3105
2418
2264
2528
2033
919
520
654
215
-549
-939
-1204
-1808
-2556
-2795
-2669
-3092
-3917
-4222
-4069
-4266
-4664
-4590
-4438
-4716
-4891
-4546
-4199
-4192
-4168
-3887
-3572
-3268
-2872
-2430
-2057
-1880
-1639
-1108
-528
-136
179
493
712
1035
1507
1901
2104
2230
2363
2422
2625
2980
3071
2871
2683
2657
2717
2769
2762
2548
2044
1537
1397
1530
1597
1263
624
72
-225
-211
-139
-341
-835
-1381
-1620
-1474
-1272
-1332
-1688
-1993
-1996
-1832
-1564
-1353
-1441
-1584
-1505
-1224
-755
-360
-300
-309
-134
219
692
1171
1426
1317
1325
1799
2348
2639
2770
2783
2636
2640
3002
3408
3433
3136
2901
2872
2866
2660
2573
2671
2164
1332
1238
1499
1126
374
49
-218
-864
-1217
-1124
-1315
-2101
-2858
-2983
-2858
-3090
-3527
-3705
-3836
-4194
-4284
-3897
-3695
-3924
-4010
-3782
-3543
-3316
-2980
-2649
-2486
-2321
-1952
-1453
-1024
-758
-502
-146
196
547
1016
1366
1434
1559
1883
2180
2394
2558
2639
2596
2579
2698
2778
2741
2641
2544
2422
2235
2108
1986
1810
1574
1246
898
543
352
282
28
-429
-828
-1099
-1308
-1303
-1371
-1809
-2264
-2357
-2186
-2113
-2177
-2290
-2366
-2318
-2152
-1823
-1520
-1490
-1532
-1364
-959
-520
-251
-86
103
334
602
966
1326
1522
1571
1678
2024
2376
2516
2564
2580
2561
2659
2879
2965
2870
2698
2511
2440
2510
2551
2378
2051
1631
1263
1277
1377
1021
446
99
-146
-442
-565
-652
-1093
-1692
-1971
-1912
-1929
-2240
-2627
-2777
-2806
-2946
-2973
-2827
-2811
-3008
-3088
-2847
-2609
-2475
-2313
-2194
-2077
-1936
-1690
-1273
-945
-836
-809
-595
-209
107
333
481
562
691
893
1130
1339
1419
1377
1373
1502
1611
1587
1562
1535
1436
1343
1327
1324
1204
1049
925
809
737
640
538
429
267
79
-26
-88
-255
-402
-534
-608
-624
-699
-845
-1004
-1041
-1070
-1076
-1010
-1038
-1148
-1159
-1053
-944
-840
-808
-804
-726
-577
-372
-205
-82
18
79
261
503
649
756
836
949
1069
1168
1334
1436
1417
1421
1500
1581
1617
1622
1612
1555
1490
1493
1528
1534
1414
1258
1256
1291
1210
1124
1113
1076
980
785
573
484
437
343
208
33
-299
-633
-683
-646
-810
-1138
-1470
-1662
-1712
-1772
-1877
-2019
-2244
-2438
-2443
-2275
-2237
-2371
-2396
-2354
-2283
-2089
-1882
-1789
-1754
-1648
-1405
-1161
-968
-795
-709
-561
-320
-111
115
293
362
415
522
715
884
954
971
937
978
1108
1179
1223
1162
1025
1011
1053
1057
1046
978
872
775
704
753
782
682
545
441
410
388
383
424
375
107
-180
-192
75
206
-47
-352
-521
-585
-477
-230
-182
-553
-925
-842
-495
-266
-348
-559
-601
-491
-306
-78
57
0
-144
-51
293
534
554
493
484
565
680
805
932
936
777
704
823
966
974
880
765
662
671
740
735
657
555
458
423
467
519
453
292
199
212
246
206
127
58
-21
-116
-144
-103
-180
-369
-489
-507
-533
-610
-678
-731
-789
-894
-964
-928
-933
-1067
-1181
-1165
-1140
-1135
-1092
-1066
-1115
-1169
-1123
-998
-855
-779
-801
-811
-702
-548
-409
-279
-269
-297
-177
-5
84
154
216
192
229
355
422
436
442
430
400
447
521
493
445
412
363
358
441
472
390
308
291
304
301
332
351
281
206
214
289
309
289
303
304
308
337
416
448
432
493
539
582
644
664
698
755
801
814
843
884
919
982
971
828
752
830
864
726
594
519
345
207
209
136
-165
-477
-527
-497
-666
-932
-1094
-1188
-1326
-1454
-1478
-1524
-1701
-1810
-1737
-1670
-1708
-1710
-1649
-1629
-1560
-1398
-1269
-1159
-1053
-976
-860
-661
-432
-257
-155
-59
71
241
407
530
651
778
863
952
1073
1134
1147
1186
1276
1320
1291
1286
1263
1214
1193
1176
1097
1000
911
809
727
642
533
382
237
139
31
-102
-231
-330
-392
-462
-563
-656
-701
-740
-780
-786
-815
-865
-860
-813
-760
-722
-700
-698
-667
-556
-454
-405
-354
-285
-211
-115
-37
-16
48
158
237
280
331
367
363
436
505
507
507
484
466
463
479
482
432
363
300
265
256
223
175
148
92
-4
-29
18
16
-65
-143
-146
-100
-89
-132
-148
-113
-111
-109
-30
22
-9
-38
-14
52
106
99
105
166
186
151
155
231
268
244
242
232
229
234
249
271
250
197
122
101
161
173
125
74
21
-17
5
27
-21
-62
-96
-168
-208
-180
-170
-229
-275
-315
-368
-346
-313
-318
-352
-425
-447
-393
-362
-376
-396
-416
-438
-428
-366
-342
-366
-379
-394
-371
-335
-330
-305
-277
-262
-265
-238
-167
-135
-147
-113
-35
-20
-19
41
97
105
117
198
253
242
261
298
296
296
324
379
414
374
330
355
398
387
347
331
323
291
302
334
314
271
203
206
248
212
165
141
132
111
85
107
106
49
34
48
56
72
65
43
28
45
57
50
71
80
48
32
69
87
66
46
35
28
13
11
3
-12
-56
-137
-157
-129
-123
-132
-175
-221
-251
-261
-236
-215
-258
-313
-319
-307
-310
-322
-323
-338
-356
-324
-304
-329
-338
-314
-275
-267
-267
-244
-189
-119
-127
-139
-87
-60
-51
44
122
55
-8
63
164
187
179
149
99
104
147
180
193
151
74
59
96
107
80
68
57
26
35
59
46
12
-1
12
26
39
35
15
7
28
88
116
77
41
75
140
168
173
175
174
164
178
248
289
263
249
272
301
310
334
363
353
342
353
374
395
386
317
268
281
275
257
226
173
100
29
-7
-25
-56
-119
-216
-288
-332
-395
-421
-420
-454
-526
-587
-606
-594
-576
-580
-602
-594
-564
-533
-478
-428
-414
-401
-348
-263
-208
-168
-119
-94
-74
-18
50
93
96
119
174
185
177
209
246
226
181
200
252
240
196
199
219
214
181
148
163
160
114
114
138
119
71
77
104
69
22
29
43
49
47
22
9
14
45
67
45
22
15
31
30
46
86
68
22
22
65
83
73
85
84
33
8
55
79
42
11
4
-16
-26
-14
-3
-6
-65
-122
-96
-71
-93
-113
-127
-143
-151
-147
-138
-127
-132
-159
-158
-133
-115
-128
-118
-79
-78
-91
-99
-75
-45
-40
-30
-27
-14
10
43
68
64
50
59
106
126
109
103
105
111
134
162
144
97
96
112
95
84
82
58
27
14
12
11
14
1
-14
-14
-32
-45
-16
5
-18
-30
-24
-23
-17
-14
-19
-27
-11
10
8
1
3
8
17
25
35
48
33
37
78
89
76
70
71
69
63
71
83
79
74
63
46
36
23
23
38
2
-71
-89
-36
-18
-62
-78
-75
-104
-112
-66
-38
-69
-115
-106
-51
-24
-25
-26
-24
-21
-19
6
43
54
39
23
37
80
98
94
85
60
60
87
119
119
90
76
59
43
63
78
45
-10
-47
-61
-62
-64
-84
-116
-150
-177
-166
-138
-146
-183
-202
-201
-189
-180
-179
-163
-152
-166
-168
-135
-102
-92
-83
-63
-47
-57
-47
-3
14
-7
-4
36
57
57
52
51
53
53
73
92
96
84
76
87
91
92
99
106
103
93
102
120
114
103
104
94
93
111
122
108
98
114
125
109
110
119
110
115
121
113
117
116
125
122
96
82
76
76
67
59
56
21
-8
2
8
-24
-61
-58
-58
-85
-104
-103
-107
-144
-176
-155
-138
-177
-196
-169
-176
-205
-204
-171
-148
-144
-150
-163
-149
-107
-80
-75
-67
-71
-78
-54
-7
9
-21
-29
7
45
52
42
40
60
63
63
89
91
74
82
95
103
97
74
66
85
98
72
53
60
50
45
68
63
23
7
12
20
31
32
9
-16
-7
5
10
36
38
1
-15
0
22
33
40
48
42
40
53
62
83
105
95
94
115
120
111
114
134
135
119
110
90
79
80
73
60
39
8
-26
-32
-36
-64
-98
-128
-154
-171
-178
-198
-226
-247
-260
-254
-257
-262
-255
-248
-249
-249
-230
-205
-190
-175
-152
-138
-123
-77
-30
-5
-8
-6
38
66
80
113
140
128
106
137
178
177
158
152
152
142
143
155
158
134
96
99
122
114
79
61
56
40
30
30
25
-6
-36
-41
-46
-47
-49
-58
-71
-90
-98
-84
-71
-75
-82
-75
-66
-62
-39
-6
-13
-22
6
36
45
53
73
93
94
100
125
134
128
124
133
131
109
112
126
108
86
82
78
71
49
28
9
-7
-14
-27
-31
-47
-74
-82
-80
-91
-98
-110
-134
-136
-116
-130
-156
-139
-114
-121
-136
-119
-92
-89
-92
-80
-53
-50
-67
-44
-3
-3
-14
-7
11
12
11
21
25
15
3
20
46
55
35
21
27
30
34
45
51
35
20
17
24
45
55
40
31
33
39
46
48
48
36
40
60
67
57
55
53
47
49
45
45
42
42
45
35
22
9
9
14
3
-9
-28
-48
-51
-48
-52
-65
-94
-117
-114
-107
-109
-109
-122
-150
-158
-132
-112
-120
-125
-114
-99
-79
-67
-59
-49
-29
1
15
11
14
37
63
76
83
80
76
82
100
114
111
89
73
82
90
87
71
60
64
62
52
50
63
58
42
51
64
47
40
55
63
60
46
45
50
51
54
47
41
49
37
21
