-2
2
-3
-6
-3
-8
-3
-5
-8
1
0
1
2
0
1
1
2
-1
5
8
2
5
4
-1
-6
3
3
0
8
4
0
-4
-4
-3
1
11
2
-2
1
1
-2
1
2
-2
1
2
6
10
6
1
4
6
5
7
5
-2
-10
-8
6
7
-1
-3
5
1
6
16
5
5
6
2
4
0
7
5
0
7
6
5
4
9
16
5
3
6
5
-1
3
8
0
4
3
-8
-2
-4
-13
-5
-10
-10
-6
-6
-2
-8
-10
-6
-11
-10
-10
-4
2
-2
-2
-2
1
2
10
6
-8
-2
1
-5
0
4
-2
-2
1
6
12
5
5
13
12
8
4
2
3
-1
11
17
-4
-5
4
1
1
5
7
-1
-17
-6
4
-5
6
1
-11
-6
-1
4
6
-1
1
6
1
10
9
7
24
25
20
21
21
20
11
13
11
-2
-1
8
14
9
4
0
-14
-13
-9
-9
-13
-22
-21
-26
-30
-19
-17
-7
-5
-28
-30
-16
-3
3
-2
-1
-11
-21
-9
6
9
6
5
5
-6
-7
8
12
2
-9
-10
-4
3
11
11
10
0
-7
-9
-15
-15
-18
-23
-25
-34
-38
-36
-40
-56
-62
-51
-62
-72
-60
-56
-63
-59
-46
-50
-62
-48
-23
-28
-38
-18
-8
-20
-1
13
0
0
15
33
27
24
34
31
30
38
49
49
47
65
69
52
43
58
72
74
86
83
60
59
84
98
85
62
38
36
49
52
46
24
-3
2
10
9
4
-8
-11
-14
-37
-40
-27
-23
-24
-38
-51
-67
-66
-32
-25
-49
-69
-68
-51
-27
-22
-43
-48
-42
-26
-7
-5
4
7
16
33
45
55
69
84
87
93
110
110
120
147
151
129
112
147
173
145
145
150
134
143
182
197
150
124
149
164
172
184
164
78
28
71
90
55
10
-72
-192
-246
-205
-212
-324
-426
-488
-558
-600
-580
-589
-680
-741
-737
-739
-749
-708
-635
-619
-627
-606
-552
-476
-371
-265
-229
-240
-219
-118
23
108
118
114
155
254
363
435
460
472
515
600
691
772
815
842
945
1042
1049
1111
1303
1426
1327
1226
1328
1450
1492
1596
1531
945
440
817
1367
1048
345
-37
-426
-766
-342
183
-590
-1913
-2071
-1545
-1607
-1775
-1569
-1927
-2811
-2758
-1854
-1648
-2051
-1854
-1478
-1776
-1899
-1088
-388
-500
-487
-59
-41
-163
549
1462
1346
830
1009
1396
1423
1673
2139
1893
1171
1157
1671
1669
1376
1377
1206
644
392
675
753
369
48
-118
-434
-688
-482
-228
-539
-1081
-1240
-1152
-1098
-906
-709
-1052
-1649
-1597
-1067
-838
-853
-861
-1113
-1391
-1038
-382
-239
-464
-535
-519
-468
-69
418
424
176
178
343
502
819
1139
1082
829
872
1169
1381
1555
1725
1643
1461
1566
1857
2044
2251
2447
2161
1682
1854
2390
2471
2362
2298
1414
260
753
2084
1686
23
-682
-869
-1537
-1292
-138
-853
-3359
-4093
-2760
-2441
-3222
-3076
-2908
-4149
-4809
-3395
-2252
-2886
-3228
-2377
-2257
-2872
-2060
-321
-68
-822
-511
278
271
650
2024
2434
1362
1004
2001
2590
2438
2679
2834
1996
1381
2067
2706
2217
1604
1449
1027
463
638
1018
447
-579
-989
-1093
-1395
-1424
-1275
-1808
-2721
-2947
-2600
-2436
-2420
-2397
-2661
-2983
-2714
-2008
-1549
-1420
-1351
-1276
-998
-294
497
903
1054
1215
1460
1989
2775
3315
3361
3319
3565
3870
4162
4684
5029
4669
4106
4150
4495
4498
4429
4358
3352
1700
1447
2596
2626
1033
-274
-1042
-2133
-2367
-1195
-1275
-3804
-5709
-5150
-4442
-4920
-5042
-4791
-5771
-7011
-6280
-4567
-4278
-4779
-4302
-3721
-4043
-3680
-1801
-404
-667
-932
-145
542
997
2306
3533
3067
2161
2762
3965
4226
4194
4484
4096
3088
3067
3905
3846
2905
2391
2171
1368
489
438
465
-446
-1552
-1980
-2387
-3153
-3456
-3288
-3696
-4558
-4798
-4489
-4330
-4199
-3911
-3849
-3854
-3314
-2402
-1701
-1238
-797
-318
318
1213
2134
2784
3194
3557
3979
4592
5354
5828
5889
5970
6236
6436
6456
6461
6461
6210
5826
5686
5379
4169
2858
2884
3370
2343
388
-684
-1313
-2347
-2664
-2268
-3446
-6081
-7093
-6058
-5769
-6834
-7355
-7323
-8030
-8509
-7359
-6025
-6243
-6765
-5947
-4844
-4598
-3925
-2154
-1127
-1443
-1079
438
1407
1825
2953
3941
3534
3244
4471
5629
5444
5177
5425
5098
4442
4711
5194
4491
3292
2753
2285
1335
677
463
-281
-1603
-2594
-3135
-3617
-3954
-4181
-4758
-5598
-5948
-5616
-5122
-4798
-4640
-4557
-4278
-3530
-2443
-1476
-855
-314
447
1369
2360
3314
4044
4658
5307
5909
6434
7023
7591
7848
7874
7897
7894
7936
8024
7782
6960
5675
4512
4291
4649
4020
2004
-32
-1162
-1705
-1970
-2200
-3328
-5717
-7597
-7441
-6662
-7120
-8213
-8798
-9275
-9876
-9492
-8082
-7409
-7883
-7884
-6967
-6180
-5377
-3786
-2350
-2198
-2227
-987
776
1847
2691
3596
3756
3645
4530
6000
6690
6432
6082
6004
5925
5924
6302
6457
5207
2915
1967
2825
2706
1028
-223
-1513
-3421
-3771
-2605
-3045
-5279
-6593
-6408
-6032
-5689
-5235
-5349
-5893
-5592
-4395
-3352
-2531
-1691
-1051
-381
605
1754
2998
4106
4888
5449
5979
6840
7942
8728
8878
8632
8663
9295
9989
9928
8698
6516
5243
6315
7411
5896
2862
697
-357
-929
-560
-443
-3083
-6914
-8003
-6814
-6665
-7960
-8957
-9492
-10690
-11761
-10721
-8830
-8797
-9708
-9376
-8577
-8319
-7029
-4342
-3025
-3946
-4010
-1910
50
1302
2801
3476
2841
2995
5027
6988
7229
6787
6816
6643
6319
7080
8222
7735
5142
3042
3650
4169
2898
1993
675
-2240
-3795
-2655
-2044
-3743
-5757
-6684
-7021
-6736
-5686
-5374
-6202
-6426
-5709
-4909
-3792
-2338
-1503
-1111
-402
562
1927
3620
5023
5798
6075
6666
7832
9005
9929
10375
10286
10267
10933
11797
10510
6943
6189
9220
9748
6200
3148
2056
546
-786
792
1341
-4003
-9263
-7925
-5109
-6903
-9988
-10047
-9961
-12533
-13662
-10844
-9115
-11232
-12469
-10381
-9241
-10208
-8616
-4691
-4044
-6259
-5420
-1764
-195
296
2375
3307
1959
2423
6037
8256
7012
6400
7674
7580
6908
8325
9895
8191
4492
4018
5796
4489
2876
3341
1077
-2845
-3134
-1385
-1779
-3919
-5412
-6390
-7251
-6504
-4980
-5300
-6461
-6480
-6025
-5166
-3386
-2011
-1752
-1608
-925
482
2456
4122
5020
5343
5754
6993
8423
9418
10301
10706
10569
10837
11999
12196
8763
5942
9114
12043
8556
3987
3076
2598
348
387
2725
-471
-8163
-9484
-4965
-4753
-9297
-11162
-9806
-11179
-14417
-13153
-9451
-10251
-13631
-12886
-9791
-10161
-11029
-7385
-4086
-6313
-8147
-4277
-443
-494
196
2482
2300
1181
3847
8061
8122
5856
6607
8423
7828
7489
9307
9676
5841
3277
5993
6661
3439
2970
2679
-1154
-3035
-863
-48
-2784
-5288
-5775
-6221
-6143
-4477
-4301
-6399
-7045
-5866
-4960
-3821
-2288
-1832
-2089
-1565
20
2040
3638
4510
4825
5175
6490
8101
9065
9961
10572
10449
10605
11849
12738
10037
5853
7346
11904
10536
5219
3016
2947
962
-354
2268
1889
-5892
-10662
-6738
-3963
-7850
-11326
-10271
-10333
-13931
-14694
-10782
-9296
-12674
-14108
-11110
-9871
-11392
-9372
-4716
-4885
-8373
-6746
-1307
233
-437
1620
2968
1305
2148
6989
9040
6462
5689
7984
8291
7355
9226
9523
4778
3217
6753
6905
3941
2650
1108
-1531
-1499
568
-150
-3660
-5810
-5290
-4878
-4929
-4026
-4411
-6235
-6396
-5086
-3928
-2780
-1879
-1697
-1607
-1045
650
3112
4567
4936
4983
5464
6907
8684
10165
10809
10854
11201
12259
12295
9008
6410
9426
12882
10203
5188
3246
2610
1487
1760
3294
675
-7335
-10493
-5169
-3153
-8690
-11890
-10192
-11178
-14553
-13379
-9692
-10795
-14568
-13860
-10450
-10399
-11578
-8851
-5559
-6731
-8470
-5745
-1508
-440
-704
768
1696
1225
3031
6863
7552
5295
5581
7496
7269
7137
8336
7979
5992
5125
5502
4923
3696
3444
2713
426
-1094
-1198
-1367
-1673
-2446
-4129
-5373
-5223
-4256
-3466
-3852
-4948
-5116
-4155
-2702
-1476
-1033
-924
-611
508
2506
4104
4639
4958
5695
6700
7987
9165
10287
11264
11098
11104
10545
7934
7613
10600
11691
8652
4624
3115
2881
2218
2631
2652
-1604
-7206
-7757
-4783
-4735
-8170
-10193
-10517
-12364
-13714
-11839
-9703
-10907
-13559
-13577
-11592
-10599
-9920
-7789
-6525
-8152
-8583
-5041
-1514
-781
-782
-54
541
1273
3980
6977
6330
4566
5647
7190
7545
8102
7939
6202
5288
6012
6056
5040
3945
2655
1523
894
319
-466
-1462
-2308
-2780
-3677
-4539
-4213
-3772
-4071
-4347
-4547
-4361
-3154
-1999
-1315
-922
-894
-62
1730
3331
4235
4674
5169
5868
7146
8616
9776
10750
11573
12104
9238
5471
8238
13000
12004
7656
4669
3121
1932
2960
5495
3701
-3623
-8567
-6167
-2658
-4474
-8474
-9615
-10489
-13332
-13546
-9999
-8587
-11893
-14646
-13193
-11063
-10735
-9356
-6609
-7047
-9983
-8922
-3915
-809
-938
-1301
-881
-522
953
4780
7402
5316
3301
5082
6851
7381
8230
7780
5333
4369
5719
6137
5156
4057
2624
842
92
507
261
-1063
-2169
-2853
-4226
-4609
-3105
-2752
-3795
-4590
-4811
-3900
-2334
-1198
-780
-1083
-1100
320
2495
4051
4526
4377
4755
5951
7727
9538
10277
10324
11295
12702
9879
5317
8217
13766
12188
6997
4687
3934
2271
2701
5420
4039
-3749
-9411
-6166
-1760
-4597
-9674
-10099
-10008
-13417
-14403
-10406
-8559
-12451
-15638
-13436
-10912
-11382
-10319
-6985
-7156
-10518
-9600
-4122
-826
-1352
-1809
-836
-330
821
4529
7148
5197
3356
5317
7036
6958
7464
8163
6882
4785
5120
6181
5268
4408
4140
2170
-114
-197
606
336
-896
-2547
-4275
-4508
-3181
-2357
-2923
-4428
-5316
-4437
-2685
-1335
-980
-1365
-1540
-497
1614
3294
4190
4522
4657
5740
7462
8657
9798
11297
12693
13090
8940
4094
8339
15264
13687
7798
4655
3192
1567
3170
7161
5279
-4072
-10271
-6470
-1535
-4392
-9427
-9627
-10231
-14795
-15507
-10289
-8147
-12536
-16093
-14311
-12127
-12064
-10180
-6590
-7181
-11673
-11061
-4523
-564
-977
-1617
-1374
-1205
428
4638
7523
5967
3991
4863
6331
7275
8119
8536
7332
5099
4915
5706
5548
5581
4722
2010
-236
-194
920
1043
-82
-1985
-4218
-4787
-2931
-1419
-2157
-4155
-5216
-4318
-2519
-1107
-569
-566
-763
-380
1640
3883
4802
4993
5415
6415
7891
9584
11379
13720
11876
4321
3731
12605
16241
10979
6016
4455
2545
1687
5932
9175
2208
-8600
-9126
-2148
-1219
-6620
-8523
-8026
-12443
-16364
-12384
-6932
-8878
-14644
-15619
-12989
-12396
-11496
-7266
-5657
-10531
-13499
-8343
-2223
-1119
-1864
-2107
-2754
-2368
1473
6339
6718
3776
2912
3966
5383
7366
8767
8108
5222
3357
4787
6438
6580
5763
3373
522
-122
1560
2696
1547
-629
-2877
-4103
-2640
-623
-775
-2613
-4544
-4499
-2689
-1229
-277
-102
-897
-1077
336
2938
4801
4845
4577
5201
6582
8480
10327
12331
13685
9052
2058
5672
15064
15345
8819
5012
3475
1084
2106
7951
8545
-1607
-10763
-7733
-873
-2364
-7550
-7978
-8864
-14570
-16364
-10140
-5925
-10309
-15902
-15417
-12658
-12078
-10293
-6117
-6459
-12374
-13190
-6154
-1016
-1215
-2144
-2465
-3340
-2051
3341
7475
5895
2829
2486
3852
6163
8599
9061
6858
3667
3045
5625
7444
6949
5191
2015
-446
462
2861
3412
1315
-1606
-3802
-3844
-1364
427
-709
-3384
-5029
-4149
-1745
-14
443
-247
-1439
-966
1633
4439
5559
4804
4379
5477
7760
9980
11791
13665
9408
1707
5075
14461
14924
8867
5105
3626
1279
1792
7351
8446
-1270
-10263
-7392
-1131
-2754
-7454
-7262
-8116
-14280
-16079
-9890
-5790
-9912
-15177
-14577
-12286
-12148
-9936
-5361
-6029
-12187
-12809
-5767
-1032
-1357
-1871
-2207
-3533
-2293
3202
7354
5602
2518
2598
4000
5797
7835
8383
6283
3326
3353
5638
6500
5894
4457
1824
64
714
2214
2472
702
-1589
-3165
-3313
-1489
-81
-1078
-3187
-4392
-3643
-1602
-50
437
21
-802
-322
1948
4523
5578
5051
4956
5955
7933
10210
12560
13346
7068
1301
7647
15521
13406
7362
4669
3265
970
2932
8520
6671
-4442
-10559
-5184
-483
-4334
-8139
-6908
-9276
-15503
-14842
-8115
-6164
-11408
-15364
-13768
-11985
-11702
-8710
-4903
-7392
-13091
-11317
-4117
-824
-1491
-2071
-2838
-3850
-1333
4591
7202
4315
1911
2386
3831
6239
8147
7927
5460
2714
3338
5731
6518
6089
4152
901
-494
977
2869
2725
585
-1931
-3514
-2694
-317
616
-885
-3278
-4144
-2571
-550
640
1024
188
-576
524
3195
5564
6149
5528
5268
6573
9064
11406
13761
11649
3521
2652
11727
15496
10615
5883
3991
1613
488
5229
9049
2143
-8715
-9477
-2826
-2107
-7166
-7875
-7063
-12716
-17289
-12615
-6537
-8495
-14226
-15130
-12869
-12645
-11444
-6671
-4913
-10254
-13700
-8230
-1962
-1189
-1722
-1967
-3546
-3317
1584
6641
6280
3037
2247
3562
5495
7611
8217
7007
4526
3043
4873
6809
6367
4984
2909
671
207
1758
3083
2049
-469
-2742
-3463
-1569
567
225
-1795
-3830
-3894
-1613
563
1402
986
-69
-80
1850
4752
6483
6165
5527
6479
8511
11435
13670
9220
2877
6296
13188
12616
8249
6083
4530
1764
2049
6422
6496
-1964
-8531
-4943
-797
-4889
-9059
-6956
-7288
-13477
-15145
-9661
-7232
-11336
-14222
-12531
-11545
-12630
-10574
-5800
-6256
-11686
-11380
-5038
-2050
-2638
-2003
-1700
-3317
-2137
3076
5975
4185
2415
2795
3848
5352
7037
7573
5976
3483
3450
5533
6098
5360
4450
2355
492
960
2496
2576
885
-1025
-2340
-2189
-808
43
-421
-2293
-3575
-2328
-492
220
426
332
-12
426
2406
4608
5377
5005
5022
6217
8363
10073
11662
13426
8442
901
5712
15161
14039
7158
3900
3005
754
1587
7391
7576
-3522
-12199
-7065
10
-3509
-9284
-8215
-8805
-15430
-16222
-8664
-5642
-11486
-16364
-14259
-11334
-11521
-9554
-5117
-6393
-12972
-12263
-3667
347
-1431
-2445
-2995
-3889
-968
5217
7603
4158
1001
1875
4662
7375
8552
7291
4363
2168
3814
6912
7041
5237
2924
554
-66
1684
3494
2771
-32
-2459
-3023
-1864
182
983
-831
-3263
-3871
-2062
654
1863
1224
159
140
1600
4082
6231
6521
5630
5735
7953
10671
13379
13046
5607
2226
9865
15050
11587
6848
4784
2836
1030
3770
8080
4236
-6417
-9849
-3631
-1367
-7103
-9561
-6929
-10260
-16854
-14792
-8058
-8104
-13565
-15375
-13159
-12621
-12324
-8470
-5284
-8767
-13422
-9766
-2869
-1391
-2207
-2060
-3224
-3528
588
5593
6021
3116
2035
3132
4851
7033
7965
7025
4900
3352
4828
6774
6533
5650
3850
1394
896
2378
3461
2556
532
-1500
-2661
-1379
775
740
-1343
-3194
-2982
-1208
282
970
908
32
-77
1707
4300
5751
5334
4973
5903
7842
10210
12871
12942
5686
926
8768
15873
12101
6118
4195
2742
635
3322
8642
5249
-6730
-11341
-4025
-202
-6228
-9746
-7113
-10110
-17151
-14930
-7171
-7227
-13730
-15942
-13114
-12121
-12041
-8228
-4772
-8557
-13892
-9933
-2195
-838
-2277
-2000
-2943
-3922
393
6402
6376
2556
1581
3156
4915
6929
7942
6923
4369
2772
4745
6950
6382
5058
3392
1270
668
2214
3402
2196
15
-1699
-2543
-1456
550
619
-1484
-3438
-3204
-1067
661
953
646
104
66
1777
4593
6118
5492
4791
5763
8314
10802
13066
12950
5932
1610
9127
15845
12561
6898
4669
2984
1055
3782
8832
5578
-5771
-10490
-4093
-352
-5744
-9051
-6799
-10088
-16945
-14869
-7317
-7268
-13674
-15940
-13303
-12347
-12376
-8695
-5203
-8862
-14164
-10319
-2558
-1321
-3011
-2622
-3172
-3893
-115
5562
6203
2349
1080
3035
4809
6700
7758
6664
4382
2900
4483
6787
6578
5292
3464
1262
747
2402
3890
2776
341
-1537
-2351
-968
1117
1003
-1014
-3077
-3247
-1029
914
1176
734
-80
-66
1585
4127
5898
5288
4559
5510
7425
9876
12162
13170
8086
1249
5822
14866
13969
7529
4581
3537
1211
2227
7675
7499
-2836
-10568
-6231
-335
-3669
-8877
-7513
-8225
-15157
-16219
-9077
-6243
-11685
-16049
-14305
-12138
-12254
-10078
-6204
-7576
-13341
-12593
-4630
-1039
-3029
-3587
-3471
-4224
-1659
3934
6159
2994
522
2073
4292
6178
7557
6844
4834
3267
3999
6448
7109
5934
4426
2284
1275
2679
4179
3843
1981
-295
-1591
-591
1560
1922
211
-1877
-2702
-1160
1025
1728
1191
198
-53
1230
3548
5433
5232
4244
4669
6510
8787
10720
12691
9957
1796
2489
12598
14976
8398
4306
3814
1738
899
5741
8963
1062
-9873
-8908
-856
-1082
-7876
-8385
-6532
-12474
-16972
-10988
-5103
-8964
-15266
-14987
-11874
-11560
-10672
-6629
-5754
-11629
-14147
-6809
-570
-2032
-3795
-3391
-4237
-3186
2218
6141
3916
294
788
3295
5471
6702
6484
5152
2764
2447
5593
7016
5435
4056
2492
986
1613
3572
4044
1936
-436
-1455
-1135
646
1862
854
-1438
-3093
-1881
918
1873
1114
227
-37
751
2705
5185
5883
4404
3835
5326
8089
10409
10985
12078
9311
1514
3419
13961
15357
7831
3207
3055
1886
1539
6384
8500
-519
-11022
-8928
-248
-927
-8144
-8871
-7755
-13417
-16509
-9934
-4811
-9665
-16101
-15305
-11506
-10616
-9733
-6425
-6375
-12090
-13469
-5418
385
-1718
-4193
-4231
-3937
-1783
3274
6316
3337
-280
892
3988
6379
7181
5875
4043
2382
3111
6374
7041
4933
3250
1724
903
2131
3956
3703
979
-1293
-1721
-852
1114
1762
-107
-2384
-3228
-1420
1365
1835
680
-294
-399
1108
3580
5524
5516
3885
3620
5727
8295
10019
10734
12026
10200
2590
2516
12858
16109
8816
3102
3021
2678
1661
5375
8505
1090
-10161
-10132
-1194
670
-6923
-10335
-8401
-11865
-16035
-11289
-5067
-8323
-15979
-16614
-11772
-9828
-9905
-7610
-6598
-11059
-13643
-7019
138
-889
-4537
-5100
-3908
-1508
2668
5506
3563
203
546
3534
6697
7817
5820
3760
2990
3710
6289
7287
5522
3502
1894
1308
2678
4342
3738
1178
-865
-1333
-673
1030
1943
87
-2566
-3375
-1774
869
1681
181
-1037
-968
192
2681
5101
4933
3077
2881
4669
7193
9330
9765
9742
11267
8872
2254
5199
14858
14425
6333
2655
3851
3400
2731
6150
7191
-1499
-11109
-7669
1668
-119
-9278
-10746
-8202
-12166
-14945
-9191
-5237
-11081
-17514
-15145
-9806
-9480
-10342
-8106
-7856
-12261
-12522
-4492
336
-3227
-5956
-4393
-3108
-1097
3468
5248
1995
-487
1427
4857
7153
7213
4924
3257
3351
4684
7031
7283
4850
2704
1651
2137
3956
4461
2584
239
-822
-770
-63
1296
1457
-1062
-3327
-2730
-789
788
808
-584
-1357
-999
614
3140
4651
4013
2456
2542
4814
7711
9340
9058
8903
10925
9861
3401
4664
14015
14579
6814
3089
4536
4183
2620
5611
7610
-110
-9837
-7502
1638
754
-8720
-11119
-7556
-10117
-14034
-10086
-5690
-10255
-16712
-14953
-9677
-9318
-10877
-9207
-7978
-11198
-12386
-5967
-966
-3450
-6229
-5215
-3429
-1267
2229
3762
1441
-513
1183
4178
6340
6564
4634
3335
3482
4664
6866
7080
4847
3245
2492
2722
3986
4458
3355
1191
-46
87
507
1622
1811
-304
-2184
-2114
-637
792
759
-344
-1304
-960
665
2222
3278
3178
2058
2375
4168
5940
7348
7691
7484
8720
10959
8521
3205
6250
12991
11231
5354
3818
4918
3537
2312
5004
5384
-2114
-8626
-4597
1272
-2773
-10134
-9117
-6314
-10779
-13687
-9080
-6745
-11796
-15346
-12224
-9355
-10789
-11199
-8332
-7681
-11190
-10977
-4901
-2279
-4930
-5688
-3564
-2785
-1599
2044
3289
879
184
2563
4548
5523
5637
4924
4440
3799
4775
7117
6565
4725
4139
3234
2919
4066
4693
3516
1486
523
468
856
1636
1229
-523
-1870
-1797
-632
303
8
-850
-1284
-952
-47
1061
2140
2282
1673
2125
3820
5269
5754
6178
7381
8466
10206
9746
3954
3555
11041
12816
7392
4140
4810
3798
1904
4584
7159
1177
-7318
-6093
792
117
-7643
-9273
-5347
-8333
-13576
-10296
-5263
-8752
-14734
-13498
-9435
-9848
-11133
-8699
-6972
-10479
-12741
-7187
-1984
-4168
-6676
-4895
-3630
-3100
372
3167
1389
-836
708
3469
5050
5560
4765
4222
4075
4278
6071
7079
5737
4318
3847
3568
3647
4482
4697
2962
1046
566
783
1711
2196
563
-1298
-1736
-1146
-32
240
-580
-1378
-1669
-930
447
1528
1792
1034
982
2541
3749
4426
5319
5829
6419
6958
8796
10471
5511
1699
8155
12747
8110
3630
4372
4645
1851
2461
6356
3955
-4606
-6950
-919
888
-5574
-8662
-4913
-5987
-11957
-11490
-6147
-6592
-12181
-13137
-9654
-9373
-11168
-9358
-6580
-8792
-12228
-8921
-3517
-3964
-6111
-5162
-3941
-3733
-1406
1735
1447
-399
68
1977
3630
4587
4315
4334
4318
3509
4843
6678
5877
4802
4345
3715
3727
4510
5062
3989
2193
1354
1202
2088
2885
1544
-465
-1299
-951
110
597
-154
-1125
-1423
-1130
-298
921
1285
446
302
1606
2977
3714
3861
4106
4738
5355
6293
8239
10469
6875
445
4246
11737
9961
4682
3781
4134
1667
1088
5506
6409
-1502
-7724
-3856
1110
-2427
-7624
-5722
-4783
-10670
-12694
-6916
-4536
-9851
-13486
-11070
-9298
-10322
-9062
-6404
-7652
-11576
-10700
-4880
-2624
-4698
-5269
-4413
-4242
-2272
1599
2573
59
-589
1533
3258
4792
5163
4253
4085
3747
4459
6563
6461
4959
4373
3741
3414
4113
4819
4273
2344
1116
760
871
2141
1877
-390
-1628
-1451
-520
123
-434
-1156
-1633
-1720
-822
442
970
320
-63
970
2264
3119
3587
3719
4224
4870
5622
7100
9079
9756
5110
872
6363
12416
9457
4546
3730
3610
1811
2680
6759
5373
-3432
-7775
-2470
1584
-2939
-7603
-5752
-6118
-11750
-11866
-5662
-5070
-11475
-14002
-10757
-9365
-10242
-8564
-6564
-8942
-12260
-9579
-3598
-2398
-4993
-5605
-4299
-3342
-1070
2499
2976
51
-576
2207
4681
5952
5575
4457
4075
4126
5594
7353
6716
5026
3988
3502
4052
4781
4586
3336
1681
897
591
1138
2234
1067
-1441
-2284
-1659
-621
-148
-958
-2273
-3102
-2579
-1038
123
-61
-1271
-1692
-464
1436
2764
2807
2256
2612
3617
4629
6043
7563
7760
7827
7864
4235
3294
9793
12404
6997
3028
3935
4262
3145
4652
6184
1526
-5689
-5395
598
986
-5415
-8203
-5819
-7553
-11304
-8803
-5109
-8401
-13613
-12703
-8847
-8471
-9648
-8579
-7935
-10046
-10575
-6056
-2290
-4025
-6175
-4769
-2892
-1582
1157
2683
838
-544
1446
4244
5552
5527
4373
3783
4356
5336
6814
6852
4724
3583
4136
4563
4608
4377
3397
1798
1177
1712
1535
1202
833
-750
-1820
-1472
-876
-566
-1256
-2691
-3139
-2423
-1598
-1046
-861
-1209
-1681
-1067
637
1979
2131
1625
1963
3347
4345
5094
6199
6829
6725
7948
8817
4916
3424
9017
10971
6441
3611
4488
4439
2598
3361
5284
1606
-4991
-4829
321
-52
-6091
-7964
-5252
-6853
-10704
-9062
-5924
-8393
-12372
-11300
-8439
-8769
-9661
-8023
-6937
-8865
-9488
-5662
-2690
-3921
-4911
-3483
-2252
-1400
772
2374
1235
83
1738
3907
4768
4793
4085
3898
4194
4720
6192
6298
4389
3511
3901
4135
4124
3822
3165
1852
934
1173
1170
972
406
-1088
-1948
-1692
-1311
-1174
-1816
-2743
-2992
-2814
-1999
-1143
-1199
-1677
-1938
-1203
446
1526
1709
1567
1760
2845
3938
4808
5689
5691
5392
6435
8316
9712
8142
3859
4198
8988
9563
6066
4387
4387
2707
1338
3497
4863
377
-4982
-4222
-1054
-2329
-6129
-6370
-5242
-8408
-11281
-8586
-5827
-8264
-11450
-10620
-8951
-9170
-8620
-6796
-6689
-8703
-8854
-5268
-2669
-3216
-3756
-3313
-2596
-1293
854
2241
1441
677
1709
2896
3991
4894
4240
3585
3781
4126
5337
5704
4387
3653
3293
3041
3565
3833
3002
1459
584
649
682
710
387
-794
-1771
-1939
-1644
-1133
-1340
-2287
-2912
-2793
-2025
-1214
-976
-1293
-1579
-1207
-169
996
1809
1859
1514
2073
3369
4342
4866
5059
5136
5471
6418
7582
8736
8325
4609
3308
7504
9544
6519
3973
3909
3156
1750
2750
4372
1605
-3704
-4533
-1434
-1236
-4745
-6130
-5094
-6995
-9984
-8453
-5433
-6963
-10372
-10379
-8547
-8145
-8065
-6828
-6358
-7940
-8451
-5680
-3064
-3256
-4161
-3824
-2931
-1840
178
1644
821
-71
921
2267
3422
3909
3155
2931
3344
3747
4663
4997
3924
3078
3061
3160
3356
3383
2866
1655
892
1001
973
1027
839
-233
-1363
-1603
-988
-502
-986
-1822
-2176
-2237
-1925
-1074
-555
-993
-1714
-1462
-71
913
1030
1099
1400
1772
2214
3386
4808
4843
4093
4485
5776
6803
7366
8174
7563
4094
3510
7723
9527
6610
3652
3072
2907
2381
3313
4298
1118
-3950
-4296
-1030
-758
-4190
-5857
-5424
-7298
-9271
-7350
-5201
-7193
-10410
-10412
-8560
-7962
-7685
-6765
-7128
-8893
-8760
-5640
-3379
-3985
-4968
-4682
-3776
-2169
9
719
-251
-729
321
1939
3107
3382
2949
2738
2932
3618
4768
5090
4073
3281
3456
3686
3850
4072
3583
2337
1506
1629
2126
2174
1343
39
-622
-372
8
94
-379
-1390
-2125
-1957
-1310
-812
-692
-1222
-1806
-1310
-177
515
781
867
929
1380
2237
3189
3957
4019
3653
4112
5283
6150
6579
6960
7392
6325
4082
4805
7851
8058
5422
3600
3295
2712
2453
3674
3362
-439
-3686
-2882
-819
-1575
-4350
-5738
-6096
-7496
-8145
-6641
-6109
-8357
-10403
-9854
-8327
-7857
-7763
-7534
-8194
-8955
-7729
-5266
-4109
-4655
-5241
-4682
-3308
-1600
-233
-67
-554
-353
874
2247
3133
3215
2625
2515
3373
4504
4943
4629
3940
3299
3466
4018
4287
4105
3215
2065
1665
2114
2362
1938
1059
93
-439
-334
167
197
-680
-1623
-1836
-1288
-777
-769
-898
-1203
-1551
-1090
197
857
588
482
852
1567
2402
3181
3547
3353
3449
4306
5216
5581
5670
5755
6108
6874
6726
5034
4386
5881
6521
4968
3400
2958
2351
1520
1744
1786
-294
-3023
-3501
-2388
-2899
-5004
-6056
-6160
-7093
-8088
-7772
-7227
-7995
-9244
-9195
-8296
-7976
-7893
-7398
-7081
-7222
-6874
-5408
-4055
-3727
-3683
-3312
-2416
-1193
-98
439
517
833
1579
2463
3137
3299
2983
3037
3706
4229
4497
4468
3896
3315
3507
4037
3895
3287
2816
2227
1828
1966
1886
1515
1018
186
-267
-14
125
-139
-593
-1097
-1395
-1233
-822
-559
-650
-1064
-1143
-562
162
532
559
555
775
1392
2177
2827
3099
2947
3091
3758
4424
4836
4998
4957
4928
5494
6066
5540
4341
3809
4519
4944
4081
3067
2264
1251
743
951
577
-1123
-3109
-3564
-3123
-3824
-5128
-5798
-6209
-7065
-7829
-7539
-7157
-7664
-8244
-8336
-8004
-7529
-7097
-6569
-6260
-6334
-5943
-4893
-3877
-3188
-2955
-2752
-2022
-944
93
692
890
1154
1693
2381
2988
3415
3552
3482
3622
4029
4399
4542
4411
4063
3800
3819
3844
3767
3542
2937
2301
2140
2171
1941
1469
941
399
-45
-82
113
-252
-1164
-1445
-1096
-1077
-1317
-1325
-1214
-1505
-1710
-981
-173
-310
-545
-7
647
949
1289
1849
2279
2289
2405
3217
4000
3923
3774
4235
4622
4891
5244
5008
4254
3779
3902
4323
4260
3415
2200
1246
1001
1051
771
-311
-1905
-2788
-2866
-3107
-3730
-4460
-5358
-6223
-6549
-6421
-6419
-6772
-7178
-7360
-7360
-7029
-6425
-6051
-5936
-5966
-5736
-4884
-3857
-3183
-2890
-2684
-2296
-1378
-245
459
803
1010
1227
1771
2609
3273
3448
3214
3255
3779
4101
4174
4241
3923
3353
3383
3696
3544
2994
2360
2027
1814
1622
1458
1064
498
-111
-414
-322
-368
-626
-906
-1335
-1559
-1348
-1118
-1001
-1029
-1143
-1143
-884
-334
80
194
281
395
826
1458
1748
2028
2368
2442
2623
3141
3574
3619
3616
3805
4028
4196
4452
4468
3907
3339
3141
3254
3407
3060
2146
1169
587
471
424
-87
-1069
-2090
-2830
-3209
-3301
-3474
-4219
-5288
-5765
-5676
-5656
-5751
-5841
-6132
-6611
-6528
-5746
-5061
-5018
-5273
-5090
-4420
-3696
-2989
-2374
-2187
-2070
-1507
-607
280
693
679
794
1236
1919
2555
2746
2504
2331
2641
3116
3343
3326
2992
2428
2334
2768
2869
2484
2055
1707
1415
1296
1338
1281
883
278
-101
-131
-37
-51
-302
-725
-1081
-1060
-697
-443
-601
-1034
-1203
-882
-427
-69
82
33
-25
218
849
1417
1598
1565
1647
2020
2587
3048
3278
3246
3091
3322
3843
4311
4628
4252
3507
3449
3842
3978
3708
3192
2520
1798
1464
1579
1356
405
-623
-1272
-1713
-2148
-2454
-2787
-3684
-4718
-5095
-4997
-5038
-5420
-5887
-6258
-6453
-6229
-5682
-5435
-5652
-5832
-5496
-4663
-4000
-3747
-3459
-3120
-2822
-2217
-1254
-614
-563
-454
52
817
1474
1769
1915
2009
2088
2409
3000
3301
3040
2685
2716
2973
3073
3075
2841
2407
2014
1770
1933
1990
1531
965
541
271
202
275
132
-367
-883
-1039
-861
-701
-712
-917
-1216
-1243
-907
-491
-281
-358
-400
-203
187
726
1158
1308
1307
1436
1778
2303
2782
2914
2924
3049
3285
3675
4042
4223
4308
4104
3653
3572
3931
4023
3529
2921
2461
1988
1624
1473
1063
127
-793
-1276
-1572
-1990
-2555
-3155
-3803
-4451
-4793
-4849
-5054
-5461
-5768
-5959
-6051
-5823
-5454
-5385
-5489
-5383
-5009
-4480
-3917
-3518
-3303
-3035
-2582
-1930
-1178
-575
-347
-191
260
813
1315
1641
1739
1844
2001
2254
2626
2838
2742
2495
2403
2522
2548
2479
2385
2125
1811
1643
1630
1539
1241
975
704
374
317
343
116
-171
-383
-420
-384
-480
-505
-458
-493
-450
-318
-167
37
74
105
516
889
911
989
1263
1460
1614
1926
2233
2332
2344
2502
2792
3015
3102
3159
3261
3329
3371
3391
3208
2930
2883
2825
2417
2023
1833
1453
867
512
236
-364
-1098
-1549
-1805
-2270
-2904
-3368
-3654
-4014
-4489
-4806
-4830
-4930
-5239
-5394
-5315
-5210
-5149
-5009
-4758
-4542
-4450
-4162
-3573
-3160
-2988
-2680
-2143
-1697
-1319
-815
-401
-120
228
627
959
1243
1511
1743
1930
2050
2210
2394
2458
2479
2477
2427
2405
2406
2397
2259
2047
1898
1770
1651
1498
1338
1161
913
717
645
531
328
178
14
-150
-249
-243
-193
-296
-421
-382
-273
-200
-76
103
159
196
338
520
741
900
992
1146
1311
1448
1648
1841
1921
2028
2223
2390
2477
2593
2684
2679
2695
2737
2700
2538
2475
2470
2169
1799
1581
1296
984
547
-286
-851
-660
-697
-1593
-2522
-2959
-3323
-3476
-3254
-3565
-4602
-5238
-4964
-4450
-4361
-4734
-5038
-5020
-4835
-4405
-3968
-3816
-3741
-3564
-3273
-2821
-2133
-1579
-1435
-1215
-725
-321
141
867
1276
1148
1242
1779
2223
2516
2718
2639
2426
2445
2755
3032
2853
2413
2307
2346
2156
2086
2157
1809
1200
1026
1136
924
603
506
266
-148
-367
-391
-361
-405
-649
-963
-987
-774
-654
-552
-428
-554
-756
-527
-15
239
227
219
361
579
856
1228
1468
1434
1377
1660
2064
2223
2328
2414
2388
2474
2687
2832
2923
2886
2696
2505
2378
2428
2456
2137
1634
1202
879
614
403
90
-558
-1279
-1687
-1872
-2136
-2521
-2954
-3456
-3881
-3986
-3900
-4018
-4297
-4490
-4621
-4621
-4375
-4065
-4019
-4085
-3932
-3647
-3317
-2933
-2551
-2289
-2080
-1742
-1317
-817
-341
-37
165
432
815
1162
1472
1734
1820
1795
1878
2160
2388
2357
2172
2036
1974
1920
1961
1942
1714
1419
1193
1099
1116
1068
800
491
296
158
107
126
65
-151
-375
-485
-458
-328
-274
-361
-492
-542
-441
-235
20
131
17
-33
131
460
802
890
855
983
1142
1295
1586
1818
1787
1729
1848
1994
2124
2304
2390
2282
2216
2342
2492
2536
2349
1998
1856
1936
1886
1591
1195
841
562
374
224
-76
-580
-1051
-1305
-1486
-1739
-2034
-2336
-2644
-2913
-3067
-3175
-3289
-3310
-3432
-3699
-3708
-3507
-3383
-3321
-3244
-3140
-3062
-2887
-2474
-2093
-1919
-1767
-1523
-1184
-783
-379
-99
76
313
559
765
1070
1355
1395
1343
1405
1567
1674
1683
1676
1547
1334
1224
1280
1367
1192
856
643
523
469
480
384
110
-209
-388
-339
-236
-303
-498
-685
-807
-813
-688
-555
-577
-704
-742
-645
-482
-275
-105
-63
-68
64
341
625
845
929
957
1091
1319
1583
1858
2001
1962
2029
2259
2430
2538
2633
2621
2492
2489
2620
2737
2730
2432
2059
1959
2024
1992
1801
1419
910
577
533
458
80
-407
-819
-1141
-1314
-1478
-1792
-2178
-2540
-2784
-2891
-2956
-3056
-3205
-3330
-3418
-3459
-3349
-3161
-3093
-3080
-2994
-2848
-2609
-2307
-2011
-1824
-1734
-1515
-1135
-792
-578
-326
-80
46
225
524
740
803
923
1073
1111
1108
1144
1216
1240
1176
1062
996
981
901
812
747
594
383
295
296
191
10
-99
-173
-276
-335
-359
-463
-572
-592
-583
-590
-560
-460
-411
-403
-305
-177
-56
76
227
372
484
618
802
1041
1250
1316
1355
1524
1738
1882
1979
2050
2108
2156
2247
2376
2407
2364
2359
2345
2294
2275
2241
2155
2029
1885
1741
1580
1419
1244
1045
829
602
310
-58
-300
-426
-676
-1037
-1331
-1580
-1872
-2102
-2179
-2299
-2604
-2865
-2989
-3046
-2997
-2923
-2995
-3189
-3261
-3095
-2865
-2695
-2573
-2543
-2512
-2271
-1876
-1619
-1525
-1393
-1186
-969
-737
-454
-219
-146
-70
152
325
415
566
687
684
639
686
804
892
908
811
652
621
720
742
667
556
408
324
386
444
377
251
145
125
167
172
167
164
117
108
187
252
286
378
449
437
475
614
767
846
861
843
868
1022
1175
1236
1260
1291
1336
1358
1401
1500
1529
1470
1444
1452
1482
1526
1457
1335
1315
1336
1325
1253
1119
990
929
897
757
617
588
513
317
124
43
16
-70
-245
-388
-502
-663
-758
-790
-858
-1047
-1272
-1338
-1376
-1498
-1565
-1623
-1760
-1864
-1919
-1953
-1914
-1891
-1977
-2057
-2025
-1951
-1883
-1805
-1765
-1779
-1714
-1573
-1449
-1347
-1253
-1147
-1042
-917
-750
-608
-509
-418
-284
-135
-44
75
227
295
312
388
499
563
615
662
643
614
665
722
712
718
692
592
568
611
603
532
488
488
448
388
384
430
417
338
319
361
409
425
427
401
368
417
491
525
523
491
482
536
621
665
665
651
625
660
756
779
737
695
699
728
725
733
744
697
632
597
594
619
648
633
522
434
457
503
489
389
269
218
237
234
182
58
-67
-94
-114
-147
-198
-331
-464
-511
-511
-521
-613
-743
-782
-773
-785
-803
-853
-929
-954
-921
-935
-985
-964
-955
-1010
-1019
-981
-963
-942
-912
-928
-933
-857
-775
-725
-702
-702
-677
-616
-531
-459
-424
-399
-364
-333
-290
-192
-94
-70
-103
-89
-15
54
119
172
160
119
151
271
363
364
324
318
353
395
461
549
545
452
438
507
564
591
591
566
524
520
547
583
612
550
467
446
428
418
437
385
256
182
215
262
212
135
113
81
60
96
132
120
95
125
150
131
174
297
370
299
223
292
412
459
441
424
439
462
469
512
558
526
460
429
425
445
464
399
282
217
241
233
135
44
-23
-128
-245
-307
-370
-474
-572
-640
-723
-840
-919
-935
-938
-995
-1100
-1139
-1094
-1061
-1060
-1067
-1085
-1081
-1009
-938
-899
-825
-755
-716
-655
-548
-434
-351
-288
-184
-62
6
99
221
281
298
356
450
509
535
547
523
490
521
574
552
474
397
352
365
368
300
200
141
121
60
-18
-41
-33
-73
-158
-222
-221
-195
-214
-218
-201
-231
-244
-185
-119
-91
-87
-67
-23
25
78
168
258
242
197
266
405
436
384
427
511
506
480
496
529
540
520
478
446
474
485
436
414
389
314
295
315
261
163
113
130
127
60
14
-1
-59
-97
-45
-24
-116
-178
-119
-72
-113
-141
-124
-116
-116
-109
-104
-112
-105
-62
-49
-68
-76
-64
-41
-36
-45
-33
-32
-51
-35
-19
-21
-16
-51
-99
-91
-56
-76
-123
-126
-159
-215
-196
-195
-284
-341
-312
-302
-369
-446
-466
-451
-447
-466
-479
-461
-461
-475
-447
-399
-398
-398
-368
-329
-301
-290
-247
-187
-173
-165
-119
-76
-53
-15
47
59
48
94
154
178
176
197
221
213
201
233
282
257
202
213
246
231
196
190
196
173
142
171
204
169
146
161
174
194
211
199
191
205
241
269
265
256
256
263
305
360
388
381
359
371
429
474
473
447
450
468
426
365
370
393
355
275
227
226
241
213
142
92
60
41
39
40
12
-49
-87
-64
-21
-58
-133
-150
-147
-189
-270
-293
-262
-266
-309
-387
-460
-451
-359
-301
-382
-498
-514
-453
-385
-357
-402
-484
-533
-503
-426
-373
-404
-506
-549
-476
-390
-364
-363
-363
-360
-335
-273
-212
-187
-173
-166
-159
-146
-117
-34
5
-66
-124
-96
-9
48
36
7
-16
-6
62
138
162
128
94
143
228
247
230
237
227
196
212
259
264
249
252
232
209
232
288
298
240
202
232
291
294
255
248
248
234
225
224
223
217
212
183
144
144
201
255
229
144
150
259
269
209
225
263
243
196
226
276
250
197
166
172
200
185
117
90
118
113
40
-7
15
12
-50
-84
-90
-127
-184
-209
-215
-255
-305
-341
-380
-407
-408
-408
-442
-485
-466
-402
-391
-441
-454
-384
-326
-344
-357
-313
-263
-243
-213
-171
-159
-142
-97
-45
-17
-16
6
36
65
97
136
169
153
115
126
180
191
133
101
101
82
77
68
31
1
-12
-31
-60
-59
-46
-54
-90
-119
-115
-64
-29
-88
-128
-74
-38
-67
-85
-40
-15
-49
-53
4
46
37
31
59
92
131
167
159
146
165
192
214
214
213
237
264
269
237
222
237
251
245
235
246
246
219
193
170
144
137
159
139
63
29
51
60
15
-48
-66
-52
-54
-89
-126
-134
-128
-143
-179
-200
-213
-218
-187
-177
-187
-199
-223
-195
-139
-132
-168
-178
-132
-93
-100
-113
-112
-78
-46
-57
-56
-24
-4
-31
-48
-6
14
-4
-2
29
59
47
7
0
44
72
34
-3
4
9
-4
-15
-16
-16
-31
-55
-49
-41
-66
-77
-44
-23
-42
-61
-34
26
36
-4
-13
43
84
52
-2
-9
44
73
55
47
76
115
113
90
69
33
16
51
96
89
46
41
59
35
-24
-77
-75
-14
10
-52
-101
-85
-62
-61
-52
-10
27
1
-58
-64
-30
-12
-11
-9
10
18
-11
-51
-64
-75
-96
-99
-66
-25
-2
27
8
-56
-80
-80
-50
24
113
149
97
31
-16
-65
-94
-91
-60
-19
20
50
60
31
-20
-58
-72
-55
-21
24
50
51
73
103
88
11
-56
-39
9
16
1
30
91
119
95
66
73
87
76
45
20
40
104
161
160
103
74
96
94
39
-14
-52
-77
-46
23
49
31
40
53
-25
-134
-164
-111
-59
-46
-27
30
85
63
-39
-152
-199
-191
-130
-14
95
132
102
59
5
-81
-144
-117
-39
17
86
191
240
150
-6
-103
-89
-37
-10
18
55
91
93
4
-111
-154
-131
-110
-130
-114
-27
47
-2
-119
-115
-13
32
-13
-62
-64
-52
-72
-108
-102
-33
47
73
43
2
17
71
87
44
14
82
191
224
157
61
1
-17
-24
-16
11
30
46
65
39
-37
-100
-130
-150
-150
-112
-80
-95
-105
-96
-145
-245
-317
-307
-244
-197
-127
-34
-9
-72
-118
-92
-74
-131
-169
-71
80
107
25
7
65
92
67
74
153
216
218
191
157
152
167
151
129
151
207
227
183
122
74
37
16
17
60
115
138
110
41
-23
-65
-86
-61
-27
-29
-45
-26
12
-5
-67
-99
-74
-37
-28
-22
-8
-9
-26
-22
-2
-1
13
46
66
47
11
25
69
70
46
61
116
148
138
122
114
124
123
90
66
69
81
71
26
-5
6
16
-34
-114
-128
-87
-92
-123
-102
-43
-41
-127
-225
-244
-204
-189
-190
-164
-127
-130
-158
-195
-236
-252
-208
-125
-47
19
64
80
45
-28
-58
-32
-7
4
31
85
138
187
201
135
61
60
104
123
113
101
99
106
112
98
70
53
40
26
10
-13
-34
-17
26
38
-3
-52
-71
-90
-119
-118
-105
-116
-106
-77
-55
-60
-71
-49
-12
14
0
-27
-37
-24
3
14
21
26
29
35
46
56
54
50
50
62
91
120
124
102
74
48
49
68
104
129
114
84
41
0
-30
-44
-27
9
41
53
59
42
-16
-73
-88
-73
-54
-16
50
83
52
-3
-36
-36
-22
-22
-22
0
40
72
81
65
54
57
64
75
77
66
37
9
9
-4
-48
-65
-39
-7
-9
-24
-35
-45
-67
-95
-103
-76
-38
-20
-25
-32
-37
-75
-116
-113
-95
-95
-93
-46
5
8
-16
-39
-59
-70
-58
-18
18
32
29
14
-17
-66
-99
-74
-4
46
49
39
6
-74
-143
-168
-148
-96
-48
-24
-20
-30
-59
-95
-120
-110
-65
-24
-10
0
25
26
-22
-54
-40
4
37
34
31
36
31
18
19
50
82
107
148
188
177
114
64
67
91
115
131
152
175
170
137
95
56
29
28
35
43
79
115
110
69
43
29
-9
-58
-71
-36
-14
-37
-63
-69
-61
-73
-91
-90
-85
-71
-49
-50
-81
-99
-74
-43
-42
-48
-27
17
38
21
-2
-15
-7
1
-1
14
55
101
96
41
0
-4
1
-23
-49
-2
84
117
88
33
4
-5
-8
-18
-40
-44
-38
-17
-1
-11
-30
-36
-25
-31
-56
-73
-64
-34
-14
-10
-13
-16
-16
-16
-24
-38
-41
-34
-14
-5
12
47
70
78
62
32
13
17
27
48
93
119
108
76
56
53
44
33
11
9
30
55
66
61
61
45
14
-18
-28
-22
-14
