6
6
11
9
2
4
3
-8
-9
-9
-7
-9
-13
-7
-14
-14
-8
-18
-18
-13
-9
1
1
-3
2
5
3
1
4
4
2
7
8
12
4
6
4
2
12
4
4
14
14
4
7
14
6
8
9
-2
0
11
7
5
10
13
16
15
12
12
8
10
11
10
4
-1
3
1
1
-4
-11
-8
-11
-14
-8
-14
-10
-2
-8
-9
-5
-6
-1
1
-9
-12
-6
-2
-10
-29
-17
-5
-22
-18
-10
-13
-13
-12
2
1
-9
-9
-8
-11
-11
-12
-8
-2
-7
-6
-5
2
3
6
9
7
13
8
3
5
10
8
6
2
3
5
6
8
1
4
4
3
9
5
1
4
4
6
10
2
-2
-3
1
6
-2
-4
-4
-5
6
5
2
6
2
1
1
0
3
-4
-5
-6
-11
-5
-6
-8
-2
7
10
3
6
8
2
6
4
-3
2
12
14
6
6
14
9
7
15
8
8
14
14
16
16
8
12
13
8
6
5
6
-5
-7
2
0
1
3
-6
-3
1
-9
-2
4
-6
1
-2
4
8
-4
3
2
-5
-4
0
4
-1
-2
-3
-8
-1
-2
-7
-2
-2
-1
8
10
15
11
2
6
3
-6
-9
-4
-2
-1
2
-4
-5
-2
-4
-4
0
4
-2
-6
-1
-6
-9
-3
-6
-7
-3
-1
-2
-2
-5
-3
2
-2
-12
-14
-14
-8
-6
-16
-15
-8
-14
-17
-9
-5
-8
0
3
4
6
4
12
12
5
4
10
5
3
16
9
0
6
2
2
2
3
5
-1
-2
1
6
5
1
-5
-6
2
5
7
-1
-9
-6
-8
-7
3
0
-6
-3
-10
-4
-1
-17
-8
-11
-27
-14
-5
-12
-14
-10
-4
-10
-7
-1
-2
-4
-8
1
5
3
10
12
8
14
18
10
6
2
-9
-2
15
4
-4
6
-4
-13
5
9
-10
-15
-8
-12
-16
-9
-4
-8
-2
8
4
5
10
8
7
14
21
6
-7
2
-4
-16
-11
0
-7
-27
-22
-5
-25
-35
-9
-12
-34
-15
-6
-20
-6
-2
-12
-8
0
-3
0
26
23
3
28
45
24
26
47
34
22
33
41
28
14
22
23
21
17
18
32
18
13
39
37
24
31
32
22
27
28
11
18
12
-10
15
22
-8
-2
14
-3
-14
3
-3
-26
-24
-23
-22
-22
-29
-36
-29
-37
-44
-28
-23
-35
-39
-26
-19
-29
-32
-33
-37
-40
-34
-27
-31
-41
-41
-27
-21
-13
-12
-9
-4
5
19
16
10
1
2
13
9
8
12
11
5
19
39
46
44
32
40
56
47
47
59
39
24
49
57
30
34
35
13
20
36
22
8
8
-15
-30
-8
-28
-63
-47
-40
-69
-65
-36
-50
-67
-44
-27
-39
-46
-27
-19
-35
-33
-13
-11
-9
-16
-26
-11
-6
-20
-1
24
1
-8
29
33
11
17
27
17
13
13
6
6
8
1
22
39
2
15
59
27
14
55
58
28
31
25
-1
-12
-19
-15
-16
-48
-64
-34
-44
-64
-35
-49
-73
-51
-37
-40
-42
-63
-67
-29
-5
-5
-6
-15
-31
5
49
58
49
16
25
46
27
33
57
0
-56
-7
36
-4
-21
4
-41
-51
41
86
29
-16
-1
31
66
62
103
66
-56
27
99
57
82
48
-79
-47
80
-32
-81
120
-370
-708
89
4
-721
-398
-257
-877
-731
-23
-390
-890
-480
-520
-651
-95
-222
-539
-177
-139
-243
85
370
177
21
345
583
548
677
824
767
676
784
1126
1177
970
1015
1052
970
1090
1169
1150
1131
889
903
1205
1162
901
871
977
721
684
1134
746
-6
114
332
269
61
-358
-632
-801
-972
-994
-820
-1081
-1991
-2118
-1476
-1684
-2227
-2020
-1866
-2317
-2553
-2015
-1563
-1824
-2047
-1787
-1452
-1322
-1130
-698
-440
-657
-669
13
605
509
370
765
1017
860
1161
1725
1623
1183
1284
1693
1721
1533
1525
1499
1176
880
1120
1362
907
424
262
99
85
109
-74
-530
-865
-993
-1191
-1003
-972
-1587
-1864
-1734
-1754
-1780
-1579
-1514
-1987
-2007
-1267
-1138
-1191
-775
-690
-754
-327
368
666
693
958
1243
1509
2077
2506
2630
2779
2885
3236
3651
3855
3838
3541
3647
3935
3698
3833
3826
2247
1620
2917
3005
1351
419
577
-268
-1067
-565
-683
-1903
-3371
-3934
-2891
-2732
-4392
-4821
-4078
-4580
-5762
-5059
-3411
-4092
-5471
-4814
-3513
-3255
-3358
-2699
-1795
-2043
-2358
-940
728
651
-213
556
1979
1902
1863
3032
3489
2561
2352
3510
4194
3516
3037
3325
3091
2570
2699
3032
2616
1554
756
948
1182
410
-278
-400
-1048
-2184
-2334
-1837
-2207
-3109
-3511
-3714
-3888
-3741
-3506
-3361
-3671
-3855
-3397
-2732
-2085
-1766
-1645
-1286
-766
-56
986
1643
1736
1954
2709
3587
4009
4475
4993
5078
5163
5640
6059
6041
5862
5818
5696
5970
5646
3348
3046
4902
4136
1658
859
1110
-221
-1339
-804
-1110
-2955
-4963
-5298
-3733
-3992
-6737
-7161
-5684
-6260
-8024
-7286
-5100
-5845
-7761
-6749
-4502
-4209
-4930
-4104
-2192
-2258
-3075
-1056
1555
1165
-187
1158
3399
3315
2757
4198
5306
4173
3540
4951
6180
5298
4156
4622
4858
4129
3583
3532
3515
2052
677
1432
810
-1166
-1347
-1377
-2502
-3422
-3512
-4129
-4829
-4338
-4764
-5480
-4813
-4903
-4853
-3738
-3671
-3718
-2875
-1893
-1337
-927
165
1087
1470
2096
3195
4191
4323
4821
6035
6456
6379
6878
7476
7288
7282
7467
7354
7633
6091
3914
5074
6324
4396
1846
1468
1297
-482
-1064
-715
-1775
-3958
-6164
-5891
-4089
-5547
-8251
-7852
-6878
-8287
-9555
-7764
-6192
-7776
-9112
-7659
-5547
-5238
-5855
-4767
-2969
-3289
-3458
-904
1409
674
-329
1639
3741
3437
3430
5058
5690
4688
4440
5913
6952
6018
4911
5126
5855
4021
2392
4846
4523
457
-2
1240
-657
-1880
-551
-2079
-4914
-4179
-4014
-5038
-3966
-4602
-6303
-5475
-4403
-4318
-3976
-3187
-2958
-3179
-1950
-18
546
817
1601
2532
3034
4081
6051
6475
6050
6639
7479
7994
8451
8783
8752
8266
7806
6882
5924
6821
7319
5183
2506
1713
1882
1170
-9
-945
-2048
-4378
-6256
-5259
-4143
-6506
-9177
-8788
-8150
-8973
-9649
-8976
-8143
-9049
-10281
-9028
-6374
-5903
-7265
-6618
-4220
-3804
-3906
-1470
617
-407
-1072
1379
3797
3813
3546
4597
5487
5241
5271
6736
7826
6830
4926
4989
6192
5774
5026
3596
2203
1476
616
1016
786
-1143
-3516
-4452
-3240
-3194
-4104
-4271
-5628
-6140
-4878
-4292
-3702
-3509
-3786
-3743
-2881
-905
483
745
816
1246
2599
4274
5530
6442
6541
6462
7304
8443
9488
10095
9575
9146
7316
5734
8465
10299
7479
3557
2752
3153
2043
1684
1453
-655
-4071
-6503
-5332
-2802
-5129
-9487
-9699
-8523
-9718
-11234
-9369
-7651
-10361
-13033
-11044
-7300
-6648
-8528
-8273
-5849
-5660
-5808
-2648
381
-857
-2964
-581
3339
3830
3098
4344
5553
4857
4487
6900
9278
7633
5615
5255
5111
6794
7389
4689
2487
2250
1198
302
2259
1591
-3259
-4655
-3114
-3150
-2941
-3306
-5252
-6090
-5375
-4573
-4028
-3147
-3014
-4116
-3968
-1710
291
1080
747
1057
2450
3544
5376
6959
7212
6737
6902
8764
10667
10880
10662
8621
5264
7475
11599
10406
5887
3660
3941
2606
2063
3162
2093
-1849
-6032
-6475
-3184
-3007
-7469
-9850
-8966
-9348
-11988
-11298
-7433
-8408
-13536
-14195
-9430
-6647
-8519
-9658
-7171
-6331
-7749
-5575
-685
283
-3231
-3472
1097
3719
2917
3305
5436
5420
3665
5025
9206
9663
5932
3686
5910
8401
7024
5159
3696
2279
1651
1924
3023
1888
-1760
-4127
-3256
-1283
-1497
-3465
-4560
-5215
-5050
-4199
-3573
-2398
-2799
-4286
-3910
-2048
77
1521
990
528
1756
3614
5358
6324
7278
7068
6667
8486
10441
11911
11080
5773
4739
10476
12245
7910
4468
5140
3872
1056
2320
3786
1725
-3793
-7961
-4877
-1284
-5444
-9978
-8714
-7742
-11465
-13790
-9355
-6325
-10848
-15490
-13141
-7629
-7271
-10675
-9222
-5762
-7556
-9056
-4080
1118
-1260
-5208
-2121
2885
3061
1990
4191
6451
4496
2943
6013
9607
8628
3421
3491
8048
7106
4582
5331
4760
1014
618
3265
2583
1004
-633
-3545
-2764
-293
-1657
-2833
-2825
-3911
-4546
-3948
-1838
-713
-2104
-3126
-2673
-869
1305
2339
2246
1695
2608
4646
5959
7243
8276
7700
7734
9077
11534
12079
6116
4309
10507
12564
7213
3275
5561
5018
910
1129
3271
1841
-3571
-7974
-5305
-1473
-5687
-10887
-9345
-6836
-10838
-15002
-10580
-6215
-10581
-15792
-13310
-7643
-7525
-11508
-9967
-5321
-6731
-9373
-5292
717
-661
-5172
-2560
3147
3256
1121
3344
6780
4774
2172
6220
9746
6752
3316
4790
7192
6309
5085
4607
3477
2091
1697
2103
2068
1045
-1203
-2840
-1838
-587
-1861
-2850
-2598
-3361
-3925
-2952
-1477
-1046
-1681
-1966
-1368
-103
1878
3032
2471
2536
4026
5463
6249
7541
8758
8844
8627
10053
12669
8969
4081
8528
13934
10345
3583
4288
6426
2962
818
3050
3704
-1612
-8122
-6782
-1051
-3561
-10261
-10875
-7758
-9314
-14684
-12866
-6727
-9068
-16097
-15403
-9040
-7072
-11040
-11583
-6833
-6522
-9564
-7056
-601
-150
-5001
-4191
1838
3242
1097
2584
5702
5095
2745
5081
8719
7200
4711
4876
6371
6828
5437
4301
3931
3533
2461
1641
2115
1372
-955
-1632
-1243
-1312
-1704
-2509
-2941
-3213
-3163
-2919
-2549
-1638
-1556
-1970
-1732
-404
1430
2304
2079
2360
3907
5115
5677
6633
8332
8995
8869
10021
12893
10957
2762
5379
15337
14307
5541
2067
5569
4936
2296
3437
4034
1076
-6481
-9756
-2211
1001
-7689
-12643
-9405
-8236
-12672
-14171
-8732
-7106
-13610
-18206
-13381
-6174
-7422
-13006
-10962
-6549
-8621
-9089
-3167
564
-3479
-6728
-2022
3262
3105
2195
3307
4059
3648
3868
7231
9895
5947
1868
4973
8566
7180
4995
4505
2626
1684
3616
3042
1647
1061
-1656
-2723
-632
-214
-1474
-2694
-3556
-3280
-2987
-2534
-1260
-906
-2278
-2808
-1072
1237
2960
2649
1263
2470
4892
6253
7235
8481
8838
8518
9171
11639
14802
9506
3093
8491
14547
11472
5043
5218
6268
2738
1335
2967
3829
-629
-7590
-7817
-2699
-3782
-9795
-11122
-8736
-10486
-15497
-14018
-8672
-9515
-15283
-16906
-12272
-8509
-10459
-11934
-8782
-7940
-9807
-7854
-2491
-827
-3871
-4251
-265
2153
2449
3508
4420
4850
3914
4958
7957
7517
6269
5663
5851
6476
5931
5173
3981
3733
3477
1574
1158
1584
206
-809
-1283
-1997
-1696
-1706
-2536
-2731
-2726
-3043
-2533
-1450
-973
-1162
-977
-218
1385
3231
3171
3380
5106
5987
6750
8032
9534
11245
11139
12740
10950
4246
7516
14831
14319
7067
3488
5737
4530
3707
4275
3536
617
-6228
-8803
-2492
-847
-7928
-12041
-10684
-9708
-13127
-14147
-9752
-9086
-14747
-18196
-13844
-7852
-8839
-13252
-11446
-8412
-9501
-8640
-3783
-1155
-4235
-6040
-1946
2486
2678
2288
3691
4493
3462
4128
7987
8277
6070
5456
5209
6312
7067
5898
4653
4285
3427
2236
2162
2267
1197
-78
-988
-1854
-1278
-821
-2066
-2888
-2662
-2711
-2664
-1898
-1064
-931
-1610
-1233
955
2931
2932
2295
3729
5756
5878
7115
8877
10003
10535
11396
13717
7357
3147
11362
16057
11332
4241
4489
5630
3655
3815
4137
3178
-2308
-9005
-6496
309
-3642
-11578
-11764
-8942
-10939
-15116
-12612
-8097
-11101
-17733
-17328
-10432
-7289
-11661
-13444
-9265
-8790
-10205
-6667
-1606
-2533
-6298
-4442
764
2742
2137
2551
4037
4525
3575
6084
8816
6606
5216
5702
6255
6838
6686
5172
3943
4515
3635
2007
2597
2344
308
-207
-697
-1264
-627
-1361
-2331
-2299
-2523
-2578
-1889
-1263
-1266
-1113
-835
9
1974
3093
2647
3080
5130
6114
7147
8275
9346
10881
11926
13500
7063
2566
11052
16348
11719
4342
4476
5554
3075
3649
4676
3768
-2101
-9360
-7209
91
-2847
-10698
-11726
-9413
-10981
-15033
-12792
-7938
-10340
-17388
-18114
-11216
-6906
-10884
-13628
-9698
-8763
-10323
-7281
-2141
-2001
-5798
-5421
-695
2201
2349
2574
3617
3928
3156
5165
8214
7826
5678
4677
5495
6511
7118
6168
4405
3898
3433
2585
2651
3033
1638
-331
-988
-806
-218
-57
-1358
-2361
-2148
-2370
-1603
-50
-111
-649
-1007
-215
2275
3932
3566
3572
4754
5758
7248
8188
10161
11707
12890
10734
2228
5187
15245
15571
7899
2752
5170
4336
2912
4924
5095
1535
-6334
-10321
-3262
1306
-6523
-12565
-10834
-9328
-12829
-14763
-9871
-7639
-13780
-19484
-15724
-7773
-7246
-13228
-12947
-8693
-9692
-9782
-4551
-807
-4020
-7502
-4019
1368
2830
2269
2270
3240
3173
2662
6142
9193
7171
4109
3759
5825
7407
6805
5201
4365
3636
2445
2414
3685
3159
743
-652
-903
-307
537
-274
-1722
-1655
-1890
-2382
-672
695
137
-665
-955
920
3967
4693
3071
3488
5743
6570
7429
10139
11653
12318
12036
3481
2444
14151
17299
9207
2771
5065
4606
2509
5121
5875
3013
-4921
-11066
-4963
2450
-4034
-12367
-11742
-9352
-11924
-14869
-10663
-7304
-12381
-19244
-17703
-9155
-5909
-11850
-14346
-9885
-9272
-10189
-5861
-1078
-3055
-7617
-5640
309
2854
2440
2166
2481
2869
2937
5675
8789
7192
4252
3514
5405
7795
7365
5023
3735
3445
3285
3372
3489
2753
788
-142
-407
-108
1283
90
-2063
-1888
-1356
-1464
-744
375
61
-742
-614
713
3427
4682
3388
3565
5426
7050
7313
9454
11987
12784
11874
2900
2383
14159
17452
9411
2564
5111
4616
2111
5004
6348
2987
-5081
-10805
-5008
2065
-4104
-11786
-11280
-9558
-12271
-14776
-10232
-6781
-12245
-19272
-17443
-9078
-5803
-11373
-13948
-9939
-9369
-10095
-5709
-774
-2899
-7874
-5984
619
3334
2098
1953
2848
2651
2413
5733
8919
7534
4788
2959
4616
8099
7552
5174
4683
3852
2407
2621
4198
4008
1439
-347
-1005
2
1615
323
-1264
-1388
-1909
-1936
-489
797
493
-807
-1362
515
3746
4614
3069
3156
5588
6555
7176
10170
11625
13104
8394
-254
6289
16768
14818
5428
2931
5865
2882
2595
6031
6125
778
-8383
-9947
-938
1289
-7526
-11882
-9871
-9924
-13756
-13174
-7633
-7718
-15013
-19472
-14379
-6577
-7110
-13016
-12216
-9180
-10390
-8835
-3079
-991
-5397
-7989
-3761
1434
2713
2080
1900
2073
2041
3354
7341
8303
4893
3461
4031
5889
7828
6576
4340
3177
3350
3397
3182
4150
2533
-141
153
169
628
1574
-102
-1455
-1193
-1316
-581
1045
741
-89
-163
184
2561
4767
4700
3017
3810
7314
7431
9076
10925
12139
12702
2304
823
13937
17938
8733
1042
4905
5237
1526
3782
6104
3571
-5143
-11882
-5320
2854
-3951
-12653
-11350
-8628
-12259
-15185
-9897
-6188
-11906
-19111
-17319
-8795
-5160
-11037
-13881
-9456
-9096
-10272
-5470
-396
-2896
-8033
-6086
358
2790
2294
1963
1792
2125
2629
5466
8093
6843
4009
2594
4665
7535
7064
4796
3853
3331
2718
2801
3497
3819
1428
-992
-508
778
1499
635
-996
-1238
-1176
-1292
403
1668
550
-446
-448
1511
4399
5215
4164
3563
5886
7679
8706
10735
12379
14041
5943
-816
10064
19319
12888
2323
3567
6403
2675
2863
5881
6099
-1603
-11594
-8501
1971
-492
-10705
-12473
-9127
-10877
-15388
-12272
-6344
-9261
-18089
-19890
-11704
-5130
-9016
-14289
-11310
-9057
-10758
-7846
-1633
-1629
-7118
-8023
-2072
2412
2357
1931
1585
1672
2205
4558
7835
7341
4820
2547
3200
7350
8547
5532
3406
3397
3303
3149
3941
4337
2102
-500
-686
586
2229
1454
-1072
-1380
-1260
-1222
355
1483
734
-595
-586
753
3621
5471
4242
3081
4765
7018
8242
10623
11740
13713
8813
-989
6162
18385
16498
4827
1692
6422
3893
2716
5872
6879
1380
-9529
-11064
61
2743
-7908
-13228
-10197
-9427
-14104
-13793
-7341
-7593
-15902
-20513
-14516
-6042
-6927
-13571
-13028
-9544
-10291
-9112
-3340
-1021
-5917
-8693
-4259
1129
2494
2134
1199
735
1987
3828
6872
7771
5048
2914
2987
5574
8359
7019
3671
2799
3555
3213
3146
4964
3500
-504
-613
829
1826
2301
136
-1348
-706
-1164
-410
2299
1934
-442
-585
750
3399
5504
5133
3749
4167
6797
7908
10284
12443
13875
8777
-1384
5343
18006
16627
5305
1389
5540
3659
2509
5326
7159
1598
-9897
-11595
-719
2718
-7546
-13404
-10819
-9910
-14288
-14017
-7416
-7573
-16089
-20907
-14854
-6327
-6734
-13145
-13343
-10020
-10373
-8891
-3042
-986
-5916
-8674
-4304
1295
2840
2475
1262
535
2016
4267
7046
7656
5763
3253
2282
6202
9752
6905
3514
3725
3874
3359
4106
5199
3376
130
-801
541
3090
2648
-985
-1239
-121
-1394
-565
1964
2008
-376
-1638
237
3598
5362
3981
3104
4485
6155
7081
10256
12115
12795
10147
-64
3465
16539
17641
7392
1096
5443
4731
2700
5572
6969
3052
-7065
-11719
-2543
3902
-5102
-12914
-11368
-9437
-12575
-14092
-8860
-7209
-14229
-20467
-16492
-7467
-5802
-12569
-14540
-10639
-10302
-9580
-4547
-1742
-5599
-9046
-5800
114
2578
2202
674
-365
1602
3844
6307
7768
5517
2554
2184
5945
9629
7889
3879
2504
3670
4771
4687
5016
4336
846
-1056
1095
3967
3648
36
-1810
-340
79
-57
1606
2288
236
-2020
-427
3610
5566
4190
2167
3252
5692
6577
8792
10974
11479
11360
2463
-649
12270
18862
10519
420
3173
6021
2594
4132
6705
5046
-3569
-11766
-6264
4206
-374
-11522
-12614
-8771
-9876
-13650
-10386
-6091
-10791
-18630
-18196
-9478
-4306
-9652
-15063
-11898
-9399
-9542
-6261
-2342
-4221
-8525
-7311
-1795
1860
2158
934
-1184
-50
3388
5451
6166
5115
3608
1802
3247
8213
8931
4480
1741
3079
4774
4794
4532
4229
2284
113
203
3081
4892
1930
-1491
-627
1399
959
1351
2878
2115
-233
-394
3226
6566
6052
3068
3116
6065
7399
9256
10921
12547
11552
1058
-467
13487
18950
8940
-76
3319
4843
1943
4034
6292
4273
-5219
-12981
-5685
3978
-2061
-12296
-12531
-9473
-11276
-13804
-9663
-6361
-11941
-19255
-17756
-8604
-4193
-9978
-14597
-11540
-9459
-8966
-5070
-1413
-4431
-9020
-6451
-765
2160
2506
1086
-1373
-455
3506
5917
6052
4748
3162
1295
2971
8029
8653
4110
1047
2554
4485
4361
4305
3997
1862
-450
-436
3055
5208
1485
-2314
-830
1421
726
1323
2942
1909
-424
-540
3193
6900
6100
2811
3272
6617
7596
9030
11321
13289
11415
870
461
14158
18590
8794
813
4127
5150
2232
4234
6897
4650
-5296
-12309
-4624
4058
-2374
-11868
-12048
-9434
-11156
-13460
-9568
-6642
-12264
-19135
-17466
-8836
-4843
-10253
-14373
-11773
-9954
-8926
-5155
-2006
-4506
-9011
-6905
-836
2264
2164
799
-1113
-806
3111
6591
6315
4698
3144
1286
3339
7848
8647
4848
1289
2158
4378
4785
4308
3985
2378
-495
-805
2996
5214
1685
-1991
-1044
1157
1014
990
2742
2232
-892
-982
3296
6854
5708
2942
3157
6337
7799
8835
11193
12881
12203
1511
-482
14047
19339
9904
436
3838
6148
2699
4385
6754
5173
-3965
-12004
-5481
4721
-731
-11678
-12608
-9145
-9934
-13085
-10028
-6720
-11698
-18782
-17881
-9494
-4713
-9730
-15168
-12584
-9783
-8828
-5844
-2918
-4663
-9177
-7549
-1421
1796
1620
422
-1533
-1624
2442
6476
5958
3797
2911
1200
2534
7346
8585
4765
1043
1544
4178
5378
4267
3255
2454
121
-823
2600
5630
2471
-2133
-1441
1733
1880
1098
2364
2528
104
-928
2804
7338
6426
2801
2814
6294
8292
8844
10518
12582
12868
3298
-1286
12323
19883
10851
742
3414
6575
2973
3926
6445
5580
-2413
-11275
-6585
3973
535
-10582
-12610
-9269
-9406
-12335
-10328
-6960
-10742
-17563
-18083
-10466
-4511
-8443
-14813
-13093
-9639
-8587
-5793
-3270
-4521
-8366
-7805
-2179
1757
2114
456
-1642
-1576
1949
6369
6739
3556
2301
1846
2377
6630
8950
5684
1004
561
4271
6132
4505
2905
2162
586
-429
1921
5195
3273
-2016
-2646
898
2400
1318
1055
1466
250
-905
1396
5973
6655
2354
1191
5446
8231
8019
9507
10834
12044
8148
-1032
5715
18749
15513
2868
462
7266
5209
2982
5879
6009
1299
-7685
-9293
793
4520
-6558
-13807
-10144
-7153
-10469
-12126
-8063
-8559
-15032
-18112
-13253
-6165
-6397
-13436
-15065
-10502
-8609
-7322
-4939
-4640
-7525
-8715
-4308
188
1047
373
-1083
-2280
36
5062
6870
3217
1623
2854
2356
4692
8106
6862
2644
521
2843
6195
6365
3288
1483
2179
1535
1070
4249
5271
494
-2714
214
3610
2657
878
1336
1702
566
906
4444
6956
4577
1624
3470
7694
9104
8749
9570
12733
9003
-2070
4151
18734
15864
3019
199
6743
5512
2868
5173
6276
2482
-7521
-9943
1095
5075
-6134
-12900
-9568
-7255
-10117
-11274
-7364
-8042
-14437
-17522
-12716
-5727
-6189
-12764
-14219
-10465
-9016
-6959
-4234
-4879
-7835
-8632
-4463
-387
524
258
-1421
-3031
-924
4302
6500
2789
423
2048
2642
3762
6627
6688
2765
-404
1999
6527
5874
2386
1742
2116
1358
1499
3907
4997
1125
-2408
50
3874
3433
1125
1071
1822
1031
1040
4301
7040
4783
1373
2859
7753
8982
7858
8627
11625
11401
418
104
15414
18104
5737
-1293
5587
7369
2362
3638
6115
4239
-4372
-10354
-2843
5613
-1803
-12502
-11200
-6518
-7957
-11502
-9077
-6912
-11685
-16524
-14181
-7338
-5024
-10455
-14499
-11095
-8346
-7315
-4917
-4576
-6894
-8358
-5357
-1030
-25
-143
-451
-2474
-2285
2523
6559
3801
-144
1587
3204
3393
5145
6014
4066
876
869
4862
6661
3222
551
1761
2596
1580
2296
4142
2314
-1499
-1179
2849
4037
1175
-84
1520
1844
838
2236
5548
5348
2124
2109
5930
8448
7319
7196
8850
12389
9518
-740
4608
16834
13861
2398
1192
8641
5767
1570
4061
5878
3166
-5540
-8590
324
4227
-5920
-12271
-8340
-5566
-8869
-11674
-8701
-7786
-12174
-15266
-12339
-6777
-6589
-12132
-13356
-9193
-7864
-7280
-5508
-5423
-6922
-7275
-4347
-1148
-623
-818
-1234
-2266
-986
3068
5497
2356
-383
2071
3638
3461
4600
5288
3386
658
1686
5673
5970
2205
690
2425
3059
1829
2517
4081
1735
-1213
263
3470
3540
1016
83
1420
2364
1628
2466
5188
4462
1830
2945
6358
7616
6621
6664
8056
10380
10529
2921
1781
12428
14277
5088
1134
6665
6935
1935
2601
4981
4000
-2587
-7737
-2589
3369
-2720
-10845
-9029
-5386
-7340
-11249
-10084
-7160
-9629
-14011
-13440
-8098
-6091
-10542
-13072
-9367
-7482
-8363
-6537
-4763
-5785
-7498
-5843
-1729
-816
-1904
-1387
-1068
-1578
398
4436
3915
-59
869
3712
3579
3758
4544
3886
2388
2039
4061
5797
3910
1248
1936
3753
2973
2172
3161
2469
865
925
2102
3008
2329
797
990
2235
2061
2251
3772
4057
2525
2696
4962
6572
6630
5750
6769
8864
11162
6841
-12
6656
13902
9587
2053
3320
7981
3442
1106
3878
4886
1437
-5581
-5946
856
1171
-6957
-9751
-6529
-5794
-9464
-11197
-7560
-6946
-11571
-14119
-10446
-6308
-8099
-11951
-10416
-7526
-8700
-8000
-5090
-4837
-6897
-7054
-3737
-1437
-2211
-2172
-543
-834
-1807
943
4898
2809
-311
1328
3483
4301
3413
3464
4177
2760
1804
3965
5830
3098
1199
2736
3151
2451
2727
2774
1928
1327
1157
2188
2958
1900
710
1153
2268
2205
2353
3559
3541
2413
3255
4990
6024
5935
5157
6845
8676
10062
6357
183
6222
13077
8731
2144
3774
7143
2652
1002
4036
4967
1136
-5531
-5554
899
1158
-6436
-9163
-6214
-5725
-9120
-10120
-6785
-6921
-11362
-13397
-9906
-5919
-7508
-11468
-10243
-7437
-8397
-7619
-4575
-4653
-7270
-6912
-3572
-1806
-2022
-1785
-1139
-1615
-1554
829
4183
3037
-653
436
3503
4473
3291
2941
4061
2871
1635
4151
6225
3542
882
2213
3875
3378
3101
3000
1772
1429
1794
2298
2957
2515
1063
518
1980
2617
2472
3211
2826
1851
2605
4426
5356
5490
4597
4695
6758
8752
9653
3802
375
7841
11957
6695
1763
5213
5665
660
1873
4957
4580
-606
-6192
-3666
2083
-774
-7450
-7333
-5001
-6471
-9774
-8637
-5347
-7525
-12183
-12258
-7827
-5592
-8629
-11047
-8487
-7454
-8823
-6577
-3840
-5294
-7869
-6332
-2967
-2026
-2331
-1981
-1556
-1783
-1614
967
3930
1883
-953
769
3061
3458
3380
3526
3229
2373
2361
3971
5175
4173
1829
1778
3671
3416
3205
3365
2076
1509
1667
2140
3013
2829
1332
443
1513
2435
2366
3096
2633
1377
2281
3949
4599
4613
4412
3974
5535
7029
8541
6949
405
3199
10213
8774
2816
2511
6104
2216
338
3561
4333
1822
-3715
-5250
-656
1170
-3786
-6689
-5388
-5445
-7768
-8515
-5450
-5377
-9358
-11356
-9125
-5901
-6297
-8886
-8739
-7226
-8217
-7701
-4336
-3542
-6416
-7254
-4298
-2415
-2494
-2140
-1445
-1780
-2206
-995
1949
2842
424
-755
1221
3466
2862
2786
3500
2369
2066
3131
4258
4397
3396
1761
1707
3807
4184
2815
2450
2157
1489
2081
2777
2949
2197
703
871
2124
2609
2466
2594
2016
1614
2829
4049
4471
4236
3885
3534
5004
7308
8434
6277
394
2227
9293
8869
3436
2159
4670
1887
161
3670
4461
1256
-3473
-4758
-1101
1123
-2877
-6450
-5663
-5471
-7023
-7551
-5411
-5352
-8937
-11081
-9279
-5741
-5359
-8587
-9630
-7508
-7529
-7555
-4650
-3495
-6175
-7654
-4672
-1928
-2249
-2571
-1955
-2060
-2048
-885
1333
2629
854
-1005
315
3422
3789
2420
2624
2749
2510
2918
4143
4732
3605
2059
1901
3568
4601
3539
2221
2081
2226
2162
2397
2979
2616
953
499
1548
2641
2818
1687
1189
1617
2124
3072
3989
3840
2857
2997
4180
5473
6105
7224
5442
-225
2232
8988
8294
2866
1608
3898
1567
1066
4130
4078
951
-3685
-4321
-5
1497
-2611
-5699
-5671
-5482
-6041
-6254
-4805
-5561
-8995
-10391
-8283
-5221
-5266
-8377
-9344
-7518
-7141
-6532
-4123
-3634
-6468
-7883
-4337
-967
-2047
-3271
-2110
-1714
-2011
-698
1926
2324
151
-647
782
3548
4469
2601
1692
2519
3434
3724
3978
4310
3562
1876
1979
4113
4814
3084
1456
1649
2468
2611
2297
2371
1963
584
576
1747
2358
2355
1382
635
1412
2253
2915
3364
2635
1863
2544
3876
4630
4765
5049
5900
2667
-196
4872
8792
5544
752
1899
3547
1536
2869
3672
1898
-553
-3254
-2136
1171
474
-3850
-5895
-5304
-4410
-4792
-5574
-5493
-6806
-8630
-8635
-6445
-4661
-6418
-9012
-8104
-6375
-6484
-5518
-3951
-5006
-7517
-6098
-1952
-1157
-3333
-4004
-1775
-715
-1452
-333
2157
1485
-1305
-315
3307
4299
2156
1365
2386
2868
3315
3731
3687
3066
2696
2413
2665
4268
4319
1901
836
2477
3397
2438
1884
2202
1529
612
1587
2825
2189
982
1050
1343
1733
2267
2366
2435
1890
1728
2451
3699
4178
3245
3106
5117
5799
1287
772
6458
7393
2654
531
3893
3795
1050
1763
2657
1970
-885
-3076
-1027
1113
-1464
-4942
-5106
-3786
-3807
-5925
-6311
-5032
-6007
-7899
-7994
-5914
-4807
-6898
-8199
-6467
-5548
-5969
-5232
-4060
-4564
-5836
-4211
-1459
-1557
-3164
-2759
-470
-88
-1141
163
2277
1157
-761
562
3337
3388
1431
1242
2427
2989
2711
2762
2818
2456
2386
2112
2154
3148
3381
1305
404
2412
2845
1254
985
1657
1013
350
1140
1581
1167
612
392
860
1257
1590
1923
1573
1227
1874
2861
2882
2817
3404
3645
3808
5305
5797
2342
1622
5591
6512
3569
2266
4007
3000
940
2100
3135
2204
-930
-2905
-1103
444
-1608
-4207
-4279
-3916
-4675
-5806
-5556
-4851
-5893
-7624
-7848
-5983
-4808
-6246
-7478
-6361
-5374
-5545
-4880
-3636
-3805
-5010
-4264
-1931
-1084
-1877
-2178
-962
-354
-616
622
1976
918
-435
743
2685
2680
1705
1904
2350
1986
2452
3374
2834
2186
2300
1968
2050
3178
3146
1290
605
1790
1998
1191
1154
1247
372
-341
381
1292
945
-3
-224
486
839
735
1131
1312
1008
1010
1783
2676
2885
2898
2644
3013
4197
5361
5286
2416
1596
4657
6234
4212
2298
3302
2821
1323
2195
2965
2271
-91
-2195
-1278
368
-729
-2851
-3743
-3917
-4129
-4747
-4582
-4279
-5087
-6422
-7048
-5672
-4173
-4987
-6377
-5926
-5133
-5002
-4307
-3277
-3376
-4476
-4175
-2449
-1314
-1392
-1969
-1788
-919
-648
-87
1297
1132
-310
-299
1699
2775
1807
1233
1521
1735
1967
2462
2579
2286
1640
1007
1555
2534
2426
1248
603
888
1113
1021
948
1120
558
-410
-119
959
1305
507
-204
112
771
1167
1176
1230
1267
1027
1401
2276
3042
2902
2282
2653
3343
3919
4376
5054
4066
1398
2309
5419
5582
3314
2233
2364
1957
2193
2645
2287
1040
-906
-1854
-841
170
-1028
-3092
-4063
-3916
-3759
-3951
-4011
-4469
-5459
-6267
-5954
-4557
-3933
-5092
-6278
-5801
-4674
-3980
-3423
-3414
-4124
-4268
-3299
-1978
-1240
-1380
-1864
-2049
-1207
47
664
662
-25
-489
240
1735
2289
1413
802
813
1291
2339
2650
1695
1219
1347
1178
1875
2801
1807
295
687
1454
1216
1361
1488
387
-310
488
1066
991
797
265
-73
238
892
1480
1561
739
152
1039
2167
2370
2163
2236
2137
2203
3042
3551
3614
3846
4276
3505
2156
3157
4992
4862
2910
2151
2907
2750
2427
2182
2016
1451
-255
-1013
-78
238
-1221
-2631
-3020
-3027
-3109
-3493
-3948
-4283
-4680
-5382
-5452
-4544
-4195
-5176
-5909
-5302
-4607
-4421
-4249
-4045
-4264
-4392
-3554
-2605
-2412
-2658
-2578
-1946
-1627
-1451
-447
106
-640
-959
33
1251
1231
724
962
1097
1147
1752
2417
2380
1669
1293
1573
2058
2458
2426
1628
884
1244
2026
1816
1093
1181
919
132
648
1356
920
200
-125
78
499
844
826
502
269
414
1109
1650
1607
1529
1564
1788
2262
2825
3165
2899
2742
2986
3823
4533
3574
2846
3095
3503
3818
3517
3213
2324
1624
1831
1757
1643
1085
-152
-1049
-989
-769
-1298
-2176
-2999
-3561
-3899
-3998
-3965
-4175
-4769
-5396
-5482
-5095
-4760
-4836
-5046
-5289
-5302
-4756
-4105
-3740
-3858
-3979
-3627
-2958
-2257
-1953
-1768
-1605
-1468
-978
-311
377
496
135
357
1170
1797
1799
1745
1855
1789
1852
2108
2411
2733
2262
1436
1830
2374
1907
1701
1894
1212
683
1275
1255
718
862
604
-74
196
729
513
103
71
153
219
496
610
600
656
688
1028
1422
1615
1697
1785
1996
2279
2705
2980
2971
2860
3049
3561
3762
3822
3351
2810
3061
3075
3012
3080
2834
1869
927
1108
1246
1065
437
-929
-1758
-1584
-1491
-2113
-2850
-3461
-3920
-4333
-4464
-4261
-4579
-5283
-5684
-5484
-5104
-4951
-4908
-5041
-5176
-4828
-4063
-3571
-3380
-3357
-3413
-2986
-2114
-1449
-1301
-1296
-1066
-657
-95
398
609
800
899
953
1404
1973
2128
1979
2000
2187
2323
2223
2165
2434
2343
2014
2069
2290
1921
1353
1629
1612
1065
1121
1157
618
291
569
435
4
310
269
-316
-81
231
1
-1
174
248
230
291
527
790
932
917
1019
1307
1535
1631
1771
1946
2012
2133
2258
2466
2604
2386
2500
2962
2868
2155
2095
2616
2192
1662
1887
1782
878
307
599
572
-151
-965
-1189
-1175
-1624
-2166
-2431
-2544
-2923
-3443
-3756
-3650
-3481
-3856
-4277
-4285
-4089
-4001
-3980
-3809
-3656
-3666
-3576
-3123
-2656
-2470
-2430
-2253
-1862
-1529
-1183
-818
-651
-515
-143
210
394
656
1081
1375
1304
1418
1844
2077
2022
2008
2243
2324
2207
2128
2104
2245
2241
1922
1603
1576
1587
1237
1039
1092
778
397
402
298
46
-18
-151
-317
-300
-283
-483
-523
-353
-417
-369
-182
-178
-198
-71
184
301
384
628
767
751
801
1066
1456
1619
1512
1426
1570
1914
2094
2071
2037
1954
2024
2151
1944
1766
2149
2083
1201
1107
1536
1352
693
307
302
-163
-497
-519
-934
-1334
-1694
-2093
-2213
-2206
-2546
-3177
-3395
-3163
-3268
-3564
-3539
-3521
-3541
-3548
-3488
-3151
-2847
-2884
-2908
-2509
-2059
-1789
-1519
-1302
-1173
-1010
-569
-160
33
236
340
499
837
1150
1287
1315
1364
1446
1613
1848
1896
1709
1562
1621
1788
1738
1599
1498
1286
1077
1048
1167
1004
702
554
397
383
369
156
-35
-180
-311
-279
-200
-313
-473
-443
-383
-441
-364
-228
-271
-310
-245
-51
142
172
180
331
578
695
743
843
931
1121
1379
1420
1431
1708
1724
1539
1880
2194
2018
1920
2102
1980
1544
1790
2300
1845
974
1043
1509
1057
472
574
478
-248
-546
-315
-484
-970
-1371
-1588
-1730
-1835
-2039
-2347
-2509
-2659
-2804
-2920
-2932
-2882
-3003
-3207
-3156
-2766
-2579
-2777
-2820
-2509
-2278
-2167
-1928
-1676
-1522
-1385
-1132
-788
-428
-324
-263
122
450
553
716
1057
1149
1085
1312
1628
1717
1523
1433
1631
1828
1706
1514
1501
1350
1169
1165
1191
1016
756
520
323
469
484
57
-164
-48
-104
-323
-326
-320
-477
-606
-653
-555
-392
-466
-628
-515
-409
-395
-112
100
-98
-190
107
447
587
625
771
989
1018
1032
1305
1608
1701
1559
1553
1836
1986
1973
1942
1915
1965
1924
1884
1848
1613
1591
1650
1433
1024
793
921
673
291
201
41
-295
-734
-831
-793
-1091
-1520
-1860
-1973
-1874
-1953
-2363
-2611
-2519
-2443
-2578
-2668
-2506
-2393
-2505
-2502
-2261
-2029
-1951
-1938
-1767
-1573
-1383
-1066
-934
-862
-689
-478
-155
24
111
223
340
561
743
875
996
1022
995
1073
1192
1197
1161
1081
1084
1115
985
937
939
760
512
473
585
451
168
106
87
-22
-59
-120
-216
-306
-377
-390
-409
-359
-298
-381
-426
-311
-206
-222
-176
-56
-47
-52
85
270
241
229
444
553
549
601
731
765
752
917
1085
1079
994
1129
1219
1125
1250
1437
1358
1191
1317
1416
1303
1241
1278
1354
1133
772
856
1164
922
370
302
428
234
-51
-141
-256
-518
-744
-925
-925
-879
-1211
-1600
-1628
-1519
-1609
-1846
-1945
-2015
-2066
-1999
-1986
-1971
-1971
-2035
-1990
-1820
-1664
-1535
-1407
-1389
-1377
-1148
-785
-568
-537
-482
-310
-81
128
281
412
511
527
560
758
1002
999
898
918
930
1002
1068
939
789
800
814
755
718
605
458
382
398
358
262
266
130
-35
-41
12
35
-117
-241
-228
-237
-262
-177
-91
-137
-214
-186
-53
16
24
36
116
201
215
309
394
390
428
551
599
603
733
760
699
761
811
791
801
801
799
833
825
754
675
644
645
698
724
544
403
466
489
380
356
457
244
10
173
279
176
30
-107
-250
-233
-106
-231
-444
-534
-609
-678
-676
-691
-822
-985
-1047
-1013
-1094
-1140
-1077
-1186
-1306
-1292
-1251
-1193
-1181
-1232
-1232
-1147
-1041
-991
-931
-837
-842
-829
-666
-485
-407
-439
-428
-225
-95
-173
-119
76
96
16
130
300
294
282
370
422
436
472
462
426
419
474
571
572
500
413
394
499
534
473
372
360
398
339
368
422
349
195
183
294
304
244
152
94
94
174
224
147
117
127
93
83
156
208
148
97
155
227
289
292
277
343
322
345
436
453
456
476
503
432
495
658
573
409
477
666
584
410
468
529
489
457
363
303
364
287
185
206
129
8
22
46
-99
-210
-161
-196
-369
-501
-467
-385
-504
-746
-811
-716
-751
-852
-868
-867
-890
-985
-1005
-910
-912
-979
-976
-945
-974
-945
-847
-792
-814
-796
-686
-614
-548
-492
-439
-354
-287
-231
-187
-98
-10
-8
23
137
215
266
298
332
372
394
509
609
575
511
535
631
641
629
641
599
575
579
562
532
560
570
448
357
385
405
370
302
245
212
217
226
129
48
61
54
15
-15
-17
-37
-79
-98
-101
-82
-64
-69
-102
-78
-14
-14
11
67
55
39
109
214
276
271
217
217
324
399
356
334
402
442
378
268
309
434
375
168
37
123
166
25
-66
-119
-219
-305
-347
-392
-474
-540
-590
-685
-745
-737
-731
-727
-798
-889
-856
-726
-613
-699
-812
-713
-560
-530
-543
-474
-369
-315
-341
-264
-88
-44
-41
36
107
124
196
336
368
340
364
458
552
523
480
502
525
554
539
496
473
450
409
366
329
316
327
232
82
76
155
158
54
-42
-90
-74
-4
-44
-153
-160
-64
-60
-173
-187
-82
-19
-93
-149
-84
-2
20
25
58
14
24
162
205
146
146
205
216
217
269
253
179
251
302
166
114
235
271
84
-21
78
109
21
-80
-124
-91
-74
-131
-193
-227
-208
-123
-165
-286
-260
-142
-143
-258
-228
-126
-111
-90
-98
-147
-97
-8
17
10
-43
-60
15
112
88
-31
17
130
112
51
45
97
134
81
6
31
89
84
34
-21
-24
11
2
-52
-86
-79
-88
-120
-162
-186
-177
-170
-177
-231
-298
-285
-206
-184
-251
-276
-219
-177
-191
-204
-178
-118
-89
-115
-120
-67
26
34
-36
-29
13
53
102
115
89
31
52
177
208
96
34
118
163
94
63
130
171
96
-2
48
177
151
70
63
61
64
129
162
62
1
58
145
154
65
63
136
171
123
67
173
256
151
79
124
186
200
162
125
93
143
183
96
55
94
124
102
54
38
61
75
4
-53
7
27
-51
-94
-91
-86
-81
-80
-118
-134
-106
-116
-151
-163
-159
-183
-149
-107
-170
-199
-168
-127
-131
-179
-180
-151
-150
-181
-185
-141
-107
-158
-215
-195
-157
-131
-115
-93
-132
-185
-114
-20
-63
-137
-72
-7
-53
-119
-100
9
46
-13
-34
8
40
40
49
80
104
73
41
88
113
101
128
154
129
104
165
234
222
171
157
217
266
253
230
218
240
253
212
191
232
226
144
129
163
136
110
129
94
8
0
37
28
-8
-47
-68
-60
-44
-80
-97
-30
-16
-77
-117
-71
3
9
-37
-85
-70
1
66
10
-56
-15
30
47
-6
-13
52
40
6
-5
2
37
49
4
-77
-85
-21
-30
-117
-178
-165
-137
-174
-228
-227
-209
-227
-260
-267
-263
-250
-247
-265
-256
-224
-206
-194
-162
-167
-178
-102
-31
-52
-86
-42
54
75
50
87
142
142
135
176
232
257
225
218
251
251
261
306
289
197
176
220
228
207
170
107
75
126
145
78
22
30
34
-31
-80
-59
-11
-49
-137
-139
-101
-92
-119
-152
-151
-137
-119
-92
-97
-117
-101
-64
-36
-49
-55
-24
-6
-5
-18
12
69
98
53
0
71
152
134
69
61
103
105
107
90
72
67
35
48
65
26
40
58
-4
-73
-50
33
30
-68
-113
-49
-10
-78
-109
-46
-5
-34
-71
-42
18
30
-13
-28
3
38
55
27
-9
12
50
38
14
23
20
15
22
7
-26
-17
25
-16
-88
-66
-18
-17
-54
-83
-68
-28
-41
-95
-92
-51
-30
-53
-90
-102
-66
-21
-40
-68
-61
-45
-38
-30
-19
-15
0
2
-28
-7
53
40
8
6
-23
0
84
89
-5
-30
52
92
61
15
1
44
34
-4
20
23
1
-17
-13
-9
-18
-10
-29
-75
-67
-30
-23
-50
-84
-86
-75
-59
-36
-48
-62
-41
-40
-38
12
40
9
-8
32
64
63
91
95
59
82
131
123
86
87
126
134
107
89
110
105
67
67
86
62
-1
-2
36
26
-24
-71
-43
-17
-59
-122
-135
-64
-48
-120
-139
-88
-70
-101
-129
-104
-66
-91
-110
-81
-61
-64
-73
-52
-42
-64
-33
0
-9
-29
-32
17
58
29
-18
16
83
69
20
46
102
98
76
65
75
108
96
65
57
65
62
61
59
18
-12
12
51
11
-64
-24
32
-16
-71
-53
6
-12
-86
-96
-52
-18
-35
-66
-64
-49
-33
-16
-32
-66
-51
-27
-44
-74
-50
-6
-3
-47
-88
-46
13
4
-44
-45
-14
-5
-1
-11
-15
0
23
-6
-52
10
77
30
-34
-9
41
44
31
17
12
11
18
24
19
22
31
29
11
27
77
77
45
54
69
58
72
109
112
69
47
69
88
89
87
67
36
44
67
48
33
29
25
33
16
-11
-3
8
-16
-49
-49
-49
-48
-39
-71
-76
-46
-38
-66
-96
-82
-62
-44
-41
-60
-57
-30
-10
-17
-24
-11
14
36
34
19
29
58
62
47
29
36
73
61
17
6
31
36
-3
-28
-30
-43
-74
-92
-84
-91
-122
-135
-131
-148
-162
-160
-163
-164
-167
-168
-142
-135
-158
-153
-116
-88
-101
-97
-57
-45
-21
12
14
16
34
68
89
104
120
110
121
146
150
161
174
176
144
129
172
189
159
145
145
120
99
100
110
93
35
13
56
59
7
-6
22
8
-30
-24
-12
-18
-32
-63
-64
-29
-9
-17
-52
-74
-36
11
7
-20
-22
7
18
31
44
36
39
36
32
41
56
60
55
54
34
31
65
77
38
1
9
34
32
-10
-15
0
-21
-46
-40
-17
-36
-65
-60
-55
-71
-90
-87
-76
-82
-90
-86
-71
-66
-90
-88
-50
-53
-73
-67
-46
-36
-36
-22
-17
-27
-6
12
-13
-5
30
18
-6
0
18
16
6
6
6
-2
0
7
-6
-18
-6
15
9
-8
12
27
10
2
11
25
20
8
5
6
20
36
26
13
30
42
31
11
18
48
57
36
14
26
43
45
50
47
31
31
43
51
48
40
36
37
34
22
17
19
12
-12
-26
-14
-4
-9
-31
-40
-40
-35
-19
-27
-44
-37
-33
-36
-36
-28
-20
-14
-14
-25
-21
0
1
-5
-5
-1
6
18
15
-2
12
25
13
-2
1
17
6
-10
-17
-29
-24
-9
-17
-41
-42
-35
-43
-49
-46
-47
-52
-50
-40
-40
-45
-38
-25
-29
-39
-16
12
-10
-35
-9
34
43
13
1
27
56
53
29
35
53
63
56
47
65
71
66
67
66
60
69
83
69
60
65
71
74
65
54
61
77
70
45
36
55
50
23
12
10
9
3
-2
-13
-19
-26
-39
-31
-31
-56
-56
-49
-67
-70
-58
-62
-71
-68
-74
-81
-66
-58
-66
-67
-58
-53
-54
-42
-40
-55
-64
-58
-39
-27
-33
-37
-22
-6
-12
-14
-5
4
1
-15
-19
-2
-6
-16
-19
-24
-11
0
-10
-14
-2
9
11
4
1
6
15
6
-3
15
28
17
9
23
34
43
49
44
41
39
51
54
47
52
38
24
26
42
48
35
33
28
24
24
20
23
17
-3
-11
-14
-15
0
-9
-30
-27
-8
-7
-13
7
12
-2
-6
3
17
12
7
10
12
17
34
49
52
42
35
49
56
42
30
29
36
35
34
24
12
17
19
2
-10
0
4
-23
-40
-28
-26
-50
-65
-60
-70
-88
-80
-66
-74
-84
-79
-66
-56
-55
-72
-73
-52
-52
-67
-54
-24
-24
-35
-13
23
38
25
19
45
71
71
67
70
67
64
80
95
78
67
77
85
85
67
57
64
51
22
8
17
15
-13
-25
-16
-21
-32
-35
-41
-47
-52
-53
-43
-43
-48
-58
-63
-44
-36
-54
-56
-36
-23
-25
-28
