3
4
-1
-3
6
5
4
4
10
10
1
8
3
0
-2
-8
1
-7
-8
-2
-5
-1
-1
-1
-4
-11
-4
-2
-2
-9
-12
-5
-2
-1
5
2
-4
3
2
-1
6
4
9
6
5
8
1
-3
2
5
5
3
6
3
2
9
8
8
15
15
8
2
0
-2
0
-1
-7
-3
1
-5
-7
1
-2
-7
3
9
7
2
-7
-5
1
0
-2
-1
-3
-6
-6
-2
-3
-3
1
1
8
8
8
8
9
17
7
1
9
11
1
2
13
12
5
8
5
3
12
7
1
6
4
4
5
7
2
3
9
3
-4
6
1
-6
7
5
2
4
4
4
-3
-7
-4
-4
-6
-13
-5
1
-8
-10
-10
-9
-5
-4
-3
-1
-2
2
-1
-7
3
-5
-6
10
12
8
6
9
15
13
7
9
9
-2
-5
-7
-6
-5
-5
2
3
-5
-5
3
2
0
4
4
7
4
4
9
11
11
0
-2
4
4
4
-4
-9
-8
-12
-14
-13
-7
-7
-10
-6
-11
-10
-9
-21
-17
-14
-22
-17
-12
-16
-14
-11
-13
-3
-7
-8
2
-2
-3
-5
-2
1
1
8
12
11
11
20
22
23
32
34
24
32
36
25
28
32
30
27
25
21
7
5
1
-7
-9
-16
-13
-7
-17
-26
-21
-25
-29
-24
-33
-33
-34
-44
-30
-33
-42
-39
-46
-41
-32
-31
-30
-24
-18
-14
-11
-8
-6
-2
1
8
11
8
16
20
19
25
30
35
34
33
34
43
51
55
53
48
44
46
59
60
56
56
53
51
47
37
31
29
30
29
13
2
-5
-24
-37
-42
-53
-66
-80
-95
-107
-119
-123
-137
-148
-152
-152
-142
-140
-139
-128
-123
-118
-101
-81
-65
-45
-26
-4
27
55
81
107
130
163
187
210
231
241
254
271
282
289
292
278
270
254
227
210
182
152
112
72
35
-20
-67
-100
-144
-199
-239
-280
-317
-347
-367
-387
-409
-414
-418
-415
-402
-386
-358
-335
-298
-248
-205
-159
-109
-55
-1
58
120
158
209
263
288
324
359
383
404
422
433
436
435
421
400
376
349
321
284
246
203
155
111
56
7
-33
-89
-134
-172
-214
-243
-273
-305
-322
-333
-344
-351
-346
-336
-330
-314
-294
-280
-253
-215
-187
-159
-121
-83
-48
-9
30
59
83
106
141
160
170
196
210
212
221
225
215
205
193
186
179
168
152
132
114
90
70
50
27
14
-1
-25
-46
-57
-64
-83
-97
-100
-109
-112
-112
-119
-120
-113
-108
-104
-96
-89
-85
-73
-56
-51
-44
-29
-8
4
11
27
34
48
56
61
80
76
75
88
92
88
89
90
80
78
72
70
67
45
37
33
17
3
-2
-10
-24
-42
-47
-52
-64
-76
-85
-89
-94
-96
-91
-89
-85
-79
-74
-62
-56
-48
-31
-15
2
12
18
26
36
51
64
68
62
55
60
65
66
53
29
7
-4
-15
-27
-42
-66
-101
-130
-135
-152
-169
-181
-203
-209
-214
-219
-209
-196
-175
-152
-137
-107
-52
-8
36
94
136
186
264
342
397
442
503
554
587
629
666
692
693
688
705
659
577
556
536
449
337
252
150
23
-64
-120
-248
-415
-519
-580
-661
-754
-817
-875
-959
-1014
-985
-956
-981
-984
-947
-898
-845
-750
-625
-551
-491
-377
-236
-121
-11
124
231
287
367
504
614
663
687
725
755
767
804
834
800
717
667
641
595
537
468
373
257
174
130
67
-23
-108
-194
-274
-319
-346
-387
-444
-486
-519
-529
-514
-499
-481
-484
-473
-419
-369
-322
-257
-209
-171
-111
-30
56
108
168
244
287
324
379
425
455
473
494
504
495
489
478
445
405
377
339
258
179
125
62
9
-67
-170
-265
-362
-421
-444
-494
-588
-683
-733
-748
-726
-714
-734
-758
-758
-693
-584
-505
-462
-389
-268
-165
-41
123
273
390
513
691
836
947
1078
1236
1386
1438
1467
1525
1591
1641
1655
1640
1478
1217
1120
1187
1113
783
435
198
-25
-191
-264
-468
-913
-1335
-1452
-1417
-1548
-1786
-1960
-2115
-2270
-2247
-2054
-1968
-2085
-2137
-1957
-1738
-1556
-1312
-1064
-944
-868
-588
-155
153
298
466
671
825
1023
1344
1585
1559
1486
1600
1765
1812
1808
1798
1665
1458
1405
1462
1359
1108
914
775
569
377
290
164
-89
-344
-495
-596
-747
-894
-958
-1053
-1248
-1347
-1298
-1288
-1347
-1356
-1348
-1405
-1365
-1190
-1078
-1079
-1099
-1030
-833
-641
-551
-468
-374
-289
-141
121
319
324
357
540
747
886
987
1122
1230
1246
1338
1572
1699
1679
1729
1830
1825
1831
1979
2083
1990
1839
1787
1793
1777
1736
1722
1446
787
538
930
995
325
-291
-543
-869
-1069
-873
-945
-1773
-2619
-2594
-2099
-2125
-2604
-2834
-2886
-3096
-3079
-2523
-2139
-2459
-2745
-2385
-1870
-1616
-1335
-930
-781
-870
-599
117
607
653
717
978
1150
1282
1707
2142
2046
1703
1747
2043
2118
2060
2067
1853
1383
1216
1436
1423
996
615
414
91
-222
-198
-251
-785
-1330
-1462
-1467
-1645
-1877
-2095
-2289
-2407
-2441
-2346
-2234
-2357
-2533
-2278
-1806
-1671
-1678
-1424
-1043
-749
-465
-19
485
737
853
1312
1991
2339
2521
2968
3313
3321
3515
4124
4648
4562
4124
4099
4442
4478
4417
4666
4104
2384
1921
3290
3523
1729
328
65
-498
-1116
-794
-773
-2499
-4535
-4572
-3362
-3454
-4801
-5343
-5184
-5687
-6062
-5108
-4120
-4661
-5527
-5069
-3937
-3336
-3009
-2343
-1857
-2007
-1803
-455
893
1034
795
1257
1889
2166
2772
3686
3753
3024
2905
3667
4169
3973
3683
3486
3054
2667
2824
3111
2684
1670
1070
1069
877
364
79
-187
-954
-1771
-1988
-1880
-2176
-2772
-3047
-3299
-3930
-4173
-3463
-3038
-3781
-4328
-3838
-3346
-3255
-2750
-2091
-2262
-2590
-1821
-506
23
-91
209
904
1339
1800
2686
3388
3373
3314
3887
4661
5075
5133
5253
5515
5650
5545
5447
5711
5705
5138
5031
5287
3983
1946
2496
4076
2836
118
-654
-513
-1501
-2083
-1626
-2248
-4766
-6458
-5396
-4114
-5129
-6929
-6948
-6340
-6954
-7210
-5816
-4825
-5768
-6496
-5275
-3625
-3158
-3040
-2174
-1445
-1529
-1039
785
2108
1836
1522
2336
3290
3646
4107
4738
4603
3867
3942
4852
5212
4642
4035
3748
3479
3337
3240
3018
2324
1142
563
919
454
-1450
-1956
-1384
-2784
-4162
-3258
-3223
-5373
-5665
-4275
-4878
-5961
-5185
-4324
-4883
-5214
-4203
-2996
-2792
-2817
-1803
-817
-680
-72
1464
2430
2607
3130
3888
4583
5474
6053
6310
6874
7085
7127
7499
7799
7721
7375
7265
7365
7358
5402
3186
4407
5875
3870
777
148
16
-1344
-1842
-1534
-2480
-5595
-7631
-6220
-4707
-6385
-8781
-8469
-7788
-8814
-9123
-7453
-6553
-7719
-8431
-7129
-5254
-4525
-4414
-3766
-2827
-2458
-1831
-32
1529
1627
1286
2038
3409
4181
4628
5326
5406
4787
4921
5973
6547
5999
5263
4852
4733
4653
4366
4282
3642
1250
-213
1543
1907
-1168
-2787
-2317
-3738
-5034
-3040
-2965
-6605
-7907
-5947
-5081
-5812
-5646
-5068
-5714
-6175
-4286
-1866
-1936
-2836
-1692
-7
372
1476
3633
4225
3557
4136
5830
7029
7781
8006
7873
8016
8193
8508
9044
9381
8717
7923
7053
4963
4837
7083
6669
2710
44
523
401
-899
-1161
-1519
-4419
-7712
-7300
-5076
-5530
-8394
-9778
-9280
-9450
-9999
-9250
-7807
-8120
-9921
-10005
-7542
-5336
-5335
-5734
-4780
-3770
-3314
-1651
861
1553
581
735
2727
4477
4955
5407
5883
5487
5159
6212
7621
7469
6352
5675
5479
5715
5861
4051
2611
3861
3033
332
-47
-293
-2507
-2660
-944
-3400
-6599
-5696
-4808
-5718
-5629
-5293
-6525
-7270
-5861
-3715
-3745
-4798
-3733
-1994
-1676
-1302
889
2511
2012
2148
4063
5593
6246
6828
7250
7896
8259
8426
9144
9870
9701
8723
8701
9374
7616
5016
6236
8093
5578
1504
1055
1909
-125
-1555
-1255
-2488
-5544
-7637
-6856
-5739
-7144
-9750
-10377
-9572
-9882
-11032
-10311
-8548
-9449
-11059
-9917
-7391
-6415
-6712
-6102
-4887
-4292
-3349
-1237
376
535
499
1597
3218
4296
5102
5783
5870
5722
6194
7065
7771
7498
6798
6396
6556
5453
3107
5146
6483
2153
-235
1154
350
-2380
-923
-107
-4433
-7001
-5312
-3674
-4776
-6187
-6109
-6144
-7016
-5979
-3390
-3507
-4921
-4161
-2311
-1482
-512
1282
2032
1856
2556
4049
5940
7324
7097
7182
8235
8904
9024
9759
10802
10486
9330
9305
9808
7169
5313
8119
9048
4747
790
1709
1928
-485
-1071
-1367
-3596
-7066
-8439
-6730
-5873
-8367
-11427
-11351
-10141
-11040
-12129
-10366
-9167
-11315
-12504
-10151
-7274
-7077
-7847
-6750
-5191
-4792
-3540
-876
532
94
171
1990
3834
4851
5518
6107
6172
5851
6757
8289
8866
7824
7175
5905
3751
6050
8402
5928
1626
-173
641
606
1098
417
-2599
-5516
-6425
-4102
-2425
-4127
-6708
-7329
-6943
-5907
-4277
-3880
-4178
-4398
-4472
-3379
-525
1655
1412
764
1743
3340
5068
7008
7725
7720
7462
7920
9475
10805
11156
10924
10852
10586
10377
7861
6083
9287
10922
6606
1487
2003
2868
589
36
-138
-2533
-6922
-8992
-6658
-5001
-7740
-11872
-12386
-10992
-11594
-12885
-11433
-9777
-11902
-14199
-12262
-8327
-7331
-8736
-8497
-6612
-5706
-4772
-2072
57
-145
-797
592
3305
5017
5542
5994
6085
5904
6718
8584
9681
8803
7464
5040
4985
8479
8482
5773
3073
997
169
1867
3536
-46
-3567
-4262
-4872
-4505
-2888
-3120
-6426
-8471
-7158
-5068
-4819
-4888
-4194
-4585
-5538
-4369
-696
1253
291
-141
1072
2802
4683
6435
7033
6933
6852
7512
9642
11286
11138
10336
10352
11092
12107
11919
7448
5011
9410
11190
6569
2501
2625
2234
-430
-960
199
-1667
-7408
-10231
-7357
-5433
-8878
-12651
-11904
-11111
-13196
-14632
-12322
-9950
-12087
-14715
-13110
-9540
-8529
-9331
-8201
-6143
-6226
-6063
-2827
459
606
-575
727
3495
4688
5457
6960
7422
6535
6895
8749
10438
8702
5016
7257
9987
6848
4439
5649
4401
-20
2024
5022
-149
-4452
-2590
-952
-3460
-5038
-3744
-4550
-7391
-6745
-3948
-4502
-6274
-5616
-3686
-3846
-4406
-2072
18
-126
-241
820
2790
4561
5058
5489
6673
7739
7963
8726
10696
11278
10436
10668
11777
13062
13188
7579
3781
9607
13605
8784
2412
2293
2947
-77
-507
1444
195
-6826
-11754
-8258
-4320
-7420
-12550
-12991
-11845
-13240
-15292
-13327
-10070
-11749
-15638
-15570
-11116
-8257
-9306
-9523
-7664
-7225
-7163
-4060
125
815
-1230
-820
2214
4339
5596
7094
7550
6263
5993
8678
9479
7249
7445
9237
8464
4747
4062
6859
5478
2033
2429
3323
-537
-3396
-186
1206
-3000
-5590
-4052
-3443
-4641
-4816
-3712
-4246
-5801
-4658
-2575
-2349
-2614
-1903
-813
183
1035
2223
3408
4198
4497
4969
7100
8238
7936
8626
9573
10181
11111
11520
12437
12411
6361
3546
10221
14393
8678
1953
2423
2560
625
1036
1990
33
-6838
-11132
-7860
-3937
-6321
-11581
-12912
-12097
-13462
-14871
-12002
-9532
-12422
-16044
-15418
-11351
-8429
-8606
-9265
-8944
-8478
-6972
-3769
-376
222
-1685
-1571
828
3444
5891
7326
6336
3907
4172
7926
9637
7788
7034
7223
5772
4182
5809
7681
5128
1925
1589
2441
1443
-140
548
593
-2133
-4152
-2579
-1181
-2468
-3470
-3582
-3871
-3711
-2534
-1401
-1182
-1953
-2193
-428
1491
2033
2091
2983
3485
3547
5151
7109
7727
7133
7417
8773
9851
10788
11107
12300
10466
3918
4194
11769
13549
6410
1524
2454
1734
378
1353
2559
-1112
-8756
-10914
-6572
-3835
-7218
-11609
-12373
-12349
-14060
-14295
-10509
-8955
-13077
-16665
-14730
-10088
-8039
-8541
-8866
-8763
-8806
-7021
-2700
325
-573
-2550
-1419
1417
3287
5477
7143
4893
1527
3977
9265
8867
5676
5919
6253
4029
3899
7221
7584
3258
540
1904
3166
1788
918
1478
111
-2579
-2529
-301
130
-1278
-2422
-3057
-2759
-1305
-137
238
-301
-1301
-721
1542
3322
3342
3255
3815
4053
4807
6629
8151
7995
7869
8727
10006
11745
9088
3880
5969
12052
11319
4991
2970
4240
2610
950
2010
2736
-1500
-7380
-7726
-4495
-4040
-7769
-10855
-10540
-10369
-12820
-13535
-10390
-9240
-12321
-15096
-13479
-9745
-8630
-9410
-9114
-8267
-8291
-7158
-3731
-1154
-1879
-2996
-1363
934
2241
3868
5146
3469
1604
4311
7869
6849
4457
5137
6000
4337
3823
6272
6608
3116
1204
2864
3644
1671
823
1826
1014
-1346
-1413
299
416
-609
-1305
-1641
-1627
-732
321
269
-64
-349
165
1719
2935
3232
3113
3683
3971
4570
6427
7419
6998
7350
9206
10265
10940
8729
3661
4730
10972
12060
6139
2351
3085
1890
-272
2229
5209
-507
-9153
-9472
-4333
-3357
-7035
-9357
-9930
-11697
-14361
-13127
-8409
-8093
-12952
-15930
-13750
-10228
-8831
-8415
-7776
-8753
-10227
-7894
-3131
-608
-1684
-2959
-2038
-519
1058
4379
7072
3584
219
3396
6380
6128
6146
7006
4638
1165
2642
6176
7262
4462
957
757
1254
1482
2594
2811
681
-2358
-2761
-189
1536
819
-528
-1748
-2462
-1167
1265
2460
1511
-11
446
1895
3570
5353
5572
4873
4169
4677
7028
9127
10307
10117
9990
10480
6196
3331
9054
13659
10101
3435
1873
3068
2686
2812
3206
1590
-4006
-8461
-6659
-2887
-3461
-8039
-11032
-11406
-11397
-11978
-10963
-9038
-10639
-14003
-15122
-12542
-8796
-7897
-9231
-10386
-10318
-8586
-5574
-2911
-2213
-3638
-4260
-2294
409
2702
3947
3609
1857
975
3736
7235
6913
4567
3869
4301
3802
4032
6171
6016
2694
714
1851
3047
2528
2107
1611
-64
-1182
-348
878
945
228
-838
-1755
-1107
730
1460
1014
226
-65
957
2740
3908
3709
3770
4012
4475
5653
7108
8477
8395
8456
9096
11175
9906
3960
5578
11382
11411
6325
3615
4301
2217
1574
2575
2828
-40
-6051
-7652
-5361
-3741
-5918
-9223
-10233
-10804
-12112
-12792
-10434
-9415
-11592
-13710
-14030
-11535
-9061
-8473
-8996
-9465
-9146
-7692
-5192
-2917
-2438
-3187
-2521
-976
512
2806
4594
3607
1441
2191
5145
6237
5404
5028
5000
4008
2898
4465
6489
4972
2127
1302
2004
1901
1825
2384
1529
-450
-1106
-204
375
722
622
-468
-1308
-686
1097
2133
1844
1239
1593
2500
3581
4898
5557
5531
5456
6548
7888
9469
10935
12262
9952
2401
3767
12694
14097
7552
3313
4322
2327
1103
3819
5522
1677
-6899
-9293
-5250
-2256
-4724
-9318
-10316
-11047
-13365
-13864
-9916
-7663
-11400
-15689
-15877
-11923
-8689
-8137
-8795
-10049
-10912
-9540
-5460
-1855
-1797
-3925
-4438
-2912
76
3503
5420
4129
807
285
3651
7688
7628
5022
4532
3903
2154
3862
8325
7507
2070
-33
1617
2761
2963
3604
2474
-782
-2340
-628
1534
1793
1034
-683
-2545
-1832
1067
3058
2641
933
387
1501
3302
5258
6526
6485
5181
4874
6906
10592
12558
12982
11280
2605
1039
12087
17365
10349
3161
3748
2255
26
3671
7335
4291
-6266
-11366
-6952
-2237
-3058
-7747
-10265
-11847
-14400
-15295
-10790
-6217
-9624
-16051
-18142
-14130
-9105
-7385
-7914
-9807
-11993
-11855
-7204
-1705
-449
-3548
-5788
-4057
-1280
2133
5831
5835
714
-2748
2337
8671
7829
4882
5097
4549
1174
2615
9224
9542
3139
-87
1571
2940
3357
4751
4418
251
-2541
-618
1820
2577
2539
779
-2444
-2970
763
3812
3288
1283
285
701
2351
4737
6153
6509
5300
4150
5869
9563
11939
12878
11420
2532
-177
11230
17329
10165
3127
4104
2865
-533
2782
7866
5418
-5363
-11028
-6901
-2183
-2599
-6779
-9195
-10769
-13736
-15237
-10944
-5561
-8103
-15006
-18104
-14393
-9108
-7298
-7506
-9046
-11548
-12304
-8235
-2439
-743
-3468
-5678
-4462
-2709
70
4941
6122
676
-3152
1841
7554
6485
4516
5517
4683
1070
2247
8262
9236
3906
665
1965
3017
3263
4802
4977
1336
-1555
-143
1968
2734
3150
1889
-1451
-2586
664
3908
3674
1956
1101
1203
2426
4534
6525
6857
5891
5080
6114
9516
12241
13700
7825
-902
4878
15512
13700
4859
3945
6020
753
-910
4250
7623
1379
-8537
-8983
-4589
-2883
-5677
-8262
-8328
-10831
-15075
-15190
-8874
-5952
-10534
-15717
-16438
-12387
-9169
-7934
-7687
-9242
-11369
-11015
-6855
-2395
-1791
-4355
-4512
-3514
-3410
470
5652
3964
-2178
-1214
4770
5382
3487
4987
6365
3248
428
3873
8430
6833
2713
2225
3195
2611
3293
5559
4706
1201
77
1330
2016
3115
4411
2241
-1154
-564
2605
4117
3691
2793
2545
3156
3529
4537
7214
8315
6683
6405
8808
12753
9923
615
3638
14652
13519
3622
2276
7433
4540
-46
2260
6112
2564
-6523
-8037
-3089
-1346
-5749
-9712
-8386
-8134
-11862
-14190
-10247
-7162
-10499
-14141
-14346
-11612
-9579
-8977
-8644
-9570
-10332
-9297
-6753
-4399
-3524
-4327
-4583
-3332
-2606
-771
2919
3476
-916
-2140
3480
6322
3082
1809
5047
5552
1351
1755
7288
7413
2301
1117
3932
4055
2402
3481
4560
2341
395
1287
2391
2485
2974
2711
471
-301
2259
4382
3653
2333
2809
4128
3880
4265
6619
7806
7294
6667
8316
12292
12158
2961
110
11884
16114
6555
1555
6326
6040
-424
749
6267
5005
-3985
-8855
-4983
-2131
-3858
-7762
-8830
-7883
-10779
-14289
-12158
-7189
-7924
-12708
-14859
-13272
-10399
-8844
-7943
-8571
-10308
-10376
-8336
-5413
-3508
-3232
-4253
-4633
-3846
-2142
1579
3955
1179
-2459
-7
4847
4210
1890
4053
6087
2471
-241
4434
8534
5369
1555
2706
3994
2631
3107
5379
4652
1657
770
1711
2594
3934
4427
2060
-312
1075
3637
4097
3498
3524
3821
3200
3610
5415
7236
8131
7403
6981
9743
12423
4528
-1293
9751
16989
7946
-324
4497
7391
1138
-33
4762
5490
-2921
-9124
-5426
-1520
-2723
-7773
-9814
-8174
-9440
-13020
-12550
-7540
-7612
-12379
-14505
-12659
-9658
-8889
-8291
-8359
-9787
-9891
-7995
-5208
-3338
-3103
-4391
-4366
-3220
-2182
1013
3840
2219
-2089
-1309
4497
5728
2497
2396
5482
4034
-194
2633
8378
6785
1199
995
3918
3485
2744
4439
4478
1859
531
1322
2326
3359
3983
2177
-413
289
3205
4333
3221
2697
3196
3420
3983
4918
6565
7967
7069
6402
8811
13124
8725
-1489
3986
16109
12818
1724
2169
8227
3581
-1266
2675
6951
2066
-7551
-7854
-2765
-1662
-5689
-9198
-7944
-8041
-11965
-14211
-9715
-6106
-9673
-13678
-14267
-11546
-9211
-8396
-8038
-9131
-9956
-9561
-7390
-4629
-2832
-3298
-5081
-4686
-3260
-1043
2276
3593
231
-2926
751
5315
4084
1745
4530
6351
1101
-617
5992
9453
4428
679
3196
4274
2679
3641
5895
4704
1391
646
2124
3525
4590
4245
1720
106
1353
3790
4751
3626
3283
3699
3571
3304
4984
8483
8659
6785
6707
10735
9788
-649
2296
15622
14203
1628
-462
7631
5116
-956
2033
6733
2841
-7752
-8533
-2440
-811
-4507
-9310
-8993
-8035
-10690
-13325
-9945
-5909
-9284
-13688
-14252
-11114
-8717
-8344
-7662
-8959
-10392
-9690
-6946
-4226
-3043
-3559
-5265
-4777
-3245
-1322
1729
3298
641
-3504
-801
5264
4739
782
2658
6453
2148
-1616
4531
9498
4867
-37
2328
4694
3038
2955
5356
5111
1911
786
2227
3604
4536
4491
2478
542
1525
4145
5032
3867
3356
3908
4298
3963
4920
7706
8305
7391
6754
10287
11638
1223
-340
12881
16428
4594
-1395
6367
6692
-191
295
5767
5089
-5376
-9296
-4088
-1009
-3359
-8549
-9425
-8022
-9673
-13325
-11705
-6521
-8053
-12641
-14323
-11943
-9152
-8612
-7695
-8392
-9775
-9599
-7726
-5046
-3264
-3019
-4482
-4567
-3425
-2065
368
2723
2186
-1678
-1660
2925
4509
1787
1592
5783
4512
-928
767
7091
7200
1721
905
3810
3466
2038
3502
5257
3681
1231
935
2434
4111
4525
3172
1429
1640
3042
4098
4296
3845
4027
4753
4397
4044
6171
8190
8592
7714
8236
11167
5813
-913
6997
16332
10598
-54
1879
6703
2837
134
3261
5963
-546
-8738
-7085
-2296
-1659
-5744
-9252
-9116
-9224
-11919
-12681
-8289
-6916
-10715
-14082
-13937
-10564
-8546
-7675
-7819
-9750
-10500
-8906
-6118
-3768
-2718
-3872
-5034
-4348
-2956
-664
2162
3015
-144
-2621
290
4518
4263
1826
3776
5341
1299
-219
4872
8469
4867
879
2151
3929
3470
3611
5033
4672
2404
993
1757
3901
4987
4196
2058
869
2071
3719
4840
4341
3361
3662
4208
4207
4671
7718
8737
6785
6570
9719
10700
1858
521
12511
15234
4592
-1304
5948
7164
134
181
4879
4999
-4297
-9097
-4053
-994
-3225
-8389
-9340
-7969
-9607
-12435
-11816
-7575
-8351
-12139
-13945
-12835
-9815
-8890
-8325
-8948
-10094
-9685
-8304
-5780
-4001
-3483
-4691
-5113
-3515
-2348
-489
2216
2476
-1336
-2398
2474
5498
2791
1072
5153
5578
279
849
7021
8157
2844
964
3850
4459
3309
3951
5367
4164
1681
1444
2874
4303
4695
3525
1723
1390
2689
4139
4609
4044
3541
3514
4228
4093
5114
8021
8471
7127
6800
10013
7068
10
6205
14661
10441
652
1786
7667
3184
-20
3331
5921
439
-7557
-5643
-1521
-1643
-5340
-8340
-7957
-8727
-10812
-11984
-8717
-7043
-10652
-13159
-13315
-10990
-9482
-8685
-8162
-9807
-10548
-9630
-7171
-5107
-4105
-4382
-5767
-5226
-3655
-1667
315
1793
533
-2828
-1325
3345
4430
1789
2364
5325
2624
-78
3777
8197
6257
1839
2294
4344
4178
4131
5411
5665
3495
1713
2304
4305
5382
4638
3141
1908
2163
3463
4650
5046
3864
2987
3654
3979
4340
6278
7888
7070
5689
6975
9822
6393
473
5849
13429
8455
288
2684
7189
2982
-559
2179
4852
535
-6296
-5279
-1878
-2499
-5377
-7855
-7665
-7796
-10051
-11313
-9200
-7726
-9568
-11481
-12323
-11175
-9459
-8554
-8130
-9245
-9762
-8795
-7514
-6077
-4748
-4539
-5585
-5149
-3742
-2938
-1200
832
-29
-2887
-1736
2581
3153
484
1594
4914
2730
-163
2950
6913
5587
2108
2677
4699
4351
3830
4998
5838
4286
2858
3320
4506
5374
5189
4264
3175
3208
4200
4982
5127
4294
4179
4546
4945
4897
5392
7941
7664
5971
7741
9866
4222
-1006
7965
14239
6321
-817
3323
6985
722
-1330
3792
5169
-1706
-7999
-4937
-1710
-2739
-5973
-8067
-7132
-8523
-11083
-11125
-7795
-6617
-9954
-12045
-12065
-10263
-8787
-7614
-7101
-9014
-9672
-8559
-6539
-4746
-3912
-4330
-5341
-4513
-3910
-2783
110
1700
-641
-3744
-1184
2686
2163
540
2535
4329
672
-915
3510
6753
4491
1408
2282
3506
3180
3826
5302
5038
3088
2242
2904
4227
5394
5299
3973
2614
2727
4107
5193
5335
4996
4519
4187
4214
4863
6711
8002
7425
6442
7861
9021
3376
1117
9123
12616
5161
-245
4412
5897
545
-231
3844
4382
-2940
-7442
-4067
-1634
-3007
-6239
-7606
-7506
-8761
-10527
-10234
-7331
-7260
-9980
-11648
-11470
-9645
-8323
-7081
-7255
-9010
-9248
-7950
-6049
-4436
-3371
-4137
-5426
-4397
-2814
-2001
-496
1621
119
-3318
-1334
3101
2585
35
2200
4324
891
-847
3265
6425
3711
830
2509
3658
2545
3001
4887
4788
2475
1552
2894
4203
4476
4253
3707
2377
2207
4184
5009
4314
4358
4732
3957
3631
5319
6569
7106
6933
6322
6998
9066
8583
2687
3091
10530
10055
3182
1982
6442
4575
-675
335
3950
2991
-3768
-6056
-3047
-2809
-4670
-6755
-6930
-7251
-9221
-10543
-9974
-7912
-8087
-9469
-11038
-11552
-9541
-8120
-7558
-8068
-8423
-8220
-8028
-6423
-4379
-3310
-4597
-5100
-3267
-2427
-2236
-815
1576
549
-2475
-660
3180
2115
-336
2837
5016
803
-892
3746
6314
2887
981
3286
3995
2174
2160
4584
4935
2459
1213
2588
4230
3862
3019
3221
2907
2363
3166
4206
4171
4124
4153
3563
3662
5108
6235
6185
6262
6908
7088
8392
8581
3279
2345
9456
11099
4351
1518
5808
4968
-74
149
3874
3785
-2763
-5980
-3679
-2635
-3658
-5998
-7077
-7336
-8528
-10305
-10366
-7919
-7465
-9159
-11369
-11704
-9508
-8376
-7668
-7722
-8534
-8696
-8227
-6650
-4774
-3643
-4252
-4776
-3796
-3062
-2493
-485
1796
338
-2465
-738
2855
2067
173
3155
4780
901
-448
3957
6487
3277
1353
3544
4174
2428
2688
5000
5139
2720
1638
2965
4076
3928
3430
3287
2931
2179
2952
4250
3936
3500
3906
3892
3174
3764
5635
6380
5627
5528
6805
7815
8437
5277
1646
6291
10933
7172
1977
3836
6408
2036
-721
2373
5033
712
-5574
-4599
-1819
-2671
-5279
-6449
-6068
-7400
-9480
-10317
-8623
-6859
-8088
-10404
-11657
-10170
-8555
-8348
-7958
-7910
-8253
-8876
-8140
-5782
-4010
-4146
-5326
-4852
-3353
-2691
-1951
-260
738
-708
-1811
350
2647
1440
857
3498
3622
880
1246
4916
5566
2437
1896
4163
4338
2603
3265
5357
4572
2204
2050
3910
4369
3162
2824
3281
2856
2178
3054
3928
3416
3052
3426
3279
2805
4347
5699
5040
4714
5299
6385
7741
8406
4244
1454
6936
9899
5812
2502
4965
5679
699
-369
3200
4700
49
-4673
-3469
-2351
-3179
-4612
-5132
-5325
-7454
-9279
-9803
-7936
-6442
-7744
-9759
-11241
-10328
-9005
-8001
-7106
-7695
-8827
-9446
-8129
-5849
-4370
-4508
-5470
-5176
-4197
-3464
-2269
576
1438
-1927
-3156
379
2931
1379
1828
4725
2691
-840
1504
6647
6320
2378
2439
4312
3394
2320
4800
6988
4522
1284
1706
4237
4618
3470
3822
3834
1942
879
2850
4867
3956
2762
2814
2487
2273
3824
5717
5335
3985
4111
5341
6347
7803
7444
2732
1971
7389
8481
3848
2874
5893
3607
-925
125
4187
3781
-2164
-4397
-2382
-2553
-4153
-4865
-4365
-4856
-7424
-9938
-9118
-6249
-6119
-7966
-9717
-9901
-9169
-8866
-7337
-6304
-7293
-9002
-9066
-7110
-5271
-4425
-4820
-4887
-4746
-4621
-3208
-1014
744
-375
-2534
-1643
1056
1739
1144
2848
3618
1133
63
3055
5959
4557
2532
2993
3585
3052
3383
5274
5532
3357
1805
2768
4200
4063
3656
3551
2903
1798
1918
3487
4206
3339
2440
2481
2425
2527
3865
4835
3932
3194
4137
5170
5493
6796
7601
3111
139
5415
9030
5084
1881
4299
4069
-356
-626
3355
4683
-653
-4996
-3347
-2140
-3175
-4058
-3860
-4374
-6892
-9336
-8799
-5634
-5145
-7143
-8837
-9752
-9220
-8283
-6579
-5548
-6875
-8709
-8885
-7270
-5328
-3651
-3803
-5087
-5316
-4745
-3307
-1212
751
520
-1820
-2431
-239
1693
1983
2965
3344
1372
272
1919
4707
5499
3933
2513
2376
2852
3359
4606
5565
4325
1955
1449
3255
4394
3905
3299
3012
2250
1478
2378
3944
4194
2972
1636
1920
2705
3169
4207
4507
3535
2933
3707
4983
5791
7076
6209
1360
580
6237
8463
4047
1882
4166
2731
-859
94
4024
3922
-1706
-4621
-3014
-2042
-2855
-3440
-3267
-4668
-7352
-8942
-7399
-4822
-5281
-7118
-8662
-9306
-8809
-7667
-5730
-5299
-7044
-8607
-8150
-6330
-4496
-3451
-4066
-4763
-4779
-4400
-2765
-208
1009
-521
-2050
-1364
540
1796
2254
2965
2375
603
506
2924
5150
4476
2651
1928
2103
2476
3354
4482
4232
2524
1015
1365
3100
3953
3325
2486
1882
1189
1442
2853
3641
2985
1936
1384
1281
2518
3936
3628
3110
2958
2646
2986
4756
6014
5446
5919
5152
966
1118
7035
9121
4173
946
2813
2559
436
1595
4416
2959
-2465
-4547
-2830
-1416
-1660
-2850
-4279
-6223
-7538
-7682
-6248
-4598
-5457
-7742
-9571
-9272
-7516
-6246
-5444
-5909
-7597
-8653
-7364
-4924
-3367
-3145
-4319
-5130
-4538
-2909
-1084
325
914
-743
-2277
-728
1926
2649
2148
2662
2184
608
1142
3571
5098
3927
2041
1495
2064
2918
3513
4154
3729
1827
518
1440
3384
3832
2870
1714
1036
903
1484
2786
3142
2145
1045
761
1066
2081
3532
2956
1690
2115
2514
2528
3771
5576
5012
3954
5006
3761
1412
4006
8286
6631
1478
1545
3834
2625
1353
2737
3667
268
-3440
-2900
-862
-647
-2496
-4208
-5291
-5973
-6295
-6311
-5271
-5300
-7017
-8502
-8583
-7339
-6404
-5902
-6083
-6998
-7698
-7195
-5233
-3653
-3327
-4135
-4749
-4006
-2647
-1490
-858
18
9
-1382
-1373
990
3034
2162
1057
1798
1917
1180
1902
4166
4324
1962
1125
2452
3329
2791
2746
3429
2817
1066
720
2736
3737
2227
940
1110
1397
1025
1407
2291
1812
492
169
1200
1783
1751
2369
2239
1054
1417
3279
3771
3237
3867
4345
3804
4734
6073
4020
2075
4718
7138
4524
1787
3491
4445
1922
583
2206
2935
147
-2351
-1827
-1110
-2191
-3618
-3935
-4124
-5127
-6497
-6796
-5732
-5580
-6541
-7250
-7383
-7132
-6820
-6146
-5536
-5591
-6118
-6088
-5062
-3876
-3162
-3377
-3454
-2603
-2002
-1905
-1131
382
688
-292
-354
1005
1837
1356
1858
2864
2169
1188
1744
3139
3391
2669
2258
1989
1640
1859
2559
2675
2086
1212
467
535
1439
1581
708
331
195
-153
-272
264
1050
816
-132
-335
449
1019
1017
1440
1923
1647
1455
2448
3333
3431
3930
4232
4159
4696
5956
5470
3213
3754
6293
6239
3758
3444
4728
3216
1382
2048
3502
2327
-894
-1636
-787
-1060
-2458
-3298
-3276
-4182
-5560
-6330
-5604
-4881
-5665
-6328
-6799
-6974
-6656
-6045
-5261
-5161
-5771
-6319
-5538
-4204
-3494
-3289
-3458
-3114
-2623
-2331
-1760
-701
165
-272
-799
-131
1062
1247
1020
1882
2203
1378
1031
2070
3105
2380
1668
1937
1968
1612
1763
2444
2146
1188
708
887
1406
1356
817
536
570
426
246
481
752
577
226
184
424
937
1305
1184
1205
1407
1700
2310
2902
3048
3154
3471
3594
4179
5443
6091
4393
2389
3715
6246
6051
3943
3663
3907
2427
1547
2505
3716
2142
-889
-1643
-952
-1039
-2074
-2413
-2660
-4060
-5603
-5982
-4681
-4210
-5171
-5968
-6610
-6826
-6532
-5407
-4543
-4887
-5754
-6281
-5499
-4179
-3218
-3113
-3570
-3445
-3017
-2562
-1774
-615
-228
-980
-1247
-440
759
1235
1071
995
1169
1344
1097
1648
2904
2607
1075
979
2282
2391
1467
1931
2827
1501
-24
1174
2658
1591
284
769
964
101
48
1145
1385
124
-434
279
650
506
921
1556
1000
107
775
2386
2694
2185
2685
2826
2330
2984
4420
5223
5287
4805
3323
2659
4298
6294
5986
3830
2925
2891
2391
2283
3158
3489
1255
-1313
-1741
-713
-374
-1388
-2140
-3154
-4633
-5341
-4792
-3661
-3876
-5195
-6521
-6806
-5998
-5334
-4735
-4688
-5443
-6503
-6455
-4791
-3458
-3253
-3916
-4378
-4138
-3512
-2371
-1259
-812
-1599
-2415
-1691
-77
1041
933
866
635
-135
606
2357
3051
2299
1536
1275
1224
2124
3127
3008
2018
1376
1351
1253
1847
2728
2133
547
-34
664
1121
1059
1010
793
37
-645
-177
779
1142
689
171
183
405
921
1682
2273
2075
1741
2107
2554
3190
3823
4265
4349
4104
4317
4058
3652
4267
5398
5340
3587
2771
3163
3227
2615
2273
2505
1293
-552
-1017
-369
-281
-1549
-2688
-3290
-3708
-4167
-4379
-4189
-4556
-5154
-5825
-6064
-5548
-5255
-5173
-5324
-5534
-5760
-5584
-4759
-4135
-3840
-4134
-4330
-3809
-3073
-2327
-1984
-1779
-1578
-1555
-1287
-319
738
687
383
660
1164
1471
1434
2069
2757
2156
1444
2050
2782
2342
2212
2716
2417
1476
1258
2065
2366
1628
1015
1053
989
605
702
1006
799
96
-222
154
276
216
385
396
82
109
776
1214
1111
1128
1549
1779
1883
2448
2986
3020
2881
3335
3959
4128
4485
4390
3567
3136
3702
4699
4511
3396
2455
2117
2073
1649
1571
1341
272
-1015
-1937
-1954
-1851
-2267
-3066
-3854
-4582
-5261
-5065
-4626
-4689
-5321
-6117
-6161
-5968
-5520
-4869
-4777
-5153
-5461
-5109
-4399
-3486
-2940
-3094
-3133
-2943
-2336
-1539
-756
-278
-581
-773
-267
579
1086
1413
1755
1554
1413
1846
2652
2995
2594
2582
2722
2460
2470
3086
3095
2230
2096
2337
1963
1623
2029
2139
1076
524
949
985
406
246
558
63
-537
-298
175
176
-254
-283
-194
-165
138
621
823
514
555
956
1430
1823
2069
2280
2076
2099
2606
3293
3740
3753
3643
2888
2482
3013
3629
3786
3095
2272
1509
1257
1376
1362
1274
164
-1079
-1825
-2049
-1680
-1807
-2547
-3713
-4384
-4516
-4494
-4226
-4362
-4556
-5241
-5825
-5352
-4766
-4360
-4445
-4568
-4660
-4712
-4043
-3177
-2590
-2817
-3093
-2740
-2220
-1434
-850
-543
-587
-676
-290
344
1143
1503
1519
1450
1521
2052
2570
3012
2974
2596
2470
2603
2939
3132
3225
2831
2208
2182
2361
2413
2301
2113
1310
477
867
1276
814
248
168
-278
-944
-543
-141
-545
-983
-1012
-1096
-1220
-683
-192
-441
-762
-429
8
48
338
860
1128
1097
1199
1687
2079
2249
2383
2632
2866
2971
3216
3255
2933
2840
3034
2913
2607
2575
2359
1613
1018
1100
1124
516
-308
-680
-950
-1712
-2141
-2035
-2254
-3021
-3645
-3686
-3725
-3935
-3999
-3893
-4131
-4661
-4509
-3995
-3769
-3731
-3783
-3761
-3632
-3216
-2710
-2363
-2138
-2134
-2022
-1609
-1050
-538
-233
-41
73
229
641
1218
1567
1622
1650
1684
1918
2325
2592
2649
2447
2077
1964
2326
2612
2458
2074
1529
1163
1291
1510
1463
1041
505
174
-33
121
304
7
-429
-735
-873
-841
-606
-531
-811
-1008
-1084
-1001
-742
-462
-357
-556
-541
-198
118
374
565
638
690
880
1249
1726
2020
1916
1806
2129
2575
2782
3026
3255
2853
2299
2653
3237
2939
2512
2549
2114
1272
1162
1584
1422
535
-225
-464
-839
-1335
-1279
-1236
-1963
-2860
-3068
-2892
-2880
-3012
-3166
-3408
-3783
-3789
-3443
-3168
-3014
-3147
-3367
-3316
-2962
-2550
-2262
-2072
-2137
-2142
-1881
-1489
-1010
-696
-641
-718
-572
-81
405
638
774
882
860
1021
1443
1746
1808
1724
1515
1437
1810
2099
1905
1698
1569
1266
1053
1296
1528
1184
623
384
371
222
188
312
65
-505
-842
-651
-472
-612
-797
-982
-1209
-1307
-974
-627
-710
-888
-866
-695
-513
-133
368
501
393
448
762
1255
1680
1886
2004
2160
2166
2260
2793
3225
3181
3077
3141
2943
2602
3029
3629
2961
1904
2080
2461
1772
1238
1474
1194
209
-411
-283
-292
-977
-1515
-1673
-2131
-2692
-2765
-2689
-2958
-3390
-3697
-3780
-3731
-3632
-3475
-3527
-3821
-3894
-3611
-3240
-2927
-2875
-2948
-2738
-2414
-2100
-1671
-1312
-1178
-1077
-835
-448
7
286
461
598
695
987
1260
1456
1716
1782
1646
1653
1895
2006
2025
2091
1975
1726
1600
1712
1769
1616
1409
1169
935
874
865
630
426
261
-23
-200
-224
-193
-325
-538
-681
-837
-842
-689
-614
-770
-830
-662
-624
-530
-311
-159
-179
-207
73
399
623
780
936
967
932
1323
1645
1672
1766
1918
2000
1901
2115
2495
2551
2365
2219
2288
2164
2125
2359
2343
1812
1217
1354
1424
933
561
517
311
-561
-994
-711
-792
-1525
-2211
-2182
-2349
-2782
-2887
-2870
-3037
-3556
-3703
-3484
-3393
-3438
-3420
-3230
-3319
-3343
-3033
-2597
-2345
-2490
-2387
-2007
-1665
-1369
-1104
-842
-694
-497
-223
110
480
711
797
842
1072
1429
1646
1704
1811
1900
1847
1941
2171
2273
2066
1857
1962
1912
1678
1697
1739
1310
879
924
932
650
385
345
176
-206
-334
-255
-400
-711
-722
-649
-890
-1091
-932
-723
-828
-992
-889
-691
-618
-610
-484
-303
-169
-114
-14
198
334
472
605
669
857
1202
1362
1184
1240
1627
1820
1741
1761
1986
1997
1815
1845
2051
2074
1919
1876
1672
1302
1302
1513
1335
754
445
454
234
-143
-245
-307
-864
-1381
-1382
-1321
-1566
-1927
-2076
-2227
-2515
-2633
-2484
-2416
-2653
-2835
-2789
-2661
-2600
-2524
-2217
-2070
-2236
-2221
-1836
-1491
-1387
-1218
-1021
-889
-734
-418
-33
125
176
283
443
669
906
1024
1058
1112
1110
1142
1325
1475
1418
1280
1288
1365
1287
1114
1180
1324
1050
699
742
815
561
371
446
315
-46
-137
29
-118
-400
-335
-342
-591
-661
-468
-442
-612
-604
-477
-369
-387
-395
-236
-130
-148
-159
20
157
110
169
325
408
353
414
607
608
539
659
834
800
787
901
977
1002
963
1010
1093
1102
1120
1169
1152
1040
1111
1215
1162
1142
1147
1070
885
835
893
840
718
567
413
180
61
96
-27
-285
-554
-726
-830
-954
-1084
-1189
-1337
-1654
-1835
-1734
-1731
-1902
-1992
-2044
-2158
-2153
-2013
-1880
-1900
-1976
-1887
-1753
-1629
-1458
-1281
-1214
-1205
-1068
-853
-570
-365
-322
-244
-123
37
251
457
564
578
593
653
816
967
1015
1007
982
877
729
853
1069
941
648
609
602
342
374
679
541
56
-67
203
152
-47
97
181
-128
-343
-60
165
8
-114
-15
50
-45
31
263
269
132
134
259
323
385
474
457
393
412
524
602
617
627
621
625
605
635
745
811
769
675
684
730
769
810
725
631
671
742
688
575
612
658
523
397
431
518
460
301
237
251
202
69
19
40
-55
-212
-297
-300
-339
-467
-609
-710
-758
-865
-991
-1044
-1128
-1223
-1291
-1368
-1457
-1539
-1572
-1569
-1612
-1653
-1593
-1535
-1567
-1581
-1497
-1396
-1332
-1260
-1179
-1099
-1016
-909
-732
-588
-505
-413
-285
-131
-26
132
354
426
386
516
730
821
853
889
995
1071
1038
1041
1110
1141
1103
1083
1058
1066
1093
985
884
879
837
754
694
709
649
481
417
481
463
347
343
300
170
126
142
179
100
33
72
49
6
8
59
5
-71
-58
-47
-3
-28
-24
73
70
-5
-2
128
170
160
211
179
122
157
300
332
226
262
326
248
186
281
326
202
111
140
176
123
26
-24
-45
-115
-189
-219
-265
-304
-342
-414
-498
-542
-506
-510
-599
-699
-742
-699
-683
-727
-740
-720
-746
-795
-750
-640
-655
-733
-702
-601
-543
-527
-494
-465
-444
-405
-323
-228
-175
-135
-127
-90
15
77
120
186
183
153
226
312
313
340
378
339
287
331
442
425
309
291
309
260
261
309
256
137
73
89
97
58
21
18
-14
-88
-96
-32
-4
-45
-76
-43
-38
-72
-63
-5
50
14
-22
31
104
109
66
158
267
215
161
264
358
285
253
311
348
369
373
397
429
437
434
444
436
395
417
453
436
380
345
379
379
318
247
242
237
178
126
80
89
92
41
11
-12
-43
-32
8
-41
-72
-28
-48
-94
-101
-62
-95
-176
-180
-183
-195
-216
-225
-300
-380
-334
-327
-389
-428
-410
-442
-572
-611
-540
-504
-596
-654
-582
-589
-670
-653
-553
-567
-663
-635
-570
-568
-589
-572
-530
-507
-445
-393
-392
-355
-311
-314
-240
-109
-83
-122
-73
51
84
67
131
229
230
206
280
342
355
361
406
450
411
394
480
527
453
456
565
549
463
467
572
590
481
526
613
531
461
543
638
569
495
520
530
486
440
507
517
400
368
424
415
310
293
351
318
219
154
174
150
84
83
71
-3
-91
-70
3
-37
-117
-164
-189
-193
-175
-188
-220
-237
-297
-337
-335
-330
-321
-354
-416
-452
-433
-447
-477
-450
-452
-501
-543
-515
-463
-495
-510
-473
-476
-501
-491
-447
-407
-421
-463
-431
-339
-321
-359
-347
-285
-258
-280
-255
-174
-155
-200
-177
-109
-82
-67
-46
-31
22
72
60
54
127
201
202
187
253
321
306
329
395
408
400
430
478
483
451
451
490
486
419
413
452
398
304
302
362
312
192
169
230
202
82
71
125
91
-4
-51
-35
-34
-55
-85
-115
-156
-173
-160
-167
-155
-136
-147
-203
-232
-168
-101
-96
-148
-149
-106
-107
-78
-16
15
-20
-54
-15
19
38
76
112
75
32
71
103
75
67
100
83
27
22
71
73
12
18
19
-35
-47
-7
-2
-64
-77
-44
-38
-62
-77
-43
-58
-105
-119
-94
-49
-63
-96
-93
-68
-66
-64
9
46
-15
-52
-6
34
28
38
50
19
-30
-19
53
73
17
-27
-31
-30
-45
-65
-44
-55
-129
-146
-96
-87
-118
-122
-130
-145
-145
-122
-93
-128
-170
-150
-102
-110
-155
-105
-65
-123
-132
-86
-45
-33
-42
-39
-24
-5
10
16
14
35
72
70
72
90
100
120
137
112
117
193
207
153
147
175
181
167
184
186
147
147
168
146
115
139
144
87
52
68
96
62
32
57
58
23
20
75
46
-26
-15
6
2
4
42
34
-19
-4
19
-11
-15
35
22
-38
-44
-32
-28
-64
-98
-91
-101
-94
-80
-87
-107
-144
-164
-168
-160
-153
-158
-186
-223
-196
-172
-208
-212
-197
-211
-230
-204
-154
-146
-166
-130
-63
-82
-120
-78
-46
-63
-68
-29
11
-5
-3
53
75
44
65
128
106
73
109
122
106
135
176
136
89
120
161
149
119
140
154
145
150
147
137
105
81
73
83
103
88
85
81
30
34
106
129
82
61
95
91
52
62
93
64
24
60
107
79
39
41
36
16
29
85
96
37
12
55
56
13
-3
1
2
-8
-17
-30
-47
-62
-99
-120
-108
-102
-121
-151
-178
-217
-231
-222
-214
-187
-165
-165
-190
-216
-217
-222
-221
-204
-170
-128
-111
-117
-129
-99
-60
-67
-86
-79
-29
8
6
30
64
53
26
40
64
74
95
107
107
82
66
83
100
125
126
109
104
101
78
76
120
99
43
46
99
110
60
51
68
56
44
56
73
46
17
19
40
59
53
38
42
60
39
21
53
79
65
18
7
17
17
25
-11
-59
-68
-83
-128
-124
-79
-78
-107
-131
-103
-72
-101
-123
-119
-111
-105
-86
-70
-78
-85
-78
-42
-10
-1
11
23
30
31
43
88
128
108
71
94
125
112
108
141
160
130
124
182
208
144
92
108
103
81
102
111
65
25
9
-8
-12
-5
-4
-31
-63
-59
-61
-87
-92
-89
-123
-158
-141
-95
-76
-97
-122
-155
-155
-109
-58
-28
-35
-52
-73
-56
-6
16
15
-5
-7
7
14
33
38
38
17
1
17
27
41
12
-38
-66
-75
-32
8
3
-46
-74
-71
-60
-38
-43
-62
-84
-98
-84
-76
-75
-63
-56
-87
-121
-88
-42
-40
-31
6
6
-15
-5
9
5
7
47
64
47
61
76
56
31
44
84
124
140
114
104
117
119
98
96
125
119
97
102
117
107
66
56
66
69
73
73
77
70
61
48
21
6
22
50
31
8
15
13
3
7
31
49
41
29
19
8
4
5
-14
-12
12
2
-10
2
2
-16
-15
0
5
-16
-18
0
-20
-52
-48
-25
-37
-75
-76
-62
-68
-85
-74
-45
-52
-76
-77
-65
-79
-91
-73
-70
-87
-105
-98
-78
-81
-83
-67
-46
-60
-84
-83
-72
-75
-85
-66
-49
-63
-60
-42
-35
-48
-64
-51
-26
-32
-59
-52
-25
-32
-47
-26
4
-7
-30
-33
-17
12
25
41
70
76
85
93
91
97
98
106
125
140
147
143
145
139
131
125
146
164
146
138
145
145
119
94
98
106
96
72
71
72
51
25
20
29
27
5
-12
-17
-23
-37
-46
-42
-43
-48
-47
-43
-50
-66
-81
-86
-89
-83
-75
-82
-89
-106
-114
-108
-109
-113
-110
-99
-84
-74
-66
-66
-65
-55
-28
-17
-37
-30
6
11
-19
-24
6
9
-5
21
48
38
34
38
34
21
6
27
33
4
13
48
60
36
17
42
55
37
32
50
43
26
42
35
22
44
49
9
-35
-12
14
-17
-37
-9
19
-4
-18
-3
0
-10
-18
-20
-12
-3
-4
7
28
28
34
33
26
42
51
62
65
51
56
55
33
24
31
32
35
37
25
2
-9
-5
-11
-23
-15
-10
-31
-55
-63
-62
-72
-80
-61
-51
-67
-71
-70
-88
-102
-82
-75
-98
-107
-82
-67
-79
-81
-68
