0
2
8
6
7
7
7
15
15
12
9
7
4
4
10
12
8
-1
4
-2
-4
0
-9
-2
-1
-6
-4
-5
-1
-3
-10
-10
-5
-5
-10
-10
-6
-5
-10
-6
-8
-15
-12
-8
-7
-8
-4
2
0
-4
6
3
1
10
5
6
7
3
6
8
7
9
5
9
15
15
14
10
8
7
9
11
16
13
5
16
20
17
15
8
12
8
1
7
10
4
5
2
0
4
1
5
3
-3
-3
-10
-15
-7
-6
-10
-3
-13
-14
-3
-11
-13
-17
-21
-16
-18
-16
-16
-18
-22
-24
-24
-21
-20
-23
-22
-24
-14
-13
-12
-3
-4
0
-7
-6
-2
-5
1
-1
1
-1
-2
5
7
12
14
10
9
13
9
5
13
6
5
15
14
8
13
15
5
11
3
-7
8
6
2
3
-1
1
-9
-8
6
5
2
3
-1
-4
-4
0
4
0
-2
2
2
7
9
1
7
8
5
8
1
1
8
0
3
10
5
0
2
8
9
12
12
7
11
13
13
5
-2
1
0
10
9
2
8
2
0
9
4
3
-1
-4
-1
-4
-11
-4
-2
-12
-5
-1
-16
-14
-14
-17
-11
-6
-1
-2
-3
-6
-5
3
2
1
1
3
3
-9
-9
-9
-8
-9
-17
-15
-14
-15
-13
-10
-7
-10
-8
-1
-2
-3
-4
-1
-2
-3
1
4
7
6
7
2
2
4
1
3
-2
-3
5
8
3
7
3
-2
4
3
5
14
18
12
8
10
12
11
10
9
12
5
1
12
9
2
2
2
7
8
4
0
-3
-1
-1
-6
-6
-4
-3
-1
-7
-6
-4
-8
-3
-11
-14
-10
-12
-8
-8
-10
-10
-8
-7
-3
-1
1
2
-3
-8
-9
-7
-7
-6
-4
-6
-4
-5
-6
-2
-2
2
7
0
2
5
7
6
5
-3
-2
9
7
4
6
3
-4
-3
9
13
6
2
-3
-5
-3
4
12
11
2
2
8
4
0
1
-1
-6
-6
-1
-6
-7
-1
-4
-8
-6
-5
-9
0
0
-9
0
5
9
14
14
14
9
6
6
7
13
13
11
9
15
21
11
8
10
11
17
5
6
14
8
7
4
1
-1
2
5
-3
-5
-2
0
3
-4
-5
-2
-11
-9
-9
-10
-6
-13
-5
-9
-13
-2
-5
-11
-13
-10
-7
-15
-8
-7
-16
-8
-7
-5
3
1
-4
-4
-11
-9
-5
-4
3
1
-3
-2
-4
-6
-3
-4
-8
-8
-17
-15
-9
-10
-9
-10
-15
-12
-11
-5
0
-7
-4
0
-9
-10
-6
-14
-11
-2
0
-1
-5
-2
5
-4
-2
4
0
1
1
1
5
4
-1
-2
2
3
3
6
11
13
7
7
2
3
8
5
5
7
16
19
11
15
21
19
12
5
4
6
15
11
6
15
5
4
11
9
4
-3
-1
8
14
13
16
17
14
8
5
9
5
5
7
8
9
4
-8
-9
-8
-15
-18
-13
-2
-1
-9
-8
-12
-13
-4
7
9
7
4
1
7
1
7
10
6
0
-18
-9
-4
-11
-1
-3
-14
-15
-17
-29
-19
-11
-25
-25
-11
-10
-19
-13
-5
-4
3
3
-5
-7
1
-8
-15
-8
-14
-10
-5
-10
-19
-20
-14
-9
3
-4
-15
-2
-1
-12
-5
2
-10
-14
-10
-13
-1
11
9
9
3
2
13
19
14
16
19
12
13
19
14
-13
-20
-6
2
27
26
5
24
38
46
57
39
24
29
31
39
44
30
19
15
4
5
5
-14
-10
3
-9
-14
1
5
-2
1
1
-2
2
7
17
22
12
13
7
-10
-29
-50
-50
-51
-42
-16
-2
9
1
-26
-32
-16
0
5
8
-4
-28
-22
17
37
23
-9
-31
-21
-3
1
0
4
1
7
38
50
48
42
41
52
48
20
14
31
25
27
32
29
38
33
19
10
1
-2
8
0
-18
-42
-64
-32
20
36
24
13
17
28
31
13
-14
-36
-56
-62
-57
-47
-53
-71
-81
-87
-90
-77
-60
-56
-69
-102
-109
-84
-79
-89
-98
-95
-104
-115
-115
-126
-124
-110
-77
-42
-36
-47
-48
-26
-2
15
27
32
46
58
73
86
86
82
70
65
70
66
61
47
45
43
30
40
61
96
130
145
153
154
147
147
191
247
254
219
180
157
150
145
160
187
162
97
73
64
24
-10
-11
10
28
37
51
84
119
118
123
148
148
141
162
177
139
75
23
-17
-79
-141
-185
-255
-342
-433
-517
-586
-626
-617
-597
-597
-594
-574
-523
-458
-407
-339
-274
-242
-187
-130
-127
-119
-102
-89
-29
-3
-41
-64
-84
-139
-198
-224
-220
-188
-165
-146
-97
-51
1
104
184
196
199
227
282
373
413
371
358
392
379
345
357
396
420
427
470
585
711
822
998
1242
1446
1539
1544
1490
1335
1053
905
1033
1046
795
647
678
705
590
339
171
145
291
755
1099
28
-2933
-5552
-5501
-3677
-1857
-645
-704
-2185
-3626
-3437
-1670
251
1343
1951
2429
2400
1732
990
786
935
1072
1382
1478
412
-1529
-2945
-3079
-2515
-2105
-1859
-1646
-1676
-1888
-1810
-993
75
634
1167
2079
2571
2312
1961
1887
1850
1629
1354
1077
530
-410
-1343
-1706
-1668
-1777
-1898
-1686
-1393
-1302
-1126
-541
185
683
1156
1793
2273
2276
1926
1705
1734
1599
1229
880
520
-53
-743
-1170
-1467
-2118
-2559
-2146
-1508
-1119
-886
-841
-815
-534
172
1026
1327
1243
1300
1286
1352
1586
1324
691
341
190
-83
-471
-819
-1106
-1366
-1402
-1174
-1049
-1157
-1161
-838
-341
184
740
1055
986
1003
1233
1367
1449
1466
1212
872
692
578
344
50
-86
-76
-30
50
171
272
357
640
1151
1694
2137
2428
2599
2698
2637
2297
1966
2018
2264
2290
1900
1330
872
412
238
121
-2227
-7051
-10011
-8714
-5662
-3132
-1894
-2645
-4721
-5783
-4050
-549
2258
3525
3994
4292
4081
3077
2247
2253
2259
1940
1710
814
-1539
-4299
-5669
-5189
-4107
-3603
-3503
-3354
-3410
-3507
-2500
-358
1390
2184
2962
4026
4370
3767
3368
3442
3274
2725
1912
917
-380
-2077
-3223
-3197
-2922
-3060
-3161
-2815
-2387
-2171
-1331
315
1865
2767
1802
-653
-2327
-3234
-2206
1759
4097
2821
693
-1586
-2983
-1975
63
1619
2088
1330
369
-285
-612
-265
472
1299
1941
1772
767
-422
-596
418
1585
2879
3930
3711
2929
2854
3507
4398
5368
6261
6485
5639
4401
3797
3572
3243
3246
3091
2059
918
-86
-751
-1515
-6639
-14798
-16448
-11079
-6130
-3384
-2887
-5431
-8429
-8089
-3180
2982
6209
6792
6756
6493
5572
3864
3014
3701
3518
2291
1325
-1140
-5691
-9374
-9756
-7577
-5716
-5557
-5859
-5664
-5561
-5087
-2439
1545
3925
4477
5340
6697
6595
5196
4748
5248
4952
3540
1653
-308
-2471
-4906
-6125
-5287
-4502
-5153
-5683
-4849
-3780
-3246
-1612
1453
3801
4675
5249
6392
7079
6040
4176
1664
-2195
-5353
-5592
-3686
-2085
-2822
-5176
-6883
-7214
-5747
-2533
564
2460
3330
3375
3418
4033
4782
5239
5558
5577
4362
2031
9
-982
-976
-117
939
1266
795
227
258
1518
3656
5362
6441
7303
7582
7349
6986
6671
6729
6721
6417
5786
4011
1801
-159
-1763
-2623
-7139
-16609
-21209
-17024
-11191
-7275
-5602
-7166
-9838
-9741
-4876
2509
7577
9174
9337
9185
8616
6975
5490
5625
5382
3680
1728
-1239
-6113
-10820
-12424
-10754
-8675
-8287
-8776
-8628
-7920
-6839
-4014
690
4399
5596
6487
8235
8910
7872
7248
7654
7300
5590
3053
267
-2353
-5174
-7191
-6930
-6118
-6870
-7895
-7247
-5805
-4737
-2750
790
3082
2011
508
953
1153
1117
3174
5173
4143
1990
534
-1060
-2011
-1417
-650
-628
-835
-993
-1590
-2198
-1574
-101
834
1396
2271
2459
1892
2444
3960
4873
5358
5942
5845
5051
4808
5024
5119
5697
6664
6887
6650
6425
5422
4664
4901
4685
3955
2651
1408
1827
1997
648
-692
-3916
-12084
-20143
-19497
-12268
-6719
-5012
-6060
-9351
-11906
-9664
-3144
3574
7400
8025
7751
7416
6082
4479
4466
6076
6294
4235
1598
-2503
-7812
-11000
-10471
-7989
-6801
-7787
-8916
-8929
-8442
-7138
-3480
1369
4210
4922
6011
7384
7250
6560
7071
8257
8132
5966
3094
336
-2358
-4630
-5377
-4374
-4328
-6291
-7429
-6730
-5904
-6103
-5956
-4458
-4522
-5202
-1648
2680
3320
3777
4460
3319
3120
4554
5473
5394
4348
2914
1362
-307
-1054
-1238
-2075
-2669
-2349
-2564
-3189
-2388
-521
1123
3003
5187
6138
6095
6867
8150
9182
10397
11111
10493
9624
9212
8641
8334
8361
7740
6314
3332
-331
-1947
-1926
-1157
-221
-1986
-8765
-19454
-26435
-22488
-12636
-5523
-3329
-5882
-10415
-11713
-7798
-231
7255
10873
11184
10463
8683
5886
3829
4278
6036
6053
3871
-157
-6258
-11991
-14064
-12188
-8929
-7441
-8373
-9623
-9640
-8681
-6299
-1441
3813
6384
7167
8134
8665
7959
7284
8154
9375
8558
5622
1944
-1593
-4707
-6759
-6620
-5355
-5689
-7419
-8102
-7442
-7452
-7360
-4181
-1455
-2475
-1380
1599
603
72
2725
3700
4465
6577
6046
3481
1709
973
1135
1079
874
821
-779
-2735
-2641
-1900
-1641
-423
1425
2120
2522
3828
4932
5680
7096
8486
9016
9382
9807
10029
9923
9984
10722
10258
8572
7477
5717
3508
2675
2894
2670
1134
-928
-4237
-9356
-15935
-22963
-23723
-16430
-9538
-7435
-8881
-11975
-13449
-10449
-3146
5094
9950
10326
9286
8515
7697
7215
7308
8354
8284
5118
967
-3829
-9285
-12503
-12377
-10380
-9081
-10194
-12174
-12613
-11296
-8611
-4186
1220
4905
5743
6414
8145
9244
9596
10329
11498
10997
7739
3893
570
-2301
-4379
-5493
-5459
-5900
-8307
-10230
-10055
-10396
-11764
-11465
-8003
-3082
-169
1799
3320
1471
1208
5805
9273
10405
10436
7937
4647
2623
1692
1344
399
-872
-1710
-3430
-5291
-5473
-4799
-3378
-550
2518
4047
4305
5363
7120
8547
10509
12698
13278
12538
12449
12628
11648
10980
11044
9591
6901
4761
3625
2699
1524
909
-796
-4507
-8412
-15057
-24163
-27166
-21306
-13147
-8335
-8129
-11199
-14276
-13046
-5928
3318
9794
11980
11085
9532
8543
7741
7902
8944
8776
6526
2543
-2717
-8383
-12561
-13344
-11612
-10160
-10786
-12764
-13658
-12869
-10612
-5963
-57
4241
6017
6910
8403
9715
10404
11578
12843
12531
9937
5861
2096
-1045
-3757
-5066
-5362
-5934
-8527
-11416
-12482
-17739
-21724
-13388
-4593
-876
4067
1981
-4202
-1619
5203
10832
14915
14498
11313
7529
3860
3664
4082
1667
605
115
-3281
-6710
-8042
-8176
-6614
-2520
1270
2249
2363
3268
5209
7742
10744
14276
15315
14271
14758
14516
12920
12881
12874
12168
11021
8545
6087
2547
-921
-782
-1439
-4124
-7182
-15987
-27682
-31358
-25130
-15550
-9459
-8650
-11347
-14772
-13616
-5878
3774
10900
13755
13140
12080
11060
9425
8636
8984
9047
7206
2962
-2790
-9415
-14712
-16068
-14164
-11892
-12091
-14069
-14835
-14006
-11626
-6851
-531
4716
7041
8160
10021
11391
11791
12710
14079
14122
11517
6912
2475
-1261
-4517
-6483
-6906
-7111
-9751
-12846
-15986
-23122
-23948
-13486
-5084
1336
6236
1571
-2974
1104
7421
13232
17314
17201
13803
8186
4039
3904
3097
1216
1190
-393
-4877
-8651
-10225
-9954
-6929
-1818
1557
2157
2417
3782
6225
9315
13243
16737
16907
15803
16393
15515
13627
14014
13693
11800
10258
7927
4797
1642
-747
-1382
-2593
-7228
-15374
-25791
-32560
-28802
-19108
-12299
-10260
-12398
-15888
-15315
-8797
1003
9524
13552
14057
13207
11774
10741
10333
10330
10626
9068
4673
-1314
-8131
-13849
-16242
-15338
-13562
-13699
-15423
-16605
-16193
-13775
-8943
-2412
3394
6827
8568
10141
11884
13095
14089
15468
15982
13748
9360
4566
53
-3399
-5831
-6876
-7633
-10589
-14109
-21327
-29462
-24409
-13520
-6233
2980
3878
-4139
-3605
3666
10763
17537
19951
18071
14052
9054
7252
6882
4078
2424
1863
-1556
-6161
-9470
-11545
-11450
-7285
-1860
130
325
1321
3012
5879
9974
14346
16635
16440
16751
17183
15995
14992
14606
13481
11820
10277
8676
5609
1960
-78
-1756
-3760
-7158
-15418
-26609
-32586
-27974
-18031
-11346
-9709
-12518
-16604
-15467
-7715
2565
10824
14127
13584
12384
11552
10937
10657
10738
10648
8580
4075
-1715
-8387
-14090
-16309
-15217
-13408
-13543
-15471
-16939
-16365
-13524
-8555
-2005
3823
6791
8136
10212
12402
13596
14630
15838
16067
13812
9446
4621
427
-2934
-5680
-6829
-7861
-10692
-15671
-23763
-27048
-21010
-13770
-5453
1469
-1003
-4596
-1163
5276
11963
17142
18802
17265
13654
10573
9239
7364
5126
3629
1105
-2644
-6400
-9586
-11623
-10820
-6638
-3080
-1784
-529
864
2793
5895
9911
13838
15689
16267
16748
16005
15111
15189
15275
14950
12705
8645
5929
4455
2869
922
-2317
-6015
-10613
-18953
-28917
-32563
-26329
-17082
-11760
-10665
-12973
-15953
-14092
-5722
5018
12758
15265
14356
12804
11735
11246
11217
11580
10838
7234
2217
-3332
-10040
-15428
-16865
-15358
-13948
-14673
-16375
-16961
-15883
-12927
-7524
-292
5423
7370
8373
10851
13147
14072
14993
16350
15809
12336
7679
3385
-434
-4067
-6531
-7698
-9670
-16532
-26688
-28444
-22602
-17495
-7836
289
-3007
-5362
-571
5721
13102
18854
20118
18303
14813
12433
11363
8526
5779
4401
805
-3882
-6766
-9620
-12218
-10974
-6655
-3488
-1810
-245
1184
3036
6434
11599
15671
17025
17757
17724
16456
15996
16596
16471
15276
13351
9942
5772
2240
-621
-2309
-3000
-5174
-12050
-23364
-31878
-29863
-19828
-10979
-7514
-9022
-13417
-14769
-9129
956
10007
14169
14460
13251
11353
9874
9191
9112
9179
7610
3996
-803
-7004
-13251
-16358
-15480
-13161
-12377
-13235
-14184
-14416
-12910
-8823
-2633
3545
7111
8486
9908
11409
12029
12504
13790
14397
12314
8564
4542
175
-3575
-6359
-7247
-9147
-17881
-23703
-20651
-19018
-14877
-7089
-6238
-6207
-1750
2870
8043
12251
14534
15969
15102
13991
14086
11362
6913
4766
2612
-960
-3940
-6270
-8752
-10089
-8693
-6371
-4778
-3137
-857
1681
3891
7137
10770
12237
13505
15586
16041
16016
16877
16041
13494
11269
8845
5687
2800
2003
1701
-406
-2082
-6181
-17189
-28395
-30802
-23808
-13514
-6737
-6523
-11482
-16156
-14759
-6345
4728
12595
14626
12838
10565
8860
7737
7973
9229
9383
7036
2458
-3637
-10047
-14704
-15579
-12876
-10286
-10796
-12964
-14386
-14271
-11740
-6283
407
5404
7386
7881
8883
10248
11091
11923
13343
13784
11200
6538
2270
-1202
-4422
-6145
-6014
-6659
-10546
-18250
-24097
-22122
-17322
-10643
-901
1387
-2326
-1211
2694
7448
13443
17105
17606
15489
11914
9197
6547
3776
2841
1705
-1303
-4253
-7285
-10478
-11336
-8636
-4720
-2202
-508
1151
2380
3771
7144
11817
14326
15188
16140
15287
13757
14169
13982
12120
10525
8885
7875
7000
4689
2079
-1410
-4212
-6450
-15095
-27494
-32012
-26064
-16594
-9819
-7981
-11311
-15820
-14773
-6383
4456
12090
14720
13711
11995
11029
10231
9997
10325
9401
6301
2158
-2829
-9274
-14839
-16618
-15060
-13105
-13212
-14620
-15202
-14549
-12403
-7354
-265
5025
7150
8542
10662
12263
12757
13490
14453
14069
11447
7189
3055
-872
-4905
-7243
-7657
-8731
-13460
-20702
-24182
-22290
-17860
-9904
-1726
-258
-1543
713
5039
10360
15506
17942
17789
15667
12912
10573
7669
4780
2668
-50
-3423
-6134
-8664
-10987
-10944
-8210
-4893
-2348
-251
1800
3348
5412
9514
13151
14692
16309
16970
15989
15365
14239
12590
10979
9762
9614
7655
4614
3155
24
-3533
-6144
-15264
-28397
-32413
-24663
-12921
-7305
-10488
-14506
-16683
-14632
-3498
8479
13567
13462
10987
10434
11400
11123
11250
11230
9181
5737
1039
-4403
-9677
-14564
-16149
-13446
-11537
-13136
-15801
-16436
-14505
-11301
-5998
1036
5833
6766
7173
9918
12789
13573
13873
14691
14182
10856
6428
2836
-424
-4079
-6870
-7754
-10531
-17301
-22182
-22431
-20225
-14421
-6736
-2406
-1191
-467
1419
6064
11857
16103
17738
16421
14128
12093
9263
6610
4937
2595
-900
-4471
-7605
-10061
-11054
-9842
-7022
-4323
-2391
-809
538
2570
5869
9373
12197
13824
14606
14860
14538
14711
14387
12568
9918
6715
4918
2799
50
910
1497
1545
1070
-10949
-27953
-32286
-24667
-12412
-2279
-1334
-8249
-16178
-16943
-7511
4162
11423
13912
12132
9728
8133
6070
6470
8296
7981
7150
4986
-929
-8576
-14378
-15371
-11979
-8487
-8149
-10385
-12503
-13491
-12586
-7309
255
4607
5678
6650
7998
8399
8612
10357
12111
12235
10713
7318
3310
-533
-3920
-5060
-4517
-6292
-12217
-17749
-19658
-19223
-14356
-6403
-2020
-1208
-1011
-95
3413
8406
12341
14430
14261
12843
11201
8701
6404
4957
2766
275
-1920
-4636
-7241
-8670
-8265
-6103
-3682
-1886
-544
435
1761
4219
7508
10595
12483
13226
13038
11601
9545
8138
8460
10245
11534
10537
6609
1988
51
986
3861
4269
-6753
-24858
-32589
-26257
-14877
-4613
-1802
-8724
-17580
-19111
-11010
672
8926
12108
11717
10117
8486
7065
7485
9224
9541
8941
7305
1869
-6108
-12456
-14408
-11901
-8652
-8392
-10834
-13534
-15290
-14930
-10085
-2525
2355
4035
5678
7354
7954
8808
10911
12927
13507
12461
9733
5729
1798
-1588
-3693
-3754
-6010
-12704
-18135
-20251
-19890
-14616
-7575
-4183
-3441
-3152
-1553
2868
8319
12474
14450
14253
13344
12186
10166
8167
6399
4047
1372
-1426
-4378
-6980
-8597
-8358
-6385
-4416
-2964
-1830
-1516
-698
1749
5156
9119
12392
13718
13148
11777
11004
10704
11062
12140
12167
10981
9299
7221
5040
2479
660
-2939
-14567
-27210
-28649
-21986
-14359
-8904
-9722
-15575
-19645
-16544
-6476
3928
9559
11230
11064
10643
10466
10557
11857
12857
11443
9182
5993
-53
-7097
-11922
-13079
-11616
-10757
-12194
-14613
-16222
-16532
-14503
-8791
-2196
1464
3277
5492
7850
9688
11470
13664
15033
14526
12483
9220
5655
2248
-861
-2615
-3795
-6428
-11334
-17134
-21229
-22079
-18104
-10763
-4913
-2199
-2100
-2338
727
6276
11489
15239
16549
15360
12769
10014
7987
6416
4647
2548
-194
-3708
-7302
-9883
-10340
-8588
-5827
-3465
-2085
-1258
-249
1867
5377
9245
12164
13498
13709
13510
13205
12813
12221
11378
9980
8628
8067
7575
6819
5207
2247
-2661
-12984
-25831
-30026
-23707
-14577
-7909
-7662
-13975
-19901
-18825
-9691
2161
9912
12415
11761
9912
8763
8930
10546
12499
12311
10134
6617
491
-6804
-11847
-13162
-11499
-9842
-10668
-13454
-16126
-17005
-15097
-9668
-2722
1886
3878
5256
6659
8206
10315
12944
14835
14786
12850
9410
5351
1762
-1099
-2732
-3532
-5333
-8216
-12103
-17088
-19946
-18695
-14788
-8993
-3515
-1395
-1252
115
3279
7297
11355
14497
15489
13861
11048
8710
6687
4822
3311
1321
-1576
-4890
-7886
-9593
-9451
-7627
-5068
-2889
-1378
-251
1017
3155
6356
9613
11739
12865
13420
13126
12632
12549
12062
11120
9543
7227
5507
4141
3344
3739
3753
2347
-5539
-21617
-31789
-27419
-16644
-6611
-2171
-7142
-16323
-20139
-13901
-1729
8083
12412
12712
10743
8318
6764
7424
9819
10672
9654
7970
3296
-4612
-11463
-13975
-12232
-9321
-8668
-10703
-13472
-15411
-15407
-11386
-4191
1297
3669
5349
6709
7328
8452
10702
12880
13752
13008
10401
6226
2003
-1271
-3094
-3437
-4580
-7849
-11631
-14739
-16467
-15777
-12684
-8815
-5714
-3248
-1282
480
3238
6418
8785
10659
11967
12022
10832
8931
6896
4835
2751
748
-1459
-3898
-6080
-7435
-7674
-7194
-6131
-4560
-3016
-1372
477
2529
4984
7169
8820
10317
11386
11972
12313
12301
11942
11376
10036
7898
5924
3844
2126
1655
1472
1739
1629
241
-2668
-12071
-24120
-25385
-17211
-8577
-2100
-1943
-8755
-15005
-14114
-5431
4836
10216
10893
9233
6812
5069
4834
6578
8031
6793
5019
3041
-1777
-7696
-11288
-11694
-9740
-7957
-8094
-9483
-11101
-12053
-10655
-5728
169
3389
4647
5586
5810
6117
7769
10033
11299
10893
9022
5663
1828
-879
-2618
-3233
-3217
-4936
-8115
-10632
-11141
-11291
-12971
-12032
-8643
-6359
-1528
3357
3505
3429
4387
5965
9605
12289
12495
10643
6744
3745
2557
1286
198
-1003
-3192
-5433
-7029
-7684
-7275
-5819
-3093
-172
1583
2586
3860
5286
6876
9446
11729
12337
12320
11660
10270
9289
8225
6760
5449
3942
2512
1456
370
257
1159
1937
2276
-3072
-16334
-25026
-21435
-12539
-3809
928
-2613
-10995
-15564
-11384
-1906
5733
9114
9484
7472
4427
2697
3402
5572
6678
6411
5657
2077
-4294
-9265
-10890
-9521
-6980
-5991
-7023
-8872
-10658
-11105
-8383
-3123
1060
2976
4363
5025
4871
5632
7452
9297
10160
9538
7509
4198
1078
-815
-2071
-3628
-6437
-9330
-10893
-11275
-10335
-9237
-8806
-7682
-5389
-2291
920
3415
5392
6600
7084
8106
9197
9188
8177
6277
4124
2196
213
-1602
-3296
-4646
-5233
-5507
-5305
-4527
-3590
-2202
-462
1263
3027
4746
6433
7892
8852
9641
10277
10420
10049
9390
8705
7626
6184
4732
2617
672
-7
-130
157
648
1470
2427
2190
-1115
-10552
-19981
-18612
-10407
-2999
1539
-1010
-9170
-14505
-12249
-4120
3532
6492
6272
4535
2255
1308
2147
4168
5447
5042
4766
3022
-1747
-6074
-7900
-7479
-5501
-4040
-4519
-6449
-8665
-9909
-8502
-4282
-129
1707
2412
2916
2834
3495
5434
7265
8359
8467
7334
4873
2000
-559
-3452
-5792
-6431
-6227
-6264
-6634
-7252
-8456
-8766
-6613
-3286
-264
1857
3024
3678
3979
4516
5776
7088
7581
6933
5153
2644
247
-1303
-1877
-1843
-1689
-2154
-3379
-4144
-3730
-2650
-1113
821
2395
3139
3881
5195
6207
6876
7853
8438
8654
8834
8097
6902
5868
4859
4313
3586
2557
1766
625
249
1243
2212
3153
3744
3326
-741
-11056
-18802
-16040
-9200
-3139
277
-3472
-11288
-15466
-12529
-4506
2242
4664
4731
3513
1789
1278
2776
5314
6378
6018
5954
3955
-702
-4629
-6384
-5987
-4397
-3856
-4899
-6865
-9152
-10256
-8590
-4713
-1259
451
1500
2186
2431
3512
5469
7206
8251
8293
7148
4962
2551
9
-2920
-5169
-6278
-6271
-5747
-5959
-6758
-7988
-8595
-6621
-3165
-278
1712
2760
3177
3686
4567
5835
6981
7129
6224
4611
2675
920
-315
-946
-1288
-1509
-1891
-2679
-3252
-3159
-2481
-1270
421
2038
3003
3727
4440
5119
5959
6716
7447
8102
8206
7948
7172
5674
4532
3628
2390
1966
1933
1649
2041
2459
2574
3040
3102
2704
1354
-4789
-13708
-16090
-11802
-6986
-3217
-3237
-8279
-13430
-13604
-8232
-1715
2199
3650
3674
3039
2483
2905
4735
6286
6197
5947
5118
1641
-2490
-4768
-5392
-4825
-4059
-4555
-6427
-8396
-9507
-9001
-6305
-2941
-869
112
990
1696
2565
4363
6100
7049
7498
6900
5180
3301
1746
-43
-2012
-3711
-5479
-6325
-5929
-5991
-6225
-6087
-6275
-5664
-3309
-818
865
2452
3660
3987
4289
5004
5675
5822
5232
4256
2912
1169
-140
-755
-1022
-1081
-1302
-1789
-2427
-2757
-1987
-574
866
2203
2790
2933
3428
4247
5269
6370
7340
7754
7429
6767
6090
5562
4945
4272
3948
3303
2407
2333
2288
1918
2330
2902
2781
2386
1752
-1740
-9796
-15717
-14411
-10248
-5768
-2888
-5236
-10256
-12913
-10694
-4632
741
3266
4081
3747
2786
2443
3567
5261
5541
5104
5035
3232
-286
-3205
-4944
-5220
-4524
-4294
-5030
-6452
-7995
-8754
-7569
-4714
-2150
-611
584
1197
1387
2496
4259
5634
6511
6655
5927
4522
3094
2016
687
-1253
-3557
-5316
-5952
-5730
-5245
-5679
-6684
-6781
-5621
-3145
-543
837
1671
2316
2929
4174
5527
6242
6214
5521
4499
3311
2003
742
-222
-813
-1315
-1801
-2353
-2900
-2806
-1948
-891
67
902
1642
2397
3378
4605
5561
6246
7059
7528
7636
7630
7128
6280
5319
4533
3868
2745
1799
1452
1094
971
1302
1423
1454
1520
1337
-209
-6379
-13930
-14690
-10452
-5889
-1880
-2196
-7337
-11778
-11335
-6235
-522
2691
3779
3415
2114
1291
1898
3653
4889
4997
5266
4289
771
-2683
-4463
-4690
-3705
-2977
-3709
-5635
-7693
-8874
-8239
-5722
-2916
-1139
-19
709
935
1637
3121
4589
5859
6619
6327
4846
2990
1641
752
395
-748
-3510
-5790
-6824
-6960
-5971
-4907
-4762
-4919
-4103
-2207
-422
835
2071
3110
3803
5085
6451
6361
5382
4456
3568
2675
1711
699
-372
-1352
-1885
-2074
-2306
-2472
-2123
-1342
-336
783
1702
2358
3036
3977
4876
5627
6303
6505
6479
6477
6330
6130
5488
4335
3236
2287
1493
1007
725
604
808
1276
1941
2493
2604
2353
1918
772
-3741
-10324
-12451
-10016
-6687
-3362
-3021
-6983
-11289
-12012
-8330
-3032
678
2432
2673
1762
1068
1764
3689
5274
5515
5400
4425
1613
-1147
-2760
-3582
-3491
-3253
-3826
-5209
-6801
-7901
-7954
-6558
-4311
-2422
-1113
-174
281
802
1927
3413
5027
6148
6161
5201
3768
2480
1606
1368
1267
-59
-2375
-4660
-6636
-7038
-5381
-3667
-2873
-2788
-3594
-3996
-2700
-425
1875
3549
4373
4656
4355
3790
3621
3694
3636
3372
2633
1293
-122
-1042
-1324
-1125
-855
-765
-879
-1031
-822
-213
609
1658
2736
3359
3531
3906
4294
4278
4702
5410
5569
5616
5455
4910
4221
3204
2375
1901
1353
1015
995
1125
1350
1448
1345
1380
1596
2053
2973
1374
-5044
-11015
-11861
-9163
-4816
-1530
-2794
-7658
-11654
-11293
-7045
-2270
834
2050
1793
689
51
1298
3347
4247
4802
5320
4015
1250
-1019
-2442
-3011
-2504
-2183
-3128
-4744
-6466
-7776
-7591
-5818
-3832
-2415
-1400
-1005
-888
-114
1279
2964
4733
5953
5982
5039
3937
2993
2584
2736
2579
1698
36
-2444
-5414
-7460
-7108
-5301
-3213
-1603
-2095
-3625
-3686
-2229
225
2900
4439
4815
4515
4009
4029
4202
4029
3710
3166
2364
1251
-83
-1192
-1833
-1790
-1305
-1096
-1232
-1385
-1264
-572
464
1554
2555
3092
3368
3578
3603
3829
4277
4737
5110
4978
4499
4188
3756
2917
2387
2235
1754
1335
1096
720
578
796
1266
1702
1953
2122
2277
2065
-919
-7192
-11628
-11128
-7925
-4002
-1910
-4326
-8977
-11364
-9702
-5272
-953
1526
2255
1822
968
744
1993
3735
4592
5122
5118
3145
218
-1739
-2716
-2881
-2283
-2161
-3407
-5271
-6757
-7361
-6581
-4718
-2921
-1661
-903
-552
90
1321
2729
4171
5339
5779
5408
4448
3482
2772
2407
2361
1886
924
-705
-3302
-5212
-6238
-6693
-4794
-2389
-2036
-2180
-2722
-3474
-2182
474
2801
4277
4288
3549
3188
3281
3797
4299
4119
3287
2052
648
-554
-1275
-1544
-1460
-1132
-1093
-1501
-1806
-1768
-1216
-119
884
1635
2245
2396
2648
3313
3671
4107
4772
4802
4470
4142
3733
3508
3476
3487
3006
1901
937
209
-304
-415
-299
70
423
602
821
868
1231
2455
3816
3670
-226
-6726
-10554
-9574
-6049
-2348
-1345
-4743
-9478
-11350
-9395
-5336
-1775
158
751
208
-411
116
1535
2933
4059
5129
5239
3522
1153
-549
-1375
-1221
-588
-739
-2065
-3915
-5588
-6465
-6053
-4671
-3289
-2189
-1415
-1144
-731
198
1486
3080
4396
4967
4817
4171
3555
3228
3180
3207
2746
1647
-58
-2411
-4209
-5062
-5570
-4505
-2907
-2831
-2712
-2585
-2872
-1589
727
2473
3355
3252
2763
2662
3255
4141
4279
3538
2425
1172
252
-249
-659
-876
-1007
-1115
-1150
-1361
-1482
-1214
-579
340
1151
1684
2008
2181
2534
2992
3131
3217
3395
3300
3151
3052
2651
2276
2273
2275
2030
1670
1057
151
-403
-357
-82
180
462
867
1018
953
1200
1749
2595
3762
4751
3898
-67
-5279
-8561
-8303
-5343
-2501
-2178
-5047
-9202
-10919
-9191
-5854
-2416
-312
-28
-504
-801
-189
1312
2983
4585
5557
5262
3830
1810
235
-240
77
608
372
-1201
-3321
-5107
-5977
-5614
-4509
-3385
-2686
-2466
-2369
-2092
-1248
339
2130
3547
4257
4144
3544
3040
3043
3303
3391
3204
2384
723
-1479
-3315
-3815
-3687
-3450
-2739
-3005
-4087
-3907
-3037
-1983
-470
663
1339
1732
2004
2641
3227
3432
3485
3297
2771
2081
1415
698
21
-369
-617
-814
-950
-1162
-1337
-1270
-957
-461
36
395
794
1319
1718
1988
2305
2471
2559
2831
2944
2890
2915
2811
2747
2900
3051
3057
2855
2473
1815
1097
830
741
574
567
512
316
250
480
843
836
878
643
-684
-496
1554
1593
-393
-3161
-6435
-7444
-5333
-2540
-1443
-3126
-5810
-6964
-6157
-4043
-1744
-308
-76
-713
-787
-31
343
978
2081
2432
2347
1866
666
-420
-846
-636
-347
-429
-974
-2304
-3567
-3758
-3347
-2583
-1722
-1340
-1192
-1126
-947
-287
530
1404
2158
2433
2415
2019
1539
1501
1599
1752
1806
1458
757
-570
-2113
-2880
-2996
-2796
-2148
-1640
-1949
-2305
-1973
-1400
-462
1017
1887
1706
1348
1237
1467
2130
2725
2656
1984
1169
612
405
300
198
106
-90
-249
-217
-175
-122
172
650
1107
1375
1429
1471
1527
1716
2199
2554
2482
2256
1949
1596
1600
1866
1964
2064
2231
2214
2091
1902
1558
1198
936
860
1012
1105
930
539
85
0
393
887
1197
1363
1467
1416
1706
1936
616
-1282
-2629
-4136
-4776
-4017
-3738
-4279
-4874
-5579
-6112
-5899
-4837
-3551
-2647
-1861
-1279
-1059
-546
238
1106
2018
2304
2137
1753
899
373
411
274
-42
-470
-1226
-2167
-2794
-2939
-3008
-2900
-2489
-2301
-2212
-1861
-1418
-799
25
851
1491
1782
1891
1931
1994
2040
1719
1371
1252
1111
1046
695
-166
-987
-1589
-1694
-1154
-868
-1077
-1197
-1273
-1105
-570
-160
169
548
934
1400
1687
1688
1612
1552
1666
1898
1851
1505
1130
766
455
352
397
405
298
116
-18
-26
17
134
406
671
879
1058
1105
1169
1436
1740
2019
2329
2418
2275
2141
2015
2054
2244
2429
2569
2214
1470
887
470
491
804
785
639
333
-198
-322
-133
104
476
682
807
927
790
796
1153
1363
910
-324
-1711
-2812
-3705
-3918
-3779
-4246
-4717
-4937
-5356
-5454
-5123
-4482
-3524
-2746
-2141
-1533
-1087
-609
28
648
1098
1305
1347
1164
814
604
309
-177
-426
-641
-1020
-1306
-1559
-1818
-1927
-1838
-1649
-1441
-1154
-890
-648
-149
455
846
1132
1192
899
770
894
1084
1465
1556
1064
513
65
-236
-102
245
287
102
-92
-341
-325
17
228
195
52
-43
110
551
1022
1170
965
729
708
881
1187
1384
1233
1014
870
708
743
838
757
728
782
787
726
548
345
327
519
889
1334
1537
1501
1521
1536
1531
1614
1692
1763
1825
1764
1633
1514
1389
1303
1304
1238
1000
690
382
144
62
87
139
181
199
130
-37
-119
-103
42
386
661
693
462
232
384
528
265
-414
-1513
-2903
-4460
-5450
-5314
-4590
-3484
-2476
-2625
-3543
-4096
-3764
-2483
-930
135
553
325
-102
-96
260
595
823
816
362
-308
-806
-1216
-1464
-1235
-946
-1066
-1218
-1383
-1763
-1724
-1180
-721
-320
8
60
48
183
495
902
1252
1381
1219
907
533
310
435
634
695
555
195
-210
-443
-381
-273
-305
-272
-202
-200
-90
130
114
-67
31
291
591
1083
1348
1198
1082
1090
1164
1364
1474
1362
1088
760
527
410
369
354
304
246
219
233
276
383
568
791
1068
1285
1434
1644
1795
1832
1787
1642
1495
1370
1246
1190
1147
1040
955
893
750
549
358
280
315
335
397
434
347
328
384
450
494
427
342
234
58
52
143
124
174
194
-30
-339
-635
-850
-980
-1221
-1617
-2116
-2667
-2945
-2787
-2498
-2336
-2335
-2407
-2464
-2413
-2099
-1650
-1236
-856
-644
-625
-620
-591
-568
-487
-356
-288
-306
-423
-627
-781
-836
-848
-814
-768
-801
-838
-842
-893
-923
-827
-607
-363
-157
0
66
143
357
577
687
767
767
604
515
528
479
488
428
193
33
-84
-144
-35
83
140
70
-47
-22
22
158
453
611
701
824
832
820
853
945
1114
1240
1282
1282
1254
1084
910
978
984
856
840
773
587
480
556
638
650
690
711
730
764
853
972
1076
1153
1068
910
786
732
818
893
865
726
471
277
253
294
315
332
299
225
218
219
221
293
300
226
169
128
119
96
80
88
-21
-163
-220
-269
-344
-475
-541
-442
-477
-535
-458
-723
-1202
-1397
-1408
-1319
-1235
-1344
-1581
-1851
-1969
-1815
-1621
-1470
-1306
-1231
-1205
-1134
-1099
-1120
-1059
-841
-597
-448
-410
-520
-730
-869
-864
-770
-659
-608
-615
-644
-687
-622
-456
-332
-267
-237
-227
-166
17
275
483
589
565
436
350
366
416
380
276
236
222
146
94
123
199
281
325
340
352
411
517
671
892
997
1002
1095
1099
997
1001
1001
871
706
544
361
224
166
129
117
121
96
90
111
158
308
532
746
894
945
973
1005
1024
1090
1143
1091
979
865
767
693
620
503
353
246
279
392
433
396
309
170
88
170
316
414
500
509
430
398
395
343
314
300
215
70
-157
-418
-533
-514
-450
-364
-406
-568
-678
-781
-894
-922
-854
-763
-760
-869
-1070
-1258
-1276
-1171
-1029
-930
-934
-975
-1049
-1115
-1059
-956
-913
-935
-972
-988
-1014
-981
-861
-800
-797
-771
-751
-719
-701
-660
-471
-210
50
279
312
185
61
-7
52
185
266
269
141
-52
-189
-226
-82
109
147
138
137
134
208
310
411
542
651
720
769
788
736
661
654
636
554
511
466
398
358
264
143
51
-18
31
164
244
267
262
289
413
567
676
719
675
610
588
584
617
674
675
674
696
650
582
579
578
605
653
559
348
177
78
99
222
281
217
51
-156
-188
46
300
439
501
420
284
266
297
302
336
401
415
334
213
44
-165
-297
-367
-416
-406
-406
-474
-583
-665
-671
-610
-555
-509
-449
-417
-387
-337
-284
-242
-229
-257
-332
-409
-480
-594
-668
-672
-723
-837
-961
-1063
-1114
-1079
-1004
-964
-925
-856
-751
-581
-431
-371
-326
-299
-307
-249
-131
-44
-5
-27
-121
-222
-288
-298
-243
-165
-80
-73
-159
-198
-164
-77
98
250
267
243
239
227
244
280
310
322
280
188
74
-3
-11
10
77
146
159
186
222
248
321
430
511
582
626
576
544
591
661
753
808
804
737
625
568
590
585
556
578
573
542
559
509
402
368
371
352
344
388
430
412
394
375
349
389
477
516
472
378
277
180
145
163
148
109
25
-70
-91
-124
-166
-173
-229
-297
-307
-308
-313
-325
-335
-315
-322
-352
-358
-348
-287
-189
-181
-252
-348
-414
-364
-357
-392
-415
-516
-590
-612
-650
-644
-589
-542
-513
-511
-534
-516
-441
-351
-259
-230
-258
-270
-253
-222
-244
-281
-323
-455
-512
-456
-466
-464
-428
-424
-451
-494
-474
-408
-366
-265
-106
-14
-19
-39
-43
-55
-25
87
155
110
55
50
34
16
72
125
136
171
198
184
138
124
198
284
377
458
457
446
451
453
541
636
649
650
632
573
492
457
513
581
578
539
488
386
371
484
553
574
564
512
447
366
275
221
220
270
307
292
238
135
77
95
153
241
251
191
162
122
66
64
67
-18
-105
-89
-65
-46
-13
-31
-55
-62
-101
-112
-78
-52
-41
-24
-34
-101
-145
-146
-156
-165
-162
-225
-344
-422
-466
-456
-384
-397
-490
-540
-519
-444
-386
-381
-419
-440
-390
-314
-241
-154
-113
-147
-177
-196
-271
-323
-294
-278
-282
-300
-401
-507
-564
-585
-525
-431
-375
-335
-296
-260
-227
-144
2
114
188
240
233
228
225
216
222
204
157
49
-89
-136
-169
-235
-224
-187
-201
-189
-147
-94
-18
86
209
297
328
354
375
386
437
482
452
386
335
300
266
268
277
242
217
208
179
143
119
145
213
250
257
255
226
215
253
297
330
361
371
368
346
313
309
294
247
205
171
141
125
127
137
120
82
37
19
43
68
66
51
61
84
144
229
227
147
83
55
89
157
154
76
-43
-176
-224
-175
-142
-146
-176
-253
-362
-451
-457
-389
-323
-252
-200
-214
-223
-187
-144
-104
-76
-57
-47
-84
-137
-170
-213
-236
-209
-200
-252
-323
-387
-430
-426
-388
-339
-288
-268
-270
-246
-233
-211
-135
-117
-108
-27
6
-2
20
24
7
19
54
82
86
64
27
-13
-35
-17
-7
-17
-40
-54
-20
48
100
99
96
109
109
107
139
198
197
158
132
97
92
127
148
142
83
24
21
21
23
57
64
53
56
34
3
0
32
82
144
208
207
153
141
170
204
270
324
305
244
149
57
37
37
31
42
33
-23
-72
-69
-39
14
76
103
96
94
103
132
211
285
288
218
128
50
16
61
102
64
-2
-55
-106
-137
-139
-145
-157
-162
-155
-147
-141
-132
-142
-166
-131
-71
-74
-111
-157
-213
-208
-173
-175
-195
-227
-242
-235
-240
-228
-226
-224
-184
-152
-131
-142
-135
-73
-25
26
86
85
41
12
-7
-40
-94
-105
-82
-96
-98
-64
-51
-51
-25
7
24
38
61
88
98
99
102
108
106
99
117
119
91
74
59
50
69
87
86
93
86
90
114
110
108
125
120
96
73
76
80
76
88
74
21
-19
-38
-29
33
110
145
138
127
111
103
129
161
179
179
155
105
45
8
-22
-29
-26
-59
-85
-81
-84
-59
-14
-10
1
41
45
27
26
7
-1
15
16
23
16
-18
-53
-101
-146
-171
-155
-120
-118
-125
-146
-184
-191
-177
-156
-105
-48
-27
-31
-58
-78
-59
-21
3
1
-31
-73
-96
-109
-112
-108
-111
-99
-98
-94
-81
-96
-94
-70
-54
-17
10
2
-16
-12
11
11
-1
1
-8
-17
2
24
13
-7
-7
-11
-30
-39
-23
2
34
96
132
130
142
165
174
186
218
237
229
206
181
151
98
59
70
84
87
90
82
61
31
20
19
21
48
71
66
58
43
22
46
77
87
107
108
83
63
40
33
42
37
19
-9
-40
-77
-109
-113
-109
-117
-114
-127
-169
-174
-144
-100
-52
-12
20
20
0
1
19
54
102
115
84
41
0
-21
-9
1
-17
-33
-64
-127
-169
-182
-180
-147
-120
-119
-126
-155
-164
-134
-110
-77
-55
-61
-49
-6
21
23
26
14
-18
-40
-34
-33
-45
-53
-75
-123
-160
-155
-133
-109
-90
-78
-44
-18
-16
3
16
42
100
148
165
156
120
79
77
87
74
43
-3
-50
-66
-43
-11
4
-12
-36
-38
-5
46
93
110
111
135
156
167
186
188
173
161
151
111
52
31
35
21
-2
-35
-77
-107
-114
-98
-81
-45
-7
6
27
31
4
10
42
84
125
125
63
-5
-43
-57
-25
12
4
-25
-51
-75
-88
-74
-29
3
19
37
31
18
13
9
32
55
55
42
18
2
-14
-28
-25
-18
-22
-10
-7
-23
-24
-25
-33
-25
-14
-19
-24
-37
-63
-53
-8
22
36
37
4
-37
-46
-24
13
49
47
16
-4
-22
-19
-15
-29
-23
-32
-61
-75
-77
-56
-23
6
27
15
-13
-11
7
33
64
73
49
29
12
0
-7
-18
-24
-34
-52
-55
-52
-38
-21
-20
-32
-35
-20
8
42
76
91
87
101
118
124
134
129
85
31
0
-12
-5
-5
-16
-33
-43
-27
0
22
12
6
28
40
54
86
89
77
88
78
49
20
1
-3
-3
4
-6
-51
-99
-116
-123
-117
-82
-54
-62
-81
-103
-112
-97
-56
0
29
23
2
-17
-15
-10
2
18
12
-19
-46
-65
-79
-60
-32
-26
-21
-7
-1
-4
10
24
22
23
30
21
13
16
6
-12
-27
-38
-35
-30
-38
-45
-36
-22
-9
7
12
11
9
16
25
20
10
5
2
-4
-12
-17
-16
-18
-21
-10
-1
-9
-11
10
17
8
5
6
7
21
27
20
17
-19
-33
-11
-6
16
42
46
45
50
64
84
98
94
88
93
97
91
87
84
66
62
64
51
28
10
-2
-8
6
16
7
2
16
31
48
82
86
63
61
67
74
82
85
79
60
27
-15
-52
-62
-52
-34
-35
-62
-92
-122
-132
-115
-97
-83
-66
-45
-46
-61
-57
-51
-55
-38
-20
-16
-16
-25
-34
-43
-56
-58
-59
-67
-67
-67
-88
-92
-77
-73
-66
-68
-81
-88
-82
-60
-35
-27
-32
-35
-29
-16
-8
-1
15
18
6
4
-3
-15
-14
-20
-30
-33
-35
-32
-27
-31
-28
-20
-18
-16
-8
10
35
64
86
86
71
67
71
72
81
84
69
50
37
27
20
9
-9
-26
-40
-43
-36
-28
-18
-4
9
20
37
49
72
96
106
111
116
114
113
112
100
92
89
76
67
46
15
-4
-19
-25
-19
-10
-11
-9
-5
-18
-35
-28
-3
22
54
69
55
32
18
21
31
39
42
29
-5
-40
-49
-47
-45
-45
-59
-66
-80
-84
-79
-76
-47
-19
-19
-27
-32
-42
-30
9
27
16
-3
-21
-30
-28
-34
-50
-75
-93
-98
-97
-85
-81
-77
-62
-58
-48
-32
-18
-6
12
26
30
35
34
29
18
14
10
-1
0
5
-5
-16
-22
-23
-20
-22
-19
-17
-9
12
42
59
64
56
44
55
72
80
80
61
39
28
27
30
22
9
-2
-11
-10
-5
8
21
17
11
1
-7
-3
2
13
18
16
10
0
-7
4
20
29
40
47
37
19
18
9
2
23
21
10
2
-23
-45
-60
-61
-44
-17
-3
3
-10
-22
-13
-9
3
20
27
32
25
17
10
-5
3
24
26
22
21
-2
-23
-27
-26
-23
-25
-23
-15
-23
-38
-44
-36
-31
-23
-8
5
1
-3
2
1
9
19
18
5
-19
-40
-61
-70
-66
-58
-54
-53
-54
-57
-50
-40
-22
8
25
33
24
18
26
36
53
70
67
47
37
25
15
10
1
-5
-13
-16
-9
-1
-1
2
10
23
41
42
32
29
33
38
37
29
17
5
2
3
1
-6
-1
-5
-18
-14
-17
-21
-15
-4
8
13
11
4
3
