9
13
14
18
13
11
13
11
11
8
6
4
-5
1
2
-8
-6
-2
-5
-8
2
0
-5
-2
0
-2
-5
-1
6
8
-2
-15
-13
-9
-9
-8
-6
-6
-15
-18
-18
-20
-12
-11
-8
-7
-11
-12
-14
-8
-3
-10
-11
-15
-19
-16
-8
1
7
8
1
6
0
-2
-1
-7
-3
-6
-2
1
-6
-8
-9
-9
-5
3
6
4
13
20
17
24
26
25
25
21
15
10
12
8
5
0
-5
-3
-4
-10
-6
2
5
7
12
7
8
17
13
11
14
10
10
10
10
-2
-10
-11
-8
0
3
0
-4
-3
-4
2
12
14
20
22
20
14
7
9
10
8
-2
-8
-10
-25
-24
-19
-18
-10
-4
-6
-6
-6
-6
-3
4
4
-6
-14
-26
-30
-20
-6
-8
-9
-3
-10
-10
-5
-6
1
-1
-7
-5
-6
-15
-11
-10
-10
-7
-8
-13
-24
-28
-30
-29
-34
-31
-32
-35
-24
-24
-14
-8
-1
14
7
3
5
-1
-4
-11
-10
-5
-1
7
4
8
19
17
17
18
10
7
-5
-17
-18
-30
-34
-38
-34
-32
-31
-17
-15
-9
2
7
9
13
26
27
23
25
30
27
25
27
20
17
16
0
-9
-15
-27
-25
-30
-40
-39
-39
-37
-30
-13
10
10
12
21
20
17
19
26
25
31
22
5
16
11
8
26
26
30
22
5
10
17
23
42
58
58
56
51
55
64
66
84
83
51
36
29
15
19
32
32
32
15
0
7
1
-5
2
-4
-12
-14
-26
-23
-11
-5
2
8
14
19
10
0
3
-16
-51
-69
-66
-67
-65
-42
-24
-20
5
22
14
27
29
15
12
-24
-69
-79
-93
-105
-85
-79
-90
-93
-103
-81
-48
-48
-30
-14
-65
-117
-112
-96
-89
-71
-63
-66
-82
-104
-90
-33
38
71
34
3
-31
-74
-29
40
93
156
153
109
89
82
119
167
194
208
-130
-760
-955
-910
-970
-540
0
-145
-382
-292
-234
-75
304
646
842
838
769
748
604
442
453
446
337
188
-68
-315
-456
-499
-383
-300
-386
-470
-549
-604
-405
-28
284
571
802
847
840
946
1076
1170
1307
1401
1292
1126
996
815
746
801
769
736
716
523
256
89
-13
-82
-72
-149
-828
-2008
-2770
-2947
-2875
-2326
-1537
-1284
-1565
-1706
-1352
-753
-203
435
1222
1660
1574
1525
1691
1590
1186
1019
1043
692
-34
-657
-1031
-1440
-1855
-1909
-1695
-1677
-1895
-1865
-1474
-1119
-805
-193
542
905
955
1110
1356
1390
1243
1196
1118
759
309
-67
-366
-642
-977
-1156
-1079
-1070
-1128
-967
-693
-456
-220
108
570
916
1083
1367
1587
1648
1586
660
-371
-200
-249
-654
-4
38
-1369
-1974
-1649
-1708
-1700
-1279
-767
-310
-27
400
944
1062
1055
1364
1607
1581
1547
1402
1012
748
666
497
373
402
352
278
436
754
919
867
1109
1654
1764
1813
2439
2758
2628
2941
3138
2811
2563
2135
1301
-416
-3732
-6318
-6192
-5406
-4930
-3825
-3288
-4484
-5597
-4573
-2202
-526
512
2132
3677
3825
3187
3462
4360
3896
2724
2904
3033
1109
-1297
-2277
-2603
-3435
-4234
-4107
-3699
-4223
-5098
-4664
-3018
-1871
-1289
300
2274
2599
2125
2840
3951
3922
3370
3270
3113
2063
413
-655
-945
-1648
-2900
-3344
-2916
-3058
-3636
-3240
-2163
-1548
-1143
-47
1448
2203
2244
2659
3554
3940
3414
3029
3300
2784
1507
761
-926
-3706
-4982
-5265
-5353
-4307
-3592
-3924
-3593
-2481
-1345
-102
1343
2854
3795
4096
4632
4972
4257
3314
2912
2439
1469
507
-400
-1504
-2246
-2256
-1883
-1300
-456
503
1403
2007
2225
2369
2843
3811
4741
5160
5431
5372
4703
4099
3791
3693
3433
2375
1130
-1559
-7713
-12439
-11349
-8998
-7831
-5507
-4167
-6127
-8053
-6513
-2358
1018
2580
4546
6811
6921
5293
4808
5824
5364
3221
2681
3020
566
-3570
-5696
-5850
-6200
-6976
-6773
-5507
-5185
-6420
-6424
-3662
-945
52
1718
4607
5675
4474
4185
5446
5748
4583
3630
3388
2574
168
-2287
-2836
-2939
-4417
-5448
-4398
-3412
-4092
-4369
-2846
-1001
-29
846
2824
4635
4520
4230
3974
1826
327
567
668
1796
1474
-2781
-5435
-5112
-5037
-3513
-1138
-882
-1310
-1403
-987
812
2313
2791
3642
4085
3502
2972
2467
1761
1396
1426
1717
2116
2017
1403
990
1046
1508
2066
2433
3025
3626
3452
3339
4003
4318
4162
4395
4502
4149
3730
3072
2335
-268
-7212
-13187
-12390
-9376
-7864
-5599
-4376
-7052
-10035
-8597
-3428
815
2347
4159
6811
7180
5267
4762
6543
6644
4208
3545
4225
1597
-3393
-6213
-6272
-6126
-6934
-7251
-6062
-5623
-7497
-8128
-4805
-1245
-268
1244
4533
5917
4471
3883
5558
6664
5627
4232
4002
3576
841
-2431
-3014
-2662
-4274
-5827
-4875
-3641
-4573
-5399
-3672
-1331
-195
352
855
1662
1663
562
1466
3242
1633
-575
380
1552
692
-347
-726
-1190
-1710
-1536
-466
302
-86
-635
-422
221
724
986
1327
2019
2590
2589
2856
3737
4219
4086
4101
4647
4910
4038
3136
3268
3563
3492
3788
4370
4214
3695
3850
3984
3502
3336
2887
1945
2038
-1553
-11258
-16196
-12655
-9557
-7775
-4535
-4277
-8548
-11357
-8127
-1684
1983
2812
5035
7737
7071
4448
4742
7108
6119
3404
3758
4126
224
-5247
-7421
-6400
-6095
-7436
-7514
-5756
-5964
-8722
-8451
-3721
-370
-7
2158
5961
6372
4233
4344
6609
7336
5673
4320
4486
3476
-322
-3328
-2900
-2643
-5077
-6391
-4501
-3661
-5346
-5588
-3034
-145
-971
-4060
-1911
1212
-1396
-761
4116
2763
-458
1571
3440
2576
1557
999
1088
815
327
799
472
-646
-783
-940
-1207
-339
292
-185
464
2447
3311
3294
4124
5063
4945
4987
6027
6486
5537
4506
5021
6323
6164
5439
5313
4325
3599
4513
5050
4780
3706
1546
-1355
-8600
-17546
-18066
-12686
-9268
-6857
-5797
-8381
-12002
-11958
-6059
1280
4280
5103
7412
8750
6767
4812
6639
8591
6559
4561
4568
2224
-3451
-8270
-8871
-7054
-6880
-8407
-8452
-7368
-8844
-10674
-7382
-1595
1019
1902
4596
7130
6414
4790
6003
8509
8460
6180
4802
4392
1686
-2972
-4709
-3407
-3950
-6487
-6606
-4741
-5344
-6704
-6122
-6178
-5852
-3784
-1380
2425
4165
1082
-232
2230
4030
5229
6230
5562
3673
1146
-279
477
611
-546
-1128
-1383
-1907
-2641
-3200
-2618
-820
1030
2557
4212
4966
4381
4290
5224
6415
7647
8275
8092
7351
5911
4475
4082
4798
5440
4920
4263
4110
3600
3730
4726
3999
2295
-306
-9138
-19344
-19286
-13038
-9423
-6934
-5437
-8496
-13219
-12959
-6770
32
2945
4153
7110
8937
6724
4429
6343
8756
6966
4816
5167
3142
-3205
-8459
-8651
-6736
-6885
-8549
-8704
-7814
-9363
-11486
-8180
-1477
1116
1228
4388
7340
6265
4747
6559
9320
8974
6551
5105
4600
2098
-2674
-4551
-2845
-3545
-6693
-6926
-5224
-5745
-8912
-11615
-9226
-5291
-4245
-240
4631
2226
-1444
1346
6178
8056
8235
7928
6603
3932
1517
1202
1075
-98
-1149
-2229
-3188
-3821
-4790
-5146
-3073
286
2410
3591
4592
4967
4762
5184
7936
10746
10291
9381
9335
7783
6503
6253
5514
5008
4433
3709
3610
3458
3624
3630
1822
274
-3311
-14403
-23060
-19244
-11958
-8329
-5891
-5696
-9943
-14112
-11579
-3400
3242
4942
5546
7735
8248
5745
4454
6816
8326
5909
3773
3391
277
-6116
-10177
-9148
-6709
-6823
-8700
-8686
-7874
-9832
-10548
-5520
723
2773
2805
5159
7456
6225
5207
7670
9980
8742
5784
4112
3478
550
-3900
-4571
-2833
-4004
-7049
-6703
-5421
-11323
-15949
-9956
-5298
-4479
479
2905
478
1220
4250
6418
8786
9684
8930
7515
5093
3658
2179
-277
-614
-407
-2333
-4547
-5356
-5840
-6153
-3806
139
2684
4023
4783
5273
5817
6809
8719
10605
11152
10659
9678
8200
7377
6909
5501
4505
4288
3801
3094
2811
3406
3447
1836
-209
-5494
-17007
-24331
-19293
-11660
-7887
-5585
-6764
-11839
-14462
-10326
-2307
3993
6097
6667
8032
8035
5826
4785
7057
8329
5732
3956
3202
-1298
-7704
-10525
-9021
-7025
-7288
-8781
-9088
-9013
-10603
-10277
-4595
1463
3050
3464
5951
7448
6174
6139
8868
10292
8640
6135
4454
2875
-713
-4577
-4310
-2868
-4769
-7759
-11647
-15363
-15308
-13375
-8199
-578
598
-1731
471
3784
5741
8424
10740
11724
11044
8690
7225
5780
2483
267
-480
-1468
-2806
-5078
-7192
-7416
-5913
-3709
-1037
1718
3003
3681
4900
6510
9159
10992
11324
12481
12795
11115
10526
10142
8066
6574
5333
4084
4172
3725
3228
2896
597
-2161
-7406
-17794
-24742
-21902
-15624
-10339
-6190
-6610
-11232
-13811
-10333
-2647
4072
7570
9355
10102
9047
7066
6685
7936
7958
5947
4122
2095
-2793
-8559
-11410
-11402
-10007
-9076
-9562
-10025
-10349
-11060
-9578
-4423
996
3926
5649
7302
7978
7503
7940
9727
10443
9479
7495
4764
1915
-1395
-4483
-5766
-6726
-9170
-12133
-13861
-13562
-12096
-9961
-6635
-3681
-2269
-435
2847
6306
8785
10233
11067
11190
10355
8986
7402
5162
2305
-280
-2023
-3365
-4794
-5894
-6376
-5965
-4532
-2659
-764
877
2519
4413
6471
8733
10524
11409
11494
11455
11893
11837
11091
10153
8279
5878
4693
4574
4638
4661
4346
4244
3604
-1296
-13295
-26474
-28785
-20442
-11703
-6325
-5402
-10758
-17493
-16979
-8148
1779
7002
8707
10321
10647
8242
6593
8245
10193
8960
6935
5966
1908
-6022
-12309
-12980
-10132
-8763
-9742
-10642
-11521
-13704
-14528
-9530
-1492
2653
3662
6207
8576
7849
7347
9879
12501
12201
10079
8196
5754
1174
-3935
-5604
-4465
-5252
-7885
-11935
-17620
-19924
-17357
-11641
-3751
306
-1641
-2856
-145
4221
8920
12648
14346
13911
11438
9351
8258
5593
2178
343
-442
-1955
-4377
-6667
-8038
-7380
-4936
-2067
498
1957
2644
3620
5755
9208
11752
12586
13509
13800
12478
11480
11273
10448
9192
8429
8467
8525
7647
6640
4882
-2268
-17009
-30317
-30422
-21209
-13593
-9422
-9600
-15918
-21848
-18845
-7822
2652
7358
9535
12284
12634
9960
9182
11870
13358
11206
9089
7320
1400
-7452
-13068
-12985
-10701
-10584
-12271
-13407
-14730
-17148
-16619
-9590
-1537
1738
3744
7122
8827
8137
8044
10859
14226
14495
12776
10715
6350
-307
-4653
-4229
-2735
-4512
-7514
-10925
-18686
-24161
-20461
-13658
-5919
1167
1146
-2442
-2167
1679
7000
12596
16320
16727
13369
9111
7145
4949
2057
1370
1136
-914
-4284
-7810
-9623
-9335
-6850
-2156
1383
2302
2509
2791
4352
7852
11770
14111
14647
14893
14162
12114
11203
10929
9303
7957
8431
9231
8294
6561
4555
-3906
-18574
-27184
-25826
-19842
-12389
-8168
-10846
-17136
-20811
-17081
-7143
1968
6976
9736
10941
10090
8281
8704
11336
12197
11189
9869
6265
-429
-7456
-11311
-11119
-9638
-9611
-11169
-13146
-15473
-17237
-14819
-8492
-2847
771
3495
5494
6573
7440
9347
11803
13277
13207
11495
8855
5508
901
-2567
-3374
-4152
-5887
-7982
-10256
-13189
-17764
-19423
-14789
-9206
-4153
923
1648
-69
936
4221
8763
13133
14744
13709
10953
7369
4807
3010
1484
756
-683
-3292
-5617
-7352
-8263
-7448
-4885
-1713
967
2337
3031
4301
6061
8594
11653
13809
14367
13801
12798
10930
8823
8207
8343
7740
7275
6962
6392
7423
8281
4369
-6917
-23334
-32576
-27055
-15965
-7868
-4774
-9034
-17403
-20572
-14229
-3012
5342
8771
10816
11902
10420
8334
8641
10532
10622
9152
7951
4694
-2602
-10425
-13719
-11973
-9310
-9144
-10783
-12528
-14747
-16367
-13174
-5369
709
2894
4881
7591
8610
8283
9558
12174
13013
11811
10075
7508
3228
-2091
-5278
-4980
-4739
-7081
-9593
-11286
-16140
-20800
-17428
-11043
-6465
-839
2097
657
837
3885
7727
11715
14196
14601
13039
9521
6528
4219
1317
-160
-593
-2208
-4523
-6714
-8226
-8108
-6206
-3066
468
2605
3190
4368
6257
8482
11471
13788
14847
15219
14205
12292
10742
9656
8641
6557
4356
5254
7127
7407
8488
5250
-10361
-28304
-31813
-22752
-12514
-5393
-3704
-10016
-18796
-20045
-11140
753
7106
8521
10630
11978
9050
6214
8136
10685
9659
8194
7475
3259
-5177
-12550
-13930
-10284
-7611
-9133
-11188
-12019
-14693
-16319
-10829
-2016
2056
2779
5357
7873
7878
7957
10112
12764
13051
10974
8799
6603
2272
-3232
-5149
-3651
-4436
-8015
-10173
-12867
-18191
-18831
-13288
-8087
-3534
-287
-415
-247
2287
5515
9165
12503
13709
12905
10715
8082
5828
2798
298
-97
-896
-3048
-5424
-7349
-7871
-6934
-4852
-1755
772
1656
2594
4600
6801
9174
11559
12955
13247
12886
11836
10279
9072
8329
7836
7377
6107
5296
5877
6457
6707
675
-16472
-30815
-29505
-19955
-10720
-4228
-5402
-13967
-20466
-17409
-6485
3690
7960
9894
11892
11227
8152
7548
10258
10843
8779
8283
6887
416
-7944
-12743
-12499
-9706
-8655
-10304
-11741
-13275
-16083
-15109
-7427
-54
2118
3708
6654
7410
6643
8128
11735
13824
13067
11008
8394
4725
-418
-4239
-3968
-3182
-5520
-8611
-10968
-15419
-19389
-16862
-11087
-6457
-2300
-578
-1110
55
3275
6909
10435
12930
13308
11954
9865
7721
5220
2243
553
-11
-1491
-3769
-5946
-7488
-7800
-6733
-4389
-1439
424
1229
2894
4931
7004
9860
11801
12806
13681
13263
12189
11065
9579
8536
8515
9265
9981
9898
8656
6068
-249
-13318
-26874
-29635
-22242
-13725
-8138
-7754
-14336
-21217
-19849
-10340
913
7723
10055
11167
11073
9649
9335
11552
13366
11880
9467
7161
1788
-5953
-11263
-12142
-10573
-9709
-11110
-13554
-15634
-17099
-16041
-10236
-2800
1084
2639
5058
6900
7615
9632
12937
14906
14537
12689
9669
5900
1945
-1697
-3432
-3702
-5254
-8425
-10901
-12565
-15751
-17861
-15505
-11694
-7579
-2627
484
1503
2463
4332
7545
11229
13432
13572
12053
9215
6431
4277
2532
1460
28
-2461
-5264
-7695
-9013
-8802
-7135
-4283
-1354
464
1747
3285
4769
6803
9599
11829
13110
13591
13058
12021
11166
10496
9759
9028
8200
6397
4054
3487
4171
3498
246
-8740
-21806
-27962
-23304
-14588
-7578
-5657
-9677
-15348
-16211
-9754
25
6874
9184
10032
10540
9604
8293
8534
9366
8585
6957
5451
2035
-4060
-9903
-12394
-11447
-9751
-9898
-11386
-12616
-13730
-13648
-9747
-3304
1221
3139
4908
6838
8077
9094
10700
12109
11997
10569
8295
5293
1718
-2137
-4424
-4477
-4991
-7116
-10104
-13110
-14565
-15346
-14749
-10111
-5331
-2579
998
3484
3802
4903
7142
9756
12217
12771
11250
8688
5231
2329
856
-206
-1150
-2673
-5199
-7541
-8426
-7667
-6000
-3337
-216
1567
2201
3399
5369
7211
9233
11362
12634
12992
12599
12016
11119
9675
8769
7811
6230
4955
3705
2884
3360
3607
2105
-4001
-16845
-26900
-24656
-16198
-8730
-4326
-6300
-12944
-16748
-12683
-3013
5097
8133
9017
9987
9390
7356
7056
8633
8442
6457
5762
4052
-1673
-8141
-11513
-11272
-9366
-8804
-10255
-11633
-12570
-13408
-10851
-4317
814
2565
4015
6041
7109
7640
9190
11145
11717
10744
8831
6016
2568
-1088
-3578
-3936
-4947
-8435
-11566
-12901
-13653
-12999
-10419
-8183
-6651
-4409
-1784
1022
4167
6663
8177
9453
10608
11140
10477
8591
6285
3926
1750
264
-1030
-2961
-5298
-6950
-7236
-6462
-5202
-3575
-1577
175
1732
3902
6208
8028
9679
11089
12059
12959
13180
12060
10933
9854
8089
6948
6410
5290
4192
4018
3850
3087
-64
-10991
-24770
-27778
-20741
-12634
-6205
-4593
-10281
-16977
-16331
-8015
1812
7280
8828
10159
10434
8325
6958
8304
9180
7683
6731
6044
1612
-5673
-10920
-12019
-10375
-8907
-9720
-11365
-12574
-13991
-13151
-7629
-1172
1608
2747
5113
6727
7270
8809
11089
12324
11784
10326
8075
4840
1226
-1966
-3178
-3582
-6638
-10858
-13421
-15124
-14945
-12002
-9080
-7015
-4968
-3132
-800
2535
5908
8400
10074
11337
11810
10847
8998
7068
4790
2480
913
-465
-2451
-4937
-7082
-7882
-7257
-5967
-4288
-2203
-480
822
2544
4634
6771
8623
9961
11155
12211
12834
12740
11729
10169
8321
6503
5509
5096
4347
3402
3109
3258
2728
1461
-4301
-17316
-26258
-22744
-14432
-7091
-2653
-5315
-12957
-16801
-12029
-2414
4994
7524
8259
8857
7557
5655
6199
8028
7650
6031
5861
3896
-2275
-8314
-10630
-9877
-8210
-7794
-9221
-11119
-12812
-13294
-9835
-3624
331
1434
2969
4895
5697
6868
9216
10904
10985
10234
8599
5802
2622
-552
-2509
-3498
-5776
-8732
-11885
-14064
-13180
-11465
-9767
-7304
-5636
-4258
-1641
1934
5437
7775
8850
9856
10706
10206
9299
8151
5795
3471
1769
34
-1770
-3689
-5512
-6374
-6073
-5274
-4013
-2710
-1475
443
2287
4037
6414
8217
9366
10908
11975
12238
12275
11543
10213
8637
6961
6126
5800
5435
5193
4956
4482
3507
1241
-7055
-20594
-26384
-20848
-13084
-6665
-3917
-8629
-16178
-17809
-11072
-1204
5034
6991
8188
8673
7166
6065
7587
9066
7909
6863
6726
3394
-2981
-7974
-9725
-9068
-7902
-8202
-9960
-11920
-13612
-13456
-9228
-3308
-154
1104
3100
4609
5352
7324
9863
11179
11387
10815
8898
5598
1509
-2350
-4024
-3562
-3593
-5514
-8666
-11887
-14433
-14384
-10775
-6862
-4301
-2149
-1096
-199
2184
4867
7207
9395
10444
10140
8972
6984
4959
3489
2433
1785
631
-1785
-4468
-6129
-6460
-5590
-3869
-2146
-878
55
1028
2696
4852
7043
9283
10856
11650
12228
11902
10767
9723
8507
7646
7404
6774
5928
5384
5364
5336
4435
426
-10942
-23749
-25636
-18636
-11188
-5689
-5517
-11913
-18010
-16596
-7981
995
5206
6836
8572
8676
7297
7535
9251
9399
8163
7989
6971
2219
-4012
-8179
-9334
-8502
-8031
-9340
-11340
-13020
-14171
-12698
-7650
-2955
-886
1015
3312
4796
6242
8438
10642
11844
11963
11072
8641
4895
780
-2386
-3166
-2816
-3894
-6619
-10042
-12735
-13744
-12950
-10052
-6809
-4677
-2717
-1039
494
2528
4639
7034
9359
10182
9485
8104
6230
4410
3376
2743
1887
240
-2343
-4679
-5825
-5860
-5147
-3789
-2040
-781
54
1067
2291
4053
6112
8034
10077
11481
11422
10897
10305
9123
8190
7780
7287
6910
6195
4956
4686
5243
4568
2948
-2032
-14205
-24199
-22353
-15238
-9203
-5222
-7166
-14042
-17582
-13430
-5055
1819
4853
6437
7927
7858
7099
7694
8841
8373
7447
7764
5957
445
-4834
-7745
-8781
-8346
-8108
-9674
-11990
-13543
-13620
-11046
-6425
-2696
-736
1158
3232
4820
6845
9393
11056
11519
11306
10083
7244
4307
2004
-1685
-5091
-5394
-5689
-8016
-9830
-11537
-13862
-13083
-8980
-5170
-2447
-1236
-726
1495
4310
6525
8701
9524
8892
8412
7661
6116
4364
2478
869
-182
-1411
-3048
-4797
-5864
-5409
-4238
-2928
-1235
36
707
1778
3583
5555
7182
8746
10127
10635
10589
10298
9446
8445
7614
6847
6307
5699
4963
4476
4606
4969
4285
2627
-2987
-14754
-22636
-19955
-13834
-8424
-4641
-6851
-13514
-16443
-12081
-4346
1451
4162
6108
7362
6761
6063
7033
8239
7838
7481
7894
5601
84
-5030
-7610
-8004
-7580
-7750
-9184
-11161
-12756
-12992
-10226
-5663
-2687
-1013
1250
3185
4440
6300
8484
9991
10664
10803
9670
6327
2427
-293
-1823
-2128
-2249
-4105
-7633
-10645
-12153
-12357
-10722
-8261
-6184
-3933
-1811
40
2072
3596
4773
6583
8272
8928
8723
7429
5451
3827
2690
1721
258
-1706
-3445
-4665
-4952
-4471
-3851
-2925
-1651
-374
859
2048
3227
4605
6112
7662
9150
9897
9870
9500
8559
7731
7393
6518
5814
5641
4968
4566
4530
4490
4456
3877
2827
-3110
-15045
-21546
-18288
-12678
-7187
-3724
-7075
-13986
-16243
-11642
-4249
899
3231
5285
6463
5844
5580
6975
8100
7436
7292
7869
5205
-359
-4619
-6627
-7254
-6825
-6941
-8613
-10716
-12324
-12459
-9892
-5845
-3004
-1154
985
2490
3590
5618
7887
9287
9986
10110
8788
6532
3789
-439
-3228
-2371
-1772
-3013
-4922
-8763
-13286
-13910
-10288
-6104
-2948
-1154
-1125
-1115
551
3098
5422
7341
8577
8737
8028
6670
4823
2986
1714
1226
728
-801
-2977
-4551
-4959
-4491
-3257
-1736
-1115
-879
201
1589
3063
5000
6620
7392
7956
8626
8752
8270
7872
7383
6691
6247
5671
4793
4060
3778
4052
4328
4694
4531
3242
2011
-3539
-14401
-19284
-15737
-11124
-6585
-4118
-7692
-13756
-15346
-10694
-3653
1078
3068
4792
5740
5055
4943
6531
7554
6680
6537
6928
4167
-636
-4231
-6116
-6409
-5798
-6166
-7913
-9655
-11016
-11124
-8464
-4924
-3006
-1581
351
1656
2824
4822
6575
7643
8357
8470
7326
5108
3261
595
-3191
-4012
-2703
-3254
-4066
-4210
-7162
-11432
-11157
-7759
-4936
-1630
488
-350
-1175
-255
2072
5302
7712
8094
7149
5472
3846
3174
2731
2377
2292
1354
-461
-2141
-3227
-3740
-3463
-1943
-217
318
591
1493
2216
3104
4941
6548
7203
7733
8237
8071
7578
7390
7041
6351
5850
5692
5494
5128
5285
5178
4521
4507
4070
2671
-2426
-12905
-19412
-17148
-12462
-7987
-5419
-8371
-13964
-15741
-11706
-4756
250
2106
4020
5833
5637
5349
6657
7584
6828
6960
7801
5432
636
-3182
-5405
-6045
-5468
-5691
-7647
-9818
-11260
-11595
-9494
-6039
-3968
-2538
-522
1058
2520
4403
5999
7268
8193
8553
8001
6228
4122
2021
-281
-1504
-1424
-2092
-4095
-5481
-6338
-8581
-9957
-8202
-6133
-4568
-1977
-358
-674
-430
1057
3190
5724
7355
7377
6235
4689
3759
3430
3175
2831
1803
-60
-1772
-2771
-3359
-3562
-2950
-1616
-593
-242
413
1299
1844
2825
4466
5999
7002
7592
8039
7941
7271
6827
6549
6227
6198
5866
4768
4105
4102
3689
3736
4710
4345
3002
1878
-4143
-14569
-18582
-15091
-10788
-6430
-4219
-7904
-13725
-14804
-10057
-3741
464
2594
4362
5058
4246
4396
6033
6797
6357
6902
7303
4443
-31
-3077
-4682
-5262
-5021
-5506
-7383
-9345
-10811
-10892
-8602
-5821
-4186
-2648
-698
576
1625
3605
5410
6262
7063
7797
7248
5673
4243
2652
1450
1066
101
-2156
-6375
-10229
-10062
-8078
-6059
-3911
-4470
-6545
-5845
-2742
622
3079
4012
4445
5282
6359
7388
7216
5691
4541
3986
3250
2264
556
-1630
-2848
-2777
-2233
-1855
-2093
-2548
-2140
-821
829
2532
3779
4272
4701
5488
6324
7130
7654
7828
7951
7596
6625
5414
4259
3616
3424
3749
4411
4252
3345
2993
2978
2375
2406
906
-7266
-15954
-16387
-12654
-8802
-4843
-5142
-10607
-14674
-12866
-7285
-2237
452
2170
3890
4399
4062
4883
6354
6463
6200
7216
6733
2955
-1070
-3491
-4723
-4756
-4517
-5721
-8020
-9963
-11077
-10377
-7696
-5322
-4009
-2259
-243
1121
2608
4405
5618
6465
7479
7958
6987
5304
3713
2062
934
95
-1491
-3809
-6393
-7651
-6835
-5477
-4087
-3897
-6384
-7878
-5852
-2629
1392
4528
4020
2827
3289
4380
6022
6936
6002
4600
3378
2327
1678
621
-759
-1445
-1738
-1800
-1786
-2346
-2663
-1969
-659
1055
2479
2933
3184
3837
4500
5500
6710
6845
6469
6691
6791
6377
5723
4830
3971
3510
3389
3379
3048
2565
2728
3007
3159
3361
3152
2546
-1987
-11165
-16100
-13811
-9831
-5706
-3285
-6390
-12165
-13966
-10094
-4304
-515
1253
2654
3292
2998
3414
4931
5793
5457
5872
6587
4638
772
-2287
-3970
-4391
-4044
-4256
-5772
-7885
-9492
-9845
-8337
-5943
-4405
-3241
-1708
-531
594
2193
3611
4858
6064
6831
6655
5427
4166
3096
2304
2244
1372
-881
-3482
-5832
-6495
-5564
-4870
-4573
-4581
-5114
-4887
-3061
-898
374
907
1550
2630
3791
4892
5434
4861
3921
3491
3356
3036
2300
1098
-46
-549
-706
-996
-1346
-1518
-1359
-776
23
677
1157
1511
1986
2975
3944
4304
4533
4898
5163
5499
6049
6108
5424
4660
3947
3492
3295
2923
2773
2964
3282
3579
3584
3586
3236
3104
2963
-2199
-11294
-15218
-13149
-9681
-5440
-3635
-7722
-13239
-14209
-10078
-4190
-474
928
2217
2889
2614
3420
5360
6004
5530
6330
6912
4602
1122
-1448
-3277
-3953
-3522
-4029
-6036
-8142
-9796
-10109
-8239
-5836
-4405
-3121
-1723
-713
735
2627
3947
5063
6465
7407
7174
6207
5027
3561
2480
2144
1419
-70
-1878
-3960
-5473
-6665
-8253
-7558
-5026
-4210
-3315
-1950
-2493
-2160
461
2625
4044
4952
4699
4295
4222
4149
4274
3992
3074
2245
1301
105
-741
-1341
-1842
-1799
-1414
-1155
-967
-763
-212
832
1820
2538
3164
3436
3468
3773
4054
4363
4944
5190
5233
5304
4881
3947
3295
3375
3365
3291
3574
3281
2751
2856
3132
3378
3371
3458
3443
-815
-9471
-14655
-13885
-10954
-6925
-4290
-6831
-12101
-14069
-10821
-5547
-1553
745
2274
3027
2950
3499
5117
6051
5859
6320
7147
5594
1969
-905
-2502
-3385
-3385
-3537
-5184
-7390
-8965
-9595
-8413
-6201
-4903
-3958
-2452
-1069
300
2200
3862
4829
5852
6867
6912
6155
5328
4271
3268
2840
2037
180
-2318
-4454
-5222
-5228
-4742
-3914
-4482
-5496
-4837
-3253
-1293
115
-208
-542
157
1514
3790
5383
5010
4148
3472
2856
2918
3068
2399
1483
625
-282
-969
-1441
-1700
-1648
-1372
-959
-639
-701
-638
180
1377
2590
3640
3998
3717
3577
4017
4816
5603
5977
5861
5381
4522
3783
3348
3021
2792
2387
2146
2085
1839
1722
1577
1516
1614
2162
2727
-1126
-9460
-14396
-13324
-9825
-5423
-2636
-5244
-10867
-13105
-10063
-4859
-859
1295
2621
3019
2538
2862
4341
5041
4881
5674
6344
4510
1192
-1417
-3136
-3737
-3041
-3042
-4851
-7045
-8545
-8864
-7413
-5143
-3673
-2672
-1551
-493
964
2687
4026
5046
6110
6961
6749
5830
4884
3547
2363
1971
1336
-236
-2255
-4051
-5028
-5195
-4845
-4093
-3618
-4001
-4448
-3731
-2285
-874
1020
2449
2362
2281
2801
3325
4101
4656
4285
3295
2176
1379
953
553
162
-304
-1084
-1749
-1880
-1736
-1377
-733
-35
522
859
1153
1667
2370
3147
3815
4263
4400
4191
4031
4049
4302
4781
4791
4307
3622
2449
1472
1364
1606
1895
2022
1757
1341
1073
1326
2063
2871
3708
2856
-2375
-9332
-12227
-10565
-6910
-2974
-2044
-5964
-10861
-11960
-8921
-4548
-1261
581
1303
987
571
1336
2748
3458
4165
5448
5554
3659
1089
-891
-1903
-1869
-1376
-1827
-3483
-5405
-6836
-7090
-6138
-4887
-3953
-3099
-2097
-1145
-185
932
1987
3001
4183
5091
5201
4676
3874
3189
2875
2707
2204
1072
-512
-1954
-2832
-3912
-5339
-5363
-4343
-3854
-3067
-2167
-2401
-2556
-1365
373
1715
2610
3185
3449
3652
3962
4112
3819
3184
2445
1704
1039
392
-372
-1070
-1358
-1305
-1294
-1326
-1241
-1035
-615
21
881
1725
2250
2810
3401
3709
3983
4134
4026
4142
4458
4483
4222
3697
2815
2018
1698
1814
2159
2321
2262
2187
2079
2033
2167
2617
3347
4018
3308
-941
-7421
-11313
-10898
-8062
-4615
-3095
-5719
-10088
-11640
-9447
-5651
-2102
276
1153
1090
1123
1919
3234
4105
4511
5212
5506
4171
1920
54
-1270
-1721
-1319
-1542
-3072
-5106
-6804
-7376
-6437
-4829
-3761
-3177
-2560
-1923
-968
448
1775
2882
4002
4731
4753
4369
3585
2668
2319
2226
1739
819
-465
-1667
-2324
-2651
-2704
-2524
-2893
-3844
-4261
-3787
-2772
-1431
-301
64
-184
-142
881
2333
3319
3703
3480
2736
2156
2026
1988
1814
1329
549
-221
-823
-1248
-1410
-1341
-1180
-768
-244
-17
192
607
1208
2136
3015
3408
3455
3427
3555
3835
4114
4341
4382
4196
3809
3229
2678
2194
1826
1754
1628
1426
1465
1344
1058
1155
1519
1990
2690
3589
3737
962
-4560
-8920
-9627
-7619
-4573
-2606
-4010
-7926
-10448
-9394
-6175
-3059
-884
316
537
457
1060
2329
3365
3946
4687
5167
4351
2532
644
-708
-1137
-891
-997
-2243
-4246
-5988
-6770
-6364
-5168
-4130
-3731
-3497
-2866
-1829
-567
911
2371
3445
4116
4344
4069
3497
2955
2619
2305
1966
1344
2
-1415
-2308
-2927
-2961
-2508
-2820
-3808
-4179
-3741
-2680
-1081
178
430
132
109
808
1968
3011
3626
3628
3086
2547
2159
1792
1565
1245
742
265
-351
-1009
-1382
-1451
-1178
-610
-134
60
175
412
1010
1930
2714
3059
3037
2968
3074
3280
3606
3960
4003
3876
3766
3420
2890
2337
1843
1658
1687
1586
1292
965
745
723
977
1548
2311
2974
3424
2856
31
-4167
-7440
-8195
-6281
-3657
-2688
-4207
-7284
-9400
-8786
-6205
-3387
-1410
-652
-682
-536
172
1128
2061
2959
3643
3744
3176
2075
791
-50
-110
140
-140
-1290
-3004
-4557
-5274
-5064
-4186
-3369
-3235
-3296
-3026
-2415
-1293
178
1359
2184
2829
2989
2805
2681
2619
2547
2254
1700
1031
223
-445
-972
-1761
-2521
-2881
-2722
-2133
-1707
-1561
-1465
-1388
-974
-214
406
949
1513
1908
2207
2354
2145
1817
1794
1969
1934
1572
892
81
-380
-337
-80
56
-48
-194
-212
-22
415
903
1329
1718
2029
2350
2625
2591
2471
2590
2680
2766
2837
2599
2433
2423
2396
2471
2241
1723
1280
895
895
1170
1180
1085
1010
853
977
1429
1772
2032
2194
2367
2687
1841
-798
-3956
-6427
-6983
-5440
-3699
-3449
-4905
-7113
-8290
-7409
-5337
-3339
-1957
-1344
-1069
-579
167
1036
1796
2342
2860
3176
2860
1979
921
165
-80
-196
-492
-1262
-2562
-3726
-4282
-4199
-3686
-3281
-3144
-2964
-2542
-1815
-809
230
1035
1564
1907
2249
2540
2612
2626
2638
2530
2177
1570
833
34
-590
-1029
-1479
-1775
-1903
-1857
-1542
-1315
-1545
-1903
-1652
-804
204
1217
1712
1388
963
965
1256
1747
2168
2168
1865
1411
997
795
628
489
398
223
82
-28
-150
-56
229
537
824
1052
1188
1243
1312
1463
1663
1837
1836
1769
1845
1989
2226
2648
2925
2661
2118
1733
1490
1444
1570
1584
1433
1180
1003
1119
1348
1364
1252
1187
1118
1207
1532
1820
1858
1013
-954
-2910
-4423
-5502
-5251
-4289
-4253
-5010
-5806
-6388
-6355
-5437
-3970
-2643
-1826
-1352
-980
-513
96
758
1553
2234
2422
2252
1752
991
549
421
121
-290
-764
-1554
-2469
-2926
-2912
-2889
-2794
-2515
-2330
-2083
-1584
-1029
-465
101
653
1184
1612
1917
1981
1875
1939
1993
1771
1360
867
477
85
-441
-688
-745
-1027
-1166
-1020
-1095
-1548
-1814
-1369
-562
233
941
1209
1061
1018
1304
1776
2188
2324
2079
1673
1381
1141
907
755
571
321
65
-250
-526
-651
-610
-287
173
411
477
566
712
1030
1467
1864
2186
2280
2283
2359
2242
2038
2016
2111
2243
2258
2011
1432
778
517
442
394
516
456
315
478
521
351
390
559
761
1139
1591
1858
1810
1571
1445
1400
866
-320
-1549
-2595
-3544
-3930
-3873
-4200
-4741
-4991
-5136
-5159
-4799
-4176
-3450
-2657
-1922
-1301
-759
-300
170
761
1283
1516
1532
1278
765
391
195
-106
-434
-809
-1402
-1956
-2255
-2407
-2438
-2345
-2189
-1982
-1740
-1474
-1105
-663
-164
430
937
1258
1469
1548
1536
1584
1646
1465
1096
774
489
291
237
138
-80
-297
-446
-568
-699
-677
-436
-91
315
599
558
419
558
947
1269
1403
1366
1109
830
744
787
885
874
739
597
420
270
205
280
467
568
638
666
501
405
538
778
1081
1330
1424
1417
1410
1466
1588
1659
1699
1828
1881
1792
1660
1440
1178
1049
1165
1387
1450
1208
735
367
246
271
415
546
523
410
394
456
374
190
57
48
215
412
292
-458
-1571
-2489
-2981
-2973
-2800
-2976
-3451
-3957
-4178
-3955
-3559
-3149
-2721
-2346
-1953
-1515
-1111
-760
-479
-140
243
450
445
249
-18
-128
-51
-10
-186
-467
-805
-1176
-1267
-1094
-1050
-1139
-1118
-994
-892
-756
-473
-171
17
220
454
590
621
573
622
805
879
872
805
602
459
424
400
377
281
144
72
21
-28
-104
-241
-217
-11
129
265
430
455
464
576
685
856
1095
1246
1363
1442
1345
1149
1043
1070
1101
1071
978
794
550
333
297
415
459
438
496
550
504
534
711
884
1101
1422
1716
1837
1708
1422
1215
1183
1237
1270
1177
931
556
130
-97
-100
-121
-109
-28
-5
-6
-22
13
195
301
250
299
368
286
244
285
189
-27
-200
-339
-429
-502
-693
-1041
-1558
-2076
-2417
-2587
-2571
-2537
-2703
-2865
-2858
-2810
-2643
-2299
-1935
-1583
-1272
-1035
-795
-620
-506
-214
163
285
191
19
-197
-311
-238
-84
-81
-308
-561
-762
-871
-784
-655
-585
-543
-559
-507
-299
-124
32
248
368
408
448
453
459
543
688
744
685
595
426
269
247
281
342
445
518
474
382
395
449
459
494
527
496
470
489
530
608
675
673
624
554
532
545
546
610
702
724
728
696
652
670
715
808
901
896
911
968
937
915
1008
1105
1126
1125
1087
964
855
817
746
599
440
338
359
424
430
401
316
230
261
357
402
301
128
44
73
167
235
191
2
-217
-254
-190
-215
-292
-431
-698
-891
-895
-865
-809
-773
-896
-1058
-1313
-1667
-1793
-1749
-1724
-1680
-1617
-1620
-1708
-1696
-1536
-1374
-1180
-893
-627
-458
-390
-393
-354
-247
-142
-99
-89
-115
-236
-412
-558
-593
-574
-627
-706
-813
-899
-819
-629
-413
-262
-274
-231
-5
177
291
462
612
688
770
792
715
580
411
319
305
289
243
131
17
-17
11
75
171
302
367
360
416
522
618
717
848
967
1007
990
941
893
884
850
794
842
875
768
688
655
601
595
579
491
415
328
260
301
329
306
357
436
418
345
302
255
222
304
463
595
681
653
509
410
409
441
429
315
214
176
90
9
0
-86
-236
-256
-191
-188
-169
-103
-97
-34
94
24
-154
-278
-429
-455
-314
-250
-353
-595
-830
-930
-970
-985
-1002
-1087
-1234
-1343
-1298
-1208
-1185
-1113
-1003
-976
-942
-832
-740
-677
-576
-469
-427
-424
-382
-341
-347
-343
-320
-302
-269
-203
-144
-129
-163
-223
-242
-210
-155
-106
-84
-24
58
146
243
275
263
235
205
258
335
311
273
327
377
392
478
548
496
457
472
488
527
507
420
393
394
390
427
450
419
368
347
374
378
382
430
489
538
572
575
519
447
401
351
297
251
224
222
223
231
276
353
390
383
383
415
480
597
717
743
678
580
507
523
598
663
672
549
313
129
53
22
6
-65
-200
-328
-406
-449
-437
-364
-307
-242
-185
-232
-262
-164
-59
-2
33
-53
-283
-544
-731
-801
-820
-829
-861
-984
-1175
-1326
-1345
-1247
-1122
-976
-803
-692
-661
-694
-742
-727
-618
-437
-248
-171
-311
-515
-585
-523
-356
-187
-110
-129
-249
-344
-341
-283
-157
-3
124
202
179
57
-20
25
107
207
316
337
264
173
131
185
277
329
397
478
504
457
414
466
530
531
565
621
609
559
540
547
505
405
352
379
393
393
434
455
413
371
370
380
409
479
535
567
590
575
573
621
677
675
562
438
370
339
339
346
298
169
92
135
161
115
81
14
-75
-49
-1
13
42
34
5
-19
-76
-119
-100
-70
-12
60
54
-7
-70
-134
-141
-108
-124
-167
-265
-416
-543
-637
-699
-736
-783
-819
-840
-879
-894
-831
-713
-590
-507
-469
-501
-571
-555
-462
-378
-322
-289
-310
-389
-446
-498
-564
-584
-573
-535
-494
-446
-388
-389
-356
-202
-101
-82
-73
-93
-69
29
108
134
100
26
0
57
126
170
181
148
120
138
202
268
303
309
266
250
305
343
352
378
404
374
332
369
424
451
474
457
411
387
385
397
387
359
376
415
434
452
449
447
477
496
489
448
389
336
276
258
297
285
226
213
202
167
168
233
299
333
360
376
373
333
245
182
173
148
109
96
24
-108
-182
-185
-206
-252
-278
-322
-344
-292
-250
-259
-262
-270
-309
-284
-227
-232
-245
-273
-341
-391
-445
-498
-512
-501
-497
-509
-506
-517
-550
-560
-522
-444
-371
-327
-261
-177
-137
-92
-18
-12
-52
-57
-57
-43
-42
-70
-75
-115
-218
-273
-265
-265
-235
-152
-86
-94
-140
-156
-146
-118
-58
31
77
77
75
99
150
161
159
183
186
188
197
164
81
10
-23
-7
40
76
48
-30
-65
-46
6
81
158
187
164
164
203
255
310
382
451
464
425
373
332
310
321
352
352
302
229
160
135
163
193
203
186
174
210
240
262
322
375
362
339
322
268
218
191
164
139
76
-19
-91
-136
-140
-138
-175
-220
-276
-292
-251
-217
-209
-228
-236
-212
-178
-135
-103
-85
-56
-30
-21
-17
-46
-99
-101
-75
-79
-140
-218
-259
-263
-245
-224
-201
-201
-248
-246
-184
-139
-88
-19
4
-3
7
28
47
34
-8
-29
-36
-63
-86
-113
-158
-180
-178
-177
-158
-124
-115
-123
-123
-131
-130
-79
-7
29
54
74
50
19
27
47
63
101
146
126
59
-22
-109
-132
-89
-45
-20
-39
-92
-103
-62
9
122
221
240
214
196
195
228
311
380
377
339
304
272
241
229
205
153
116
105
81
56
64
53
57
95
120
121
107
90
61
38
73
113
109
93
53
20
14
-1
-2
12
-27
-83
-91
-94
-94
-61
-38
-66
-90
-86
-104
-136
-162
-188
-205
-212
-222
-241
-230
-188
-141
-109
-120
-131
-113
-89
-42
21
45
39
26
6
-8
-37
-83
-126
-136
-108
-97
-100
-134
-200
-246
-249
-200
-116
-53
-14
14
9
-6
5
41
93
130
146
147
119
87
76
64
77
90
64
27
-18
-57
-46
7
89
151
126
72
54
49
58
108
156
156
145
115
63
21
-10
-17
-13
-6
19
52
59
71
82
75
87
98
111
143
151
166
184
159
102
71
78
70
57
70
77
41
0
13
39
50
58
53
42
35
37
47
56
60
67
74
78
63
17
-21
-33
-52
-70
-80
-130
-178
-173
-164
-156
-135
-130
-155
-177
-193
-212
-205
-163
-125
-117
-141
-182
-197
-178
-140
-90
-44
-43
-72
-84
-86
-75
-42
-26
-44
-71
-106
-134
-143
-122
-78
-53
-44
-59
-72
-68
-65
-27
52
105
128
139
121
91
86
117
144
151
144
124
88
51
40
30
23
3
-24
-33
-51
-59
-49
-29
1
37
75
92
65
24
4
-8
27
93
127
131
114
61
13
9
28
53
61
51
35
30
50
66
66
61
48
38
49
79
93
74
66
64
62
87
100
87
60
34
23
29
26
4
-2
24
64
102
112
88
58
56
80
117
122
75
6
-38
-41
-38
-23
-9
-16
-12
-6
-16
-27
-37
-32
-13
-4
0
-10
-38
-65
-81
-96
-114
-110
-100
-88
-74
-61
-48
-37
-26
-2
38
50
48
67
80
78
73
64
49
23
-9
-40
-73
-104
-103
-72
-67
-78
-86
-107
-104
-75
-48
-22
5
15
5
12
20
22
40
48
59
67
37
-21
-78
-109
-119
-105
-86
-109
-146
-152
-143
-130
-91
-48
-39
-16
23
35
37
53
65
63
60
59
55
31
2
-21
-51
-94
-125
-138
-159
-164
-144
-150
-172
-172
-144
-93
-33
-1
-7
-9
9
55
109
140
137
120
105
92
108
102
65
61
56
37
41
57
54
53
69
80
77
79
98
119
126
137
146
141
139
147
143
123
99
89
86
85
87
77
38
2
-8
-16
-6
11
9
-8
-41
-65
-75
-71
-58
-41
-26
-19
0
7
-5
-1
1
7
24
30
20
6
-6
-19
-31
-45
-42
-32
-37
-41
-51
-71
-71
-65
-61
-57
-49
-43
-55
-56
-40
-30
-11
14
17
-3
-23
-31
-22
-3
8
17
12
-17
-27
-25
-38
-48
-56
-66
-61
-46
-52
-75
-71
-56
-42
-42
-71
-110
-128
-104
-75
-47
-27
-32
-46
-43
-18
-6
-2
3
5
13
23
40
45
19
-11
-27
-40
-37
-32
-28
-8
-10
-16
-6
-9
-12
0
36
69
92
113
109
95
103
112
109
111
101
82
60
31
16
9
-2
-21
-28
-21
-8
9
19
5
-25
-30
-12
12
39
49
34
12
5
19
48
60
56
44
5
-26
-44
-53
-42
-27
-14
-8
-20
-28
-33
