-10
-8
-9
-11
-2
6
3
3
0
-4
2
2
-2
0
-8
-4
3
-1
1
-2
-7
2
-3
-6
-3
-8
-3
-3
-10
-6
-1
-1
-3
1
9
10
9
9
8
0
-2
7
4
-1
6
7
9
9
7
9
3
2
1
6
7
9
11
2
8
15
16
14
9
8
1
5
9
0
6
9
-2
-1
-2
-6
-3
-3
-4
1
-2
-3
2
-3
-4
0
-2
-2
-2
-2
-5
-8
-3
3
-5
-7
-5
-7
-6
-7
-3
-1
-5
-2
-6
-3
4
7
0
-4
0
-5
-10
-12
-9
-7
-13
-11
-13
-7
-6
-12
-10
-8
-3
-1
-3
0
8
12
12
12
13
13
10
10
10
3
3
0
-4
-1
-1
-2
1
0
5
9
2
-2
-1
0
2
2
0
1
1
-3
-4
-4
0
3
-3
-5
-1
-2
-4
3
5
2
1
3
11
5
7
19
18
21
21
24
28
19
13
7
7
5
-7
-7
-3
-6
-8
-11
-21
-25
-18
-19
-22
-27
-24
-24
-28
-28
-36
-32
-28
-22
-11
-12
-22
-23
-12
-12
-9
-6
-11
-6
1
-1
3
1
-1
3
7
3
-5
-1
1
6
10
9
20
19
19
21
19
15
9
11
7
3
8
15
11
9
11
7
10
14
18
18
11
15
24
23
21
22
23
22
18
13
11
13
5
2
6
-1
-1
2
3
1
-9
-5
0
-1
-2
-6
-8
-15
-20
-26
-28
-24
-34
-44
-49
-56
-52
-56
-58
-50
-57
-56
-52
-54
-52
-43
-29
-25
-13
1
9
21
32
35
46
61
62
62
71
77
90
88
83
82
84
85
74
74
71
63
59
55
53
47
35
24
19
0
-17
-24
-45
-65
-90
-110
-114
-121
-119
-113
-106
-107
-106
-93
-83
-54
-29
-16
6
28
41
38
43
50
47
45
41
33
17
-1
-19
-36
-46
-45
-50
-56
-59
-51
-46
-38
-17
7
27
47
67
83
84
91
103
96
97
100
85
68
49
26
7
-13
-31
-45
-56
-57
-51
-54
-55
-50
-42
-36
-23
1
12
23
26
26
27
20
21
12
-7
-31
-61
-88
-107
-121
-147
-167
-175
-171
-157
-139
-117
-106
-89
-66
-47
-5
32
61
89
98
114
129
139
144
149
155
147
142
147
143
140
133
127
130
149
167
179
198
209
223
253
269
272
265
222
177
147
112
85
42
-61
-198
-329
-425
-473
-463
-426
-424
-457
-489
-500
-457
-363
-236
-91
10
69
108
123
149
192
237
280
281
242
172
76
-17
-91
-132
-155
-175
-202
-247
-286
-298
-279
-224
-154
-79
-1
53
106
170
214
249
283
296
309
311
275
232
167
82
21
-22
-61
-100
-132
-156
-186
-191
-176
-155
-107
-62
-22
32
77
123
167
196
227
248
255
256
225
189
149
92
51
10
-41
-90
-138
-175
-198
-198
-194
-181
-159
-127
-87
-48
-13
30
72
106
150
186
202
186
158
136
103
88
72
36
-4
-55
-101
-133
-155
-165
-169
-164
-150
-141
-134
-135
-127
-112
-95
-54
-22
-16
-21
-47
-73
-74
-52
-26
-33
-67
-114
-159
-174
-152
-123
-113
-117
-123
-135
-129
-110
-87
-49
-15
25
74
112
157
194
224
272
332
413
493
537
569
586
579
574
574
566
570
594
608
594
530
424
284
128
45
23
-14
-106
-320
-698
-1092
-1276
-1261
-1151
-973
-851
-903
-1069
-1114
-905
-569
-213
159
435
504
456
481
574
648
707
751
740
590
331
70
-176
-384
-517
-557
-563
-632
-765
-859
-861
-779
-596
-345
-93
96
214
342
484
616
732
801
827
811
749
651
539
392
207
33
-112
-214
-290
-369
-450
-548
-621
-607
-514
-389
-254
-109
1
83
193
348
496
580
628
633
570
479
397
326
225
91
-25
-130
-257
-374
-465
-523
-535
-506
-437
-343
-268
-222
-148
-43
79
207
328
430
471
456
450
440
401
361
320
248
155
58
-48
-156
-233
-279
-297
-287
-273
-273
-275
-261
-206
-126
-61
28
128
180
212
266
305
295
268
258
256
217
161
102
0
-149
-289
-362
-416
-480
-528
-589
-693
-781
-749
-617
-486
-369
-231
-173
-180
-68
152
357
476
546
548
430
302
281
305
252
164
110
27
-78
-134
-127
-92
-4
169
335
435
536
625
677
784
988
1174
1247
1297
1356
1393
1434
1396
1211
983
814
627
360
83
-382
-1367
-2542
-3082
-2892
-2601
-2355
-1980
-1950
-2577
-3011
-2365
-1126
-226
409
1085
1384
1088
938
1436
2011
2075
1895
1846
1653
996
166
-370
-637
-988
-1352
-1408
-1338
-1642
-2199
-2333
-1891
-1387
-1006
-461
161
441
468
748
1313
1702
1798
1867
1964
1865
1523
1176
914
586
140
-224
-398
-593
-957
-1307
-1446
-1437
-1368
-1164
-817
-533
-399
-210
106
418
675
916
1126
1214
1171
1094
1024
872
627
385
174
-54
-328
-581
-770
-907
-996
-1036
-1042
-997
-956
-951
-882
-732
-592
-537
-485
-311
-76
148
362
567
652
563
491
570
723
841
909
881
754
713
846
1047
1276
1465
1385
1079
882
936
1117
1373
1698
1871
1767
1610
1555
1436
1295
1548
1906
1722
1238
572
-1125
-3616
-4807
-4120
-3264
-2948
-2603
-2758
-4318
-5881
-5155
-2697
-842
40
953
1427
796
285
1098
2551
3291
3063
2714
2566
1891
477
-634
-754
-703
-1299
-1887
-1809
-2121
-3479
-4310
-3540
-2360
-1843
-1373
-410
289
226
313
1289
2430
2869
2848
2981
3130
2675
1845
1493
1506
1063
145
-458
-597
-1089
-2002
-2316
-1874
-1701
-1958
-1808
-1198
-849
-830
-431
407
966
1195
1562
1974
2012
1639
1338
1389
1318
867
287
-931
-2813
-3824
-3779
-3321
-2017
-673
-778
-1702
-2037
-1553
-498
993
2575
3476
3011
1973
1727
1995
2040
2211
2492
2032
1121
861
827
337
270
829
1092
1286
1810
1923
1474
1200
1503
2437
3495
3832
3414
2795
2442
2599
3061
3519
2988
-658
-6163
-8319
-6462
-4700
-3896
-2789
-3323
-7178
-10514
-8714
-3866
-1080
-205
1458
2423
966
-190
1498
4365
5415
4636
4282
4608
3588
904
-1057
-901
-447
-1631
-2907
-2528
-2914
-5681
-7400
-5744
-3411
-2927
-2869
-1517
-295
-611
-635
1338
3688
4347
3776
3757
4480
4159
2653
2170
2869
2449
609
-553
-552
-1272
-3135
-3942
-2966
-2299
-2808
-3041
-2305
-1675
-1859
-1590
19
1504
1830
1998
2744
3335
2288
-501
-1814
-716
-485
-493
1002
769
-2426
-4796
-4254
-2380
-576
938
1730
1077
-529
-914
556
2137
3135
3903
3656
2116
1210
1617
1683
1644
2594
3016
2187
1750
1798
1365
1038
1596
2619
3241
3413
3608
3407
2431
1968
2830
3869
4341
4597
4163
521
-6498
-10431
-7898
-4497
-3393
-2385
-2506
-6757
-12171
-11916
-5684
-548
439
1361
2949
1600
-1183
-531
3648
6859
6484
4950
4871
4386
1300
-1925
-1874
95
-110
-2486
-3242
-2949
-5506
-8960
-8161
-4100
-2050
-2869
-2862
-1279
-994
-1910
-669
2918
5344
4937
3771
4065
4447
2972
1658
2801
4134
2546
-208
-930
-900
-2604
-4390
-3552
-1707
-1830
-3078
-3058
-2123
-2177
-2454
-879
531
-959
-2468
-1237
427
1407
2527
2602
1140
-422
-856
-100
1026
1936
2102
1127
-367
-910
-187
385
876
1944
2035
726
240
1009
1342
1553
2487
2992
2597
2222
2201
2150
2148
2747
3722
4202
3941
3658
3646
3434
3233
3518
3951
4165
4014
3738
3491
-205
-8369
-12444
-8737
-4864
-4306
-3622
-3553
-8330
-14536
-13374
-5165
651
944
1562
3169
1477
-1366
-153
5245
9326
8313
5628
4972
4724
1837
-2042
-2011
930
610
-3177
-4644
-3965
-6514
-10443
-9390
-4340
-1832
-3267
-3850
-1923
-1024
-1803
-603
3545
6996
6560
4305
4332
5391
4049
2254
3632
5590
3532
-250
-1381
-1132
-2709
-4894
-4300
-2124
-2132
-4058
-4221
-3712
-6758
-8464
-4455
-637
1114
2948
2864
410
-1292
-358
2268
4897
6118
5592
3447
74
-1517
-91
1200
1433
2144
1697
-1174
-2438
-908
-455
-220
2050
3449
2562
1780
1885
1855
1748
2730
4527
5216
4798
4406
3993
3639
3816
4527
5039
5292
5312
4253
2695
2442
1908
-4043
-11687
-11319
-6961
-6271
-5559
-3371
-5982
-13396
-15572
-8524
-1296
54
735
3315
2220
-1623
-812
4543
8488
8192
6509
6143
5012
2048
-58
69
445
-663
-2333
-2979
-3577
-6418
-9488
-9037
-6474
-4867
-4054
-3174
-2733
-3051
-2951
-970
2107
4522
5710
5558
4996
4564
3799
3792
4848
5292
4100
2009
461
-863
-2426
-2993
-3326
-5678
-7886
-7308
-6292
-5351
-3364
-2524
-3411
-3713
-2052
599
2783
4445
5239
4558
3133
2893
4129
4595
3940
3432
2314
227
-672
13
154
-169
157
369
-79
-206
469
998
1222
2054
3356
3692
3125
3337
3940
4076
4476
5259
5587
5274
5075
4840
4419
4347
4588
4814
4928
5213
1163
-9273
-15131
-11552
-7166
-5698
-4209
-4090
-10152
-17888
-16782
-7805
-1341
-139
1533
2920
215
-2361
-5
6049
10379
10097
8106
6840
5855
3592
640
246
1876
1104
-2246
-4020
-4823
-8188
-11546
-10573
-6874
-4825
-5134
-5181
-4329
-4003
-3344
-860
2854
6224
6945
5786
5656
5806
5409
5602
6814
7503
5587
2330
604
-969
-5964
-9516
-6925
-5031
-5468
-4466
-5098
-8639
-10662
-7617
-2108
1527
3397
4013
3000
1085
1093
4295
6931
7463
7541
5756
1525
-759
270
835
983
2132
1859
-528
-2212
-1928
-1076
-117
1676
3612
3641
2046
1385
1795
2487
4108
6270
6733
5352
4558
4109
3731
4737
6301
6694
5557
4509
2553
-689
-2546
-5293
-8659
-8960
-7840
-7329
-7833
-8431
-9519
-11978
-11798
-7477
-3060
-1059
-69
839
299
-300
1802
5760
7965
7628
7324
6354
3890
2709
3103
2936
2157
1306
-531
-2941
-4510
-5966
-7750
-8245
-7052
-6021
-5862
-5342
-4629
-4927
-4752
-2262
840
2819
3859
4264
4276
3900
4176
5582
6607
6610
5588
3857
2314
1270
-493
-3655
-5418
-5292
-5985
-6388
-5519
-6094
-8243
-8440
-5682
-2452
-242
1349
2425
2240
1719
3091
5621
6837
6793
6360
4699
2462
1864
2204
1924
1700
1594
517
-802
-1062
-642
-209
353
1559
2461
2176
2002
2112
2179
2622
3399
4550
5149
5000
5147
5297
5275
5725
6782
7943
8543
8492
7317
1588
-8672
-14155
-11096
-6490
-3779
-2912
-6411
-14879
-21741
-19168
-9977
-3258
-881
50
-1236
-4528
-5041
-266
6669
10798
11046
9621
7474
5457
4348
4039
4696
5212
3794
777
-2266
-5511
-9071
-10612
-9171
-6868
-5981
-6833
-8167
-9006
-8525
-5872
-1812
1937
4267
4633
3762
3476
4575
6518
8639
9988
9320
6748
3899
2358
1688
1094
621
-2381
-6746
-7915
-8388
-8940
-7213
-5831
-6576
-7817
-6819
-3783
-1374
613
2704
3938
3584
3492
5530
6914
6235
5656
5212
3498
2007
2265
1999
625
38
76
-252
-816
-638
71
386
802
1839
2471
2121
2190
2848
3152
3542
4246
4523
4225
4279
4765
5377
6320
7586
8686
8397
7700
7144
5272
1208
-6541
-12450
-10427
-6408
-4881
-4973
-7998
-14562
-20563
-18987
-10424
-3548
-2037
-2186
-2496
-4247
-4259
337
6841
10781
10572
9028
7560
5891
5351
5612
5862
5925
4285
766
-2795
-5728
-8363
-9778
-8986
-7312
-7073
-8391
-9624
-9980
-9038
-6217
-2156
1305
2909
3031
2712
3265
5220
7505
9529
10545
9577
7360
5037
3866
2391
-1471
-3906
-3962
-5029
-5882
-6186
-7873
-10217
-10855
-8153
-4063
-1533
-582
-221
-279
59
2389
5758
7723
7873
6949
5135
3080
2828
3877
3850
3353
2871
1399
-389
-1049
-384
413
842
1710
2461
1927
938
985
1901
2738
3871
4959
4636
3675
3358
4120
5837
7795
9570
10125
9095
7914
6952
2529
-6781
-12373
-9457
-5055
-3532
-4007
-7507
-15497
-22670
-20258
-10615
-3828
-2503
-3146
-4731
-6888
-6390
-1029
6621
10993
10395
8023
6122
5483
5794
6317
7353
7726
5640
1943
-1503
-4593
-7506
-8760
-7620
-6166
-6650
-8592
-10472
-11464
-10373
-7002
-3038
96
1577
1273
561
1364
4107
7387
9920
10894
9841
7268
4955
4759
3659
-153
-1646
-1573
-3345
-4584
-5608
-7970
-10343
-10304
-6833
-3255
-1981
-1940
-2017
-1998
-1023
2297
5987
7265
6892
5934
4026
2666
3729
5163
4988
4175
3021
1201
-364
-297
1003
1776
1894
2196
2282
1536
943
1592
2654
3351
4103
4437
3613
2804
3235
4395
5920
7582
8526
8832
8574
7986
7738
3285
-7044
-12807
-9443
-4545
-2488
-2934
-6922
-15676
-23258
-20439
-10236
-3438
-2656
-3941
-5839
-8086
-7526
-1610
6546
10630
9562
7246
5568
5061
5705
6614
7903
8449
6374
2551
-996
-4046
-6862
-7909
-6583
-5275
-6321
-9162
-11475
-12152
-10876
-7570
-3433
-448
246
-602
-1264
42
3368
7277
10299
10947
9462
6833
5238
4824
2106
24
420
-606
-1598
-2355
-5210
-8708
-10242
-8097
-4321
-1950
-1476
-2214
-3344
-3555
-817
3412
6024
6673
5796
3841
2032
2399
4426
5680
5845
4921
3011
1095
308
1172
2283
2660
3042
3209
2201
1010
1126
1935
2630
3798
4888
4119
2577
2302
2974
4415
6400
8267
9688
9445
8263
7133
1261
-9051
-12833
-7666
-2312
-1127
-3078
-8483
-17773
-23632
-18249
-7766
-2426
-2871
-5173
-7933
-9875
-7650
-375
7453
10326
8430
5537
3920
4531
6026
7361
9104
9327
6460
2332
-1075
-3653
-5501
-5577
-4112
-3710
-6074
-9581
-11898
-12229
-10095
-6261
-2871
-1179
-1386
-2809
-3334
-1004
3376
7491
9765
9756
7998
5625
4675
4576
3137
1914
1153
-101
-794
-2191
-4689
-6795
-7672
-6198
-3830
-2533
-2141
-2616
-3204
-2530
-119
2672
4316
4914
4363
2875
1929
2610
4124
4920
4931
4231
2944
1977
1776
2439
3232
3551
3841
3738
2911
2200
2160
2636
3488
4469
4665
3619
2718
2978
3784
5136
6830
8229
8993
8598
7472
2220
-8521
-14121
-9511
-2981
-290
-1593
-7128
-16785
-23652
-19278
-8433
-2032
-1996
-4605
-8154
-10751
-8816
-1676
6451
9810
7968
4984
3047
3403
5503
7379
9124
9533
6960
3044
-298
-2826
-4462
-4466
-3043
-2663
-5013
-8536
-11191
-11971
-10106
-6481
-3207
-1619
-2115
-3837
-4540
-2316
2081
6285
8543
8401
6731
4499
3602
4227
3220
1502
1145
396
-652
-1329
-2635
-4517
-5598
-4758
-2902
-1671
-1395
-1614
-2215
-2414
-785
1733
3260
3544
3029
1901
737
1216
3038
3987
3980
3695
3026
2429
2487
3263
4124
4373
4538
4617
3904
3318
3165
3142
3890
4836
4951
4217
3624
3646
3938
5146
7119
8793
9037
8205
5436
-3882
-13643
-12674
-5522
-1127
-865
-4196
-12072
-21552
-22529
-12895
-3512
-1235
-3210
-6299
-9812
-10664
-5739
3123
9446
9201
5784
2950
2126
3779
6201
8640
10196
8477
4167
310
-2202
-3694
-3702
-2355
-1359
-3242
-7319
-10463
-11690
-10470
-7182
-3700
-1609
-1849
-3555
-4889
-3763
114
4669
7806
8100
5960
2935
2319
3857
3334
3233
3987
2131
395
-326
-1972
-4244
-5116
-3248
-1380
-1266
-1697
-2250
-3262
-3469
-872
2171
2940
2883
2537
896
-372
1126
3500
4203
3990
3454
2227
1020
1465
3141
4009
4331
4893
4816
3770
3162
3723
4297
4620
5233
5292
4377
3891
4104
4185
4874
6499
8279
9155
9051
6705
-2872
-14339
-14989
-7243
-889
689
-2800
-11650
-22598
-24959
-14983
-3699
188
-1930
-6280
-10475
-11402
-6474
2703
9871
10118
6282
2791
1528
3182
5668
8212
10212
8802
4602
431
-2400
-3770
-3802
-2205
-813
-2486
-6492
-10138
-11874
-10784
-7269
-3448
-1324
-1727
-3865
-5663
-4778
-660
4330
7324
7360
5141
2377
1869
2684
2138
2540
2903
1195
645
412
-1282
-3093
-3534
-1776
-483
-529
-276
-654
-2009
-2125
257
2300
2433
2461
2063
547
-279
1224
2981
2929
2682
2495
1756
1496
2220
3241
3632
4016
4923
5089
4395
4350
4506
4115
4659
5459
5028
4546
4661
4715
4549
5199
6941
8380
8668
8511
5536
-4461
-14102
-13483
-6869
-1579
-404
-4293
-13113
-22857
-23406
-13405
-3828
-843
-2932
-7288
-10865
-10577
-4683
4349
9881
8986
5343
2524
2195
4110
6600
9197
10148
7655
3474
-138
-2459
-3536
-3342
-2026
-1642
-4052
-7841
-10681
-11546
-9931
-6331
-2758
-1276
-2372
-4486
-5363
-3533
860
4947
6545
6257
4369
2774
2385
1627
2406
3899
3520
3174
2068
-1035
-4073
-4791
-2441
58
564
-298
-2126
-4121
-4399
-1580
2032
3433
3105
1990
182
-586
1249
3659
4619
4533
3589
2023
1124
1910
3338
3997
4347
4870
4581
3464
3400
4098
4361
5056
5870
5420
4139
3945
4533
4797
5800
7146
8436
9126
8900
7415
-977
-12545
-14788
-8714
-2320
214
-2659
-11112
-22237
-25702
-16762
-5431
-787
-2279
-6879
-11518
-12075
-6754
2502
9734
10131
6416
2866
1779
3768
6687
9439
10829
8824
4544
400
-2211
-3077
-3004
-2197
-1762
-3826
-7709
-11038
-12337
-10918
-7509
-3901
-2063
-2685
-4502
-5721
-4500
-810
3192
5654
5771
4222
2470
1780
2828
4569
5531
5104
3156
665
-871
-1203
-754
273
673
-538
-2188
-2999
-2797
-2048
-1047
272
848
283
-146
15
645
1679
2830
3647
3469
2679
2381
2623
3177
4112
4783
4868
4754
4393
4077
4102
4432
5017
5035
4507
4215
3819
3543
4024
4585
5128
5831
6365
7063
7461
7846
6343
-2097
-11745
-12612
-7334
-2663
-1181
-3764
-11634
-21450
-22856
-13906
-4888
-2138
-3807
-7304
-10728
-10719
-5177
3330
8644
8117
5249
2924
2428
4078
6569
9118
10012
7959
4166
485
-1787
-2752
-2638
-1708
-1687
-4029
-7751
-10662
-11716
-10373
-7078
-3799
-2345
-3416
-5607
-6600
-4903
-763
3297
5315
5235
3742
2086
1737
3239
5249
6048
5326
3600
1394
-489
-1071
-267
691
466
-609
-1693
-2595
-2943
-2685
-1673
-233
375
290
202
83
261
1143
2401
3257
3471
3141
2701
2802
3234
3866
4822
5463
5492
5193
4667
4379
4631
5105
5437
5324
4834
4030
3423
3591
4263
5463
6774
7701
7903
7280
4779
-2954
-11625
-12426
-7075
-2242
-1185
-4650
-12724
-21572
-22038
-13163
-4516
-1961
-4062
-7967
-11187
-10163
-3832
4164
8600
7703
4748
2503
2373
4784
7630
9401
9319
7024
3605
474
-1372
-2056
-2139
-1954
-2503
-4815
-8008
-10353
-10967
-9450
-6705
-4176
-3388
-4675
-5868
-6020
-4282
-179
3372
4682
4320
3206
2502
2782
4178
5732
6072
4968
3128
1327
68
-333
0
519
133
-1129
-2058
-2585
-2605
-2008
-1212
-326
-23
-214
-124
142
813
1869
2658
3085
3101
2887
2973
3327
3814
4362
4903
5273
5180
4970
4857
4887
5204
5448
5444
5036
4349
3973
4129
4512
4856
5496
6453
7201
7149
7038
5715
-1799
-11284
-12634
-7569
-3114
-1888
-4466
-11678
-20811
-22369
-13810
-5122
-2704
-4478
-7807
-10683
-10003
-4323
3581
8130
7261
4468
2581
2659
4747
7232
9094
9166
6777
3376
387
-1401
-1981
-2074
-2019
-2624
-4946
-8016
-10217
-10837
-9244
-6455
-4144
-3221
-4088
-5447
-6152
-4762
-531
3267
4659
4638
3453
1832
1703
3776
5908
6041
4612
2682
839
-338
-110
904
1068
170
-1059
-2056
-2540
-2317
-1429
-574
-77
21
-272
-391
-59
852
2030
2695
3062
3114
2632
2493
3021
3696
4207
4777
5418
5361
4910
4794
4829
5036
5391
5643
5320
4586
4121
3815
3849
4202
4779
5720
6648
7365
7209
6172
1961
-7250
-13241
-10508
-4938
-1729
-2507
-7864
-16639
-22569
-18512
-8662
-2723
-2830
-5881
-9395
-10804
-7500
-259
6450
8244
5838
3187
2012
2982
5694
8220
9332
8161
5042
1709
-679
-1705
-1776
-1667
-1725
-2846
-5608
-8501
-10169
-9986
-7640
-4684
-2889
-3444
-5714
-6861
-5760
-2443
2014
4706
4549
2895
1696
1899
3394
5402
6229
5455
3669
1750
979
858
749
877
613
-343
-1435
-2030
-2007
-1759
-1329
-641
-195
-452
-811
-716
-310
610
1833
2543
2701
2558
2337
2496
3128
4108
4773
4870
5142
4980
4483
4860
5383
5472
5276
4839
4424
4029
3846
3923
4138
4452
4850
5283
5854
6587
6863
6777
3266
-6119
-13052
-11476
-6252
-2329
-2009
-6594
-15575
-22526
-19392
-9975
-3819
-3054
-5337
-8882
-10867
-8006
-813
5949
7792
5777
3566
2380
3226
5892
8270
9123
7983
5474
2543
-37
-1443
-2088
-2476
-2549
-3359
-5678
-8340
-10185
-10377
-8469
-5680
-3571
-3187
-4337
-5619
-5773
-3326
1140
4448
5490
5367
3828
1292
1193
3727
5460
5985
5504
3089
-278
-2168
-1382
271
924
569
-801
-2827
-3861
-2708
-783
364
1027
986
-65
-850
-146
1366
2501
3269
3700
3117
2048
2186
3141
3781
4634
5598
5668
4753
4225
4547
4845
5501
6268
5937
4670
3781
3585
3416
4199
5485
5748
5631
5698
6308
6815
6449
3118
-5111
-11479
-10742
-6795
-3344
-2850
-7073
-15227
-21283
-18571
-10684
-5395
-4361
-5811
-8702
-10523
-7723
-1144
4714
6373
5084
3811
2962
3606
5997
8062
8697
7701
5575
3112
902
-684
-1760
-2319
-2533
-3384
-5585
-8057
-9658
-10028
-8653
-6181
-4176
-4086
-5503
-6332
-5673
-3046
621
3144
3959
3213
2209
2348
3387
4827
5691
5468
4515
3184
2153
1647
1271
1048
958
405
-462
-1185
-1969
-2402
-2043
-1179
-399
-293
-514
-742
-894
-190
1212
2297
2743
2602
2313
2372
2755
3654
4633
4918
4901
4783
4593
4624
4743
5111
5479
5162
4513
4030
3667
3321
3128
3501
4089
4113
4043
4541
5350
5992
6563
6094
849
-7894
-12139
-9676
-5111
-2080
-2600
-8200
-16743
-20633
-16007
-8454
-4074
-3533
-5661
-9008
-9983
-6171
293
5100
6143
5162
3702
2624
3419
5586
7603
8350
7439
5404
2526
-282
-1785
-2001
-1628
-1784
-3348
-5785
-8291
-10077
-9695
-7412
-4988
-3628
-3813
-4743
-5690
-5463
-2673
923
3298
4387
3999
2619
1791
2443
4108
5536
5808
4849
2844
622
-427
-271
430
923
384
-845
-2204
-2969
-2472
-1351
-211
423
162
-392
-608
-169
905
2149
2928
2874
2507
2459
2741
3247
3963
4651
4827
4553
4514
4691
4702
4888
5199
5221
4958
4430
3946
3789
3786
3808
4093
4571
4585
4183
4417
5696
6810
6889
4500
-2658
-10433
-12272
-8853
-4138
-1892
-4599
-11693
-19065
-19946
-13701
-6926
-3604
-3799
-6496
-9293
-8929
-4130
2258
6008
6342
5179
3621
2956
4150
6255
8028
8302
6778
4242
1330
-1011
-2069
-2109
-1834
-2384
-4396
-6926
-8946
-9960
-9129
-6815
-4557
-3577
-4077
-4948
-5444
-4561
-1526
1920
4026
4505
3634
2163
1555
2788
4638
5655
5334
3737
1727
209
-31
564
850
611
-184
-1249
-2152
-2497
-1909
-901
-173
86
-77
-471
-669
-225
689
1659
2481
2861
2831
2821
2906
3211
3877
4428
4693
4759
4739
4679
4413
4526
4815
4664
4619
4597
4382
3983
3346
3089
3401
3979
4519
4820
5140
5791
6341
6182
4377
-1290
-8538
-10944
-8095
-4209
-2390
-4415
-10360
-17249
-18975
-13742
-7202
-3953
-4256
-6811
-9285
-8855
-4437
1649
5395
5629
4431
3185
2756
4071
6238
7747
7870
6564
4251
1567
-475
-1375
-1634
-1755
-2220
-3790
-6246
-8418
-9487
-8859
-6877
-4897
-3912
-4285
-5364
-5759
-4476
-1724
1212
3244
3769
2899
1775
1661
2874
4545
5650
5425
3706
1650
510
459
1016
1496
1159
-100
-1393
-2037
-2023
-1433
-595
-182
-332
-589
-732
-602
-27
827
1617
2153
2481
2533
2490
2652
3102
3856
4510
4773
4653
4441
4460
4515
4795
5266
5213
4730
4352
3983
3472
3263
3416
3733
4130
4275
4387
4720
5384
6179
6342
5029
95
-7070
-10491
-8863
-5456
-3163
-4071
-8964
-15623
-18437
-14884
-9088
-5404
-4550
-5783
-7834
-8239
-5356
-323
3771
5177
5150
4476
3493
3623
4971
6530
7339
6814
5134
2564
-155
-1833
-2321
-2310
-2433
-3490
-5527
-7614
-8993
-8853
-7241
-5396
-4116
-3685
-3832
-3886
-3264
-1552
669
2347
3243
3554
3241
2727
2929
3580
3972
4071
3665
2726
1616
707
242
100
85
-22
-392
-935
-1419
-1545
-1298
-866
-388
-108
-40
31
200
536
999
1586
2262
2715
2911
3000
2942
2995
3404
3848
3997
4085
4243
4182
4174
4414
4574
4451
3961
3622
3461
3294
3599
3778
3564
3498
3669
4145
4645
5364
6129
6057
4532
105
-6193
-9719
-8515
-5169
-2868
-3651
-8427
-14813
-17694
-14684
-8873
-4908
-4075
-5556
-7884
-8365
-5511
-549
3603
5144
4915
3892
2839
3091
4656
6334
7304
6996
5164
2326
-341
-1778
-2052
-1646
-1466
-2811
-5292
-7646
-8970
-8479
-6586
-4645
-3748
-3993
-4510
-4509
-3522
-1550
509
1681
2252
2568
2497
2581
2906
3247
3743
4099
4002
3125
1687
606
158
348
873
903
155
-970
-1766
-1844
-1381
-568
76
-10
-382
-476
-251
352
1162
1826
2176
2369
2546
2618
2764
3108
3561
3972
4197
4286
4159
4038
4126
4209
4398
4532
4251
3717
3207
2770
2662
3042
3097
2852
3094
3289
3368
3792
4358
5033
5771
5847
2841
-3759
-9151
-9661
-6672
-3063
-1812
-5277
-12190
-17189
-16141
-10884
-6095
-3940
-4547
-7149
-8952
-7373
-2945
1561
4066
4708
4062
2817
2492
3579
5152
6422
6920
6078
3841
1076
-1028
-1896
-1795
-1354
-1753
-3513
-5817
-7908
-8703
-7606
-5572
-3758
-3098
-3627
-4444
-4470
-2845
-172
2415
3921
3397
2095
1624
1853
2952
4546
5192
4338
2659
1345
718
560
978
1300
744
-295
-1149
-1530
-1425
-1005
-422
-163
-473
-643
-517
-346
233
949
1315
1514
1750
2047
2179
2372
2905
3210
3325
3628
3776
3778
3832
3896
3981
3930
3881
4002
3812
3447
3163
2623
2363
2505
2417
2431
2755
3213
3544
3487
3676
4255
4857
5669
4800
-211
-6725
-9675
-7971
-4198
-1654
-2916
-8666
-15488
-17395
-13368
-7912
-4469
-4128
-6269
-8528
-8486
-5055
-42
3381
4532
4297
3370
2771
3232
4729
6398
7104
6717
5270
2696
129
-1266
-1559
-1336
-1390
-2448
-4520
-6920
-8529
-8449
-6930
-5019
-3754
-3713
-4438
-4865
-4027
-1704
920
2688
3394
3065
2243
2026
2945
4265
5021
4974
4137
2832
1710
1148
1099
1113
842
329
-384
-1197
-1707
-1685
-1357
-996
-809
-888
-1012
-861
-412
139
809
1526
1931
2020
2189
2572
2879
3094
3405
3562
3481
3539
3765
3779
3617
3601
3662
3517
3171
2911
2631
2220
2106
2180
2167
2168
2050
1822
1748
2180
2986
3620
4293
4902
5155
5498
4598
454
-5122
-8208
-7488
-4777
-2605
-3143
-7618
-13612
-16065
-13499
-8940
-5493
-4453
-5627
-7625
-8083
-5396
-983
2478
4146
4423
3777
3128
3399
4634
6059
6860
6814
5633
3268
840
-800
-1489
-1343
-1303
-2268
-4309
-6661
-8192
-8280
-6946
-5128
-4023
-3805
-4021
-4031
-3148
-1322
899
2912
4205
4799
4688
3606
2747
3045
3756
4564
5020
4313
2274
-188
-1330
-1108
-531
35
-70
-1275
-2996
-3865
-3205
-1952
-887
-141
-73
-571
-676
-147
603
1622
2595
2999
2925
2617
2320
2241
2647
3478
4024
4028
3629
2867
2185
2123
2646
3239
3363
2950
2294
1621
1252
1376
1821
2327
2570
2505
2415
2594
3094
3665
4294
4814
5058
5578
5766
3378
-1867
-6837
-8435
-6692
-3897
-2611
-4905
-10505
-15306
-15403
-11573
-7204
-4656
-4533
-6118
-7494
-6426
-2791
1156
3715
4744
4576
3784
3340
3915
5108
6136
6607
6071
4199
1642
-523
-1737
-1937
-1651
-1842
-3086
-5120
-7039
-7874
-7242
-5636
-3983
-3123
-3224
-3580
-3302
-1942
169
2366
3957
4315
3802
3319
3238
3637
4374
4780
4040
2574
1557
987
520
290
-141
-1184
-2138
-2380
-2311
-2295
-2194
-1981
-1865
-1725
-1183
-440
60
422
852
1210
1450
1877
2505
2823
2870
3058
3150
3013
3000
3068
2965
2741
2615
2473
2067
1745
1668
1565
1616
1780
1725
1481
1367
1505
1483
1498
1972
2397
2504
2691
3054
3277
3365
3649
4154
4624
5380
6576
5873
1368
-4669
-8551
-8371
-5119
-1902
-1924
-6603
-12966
-15914
-13861
-9072
-4862
-3408
-4665
-6847
-7540
-5357
-1427
2101
4243
4692
3915
3093
2841
3464
4806
6115
6580
5527
3181
520
-1490
-2116
-1573
-1036
-1457
-3074
-5412
-7178
-7463
-6283
-4275
-2696
-2158
-2507
-3108
-2831
-1417
642
2623
3599
3535
2929
2250
2228
2905
3579
3749
3280
2344
1142
60
-334
-284
-351
-479
-843
-1614
-2326
-2474
-1934
-1190
-691
-444
-541
-698
-407
276
969
1389
1591
1774
1881
1998
2266
2409
2337
2326
2368
2352
2303
2210
2176
2245
2372
2446
2302
2084
1979
2062
2302
2419
2228
1785
1348
1322
1840
2504
2962
3087
2817
2505
2545
3227
4460
5654
6109
4293
3
-4490
-7075
-6555
-3793
-1670
-2619
-6885
-11728
-13831
-12186
-8207
-4628
-3475
-4662
-6436
-6806
-4845
-1348
2028
4074
4302
3482
2741
2517
3187
4536
5697
5919
4865
2920
776
-852
-1384
-1022
-778
-1362
-2781
-4654
-6050
-6334
-5537
-4191
-3175
-2786
-2983
-3325
-2967
-1788
-78
1665
2662
2697
2282
1995
2116
2700
3378
3476
2733
1745
1197
919
794
743
234
-646
-1356
-1504
-1243
-1160
-1183
-1206
-1378
-1302
-804
-229
88
141
255
515
869
1398
1872
2022
2030
2030
2008
2088
2260
2392
2426
2423
2469
2427
2303
2318
2346
2278
2187
2191
2268
2132
1826
1582
1356
1250
1521
2015
2328
2388
2460
2674
2799
2934
3535
4472
5498
5760
3692
-546
-5040
-7262
-6004
-3093
-1429
-3054
-7581
-11923
-13192
-10836
-6761
-3864
-3560
-5024
-6464
-6237
-3937
-711
2171
3712
3706
3124
2669
2748
3564
4753
5817
5957
4760
2787
722
-747
-1161
-949
-864
-1514
-3172
-5110
-6355
-6458
-5445
-4065
-3053
-2816
-3268
-3466
-2871
-1515
353
2016
2897
2847
2317
2019
2237
2966
3814
3984
3131
1765
445
-389
-377
5
35
-569
-1629
-2563
-2994
-2707
-1932
-1264
-917
-932
-1078
-949
-458
306
1061
1513
1713
1751
1702
1807
2078
2316
2424
2425
2385
2233
2016
1904
1837
1771
1778
1780
1671
1403
1179
1172
1307
1625
1939
1921
1595
1233
1182
1583
2228
2819
3235
3346
3138
2993
3176
3857
5038
6251
6442
4129
-311
-4496
-6448
-5397
-2741
-1318
-2949
-7246
-11468
-12817
-10840
-7140
-4193
-3541
-4688
-6057
-6074
-4042
-848
2047
3756
4082
3596
2947
2684
3304
4498
5519
5737
4738
2801
617
-1036
-1537
-1213
-954
-1452
-3041
-5100
-6475
-6590
-5532
-4018
-2917
-2602
-3042
-3491
-3087
-1807
59
1962
3198
3388
2603
1792
1799
2317
3094
3841
3635
2334
711
-536
-1073
-947
-309
110
-493
-1654
-2619
-3047
-2651
-1644
-611
-113
-303
-545
-527
-312
412
1363
1949
2119
1916
1521
1232
1273
1726
2153
2198
1996
1541
1048
970
1242
1635
1870
1738
1388
1010
1007
1493
1999
2394
2553
2295
1944
1755
1878
2324
2687
2875
3011
2930
2756
2739
2796
3075
3765
4660
5109
3787
373
-3580
-6217
-6188
-4028
-2140
-2521
-5636
-9618
-11605
-10541
-7332
-4129
-2903
-3680
-5102
-5485
-3908
-1125
1537
3226
3604
3134
2558
2334
2734
3592
4452
4827
4198
2567
556
-1025
-1634
-1474
-1233
-1510
-2664
-4382
-5683
-5970
-5230
-3886
-2773
-2349
-2524
-2780
-2521
-1618
-175
1362
2476
3015
2930
2426
1943
1869
2337
2949
3231
2888
1719
183
-868
-1169
-908
-419
-323
-933
-1919
-2682
-2754
-2163
-1269
-518
-242
-353
-531
-514
-165
473
1227
1820
2051
1964
1667
1346
1369
1776
2246
2570
2549
2169
1676
1391
1521
1913
2281
2377
2083
1611
1291
1310
1630
2060
2369
2337
1923
1470
1241
1258
1599
2053
2297
2315
2180
1998
2023
2378
3006
3762
4418
4340
2480
-802
-3725
-5124
-4525
-2629
-1576
-2943
-6229
-9262
-10141
-8676
-5956
-3720
-3342
-4380
-5346
-5210
-3629
-1231
935
2202
2361
1933
1568
1601
2285
3325
4129
4215
3282
1736
194
-857
-1033
-683
-600
-1211
-2514
-4025
-4967
-4963
-4136
-3010
-2314
-2261
-2615
-2891
-2526
-1469
-41
1310
2154
2379
2129
1757
1627
1785
2196
2754
2978
2590
1678
465
-490
-871
-811
-578
-649
-1089
-1634
-2130
-2304
-2048
-1527
-950
-508
-239
-123
-118
65
597
1266
1914
2341
2358
2111
1841
1750
1989
2387
2638
2543
2112
1623
1271
1183
1420
1665
1696
1564
1225
845
698
806
1119
1413
1582
1658
1498
1271
1216
1280
1532
1943
2305
2570
2648
2562
2615
2872
3359
4031
4548
4624
3495
891
-1896
-3802
-4250
-3187
-2079
-2588
-5007
-8020
-9759
-9388
-7342
-5029
-4003
-4437
-5301
-5582
-4524
-2282
14
1592
2191
2040
1772
1723
2208
3192
4003
4252
3812
2660
1183
-61
-636
-660
-705
-1110
-2067
-3456
-4595
-5008
-4688
-3851
-3087
-2821
-2950
-3128
-2886
-2149
-1056
172
1083
1601
1879
1934
1994
2173
2387
2682
2853
2698
2265
1553
800
190
-312
-548
-696
-955
-1168
-1513
-1947
-2183
-2134
-1693
-1116
-653
-341
-320
-258
163
791
1510
2045
2189
2074
1850
1816
2062
2278
2370
2250
1841
1395
1052
825
788
832
901
966
926
850
705
566
746
1157
1592
1976
2101
1949
1697
1601
1883
2294
2607
2801
2677
2463
2432
2490
2740
3070
3296
3558
3712
3498
2379
143
-2167
-3656
-3920
-3001
-2280
-3159
-5477
-7935
-9121
-8361
-6276
-4347
-3732
-4345
-5028
-4869
-3560
-1482
345
1460
1777
1523
1425
1594
1972
2723
3321
3325
2789
1699
432
-485
-843
-785
-832
-1285
-2220
-3449
-4260
-4299
-3767
-2965
-2428
-2377
-2550
-2669
-2274
-1333
-301
635
1239
1396
1418
1596
1983
2502
2990
3223
3118
2763
2320
1846
1485
1413
1293
934
-45
-2063
-3790
-4097
-3358
-1936
-871
-1378
-2944
-3921
-3279
-1389
717
2037
1988
1177
768
1248
2397
3435
3783
3504
2677
1830
1566
1511
1532
1813
1828
1367
759
151
-185
36
713
1345
1389
894
317
44
427
1403
2340
2695
2372
1772
1391
1449
2086
2874
3180
3117
2830
2405
2149
2218
2561
2987
3348
3446
2697
731
-1591
-3337
-4148
-3647
-2754
-2996
-4589
-6785
-8405
-8552
-7192
-5288
-4244
-4313
-4769
-4984
-4258
-2516
-660
708
1411
1459
1354
1484
1871
2474
3060
3299
2980
2174
1202
347
-128
-215
-352
-735
-1383
-2371
-3245
-3578
-3425
-2890
-2337
-2155
-2262
-2413
-2319
-1748
-826
179
958
1356
1491
1543
1687
1941
2316
2730
2776
2427
1947
1384
926
742
652
484
189
-289
-836
-1307
-1567
-1503
-1320
-1132
-949
-942
-979
-873
-644
-263
176
601
943
1057
1079
1157
1323
1583
1767
1809
1703
1434
1239
1137
1024
973
876
679
486
363
372
505
673
779
798
747
746
961
1323
1640
1888
2029
1956
1828
1769
1719
1776
1943
2006
1960
1885
1774
1720
1788
1879
1842
1722
1665
1645
1583
1224
193
-1197
-2407
-3230
-3296
-2918
-3086
-3988
-5190
-6167
-6402
-5771
-4739
-4049
-3880
-3892
-3802
-3223
-2072
-850
80
630
766
774
1011
1408
1776
2017
2014
1726
1219
688
209
-159
-318
-517
-894
-1319
-1826
-2231
-2312
-2169
-1894
-1614
-1434
-1359
-1316
-1091
-630
-26
621
1023
1165
1179
1106
1269
1644
1807
1815
1714
1406
1170
1069
897
622
285
-47
-320
-508
-652
-824
-937
-1031
-1185
-1224
-1190
-1140
-873
-587
-455
-211
44
263
701
1131
1359
1439
1421
1462
1558
1735
1916
1842
1618
1364
1091
964
899
818
783
700
688
775
786
851
937
936
1030
1166
1269
1389
1467
1516
1540
1568
1646
1671
1667
1672
1571
1546
1632
1594
1642
1742
1611
1527
1509
1396
1356
1305
956
150
-820
-1600
-2335
-2809
-2897
-3222
-3834
-4429
-5035
-5402
-5356
-4982
-4422
-4028
-3825
-3558
-3171
-2572
-1790
-1016
-381
0
280
602
836
1150
1529
1630
1552
1430
1119
744
523
387
147
-197
-527
-924
-1345
-1518
-1545
-1580
-1489
-1350
-1252
-1131
-968
-752
-537
-294
-9
194
331
517
687
731
710
701
717
738
794
836
718
514
335
150
76
168
303
401
335
66
-252
-380
-213
106
405
464
215
-25
-5
225
592
904
938
818
729
713
812
952
1065
1116
1063
1016
972
874
865
943
1011
1092
1210
1281
1263
1262
1289
1291
1337
1420
1421
1375
1355
1267
1081
826
597
537
630
751
754
600
406
348
525
774
948
991
841
655
682
892
1068
1094
795
49
-777
-1248
-1494
-1750
-2018
-2459
-3103
-3545
-3631
-3672
-3719
-3660
-3580
-3409
-3035
-2626
-2289
-1971
-1659
-1234
-655
-144
133
249
341
414
587
848
886
751
583
325
118
20
-121
-333
-536
-750
-944
-996
-979
-995
-999
-1010
-1052
-1048
-943
-804
-644
-458
-342
-224
-49
80
253
534
738
852
936
930
880
926
1043
1083
1028
868
677
582
520
433
331
194
46
-10
-38
-106
-120
-98
-70
49
201
277
340
416
550
760
934
1051
1086
1074
1118
1246
1419
1502
1458
1390
1278
1224
1283
1324
1371
1357
1135
812
564
478
556
700
740
553
204
-97
-149
40
326
570
591
448
341
371
607
913
1136
1240
1225
1157
1113
1103
1058
964
833
534
39
-494
-1019
-1471
-1694
-1828
-2110
-2522
-3021
-3463
-3601
-3469
-3242
-3054
-2965
-2941
-2800
-2460
-2036
-1553
-1030
-637
-361
-62
136
234
450
692
811
858
753
493
242
36
-77
-131
-262
-479
-697
-860
-988
-1008
-944
-957
-949
-869
-839
-747
-529
-356
-238
-75
109
277
487
694
814
857
886
976
1058
1052
1020
956
841
779
760
668
512
401
328
258
282
322
219
103
62
68
138
242
287
254
248
345
498
630
695
700
682
695
773
852
906
950
941
898
842
788
813
886
936
945
847
683
589
623
730
854
949
915
785
748
799
859
960
912
544
121
-152
-242
-45
267
358
164
-189
-513
-617
-430
-102
92
36
-206
-481
-618
-559
-384
-238
-307
-541
-758
-946
-1021
-946
-860
-839
-883
-978
-1115
-1262
-1338
-1312
-1213
-1101
-1053
-1136
-1277
-1372
-1370
-1247
-1101
-1028
-1049
-1137
-1211
-1224
-1128
-957
-825
-736
-702
-680
-580
-442
-306
-171
-87
-12
97
152
199
264
297
386
493
518
499
446
376
329
315
319
295
277
248
129
46
38
56
163
289
347
355
314
293
389
551
709
804
789
703
613
610
681
752
801
745
627
555
474
410
428
439
386
334
288
214
186
254
332
392
474
536
564
663
794
894
1001
1007
902
817
792
848
958
1013
943
755
540
414
371
392
427
398
326
235
147
132
171
212
262
243
151
60
-17
-72
-84
-46
-61
-117
-182
-364
-586
-680
-690
-715
-729
-785
-954
-1087
-1108
-1106
-1105
-1126
-1189
-1227
-1190
-1151
-1175
-1211
-1242
-1249
-1159
-1056
-1037
-1088
-1128
-1071
-943
-820
-726
-691
-689
-635
-515
-364
-228
-158
-111
-77
-52
7
52
46
18
-16
-46
-82
-112
-95
-62
-33
-2
-16
-66
-82
-70
-33
37
100
132
164
200
218
250
330
413
491
566
616
630
611
599
633
693
743
750
705
613
541
528
526
517
471
380
290
261
296
327
337
318
303
335
411
519
623
678
719
771
791
797
814
819
812
790
756
705
619
516
409
309
233
211
207
149
87
35
-57
-127
-132
-142
-146
-126
-137
-203
-266
-251
-175
-101
-66
-108
-207
-280
-262
-170
-103
-142
-262
-427
-572
-548
-395
-303
-301
-381
-511
-590
-557
-437
-363
-361
-344
-356
-393
-366
-345
-381
-404
-408
-412
-446
-465
-448
-465
-463
-431
-462
-528
-567
-565
-512
-469
-478
-505
-538
-538
-451
-357
-329
-360
-421
-438
-345
-158
23
106
107
46
-16
57
190
269
304
238
115
50
45
93
149
165
128
43
-23
-69
-93
-30
75
150
176
146
101
121
213
350
461
486
446
387
360
409
510
609
666
637
543
471
476
529
554
556
543
478
432
444
434
420
427
416
393
365
339
331
321
295
282
269
218
184
165
107
66
79
81
56
65
70
22
17
21
-34
-52
-42
-62
-76
-98
-128
-127
-107
-72
-55
-82
-120
-130
-104
-61
-36
-88
-182
-236
-220
-152
-99
-123
-218
-293
-292
-279
-276
-290
-347
-424
-446
-430
-425
-412
-393
-390
-383
-342
-302
-292
-268
-238
-242
-246
-230
-229
-226
-210
-220
-253
-286
-307
-296
-255
-204
-166
-151
-163
-176
-135
-69
-2
73
68
-6
-41
-48
-45
-9
15
-31
-115
-163
-176
-179
-165
-167
-179
-166
-137
-91
-53
-47
-40
-2
60
130
201
249
283
325
345
358
381
396
421
466
483
461
417
358
311
295
326
364
364
341
295
249
246
265
292
321
325
333
346
343
327
318
299
274
261
243
223
187
149
119
62
26
18
-8
-45
-84
-124
-171
-174
-144
-142
-131
-86
-71
-92
-92
-98
-94
-45
-3
-16
-58
-102
-135
-118
-84
-68
-92
-171
-265
-312
-305
-270
-217
-197
-236
-281
-296
-319
-322
-271
-198
-107
-40
-14
-36
-109
-141
-105
-55
2
25
-21
-96
-131
-113
-83
-54
-41
-108
-209
-263
-286
-263
-208
-168
-159
-186
-219
-225
-201
-143
-71
-22
16
25
38
66
77
112
151
157
166
182
172
150
149
161
175
205
237
212
157
138
144
155
145
90
6
-49
-44
7
52
52
31
19
43
94
139
174
179
175
218
264
281
310
301
260
249
238
217
189
152
113
76
71
64
20
-20
-57
-83
-77
-93
-122
-145
-191
-186
-148
-135
-130
-120
-108
-105
-72
-14
-6
3
33
28
24
45
61
75
84
74
35
-16
-34
-33
-43
-51
-66
-84
-98
-104
-81
-58
-76
-96
-94
-113
-111
-62
-31
-12
12
33
48
35
33
38
28
34
47
29
-15
-73
-131
-152
-145
-123
-111
-136
-165
-182
-170
-129
-97
-70
-61
-73
-56
-21
-4
36
71
80
105
105
82
54
32
45
58
63
33
-38
-87
-75
-3
53
53
5
-60
-68
18
116
151
149
109
69
97
164
211
230
216
164
112
92
100
125
144
138
110
61
9
-8
20
71
102
107
64
-6
-28
0
53
111
118
67
-3
-52
-61
-32
6
27
18
-8
-23
-33
-45
-57
-54
-30
-11
3
5
-40
-92
-90
-62
-38
-10
-13
-53
-84
-67
-36
-14
-1
-13
-47
-70
-69
-62
-53
-31
-17
-26
-49
-69
-79
-74
-50
-36
-34
-25
-17
-8
-1
3
2
-12
-34
-38
-35
-46
-65
-95
-127
-128
-100
-80
-94
-123
-148
-147
-105
-48
-14
-10
-17
-38
-56
-45
-21
-2
7
15
-12
-58
-81
-87
-89
-60
-23
-27
-52
-75
-103
-101
-35
38
70
59
17
-21
-21
15
66
114
137
138
138
132
137
160
172
166
149
117
87
87
99
105
100
75
26
-20
-32
-19
0
10
2
-18
-48
-68
-57
-40
-29
-10
-7
-8
7
31
55
79
95
95
98
114
116
122
130
117
101
90
66
41
