5
-1
-4
0
3
-4
-3
5
-5
-7
2
-3
2
9
8
6
5
9
7
6
10
8
13
11
7
9
5
1
1
2
6
5
7
9
7
11
8
4
-1
-2
1
-4
-4
-3
-13
-13
-11
-14
-22
-27
-17
-22
-23
-21
-22
-17
-19
-17
-16
-20
-19
-14
-5
-9
-15
-8
3
3
18
31
24
15
18
25
18
22
37
42
34
20
21
29
28
21
27
19
14
40
52
49
52
50
47
39
29
27
31
32
24
13
3
-9
-9
-1
1
1
-6
-19
-32
-31
-21
-17
-20
-31
-30
-26
-18
-9
-40
-55
-39
-37
-27
-18
-30
-40
-40
-34
-42
-40
-18
-7
-5
-20
-35
-36
-48
-51
-36
-16
-12
-19
-9
-12
-32
-29
-8
-3
-12
-7
1
-21
-41
-23
-16
-29
-31
-1
10
0
10
11
7
10
34
62
30
0
7
-1
-12
11
24
1
-2
31
37
39
77
69
32
41
58
49
39
57
70
64
78
79
55
28
33
56
46
30
37
35
17
25
64
66
51
61
46
9
25
60
53
36
39
40
27
29
30
6
-6
-1
-11
-23
-15
-22
-43
-53
-52
-63
-56
-40
-54
-63
-50
-42
-48
-60
-78
-85
-100
-116
-85
-62
-65
-67
-70
-81
-79
-38
-11
-28
-41
-44
-60
-57
-25
-3
3
7
7
-4
-16
-12
11
15
17
34
28
28
65
91
80
74
85
76
82
119
105
52
26
26
35
30
32
39
16
8
12
-12
-38
-53
-51
-49
-52
-40
-26
-19
-26
-67
-77
-57
-76
-76
-37
-43
-87
-93
-82
-85
-66
-47
-52
-46
-45
-17
24
-18
-53
-10
10
22
32
8
11
45
54
53
70
88
111
149
118
28
64
119
79
71
58
23
68
109
61
26
19
-10
37
82
27
31
47
28
115
64
-117
-23
135
29
66
118
-1090
-2459
-1613
-417
-166
1002
1268
-883
-1783
-351
389
385
1388
1702
247
-149
777
519
-47
481
503
-371
-547
-499
-1444
-2070
-1428
-780
-444
50
8
-654
-640
308
965
1192
1649
1730
1244
1136
1297
1044
748
936
1007
500
292
428
27
-269
195
655
782
935
923
592
621
1231
1665
1711
1661
1401
1076
1078
1242
1211
965
121
-1642
-3381
-4092
-3901
-3379
-2996
-3046
-3549
-3935
-3566
-2667
-1661
-624
353
1205
1760
1934
2103
2308
2270
2266
2508
2456
1657
447
-676
-1474
-1832
-1954
-2195
-2620
-3072
-3280
-3045
-2633
-2232
-1501
-452
463
1089
1437
1718
2127
2470
2752
3068
3132
2679
1931
1221
482
-141
-510
-922
-1340
-1743
-2198
-2389
-2258
-2031
-1627
-840
-1163
-3209
-3267
-1366
-840
860
3179
1654
-228
690
1309
1109
2003
2987
1959
468
641
548
-400
-176
266
-328
-449
226
-38
-976
-585
522
1166
2197
2973
2389
1973
2672
3095
2906
3240
3545
3038
3023
3669
3606
2889
2399
2483
2558
2467
2511
-358
-7294
-11207
-8631
-5208
-3376
-2155
-3907
-8241
-9248
-5329
-1553
329
2280
3285
2943
3152
3610
3733
4055
4011
3850
4488
4183
1077
-2823
-4567
-4374
-3661
-2997
-3502
-5443
-6941
-6795
-5429
-3515
-1838
-690
600
2061
2731
2848
3497
4369
4862
5278
5534
5100
3569
1196
-648
-1132
-1061
-1473
-2416
-3474
-4635
-5339
-4683
-3524
-2872
-2172
-985
401
1215
1438
2157
3455
4308
4575
5203
4006
-716
-2908
-1471
-1802
-1183
222
-2908
-6531
-6102
-3978
-2580
-1269
442
239
-487
1425
3068
2743
3120
4220
4290
3972
4036
2796
556
168
1013
1209
1301
1088
-108
-1005
-187
1385
2034
2413
2924
2602
2491
3303
3880
4221
4727
4987
4714
4550
4354
3210
1861
-2230
-9846
-12276
-8262
-5765
-5041
-4783
-7667
-11634
-10907
-5616
-1626
259
2458
3327
3095
3925
4801
5509
6467
6219
5483
5690
4529
371
-3621
-4562
-4039
-3913
-4274
-5849
-8100
-9062
-8402
-6605
-4328
-2644
-1446
256
2038
2828
3393
4767
6238
6905
7001
6993
6350
4430
1866
192
-70
-505
-1929
-3373
-4603
-5924
-6540
-5579
-4355
-3941
-3125
-1433
204
870
1473
2177
882
281
2103
2666
3009
3181
667
-1136
-837
-339
183
-76
-879
-1583
-1971
-1064
-149
-340
19
954
1320
1677
2182
1758
1148
2031
3113
3128
3040
2758
2115
1991
2659
3536
3750
3514
3396
3220
3203
3586
3955
3828
3492
3422
3110
2716
2712
2127
1306
694
-3801
-11753
-13752
-9317
-6254
-4615
-3961
-6960
-10717
-9845
-4543
-197
1827
3695
4343
3991
4294
4603
5159
5894
5332
4454
4495
3127
-1155
-5141
-6062
-5327
-4834
-5004
-6112
-7805
-8651
-7796
-5574
-2980
-1162
49
1730
3323
3646
3878
5196
6371
6569
6354
6109
5076
2724
232
-1129
-1334
-1693
-2905
-3951
-4866
-6048
-6233
-4764
-3314
-2777
-1963
-2114
-3733
-3486
-1349
1360
4104
4162
2597
2097
1847
2301
3344
3139
2294
1587
827
58
-962
-1506
-1163
-1040
-961
-473
-531
-1088
-984
-74
1150
2535
3477
3550
3328
3295
3747
4603
5078
4941
4761
4647
4497
4310
3654
3250
3473
3210
3029
2831
2141
2143
2693
3007
1572
-408
-1710
-7705
-14167
-11746
-7013
-5482
-3964
-4413
-8495
-11069
-7417
-1512
999
2394
4119
4079
3585
3712
4020
5000
5380
4407
3936
3513
385
-4538
-6430
-4981
-4422
-4275
-4037
-6488
-9343
-8696
-5715
-3126
-1403
-27
903
1789
2627
3127
4044
5134
5673
5903
5783
4722
2709
671
-503
-922
-1094
-1345
-2468
-4123
-5315
-5451
-4800
-6711
-8220
-5112
-3551
-1796
2279
649
-2159
-255
2178
4362
6089
6542
5200
2521
2223
3335
2610
2066
2102
142
-1809
-1555
-1820
-2829
-2157
-992
-534
364
1137
699
680
2340
4240
5110
5441
5531
4918
4644
5391
5645
5242
5039
4720
3754
2667
2446
2336
1906
2075
2566
2741
3044
3449
1656
-1686
-5319
-11760
-14936
-9949
-5350
-4458
-5237
-8398
-11734
-11348
-5914
-300
1862
3255
3637
2753
3322
4487
5088
6087
6578
5811
4638
2544
-1054
-4606
-5626
-4283
-3552
-4438
-6496
-8915
-9763
-8567
-6273
-3700
-1485
-216
569
1958
3184
3998
5305
6631
7512
7545
6808
5565
3454
1379
195
98
-89
-1805
-3826
-5547
-6542
-8272
-11182
-10088
-7840
-6593
-1367
784
-2189
-1852
356
2982
6575
8793
9071
6723
4585
5069
4717
3662
3881
2536
-592
-2021
-2564
-4153
-4733
-3615
-2825
-1898
-347
64
-144
929
3137
4963
6039
6887
6689
6100
6496
6914
6638
5786
5117
4622
3341
2504
2358
1427
821
1276
1424
1505
2155
2485
1361
-757
-3587
-9682
-14876
-11983
-6691
-4506
-3645
-5870
-10623
-12152
-7918
-2609
-175
2176
4080
3442
3224
3917
3869
4187
5287
5889
5420
3891
656
-3448
-5396
-4807
-4008
-3939
-5186
-7881
-9550
-8783
-7107
-5100
-2706
-956
184
1482
2504
3080
4068
5425
6546
7219
7130
6139
4343
2330
825
11
-471
-1870
-4499
-7062
-8538
-8735
-8241
-6943
-5302
-4738
-3863
-2062
-1002
417
3116
5516
6812
7241
7151
6519
5555
5120
4817
3706
2385
1066
-856
-2479
-2850
-2691
-2443
-1916
-1535
-1371
-742
500
1730
2856
4384
5683
6161
6365
6213
5760
5746
6127
6073
5306
4424
3386
2263
2002
1993
1775
2595
3019
2525
2681
2202
2120
-81
-6461
-9098
-9972
-11403
-7829
-5718
-7968
-9849
-10554
-9297
-7558
-4529
-388
1205
2217
3528
3507
3749
4720
5538
6366
6553
5231
2755
-88
-2357
-3652
-4014
-4192
-5458
-7303
-8668
-9316
-8935
-7458
-5470
-3731
-1924
-26
1214
2415
3728
4938
6496
7548
8019
7824
6237
4340
2531
1438
1017
-125
-1575
-5075
-9324
-9967
-9807
-8766
-5483
-5378
-6581
-5023
-3349
-1012
2471
4990
6472
6845
7075
7552
6902
6176
5948
4806
3311
2198
226
-2289
-3365
-3348
-3131
-2367
-1950
-2353
-2174
-825
1061
2856
4260
5328
5867
6079
6772
7348
7101
6954
6672
5701
4959
4212
3477
2754
1512
1698
2199
1734
2744
2810
1839
2311
1981
1266
-3421
-13006
-15955
-11870
-7689
-3364
-3238
-9328
-14769
-13855
-7666
-2285
693
2638
2206
1304
2503
4190
5332
5975
6037
6352
6363
4264
233
-3475
-5017
-4493
-3199
-3344
-6143
-9653
-11001
-9737
-7579
-5235
-3079
-1837
-749
549
1765
3250
4855
6241
7303
7921
7975
6982
4942
2628
942
729
1100
-492
-4552
-8381
-10100
-10253
-8236
-5377
-5318
-6062
-5124
-3898
-1605
1970
4793
6146
6451
6842
7311
7024
6677
6284
5153
4093
3191
1276
-1186
-2716
-3017
-2394
-1548
-1516
-1961
-1942
-1024
750
2446
3832
4945
5337
5822
6693
6938
6903
7137
6752
5662
4903
4574
3833
2808
2628
2712
2719
3691
4222
3802
3238
1840
776
-3155
-12503
-17044
-13575
-9697
-5838
-4350
-9436
-15601
-15665
-9542
-3362
54
2452
2607
1542
2644
4902
6617
7414
7293
7062
6641
4793
1035
-2816
-4742
-4900
-4221
-4402
-7062
-10602
-12076
-11042
-8873
-6390
-4085
-2474
-1121
245
1660
3777
5803
7058
8214
8749
8476
7739
6256
4244
2308
1022
211
-820
-3725
-7887
-9480
-9570
-9793
-8066
-6494
-6949
-6516
-4071
-1387
889
3579
5935
6626
7011
8202
8535
7576
6861
6083
4545
3363
2263
-220
-2590
-2998
-2694
-2600
-2340
-2206
-2266
-1563
332
1954
2918
4403
5668
6269
7080
7695
7821
7646
7108
6552
5949
5360
4835
3512
2350
2777
3642
4188
4428
4008
2609
1036
-1891
-10643
-18447
-15868
-10247
-6476
-3798
-7654
-15422
-17457
-11742
-4405
-78
2630
3295
1700
1887
4252
6375
7953
8534
8153
7587
5744
1880
-2071
-4039
-4211
-3663
-3763
-6390
-10573
-12866
-12235
-10071
-7384
-4883
-3384
-2407
-1027
693
2882
5298
7038
8242
9007
8962
8313
6890
4851
3178
2208
1367
-150
-1997
-4957
-9484
-11038
-9627
-9261
-7239
-4953
-6911
-8071
-4998
-1220
1981
5175
6960
6335
5958
7673
8586
7566
7043
6624
4868
3256
1957
-599
-2860
-2755
-1985
-2095
-2176
-2407
-2975
-2058
446
2280
3179
4406
5322
5677
6843
8226
8579
8171
7326
6478
5817
5654
5756
4774
3807
4034
4419
5208
5964
4652
2089
-2404
-12428
-20237
-17225
-11197
-6898
-4197
-8616
-17090
-19451
-13254
-5207
-190
3238
3873
1762
1705
4162
6671
8570
9547
9650
9016
6399
1689
-2479
-4363
-4260
-3277
-3502
-6705
-11435
-14052
-13428
-10972
-7871
-5000
-3219
-2427
-1541
3
2453
5362
7418
9001
10127
9654
8450
6948
4743
3128
2602
2212
800
-2532
-6070
-9086
-11525
-10268
-7997
-7761
-6549
-6595
-7342
-4262
-288
2786
5406
6561
7128
7611
8226
8654
7757
6605
6126
4959
2882
871
-1300
-3030
-2940
-1891
-1610
-1967
-1910
-1422
-336
1613
3406
4714
5689
6276
7099
7953
8305
8025
7018
6351
6382
5892
5240
5062
4291
3828
5149
6745
6529
4597
632
-9438
-20186
-19709
-13041
-7712
-3816
-7028
-16317
-20792
-16068
-7820
-1848
2018
3194
1687
1701
3867
5800
7607
9271
9948
10017
8447
3953
-955
-3495
-3817
-3007
-2708
-5239
-10122
-13713
-14074
-12082
-9198
-6497
-4631
-3600
-2528
-947
1393
4346
6571
8332
10042
10275
9408
8208
6122
4208
3356
2449
951
-1741
-4812
-6610
-9390
-11599
-11022
-10972
-9282
-6321
-5931
-4803
-2673
-479
2915
5748
7692
8640
8501
8557
8305
7481
6977
6119
4095
1842
-61
-1946
-3392
-3636
-3150
-2804
-2321
-1627
-1034
-166
1300
3308
5164
6369
7251
7706
7752
8047
8370
7931
7374
7005
5827
5262
5868
5347
4688
5563
6312
5257
3762
-43
-11711
-21699
-18953
-12251
-6924
-3283
-8079
-17889
-20990
-14423
-5499
152
3406
3519
1430
1942
4554
6720
8487
9218
9347
9443
7263
2319
-2317
-4447
-4509
-3464
-3106
-6202
-11432
-14400
-13951
-11433
-8066
-5219
-3770
-3000
-1893
-90
2719
5458
7200
8964
10277
10047
8898
7006
4504
2697
2583
2505
187
-2685
-5874
-10567
-11790
-9826
-9658
-8064
-6055
-7178
-6965
-3890
-126
3110
5659
7746
8042
7958
8961
8805
7371
6902
6693
4829
2672
813
-1985
-3900
-3493
-2637
-2395
-2078
-1709
-1543
-664
1382
3673
5410
6569
7275
7747
8171
8320
8275
7952
7257
6779
6092
5563
5752
5260
4768
5412
5862
4894
2824
-2826
-14737
-22275
-18234
-12018
-6884
-4345
-10439
-19220
-19983
-12511
-4447
734
3935
3782
2167
3150
5530
7319
8848
9591
9650
9043
5849
754
-3311
-4975
-4713
-3950
-4433
-7915
-12684
-14870
-13916
-11112
-7675
-4952
-3433
-2476
-1089
1144
4009
6496
8232
10010
10995
10465
8902
6199
4068
3811
3540
2050
-524
-4357
-9057
-11469
-10259
-10008
-10299
-7730
-6993
-8008
-5247
-1814
-84
2926
6501
8137
8257
8967
9473
8161
7570
8084
6606
4075
2294
-167
-2738
-3166
-2796
-3295
-3396
-2713
-2321
-1669
163
2156
3638
5230
6655
7204
7768
8872
8816
8267
8337
7547
6773
6422
6011
6005
5330
4814
5130
5080
4798
3967
-1402
-13746
-22394
-19552
-13168
-7094
-3833
-9612
-18924
-20629
-13512
-5148
371
3801
3931
2388
3212
5593
7461
8857
9476
9783
9677
6699
1392
-3100
-5351
-5382
-4308
-4431
-7956
-12955
-15337
-14576
-11817
-8347
-5544
-3899
-2995
-1562
933
4151
6826
8349
10014
11068
10603
9169
6647
4833
4476
3728
2122
-700
-5382
-9921
-10786
-9895
-10163
-8980
-7818
-8894
-8515
-5640
-2215
879
4007
6526
6881
7155
8831
9342
8588
8622
8071
6036
4374
2637
0
-1886
-2300
-2504
-2912
-2834
-2763
-2725
-1741
-73
1619
3312
5092
6183
6616
7658
8568
8413
8203
8177
7663
6805
6551
6963
7038
6734
6356
6102
5713
4880
3554
-3459
-16557
-22752
-18668
-12615
-6767
-5528
-13357
-21699
-20686
-12331
-4379
730
3556
3312
2574
4368
7082
9029
10204
10621
11073
10550
6675
1202
-2810
-4973
-5160
-4231
-5331
-9866
-14775
-16633
-15356
-12268
-8778
-6222
-4729
-3548
-1778
1255
4874
7498
9345
11248
11863
10688
9258
7809
5881
4787
4293
1779
-1923
-5812
-9686
-10869
-10826
-10656
-9065
-8921
-9558
-8297
-5860
-2378
1405
4549
6329
6798
7922
9463
9875
9700
9310
7833
5793
4169
2223
-217
-1866
-2372
-2849
-3322
-3192
-2969
-2483
-1355
197
1898
3536
4994
5804
6730
8169
8724
8737
8730
8005
6974
6514
6761
6757
6586
6792
6592
6666
6529
5075
1076
-9798
-20925
-21010
-15420
-10172
-6011
-9286
-18613
-22697
-17048
-8256
-2305
1710
3368
2277
2827
5846
8318
9893
10858
11397
11600
9379
4396
-328
-3135
-4340
-4092
-4028
-7070
-12353
-15842
-16030
-14017
-10776
-7637
-5912
-4919
-3453
-1135
2339
5894
8132
9987
11511
11135
9735
8864
7537
5161
3729
2477
-1126
-4231
-5599
-7993
-9896
-10244
-10572
-10115
-8891
-7556
-5748
-3892
-1105
2434
4430
5874
7413
7950
8533
9066
8667
7776
6490
4954
3300
1597
46
-1336
-2188
-2538
-2701
-2504
-1947
-1239
-399
751
2519
4425
5399
6086
7302
7966
8233
8795
8516
7415
6576
5847
5836
6680
6780
6353
6006
5707
5366
5025
2059
-9479
-20906
-19969
-14723
-9677
-4587
-8544
-18667
-22154
-16251
-8064
-2505
1662
2875
1373
2515
5670
7782
9349
10073
10528
11220
9203
4193
-482
-3431
-4636
-4018
-3715
-6925
-12187
-15387
-15785
-14040
-10802
-7715
-5793
-4796
-3549
-1270
2104
5488
7534
9486
10649
10237
10342
9318
6829
5008
3404
1725
-571
-2933
-5468
-8461
-9612
-9896
-9863
-8593
-7893
-7324
-5999
-3853
-448
2432
4289
5889
6893
7922
8817
8774
8237
7405
6467
5452
3913
1942
-41
-1330
-1793
-2035
-2017
-1939
-1768
-1083
-301
1019
2857
3942
4711
5842
7135
8166
8256
7964
7839
7267
6587
6680
6905
6793
6997
6900
6388
5810
5027
3576
-4140
-16551
-20682
-16715
-12015
-7037
-7060
-14966
-21686
-19190
-10959
-4478
-102
2489
1774
1569
4279
7172
9139
10321
10745
11241
10301
6266
1459
-1887
-3539
-3731
-3553
-5323
-10123
-14526
-15667
-14663
-12171
-9024
-6869
-5666
-4533
-2644
540
4083
6540
8612
10575
10858
10485
10045
8056
5995
4719
2794
592
-1531
-4067
-6546
-8470
-10054
-11033
-10559
-8911
-7452
-6155
-4149
-2163
-185
2659
5279
6999
8358
9104
8718
7865
7618
7238
6106
4853
3157
1011
-590
-1479
-2236
-2695
-2311
-1569
-950
-346
371
1630
3261
4485
5609
6792
7244
7418
7749
7666
7301
6702
6208
6304
6464
6750
6978
6974
6928
6073
4511
-1637
-14026
-20743
-17216
-11923
-7088
-5790
-13057
-21872
-21524
-13185
-5706
-1230
1688
1270
130
2420
5892
8223
9871
10757
11273
10740
7486
2845
-607
-2161
-2347
-2098
-3574
-8280
-13341
-15349
-14597
-12409
-9714
-7655
-6697
-6005
-4406
-1487
2120
5098
7305
9142
9847
10124
10124
8272
6313
5541
4323
2813
1166
-1855
-5289
-7113
-8232
-9733
-9924
-8625
-7962
-7348
-5267
-3527
-2241
643
3736
5582
7143
8345
8078
7177
7478
7972
7348
6406
4878
2404
540
9
-523
-1345
-1348
-1118
-1282
-1021
-230
884
1963
2995
4465
5612
6470
7342
7414
7138
6682
6264
6764
7219
7565
8327
8631
8602
7866
6568
3507
-6421
-17507
-18974
-14920
-10364
-6375
-9511
-19006
-24107
-19241
-10309
-4264
-586
632
-672
223
4171
7832
10120
11201
11793
12177
10466
6425
2540
-160
-1548
-1437
-2036
-5765
-11252
-15053
-15686
-14162
-11681
-9359
-8388
-7974
-6685
-4199
-438
3321
6051
8307
9744
10063
10003
9717
8447
6600
5921
4976
1843
-1071
-3335
-6327
-7977
-7982
-8771
-9743
-9132
-8094
-7268
-5162
-2357
-310
1676
4150
6054
7071
8098
8480
7823
7713
7924
7087
5541
3862
1987
459
-99
-576
-1455
-1720
-1409
-1223
-625
697
1819
2520
3796
5408
6380
7066
7386
7000
6199
5612
6570
7937
8159
8203
7610
6885
7072
7460
6304
-2574
-15897
-20088
-16418
-11431
-5716
-6494
-16035
-23467
-20897
-12391
-5786
-1618
655
-310
-253
3013
6323
8673
9991
11029
12562
11715
7564
3383
512
-1205
-1193
-926
-3546
-8926
-13309
-14769
-14214
-12191
-9648
-8297
-7918
-7051
-5119
-1974
1531
4173
6712
8948
9551
9745
9604
7880
6359
6171
5119
2503
-12
-2620
-5248
-6161
-6192
-6981
-8236
-8709
-8296
-7665
-5434
-2337
-888
392
2451
4032
5491
7050
7717
7251
6945
7184
6688
5470
4252
2955
1729
970
575
-153
-1056
-1123
-800
-450
889
2087
2142
2813
4048
4843
5807
6535
6178
5372
5426
6186
6854
7758
8616
9148
9409
8638
7504
4026
-6391
-16520
-16959
-13263
-9398
-5938
-9799
-19289
-23599
-18707
-10749
-5395
-1613
-26
-955
-64
3181
6359
9081
10978
12416
13187
11045
6741
3163
999
140
194
-718
-4589
-10185
-14003
-14943
-13920
-11823
-9821
-8756
-8268
-7210
-4904
-1443
2059
4669
7276
9313
9702
9990
9942
8361
6915
6628
5281
2077
-585
-3159
-6146
-7077
-6783
-7540
-8758
-8863
-8537
-8120
-5519
-2343
-908
644
2730
4081
5363
7083
7880
7534
7528
7692
6674
4989
3880
2815
1682
1307
899
-373
-1445
-1444
-1162
-510
1083
2138
2282
2954
4164
5097
5846
6710
6568
5627
5799
6339
6750
7743
8484
9062
9316
8515
7536
3837
-6649
-16881
-17549
-13297
-9179
-5909
-9491
-18919
-23368
-18450
-10355
-4925
-1425
77
-620
294
3525
6693
9137
10649
11809
12670
10831
6522
2907
740
-282
-366
-1337
-5019
-10389
-14077
-14822
-13732
-11564
-9534
-8582
-8106
-7040
-4534
-877
2543
5073
7246
8862
9694
10325
10090
9024
7726
5805
4137
2183
-1090
-3687
-5215
-7079
-8200
-7852
-7923
-8839
-9026
-7912
-5993
-3486
-309
1849
2280
3468
5473
6571
7383
8103
7712
6808
6285
5177
3414
2346
1811
1024
269
-188
-909
-1743
-1392
-230
663
1835
2855
3139
3780
4954
6176
6727
6593
6783
6292
5836
7155
7868
7907
8851
9159
8475
7682
6169
-1367
-14145
-18982
-15367
-11742
-7033
-6384
-14998
-22925
-21305
-13425
-6586
-2133
582
-15
-648
2123
5735
8453
10368
11445
12369
11700
8233
4166
1218
-301
-448
-554
-2968
-8139
-13053
-15126
-14568
-12496
-10135
-8738
-8408
-7808
-5923
-2521
1509
4337
6276
8303
9667
10356
10621
9717
7650
6145
5699
3917
779
-2041
-4815
-6819
-7539
-7822
-8302
-9113
-9247
-8456
-7011
-4422
-1558
273
1695
3466
5081
6312
7292
7761
7630
7348
7034
5942
4244
3003
2178
1345
725
270
-462
-1257
-1413
-754
344
1565
2575
2934
3358
4630
5730
6389
6849
6014
4736
5178
6969
8454
9153
9702
9798
8810
8555
8190
372
-13014
-18444
-15439
-11477
-6554
-6172
-15222
-23929
-22556
-14374
-7502
-3372
-1041
-1409
-1393
1682
5620
8598
10165
11225
12924
12761
9266
5269
2353
484
77
42
-2358
-7764
-12798
-14903
-14757
-13032
-10790
-9664
-9347
-8685
-6794
-3224
657
3440
5833
7994
9166
10175
10812
10150
9173
7882
5917
3773
1109
-1816
-3855
-5271
-7251
-8775
-8943
-9156
-9262
-8641
-7611
-5861
-3434
-549
2023
3427
4538
5739
6453
7243
8073
7901
6885
5628
4231
3036
2328
1624
597
-227
-667
-1004
-1111
-777
-110
768
1947
3180
4121
5023
5982
6326
6194
6558
6689
6057
6257
7164
7665
8384
9067
9126
8486
7474
4716
-4880
-16167
-17926
-14008
-9737
-5491
-8023
-17346
-22989
-19358
-11326
-5239
-1137
639
-483
-363
2682
6225
8889
10458
11631
12361
10701
6856
3257
874
-299
-356
-814
-3927
-9039
-13013
-14483
-13794
-11683
-9476
-8128
-7578
-6917
-5093
-1811
1692
4262
6709
8521
8996
9724
9944
8852
8086
7358
5791
3596
168
-4541
-7298
-7304
-7544
-6877
-6315
-9232
-11541
-10296
-7349
-3429
438
2564
2440
2330
4413
6813
7847
8637
8788
7153
5436
4429
2731
1247
1264
1162
140
-776
-1715
-2408
-1870
-565
957
2369
3167
3299
3515
4909
6586
7307
7429
6956
6093
5442
5719
7026
7999
8481
8988
9173
8442
7028
4218
-4727
-15996
-18153
-13980
-10146
-6476
-8513
-17617
-23147
-19179
-11512
-6041
-1913
313
-610
-92
3444
6445
8633
10519
11686
12438
11160
7443
3644
934
-458
-672
-1081
-4057
-9366
-13311
-14556
-14119
-12334
-10124
-8749
-8076
-6911
-4747
-1714
1637
4428
6943
8900
9751
10398
10285
9039
8000
7045
5591
3151
-404
-3468
-5347
-6454
-6977
-7552
-8600
-9831
-10130
-8913
-6784
-4046
-1293
808
2262
3412
5136
6994
7739
7893
7808
7003
5918
4891
3709
2489
1520
785
-120
-1086
-1668
-1789
-1302
-509
219
1241
2349
2980
3618
5036
6437
6631
6337
6146
5841
5846
6073
6519
7232
7581
7822
8145
8412
8075
6961
4047
-5168
-15881
-17373
-13344
-9599
-6357
-8874
-17085
-21702
-18054
-10885
-5656
-1890
182
-331
419
3502
6174
8218
9720
10953
12067
10741
6964
3202
353
-942
-717
-1117
-4238
-9094
-12680
-13971
-13493
-11712
-9615
-8131
-7290
-6337
-4629
-1909
1285
3992
6571
8930
9736
9139
8333
7731
7249
7268
6667
2738
-2568
-5308
-6293
-6203
-5207
-5848
-8159
-9862
-9596
-7647
-5254
-2543
-430
293
1398
3332
4888
5970
6720
6974
6824
6507
5641
3982
2450
1715
1589
1439
692
-392
-1377
-1525
-568
485
1463
2488
2961
2952
3435
4873
5980
6114
6225
6034
5453
5395
5429
5543
6305
7447
8622
9188
9033
8226
6745
1373
-10306
-17795
-15352
-11399
-7301
-5231
-12139
-21358
-22013
-15231
-8500
-4026
-721
-406
-1198
1241
4907
7306
9189
10591
12011
12467
9834
5673
2180
-66
-600
-210
-1516
-6106
-11367
-14194
-14730
-13411
-10889
-8764
-7773
-7497
-6515
-3908
-348
2826
5439
8090
9555
9529
9401
8702
7584
7497
7683
6089
2175
-2625
-6046
-7280
-7245
-6353
-5814
-7377
-9628
-10114
-8797
-6393
-2847
715
2374
2821
3808
4962
5659
6668
7980
8249
7327
5914
3902
1941
1244
1380
1201
521
-447
-1509
-1842
-1108
-50
1153
2518
3151
2847
3079
4515
5940
6649
7002
6704
5639
5122
5397
5900
6871
7653
8033
8592
8685
7928
6158
-284
-11726
-17788
-14949
-10753
-7019
-6447
-13581
-21536
-20969
-13934
-7816
-3644
-621
-631
-1092
1440
4902
7343
9125
10541
11866
11680
8648
4711
1668
-117
-312
68
-1683
-6664
-11649
-13956
-14201
-12611
-10171
-8647
-7991
-7445
-6009
-3197
229
3124
5374
7666
9267
9668
9182
8074
7260
6967
7035
6142
3076
-1040
-5337
-8114
-8574
-8177
-6821
-5875
-7266
-8863
-8765
-7309
-4286
-282
2986
4626
4840
4824
4907
5212
6727
8401
8414
6823
4514
2054
285
183
692
600
273
-522
-1524
-1746
-1000
346
1813
3277
3999
3915
4274
5064
5796
6270
6649
6712
5784
5261
5988
6924
7764
8354
8411
7891
7105
6637
3141
-7288
-16488
-16402
-12998
-9196
-5892
-9898
-18583
-21560
-16369
-9559
-5037
-1420
-32
-649
777
4277
7124
8560
9472
10974
11839
9850
6213
2869
171
-876
-331
-936
-4811
-10030
-13309
-14124
-13208
-11251
-9396
-8325
-7976
-7029
-4240
-768
1980
4291
6756
8646
9518
10070
9649
8193
7220
6989
6164
3967
1409
-1511
-5035
-8329
-10377
-9982
-8603
-7607
-7115
-8081
-8601
-6580
-3007
650
3628
5550
5993
5871
6409
7176
7735
8263
8028
6281
4024
2045
150
-1100
-1020
-415
-510
-1161
-1976
-2671
-2177
-254
1833
3292
4125
4373
4648
5392
6277
6953
7287
7311
6713
5857
6094
6884
7036
7291
7915
7976
7037
5935
2174
-8234
-17290
-16916
-13270
-9442
-5876
-9228
-17924
-21477
-16506
-9294
-4091
-87
1365
326
1197
4392
7092
8779
9785
11021
11656
9411
5589
2160
-454
-1369
-904
-1438
-4861
-9695
-12938
-13892
-12982
-10714
-8574
-7539
-7098
-6117
-3832
-662
2143
4389
6833
8767
9490
9713
9352
8203
7143
6625
5761
3757
1158
-1788
-5402
-8516
-9427
-8608
-7496
-6734
-7164
-8533
-8457
-6045
-2970
228
3413
4945
5072
5532
6148
6530
7325
8086
7540
5913
4222
2473
634
-308
-128
1
-488
-1262
-2083
-2519
-1791
-122
1369
2490
3450
3826
4050
5060
6032
6402
6979
7360
6728
5613
5343
5963
6412
7175
8321
8429
7275
6090
4693
-1899
-13066
-17717
-14971
-11869
-7552
-6014
-13334
-21402
-20393
-13000
-6382
-1630
1297
530
-496
2068
5860
8411
9702
10471
11444
10935
7815
4211
1165
-1086
-1427
-873
-2446
-7062
-11710
-13924
-14060
-12351
-9657
-7931
-7401
-6985
-5779
-3112
232
2834
5135
7541
8954
9466
9611
8831
7581
6831
6345
5152
2708
-40
-2318
-4720
-7325
-9220
-9706
-9178
-8310
-7032
-6164
-6526
-6128
-3746
-892
2220
5510
7079
6546
5912
6283
6859
7527
8040
6981
4760
2604
789
-394
-749
-415
-310
-902
-1483
-1921
-2034
-1139
417
1915
3374
4453
4656
4670
5384
6327
6910
7413
7150
6089
5722
6186
6993
7519
7441
7301
6892
6153
5137
303
-10140
-17352
-16019
-12306
-8315
-5957
-10980
-19032
-20091
-13640
-7024
-2787
396
774
-55
2011
5342
7416
8588
9420
10577
10751
8241
4602
1394
-877
-1495
-1095
-2011
-5792
-10363
-12790
-13118
-11934
-9765
-8176
-7371
-6709
-5497
-2987
-243
1832
3978
6439
8181
8910
9242
8730
7508
6751
6474
5320
2983
583
-1825
-3822
-5622
-7747
-8617
-8827
-8825
-7447
-6279
-6215
-6023
-4674
-2185
664
3864
6180
6217
5736
6040
6578
7250
7546
6759
5055
3162
1798
792
-8
-398
-868
-1444
-1678
-1958
-2158
-1613
-650
503
1921
3176
3932
4113
4284
5473
6940
7109
6875
6790
5959
5361
5668
6271
6625
6466
6191
5492
4394
3613
3341
40
-9506
-16783
-15851
-12771
-8667
-5153
-8929
-16307
-17708
-12379
-6599
-2631
658
1442
690
2290
5021
6529
7237
7756
8930
9511
7239
3571
312
-2190
-2783
-1805
-2087
-5461
-9741
-12032
-12294
-10848
-8429
-6640
-5775
-5314
-4404
-2279
482
2642
4320
6325
7828
8261
8202
7342
5777
4841
4959
4455
2514
268
-2036
-3843
-4587
-5342
-6643
-8257
-9031
-8274
-6799
-4420
-2405
-2228
-1548
410
2464
4866
6674
6869
6349
6273
6682
6450
5499
4545
3231
1844
1057
242
-914
-1770
-1914
-1727
-1630
-1295
-807
-478
256
1554
2845
3855
4485
4969
5612
6136
6458
6508
6096
5900
5664
4690
4541
5350
5468
5526
5647
4777
3537
3654
2447
-5516
-14122
-15250
-13103
-9299
-4509
-6175
-13709
-17917
-14755
-8746
-4079
-400
882
-171
470
3031
5352
6631
6899
7952
9293
8137
5252
2255
-689
-2242
-1557
-856
-3044
-7173
-10236
-11669
-11456
-9439
-7217
-6016
-5499
-4940
-3565
-1307
842
2546
4555
6467
7427
7655
7177
6027
5143
5378
5606
4343
2264
-72
-2466
-4274
-5279
-5172
-4591
-4812
-6524
-8458
-8146
-6288
-3487
110
1176
192
699
2175
3547
5400
7022
7027
6032
5422
4840
3777
3001
2649
1976
1207
665
-458
-2055
-2712
-2149
-1160
-225
306
368
244
550
1786
3223
4329
5112
5300
5192
5029
5284
5740
5313
4996
4769
4207
5004
5716
4761
3756
3560
3784
4168
4783
653
-9955
-15932
-14045
-10881
-6243
-3338
-8582
-16348
-17019
-11462
-6108
-2190
798
777
-87
1766
4215
5444
5854
6321
8121
8927
6687
3491
556
-1893
-2301
-859
-1037
-4261
-7868
-10044
-10616
-9315
-7120
-5765
-5472
-5293
-4499
-2749
-646
761
2205
4427
6241
7141
7382
6615
5289
4869
5447
5350
4058
2138
-125
-2228
-3888
-4712
-4528
-4331
-4450
-4621
-5982
-7642
-6591
-3881
-1269
1392
2228
1023
387
1560
3878
5913
7103
6948
5297
3908
3371
2823
2478
2311
1750
706
-491
-1570
-2587
-2740
-1730
-808
-301
30
99
-3
127
1373
3282
4659
5573
5958
5745
5313
5049
5524
5888
5572
5366
4654
3720
3578
3517
3636
3935
3387
2957
2349
-3170
-11889
-15173
-13367
-10219
-5472
-4026
-9492
-15230
-14245
-8957
-4503
-658
1822
1194
836
2701
4713
5867
6183
6804
8236
8042
5555
2636
-169
-2267
-2251
-1148
-2135
-5496
-8549
-10213
-10507
-9144
-7140
-5808
-5152
-4593
-3495
-1528
562
2103
3913
6016
7175
7599
7591
6634
5573
5585
5863
4995
3259
1067
-1391
-3016
-4001
-4990
-5349
-5257
-5453
-5489
-5211
-5972
-6474
-4244
-1530
432
2752
3222
1867
2008
3788
5565
6721
6923
5689
3651
2544
2344
1749
952
416
-408
-1478
-2110
-2604
-3250
-3070
-1939
-953
-104
756
897
906
1915
3518
5020
5958
6042
5869
5838
5698
5574
5447
4938
4350
3989
3686
3282
2728
2215
1707
1456
1728
2311
989
-5708
-13198
-14286
-11389
-7242
-2897
-3804
-10149
-14066
-11257
-5860
-2015
1119
2671
1478
1284
3322
4678
4710
4676
5709
6746
5722
3257
274
-2739
-3998
-2827
-1570
-2899
-5979
-8287
-9189
-8684
-6789
-4619
-3286
-2770
-2152
-930
459
1677
2869
4459
6091
6971
7109
6282
4591
3347
3377
3762
3087
1503
-303
-2231
-3623
-3952
-4069
-4594
-4849
-4552
-4262
-3719
-2939
-3338
-3548
-1329
1080
2686
4129
3380
1488
1701
3479
4911
5374
4736
2831
789
385
796
518
60
-414
-1221
-1657
-1403
-1346
-1793
-1565
-471
488
1343
1978
1899
1809
2624
4060
5025
5273
5269
5045
4846
4735
4380
3948
3451
2888
2473
2029
1665
1485
1277
1254
1516
1825
2585
2547
-2193
-9396
-11947
-10235
-7099
-2754
-1562
-6456
-11613
-11200
-7496
-4170
-903
1133
551
56
1115
2220
2704
3005
4088
5764
5903
3945
1331
-1115
-2554
-1991
-565
-842
-3066
-5296
-6638
-7028
-6142
-4556
-3460
-3033
-2573
-1713
-560
425
1086
2143
3713
5112
5853
5520
4199
2939
2776
3158
3016
2263
821
-899
-2156
-3004
-3485
-3916
-4360
-4201
-3686
-3202
-2648
-2413
-2792
-2456
-314
1662
2359
2882
2415
1369
2181
3861
4332
3863
3103
1993
842
658
883
242
-424
-564
-1014
-1366
-1065
-962
-1321
-973
196
890
1302
2081
2450
2491
3159
4098
4296
4017
4220
4550
4473
4292
3977
3254
2353
2055
2254
2135
2040
2059
1729
1831
2510
2972
3450
1782
-4364
-9940
-10460
-8599
-5573
-2336
-3600
-8972
-11716
-9547
-6356
-3664
-688
657
146
581
1959
2651
2739
3182
4767
6182
5514
3495
1101
-1284
-2115
-880
139
-1043
-3382
-5346
-6623
-6728
-5614
-4225
-3394
-3012
-2486
-1747
-897
-148
560
1890
3466
4575
5115
4633
3418
2625
2756
3156
2948
2243
1157
-284
-1462
-2179
-2531
-2608
-2708
-2965
-3635
-4350
-4089
-3078
-1783
-309
487
53
-644
-121
1024
1865
3079
3365
2117
1920
2672
2547
1984
1678
1238
526
390
519
-279
-1132
-1058
-878
-864
-489
-98
-214
-244
408
1138
1614
2250
2669
2576
2903
3582
3616
3688
4261
4171
3588
3378
2909
2074
1753
1967
2131
2069
2163
2313
2132
2078
2614
3217
1321
-4158
-8549
-9126
-7876
-4802
-1828
-3523
-8308
-10381
-8565
-5977
-3428
-706
172
-295
479
1956
2589
2583
3003
4379
5488
5124
3710
1541
-834
-1688
-641
197
-877
-3001
-4888
-6222
-6488
-5604
-4457
-3798
-3427
-2800
-1973
-1206
-652
138
1687
3259
4464
5242
4697
3380
2811
3001
3353
3290
2441
1117
-366
-1590
-2172
-2475
-2702
-2782
-3000
-3372
-3759
-3929
-3464
-2447
-977
465
990
743
125
-32
1090
2578
3753
4148
3136
1934
1467
1278
1291
1417
1239
541
-316
-937
-1527
-1918
-1677
-1096
-595
-401
-528
-831
-983
-285
1129
2468
3395
3478
2895
2664
2955
3411
4129
4826
4779
4074
3263
2423
1724
1598
1978
2368
2375
2056
1599
1168
1267
2083
3258
2520
-2269
-7237
-8569
-7694
-4908
-1482
-1865
-6087
-9054
-8271
-6107
-3792
-994
391
2
200
1256
1787
1622
1699
2828
4256
4485
3548
1886
-464
-1858
-1054
7
-495
-2051
-3858
-5322
-5803
-5166
-4033
-3303
-2984
-2553
-1898
-1169
-757
-353
764
2098
3334
4303
4034
2781
1801
1725
2190
2329
1913
1073
-64
-1031
-1462
-1556
-1655
-1719
-1923
-2353
-2560
-2529
-2255
-1528
-714
-163
280
546
128
-335
245
1104
1579
2065
1899
942
406
537
742
766
661
435
-20
-337
-215
-181
-382
-364
-135
141
431
550
489
624
1169
1852
2395
2687
2671
2497
2491
2837
3172
3202
3169
3130
2939
2545
2238
2097
1683
1417
1670
1848
1946
1984
1847
1986
2341
2818
3195
1653
-2337
-5955
-7114
-6332
-4391
-2538
-3098
-6015
-7969
-7424
-5828
-3987
-2020
-802
-577
-232
702
1330
1488
2000
3107
4112
4092
3025
1505
-62
-856
-381
150
-550
-2066
-3491
-4614
-5075
-4608
-3923
-3459
-2961
-2431
-1911
-1334
-823
-276
694
1948
3026
3658
3498
2707
2180
2248
2450
2419
1929
1012
35
-708
-1188
-1575
-1826
-1854
-1915
-2300
-2861
-3115
-2962
-2424
-1411
-437
-78
-163
-263
-165
309
1099
1787
2069
1856
1344
1064
1026
1022
1318
1600
1267
646
201
-122
-300
-197
-12
48
38
-19
-135
-250
-212
128
655
1122
1432
1623
1791
1998
2317
2725
3040
3137
3068
2949
2896
2867
2560
2195
2084
1911
1761
1860
1831
1589
1548
1839
2139
2304
2622
2544
694
-2236
-4512
-5831
-5532
-3704
-2636
-3658
-5734
-7086
-7099
-5923
-3747
-1914
-1185
-644
-130
230
708
1194
1889
2796
3464
3592
2818
1356
59
-410
-209
-136
-573
-1574
-3067
-4281
-4580
-4352
-3961
-3285
-2695
-2443
-2076
-1592
-1206
-616
233
1258
2305
2851
2855
2572
2180
2053
2157
2159
1912
1393
696
-106
-817
-1227
-1392
-1422
-1407
-1462
-1660
-2033
-2272
-1965
-1192
-193
637
698
175
-68
142
619
1449
1956
1639
1207
912
619
608
804
915
841
663
424
-59
-589
-719
-510
-160
230
280
-155
-608
-670
-369
162
807
1239
1384
1579
1924
2221
2404
2567
2736
2919
3182
3360
3037
2281
1701
1511
1675
2071
2069
1382
678
518
822
1503
2235
2377
2141
2149
1719
61
-2012
-3896
-5116
-4600
-3222
-2862
-3792
-5243
-6231
-6087
-4744
-2986
-1931
-1519
-1088
-550
17
548
989
1406
1832
2281
2518
2034
981
88
-471
-765
-814
-1138
-2009
-2983
-3674
-3991
-3917
-3567
-3154
-2719
-2203
-1617
-1093
-689
-286
327
1307
2291
2844
3014
2795
2417
2303
2299
2203
1965
1480
770
-25
-667
-1105
-1271
-1187
-1261
-1546
-1785
-1889
-1707
-1148
-542
-174
11
13
105
494
822
1113
1436
1505
1415
1315
1047
591
226
198
408
497
298
-92
-506
-756
-701
-355
-29
31
58
199
245
352
661
886
1064
1402
1736
1890
1963
1993
1935
1932
2096
2338
2440
2334
2096
1668
1375
1463
1674
1847
1753
1437
1196
1086
1220
1458
1597
1727
1762
1743
1729
1108
-261
-1530
-2692
-3844
-4013
-3521
-3729
-4400
-4740
-5096
-5480
-4921
-3682
-3014
-2612
-1677
-837
-406
244
997
1423
1681
1996
2223
1965
1389
1021
604
-33
-483
-867
-1580
-2368
-2802
-3096
-3401
-3332
-3023
-2754
-2252
-1576
-1084
-687
-201
309
885
1539
2022
2273
2384
2412
2362
2144
1715
1239
909
664
485
263
-226
-785
-1202
-1558
-1761
-1700
-1458
-1190
-1025
-891
-794
-737
-487
-7
569
1085
1405
1573
1616
1477
1253
1169
1114
1079
1300
1333
906
448
75
-213
-249
-118
-102
-229
-273
-220
-189
-90
86
271
528
850
1138
1301
1389
1559
1816
2018
2105
2109
2008
1915
1898
1784
1618
1474
1245
1166
1182
971
779
692
496
440
671
911
1012
1105
1213
1192
1066
452
-715
-1573
-2303
-3030
-2985
-2897
-3409
-3745
-3842
-4152
-4291
-3736
-2985
-2515
-1917
-1257
-853
-438
-25
280
675
1022
1192
1283
1002
397
44
-142
-445
-645
-852
-1342
-1850
-2113
-2206
-2154
-1966
-1771
-1586
-1299
-953
-677
-359
47
476
1081
1655
1849
1866
1817
1652
1525
1461
1346
1137
853
501
139
-149
-368
-533
-709
-876
-923
-954
-980
-797
-525
-460
-444
-378
-430
-205
459
937
1070
1109
1051
935
978
1132
1147
1019
866
725
546
274
20
-195
-422
-447
-338
-368
-448
-421
-285
-33
347
714
905
1032
1219
1370
1489
1705
1957
2125
2137
2011
1765
1427
1252
1309
1348
1223
915
624
478
358
433
727
810
688
758
932
938
938
1033
1005
865
838
789
275
-714
-1602
-2105
-2456
-2690
-2819
-3184
-3796
-4049
-3733
-3514
-3412
-2977
-2551
-2166
-1431
-691
-373
-228
129
553
794
982
1003
673
320
184
79
-196
-555
-828
-1117
-1385
-1423
-1438
-1600
-1629
-1390
-1092
-790
-364
-5
144
395
766
994
1178
1343
1272
1071
1020
1007
857
730
644
458
278
167
16
-191
-292
-181
-62
-57
-263
-612
-854
-1081
-1005
-398
32
108
236
259
166
324
701
978
1040
1134
1234
930
498
365
295
282
434
421
95
-277
-418
-384
-299
-69
219
351
446
572
577
540
655
875
1073
1269
1401
1291
1054
950
882
798
856
823
610
502
443
289
196
289
433
611
864
979
916
826
821
953
1165
1302
1152
774
393
41
-164
-205
-316
-618
-1158
-1747
-2140
-2403
-2413
-2168
-2170
-2406
-2398
-2283
-2235
-1975
-1525
-1191
-883
-396
-86
-158
-153
6
123
365
661
645
287
-134
-453
-610
-591
-590
-754
-1042
-1242
-1246
-1209
-1180
-1093
-932
-733
-497
-243
-180
-215
-28
312
639
918
1032
951
850
902
1037
1071
1010
855
594
368
236
130
-126
-509
-717
-824
-923
-711
-409
-423
-388
-128
40
220
550
768
796
914
1166
1265
1239
1242
1102
829
612
414
254
165
108
124
48
-172
-289
-316
-322
-219
-12
132
121
155
280
323
344
413
464
522
602
644
641
599
538
565
662
684
684
727
746
809
888
906
906
819
761
878
931
798
562
307
55
-107
-83
-84
-219
-350
-517
-710
-831
-925
-1010
-1126
-1277
-1314
-1285
-1313
-1303
-1245
-1219
-1140
-973
-877
-897
-852
-765
-739
-608
-442
-445
-503
-494
-486
-529
-551
-600
-694
-685
-604
-561
-601
-727
-821
-805
-692
-544
-501
-508
-462
-381
-238
-62
107
253
370
510
675
709
600
576
585
542
547
537
356
89
-51
-114
-203
-235
-205
-168
-147
-157
-156
-118
-38
107
373
627
739
861
951
912
904
974
1021
1013
972
843
643
487
357
230
177
169
117
65
35
-17
-10
128
303
461
623
730
751
810
927
1027
1119
1101
969
899
878
843
742
589
455
324
243
200
104
4
-44
-58
-124
-257
-311
-315
-368
-381
-346
-439
-613
-699
-786
-917
-896
-777
-795
-901
-977
-1060
-1148
-1156
-1070
-1050
-1119
-1075
-965
-925
-874
-760
-707
-738
-690
-551
-490
-498
-445
-407
-458
-434
-292
-237
-321
-357
-378
-448
-367
-193
-173
-257
-290
-281
-236
-101
56
130
149
171
189
202
244
325
411
467
499
480
385
356
428
442
463
483
364
256
241
213
167
158
183
165
145
175
180
207
327
447
504
532
534
500
499
538
574
614
620
609
587
514
423
354
327
353
407
464
510
460
305
167
128
193
321
474
490
344
294
372
436
532
601
570
549
576
573
496
380
306
323
409
436
309
88
-126
-259
-256
-187
-207
-344
-529
-660
-715
-769
-803
-816
-886
-895
-806
-794
-835
-894
-971
-972
-942
-913
-849
-825
-797
-694
-612
-567
-552
-537
-455
-371
-341
-349
-401
-485
-534
-538
-569
-630
-671
-691
-683
-625
-531
-452
-384
-286
-175
-77
26
134
210
260
313
369
360
294
275
255
221
226
181
59
2
16
26
64
169
242
245
259
261
241
294
428
526
597
630
580
553
533
526
612
661
582
474
395
312
252
260
302
358
444
506
471
393
363
379
442
527
578
608
591
512
455
432
438
479
480
427
366
313
269
266
302
303
289
294
258
183
135
96
72
74
34
-3
-70
-256
-383
-401
-452
-510
-496
-527
-690
-776
-732
-780
-809
-722
-717
-746
-718
-713
-705
-610
-498
-452
-445
-483
-560
-584
-490
-382
-346
-311
-329
-406
-424
-380
-324
-264
-212
-234
-300
-346
-355
-310
-248
-211
-196
-192
-171
-143
-110
-48
22
88
120
127
158
162
166
213
236
210
189
177
139
91
72
52
11
17
72
106
110
127
144
135
176
272
329
358
406
418
375
373
437
500
534
581
573
480
435
425
401
393
394
371
284
194
182
194
227
285
304
289
259
271
339
390
409
454
496
478
435
377
294
216
193
192
138
83
23
-84
-189
-231
-195
-188
-236
-284
-344
-411
-443
-406
-358
-384
-429
-466
-535
-582
-572
-561
-573
-562
-502
-440
-413
-427
-495
-499
-387
-301
-241
-211
-298
-384
-351
-298
-310
-344
-360
-353
-290
-173
-104
-153
-248
-238
-147
-83
-67
-82
-116
-131
-71
14
16
-17
-33
-63
-66
-29
-21
-26
-24
4
79
123
125
142
143
164
274
376
374
353
349
297
273
308
317
299
300
274
186
121
121
150
219
318
382
398
379
357
364
379
421
473
464
445
458
431
359
331
306
219
172
187
160
94
37
-11
-40
-20
21
21
5
-8
-19
7
72
84
68
95
85
44
54
36
-45
-75
-77
-129
-183
-228
-269
-276
-280
-272
-277
-319
-330
-302
-271
-276
-281
-283
-305
-289
-267
-268
-266
-251
-263
-300
-306
-327
-377
-398
-397
-402
-388
-358
-348
-367
-388
-365
-328
-297
-259
-237
-218
-167
-98
-11
37
39
73
109
121
157
183
170
151
138
114
80
66
77
52
-5
-15
-20
-43
-36
-19
-14
28
137
224
247
263
286
316
382
483
562
574
539
505
460
398
373
353
289
246
230
175
107
90
88
66
74
108
109
123
186
217
227
280
330
362
404
426
388
327
278
229
190
151
71
-50
-145
-207
-246
-240
-240
-289
-335
-345
-321
-293
-261
-219
-209
-215
-168
-147
-188
-195
-186
-196
-183
-163
-208
-306
-352
-338
-319
-271
-218
-228
-286
-336
-355
-330
-281
-211
-152
-181
-238
-238
-227
-219
-177
-114
-77
-69
-62
-85
-115
-106
-68
-37
-27
-60
-134
-160
-132
-99
-49
-26
-64
-111
-97
-43
5
33
48
52
75
131
156
144
125
111
143
190
192
160
134
120
121
146
158
135
116
124
150
185
227
257
281
299
309
322
321
302
284
303
337
339
300
215
148
124
118
142
166
157
111
68
52
38
42
72
90
77
72
57
15
0
23
60
77
59
44
4
-42
-39
-51
-78
-99
-116
-152
-214
-246
-279
-317
-309
-270
-256
-256
-246
-258
-275
-250
-188
-148
-132
-89
-72
-88
-103
-105
-103
-87
-13
29
-9
-39
-63
-88
-69
-23
-10
-40
-71
-77
-74
-77
-91
-119
-138
-144
-109
-66
-69
-67
-55
-59
-43
-16
-9
-10
16
34
38
46
38
30
51
94
112
95
79
59
51
84
113
101
83
94
117
139
159
196
222
233
239
225
205
195
204
235
247
237
240
219
178
162
