3
0
1
0
-9
-3
-6
-8
-3
-6
-7
-1
1
-1
5
4
-2
-3
-2
-3
0
-3
-1
9
7
11
12
4
5
7
9
9
9
14
15
4
4
12
6
6
4
-2
-2
3
4
-3
-4
-3
-5
-2
-2
-1
4
1
-2
-5
-11
-2
8
8
13
13
3
-8
-9
1
-5
-11
1
2
-2
0
-2
-8
-11
-10
-14
-13
-7
-12
-8
-1
-9
-4
5
8
12
11
20
25
18
21
22
12
2
2
9
18
12
6
10
6
12
15
16
17
4
11
21
24
24
14
-4
-2
15
15
15
13
7
13
28
38
20
5
-12
-30
-28
-34
-37
-43
-47
-41
-36
-36
-32
-28
-28
-18
-7
-5
-20
-25
-20
-25
-17
-5
-9
-21
-20
-12
-26
-33
-24
-31
-44
-43
-30
-27
-19
-2
-6
-2
8
10
15
26
23
17
18
25
31
30
41
43
22
9
17
24
6
7
27
20
12
25
27
16
19
29
23
11
15
14
6
10
10
15
19
7
-10
-14
-11
-15
-6
15
11
-8
-17
-19
-22
-28
-20
3
18
-5
-6
10
-5
2
37
45
8
-6
2
-4
12
29
19
-5
-19
-21
-19
-4
-9
-25
-24
-20
-5
7
-14
-30
-33
-41
-31
9
10
-29
-18
0
-38
-45
-6
-31
-61
-19
5
-9
-5
9
13
19
30
46
40
19
8
19
15
-11
13
38
18
23
43
16
-10
20
25
13
34
39
4
-18
-34
-114
-169
-123
-74
-28
40
50
-5
-18
9
30
36
-5
-23
19
15
-6
11
-88
-327
-369
-196
-159
-69
151
46
-175
-72
63
10
79
259
176
74
227
253
113
118
128
22
16
123
111
4
-14
-27
-65
-11
13
-32
-22
26
76
101
104
75
13
44
140
211
217
156
131
94
85
243
340
295
273
208
86
2
16
49
0
78
223
193
230
370
289
120
163
173
81
293
578
471
154
-200
-716
-1241
-1362
-1150
-1026
-963
-871
-928
-1000
-892
-712
-463
-132
148
408
645
742
700
624
537
428
353
256
71
-151
-389
-640
-809
-904
-1028
-1075
-966
-833
-710
-500
-272
-143
0
198
336
425
399
318
367
329
250
250
35
-233
-298
-337
-433
-464
-409
-412
-335
-24
153
154
343
510
542
779
1069
1061
964
1022
1064
976
863
780
688
645
698
779
880
993
1103
1301
1513
1466
1193
1112
1379
1698
1843
1875
2106
2360
2042
1784
1243
-2270
-6506
-6390
-4769
-4630
-2716
-696
-2755
-5060
-3425
-1509
-1703
-384
2317
2857
2756
3867
4176
3028
1639
938
1314
1743
869
-642
-1557
-2716
-4147
-3872
-2972
-3712
-4295
-2974
-1542
-1260
-855
242
954
1357
2265
3357
3892
3405
2652
2611
2302
1211
564
344
-604
-1907
-2258
-2113
-2626
-3193
-2972
-2348
-1799
-1148
-195
562
845
1201
2046
2898
3001
2546
2158
1884
1339
640
693
105
-3018
-5144
-4349
-4225
-3759
-1264
-823
-2475
-2101
-368
203
854
2595
3190
2685
3304
3808
2719
1683
1311
553
-94
86
-211
-1372
-1785
-1468
-1366
-906
-46
333
694
1745
2822
3417
3627
3586
3429
3113
3180
3444
2912
2497
2467
1771
1068
1151
1428
665
-424
-1525
-5795
-10121
-8632
-5979
-5230
-2721
-943
-3089
-4663
-2449
-379
-220
1689
4250
4347
4251
4679
3936
2588
1174
170
343
690
-507
-2623
-3660
-4378
-5440
-4932
-3792
-4079
-4068
-2416
-752
-206
170
1063
1977
2860
3661
4219
4537
3867
2641
2175
1793
722
-233
-740
-1581
-2741
-3159
-3057
-3294
-3514
-3220
-2217
-868
-60
559
1486
2236
2193
858
-377
-792
-1704
-729
2359
2052
-343
-463
-979
-2678
-1980
114
131
-465
632
1103
118
250
1034
554
213
1316
1956
1308
985
803
251
751
1898
1873
1537
2150
2572
2520
2975
3282
2926
2780
3152
3465
3154
2659
2477
2029
1639
2055
2307
2222
2208
998
-185
-1050
-6016
-11232
-9638
-6759
-6084
-3200
-1196
-4349
-6902
-4056
-1054
-792
1446
4600
4729
4420
4926
4448
3334
1920
637
984
1829
177
-2807
-4077
-4978
-6498
-6118
-4614
-4828
-5234
-3736
-1898
-1188
-791
183
1623
2961
3817
4567
5339
4816
3094
2392
2452
1593
417
-225
-1093
-2589
-3523
-3566
-3646
-3866
-3923
-2965
-1224
-440
-258
-979
-2937
-3509
-2493
-11
3690
4313
2499
1997
1077
-216
808
2341
1696
586
1050
1182
-20
-568
-628
-1437
-1652
-330
630
214
33
401
618
1587
2904
2997
2801
3532
4283
4460
4506
4319
3739
3394
3863
4446
4062
3506
3075
1697
917
1617
1687
1298
1338
965
-128
-902
-927
-4454
-11110
-11732
-7720
-6275
-4167
-1375
-3299
-6788
-5591
-1775
-507
437
3379
4736
4422
4461
4130
3491
2215
422
475
1968
1312
-1912
-4188
-5007
-6292
-6427
-4820
-4417
-5243
-4627
-2502
-1159
-1091
-564
1076
2934
4058
4538
5195
4995
3237
2298
2683
2342
1158
200
-472
-1767
-3209
-3417
-3094
-3159
-3562
-3011
-1658
-4042
-7660
-5998
-3539
-2082
2326
4601
2115
856
2263
2998
2912
4037
4695
3364
2642
2619
1236
-339
-796
-1354
-2081
-1450
-732
-1608
-2028
-1104
-420
669
2469
3059
3011
3969
5087
5464
5309
5292
5260
4819
5158
5445
4196
3120
2817
2142
1249
1426
2217
1758
1244
1183
180
-732
-1259
-1706
-4115
-9983
-12281
-9200
-7293
-5237
-2345
-3371
-6322
-5755
-2431
-721
433
3302
4568
4068
4558
4444
3213
2242
1084
397
997
889
-1563
-4394
-5606
-6296
-6488
-5381
-4983
-5509
-4678
-2964
-1906
-1162
-216
845
2482
4318
4990
5148
5273
4254
2988
2685
2587
2021
1047
-163
-1560
-2657
-3078
-3866
-5475
-6845
-7661
-7533
-5582
-3455
-2350
-610
910
984
1639
3127
4096
4686
5476
5736
4555
3697
3667
2464
810
96
-430
-1404
-2191
-2285
-2481
-2552
-1582
-504
135
1048
2064
2795
3606
4452
4947
5331
5825
5957
5586
5340
4963
4355
4062
3317
2483
2076
1302
974
886
643
1113
1824
2427
2503
2231
1148
-950
-2219
-6350
-12302
-11406
-7587
-6609
-5066
-4160
-6933
-9551
-7220
-3305
-1940
481
3781
4183
3871
4344
4145
3709
3461
2885
2752
3221
1791
-1827
-4328
-5239
-6160
-6092
-5275
-5814
-6495
-5598
-4405
-3750
-2705
-1066
718
2864
4419
4692
5109
5257
4403
4109
4431
4199
3255
1891
329
-1325
-2357
-2715
-4075
-7040
-9705
-10438
-9168
-6237
-3145
-1580
-1213
-877
242
2278
4806
7019
7894
7643
7033
6163
5158
4053
2604
846
-421
-991
-1962
-3415
-4392
-4484
-3666
-2149
-660
130
970
2428
3851
5152
6072
6494
6789
6836
7043
7062
6230
5324
4383
3056
1991
1691
1420
499
-273
-446
14
969
1737
2031
2004
2073
1242
-888
-4694
-10603
-12375
-8400
-5636
-4676
-4723
-7373
-10144
-9132
-5010
-2167
-100
2869
4042
3710
3980
4237
3843
3465
3601
3856
3993
2888
-522
-4058
-5700
-6128
-5951
-5668
-6192
-6971
-6673
-5713
-4975
-3987
-2301
-244
1918
3886
4868
5220
5462
5008
4812
5280
5345
4804
3331
1210
-750
-2185
-3757
-6602
-9213
-10415
-10631
-8335
-5063
-4388
-4108
-2370
-913
1198
4773
7287
7705
7859
8103
7340
6333
5827
4595
2403
828
-134
-1725
-3355
-4286
-4984
-4702
-2964
-1406
-674
95
1341
2859
4441
6057
7018
7341
7711
8015
7700
6160
4601
3816
2894
2709
3087
2699
1766
457
-431
-249
872
2181
2461
2316
2329
2797
1983
-3660
-10417
-12778
-11183
-7194
-3147
-3323
-8736
-11721
-8695
-5963
-3563
212
1741
1612
3312
5769
5415
3796
3404
2830
3039
4730
4311
613
-3420
-5996
-6787
-5758
-5198
-6729
-7975
-7188
-5884
-5053
-4016
-2896
-1600
838
3525
5015
5428
5260
4891
4708
5002
5350
5076
3819
1563
-571
-1626
-2958
-6812
-10130
-10115
-10216
-8265
-4229
-4571
-5572
-3295
-537
1998
4572
6887
7348
7061
8114
8108
6698
5771
4584
2331
386
-228
-1427
-3674
-4617
-4535
-4379
-3015
-1305
-772
-20
1848
3767
5070
5928
6687
7092
7506
8398
8162
6611
5781
5204
3027
690
109
-500
-639
1457
2136
824
749
1326
1951
2736
3911
4988
4810
3170
-3680
-12256
-13107
-10099
-7376
-3656
-3819
-8921
-12532
-11062
-8220
-6339
-2208
1688
2147
2839
4423
4817
4474
4042
3958
5009
6448
5434
1590
-2208
-4821
-5895
-5377
-5489
-6965
-7851
-7452
-6989
-6939
-6221
-4367
-2125
344
2702
4144
5066
5353
5026
5286
5934
6602
6815
5326
2853
614
-858
-2755
-7441
-10738
-10365
-10639
-8489
-4863
-5719
-5868
-3071
-732
1438
4178
7109
8149
8264
9133
8624
7061
6193
5014
2654
771
77
-1370
-3629
-4613
-4546
-4222
-2703
-1196
-829
243
2346
4012
5030
6030
6889
7525
8309
8768
8147
6897
5862
4884
3606
2485
2603
2609
960
176
261
-51
1212
2684
2511
2182
2125
1568
-3406
-12067
-14715
-11816
-8605
-3662
-2055
-6967
-11652
-11246
-7702
-4932
-1511
2218
2765
2621
3628
4062
4040
3933
3526
3761
4736
4233
1250
-2317
-4875
-6127
-5751
-5132
-6238
-7829
-7826
-6836
-6219
-5396
-3765
-2011
9
2225
3783
4760
5064
4965
5151
5270
5572
5891
4903
2660
554
-850
-1722
-3337
-7841
-11044
-10806
-11045
-7668
-2869
-3374
-3199
-1159
-139
1785
4922
8107
8802
8332
8750
7692
5983
5169
3759
1603
250
-110
-1574
-3906
-4700
-4556
-3876
-1850
-231
-38
786
2820
4159
5044
6371
7044
7309
7870
8199
7894
6948
6103
5241
3632
2870
3209
2415
1140
640
252
393
1709
2887
2799
2313
2073
-115
-7690
-15011
-14088
-10252
-6636
-2123
-3225
-9475
-12430
-9926
-6399
-3651
439
3177
2689
2678
3406
3468
3806
3962
3801
4468
4847
2935
-738
-3770
-5480
-5809
-4646
-4620
-6651
-7962
-7604
-6949
-6146
-4581
-2752
-962
1007
2773
3824
4378
4576
4486
4781
5386
5843
5551
3866
1484
-209
-727
-1199
-3345
-7205
-9697
-10074
-10045
-7531
-4281
-3883
-2908
-576
534
1796
4565
7030
7567
7734
8283
7587
6206
5146
3580
1640
503
-44
-1664
-3751
-4235
-3795
-3047
-1585
-506
-89
995
2833
4127
4952
6154
7036
7332
7840
7947
7397
6928
6031
4845
3766
2814
2644
2156
902
371
456
975
2094
2740
2824
2609
1983
-304
-7925
-15560
-14565
-10481
-7004
-2709
-3592
-9855
-13219
-10661
-6967
-4140
497
3503
2505
2168
3257
3715
3926
4117
4197
4806
5264
3310
-554
-3608
-5311
-5571
-4550
-4628
-6445
-7717
-7604
-7258
-6728
-5024
-2698
-805
971
2575
3695
4648
5003
4997
5418
5972
6482
6159
4270
1634
-171
-609
-999
-2570
-6306
-9776
-10417
-10682
-8712
-4329
-3112
-2724
-867
53
1321
4107
7041
8062
7808
8225
7927
6473
5251
3843
1805
414
-43
-1410
-3565
-4311
-3843
-3347
-2158
-736
-33
1120
2710
3821
4792
5858
6978
7679
7849
8110
8032
7139
6094
4895
3382
2824
3065
2608
1935
1496
1324
1825
2376
2765
2587
1980
-246
-8267
-16353
-15785
-11421
-7177
-2915
-3892
-10250
-13828
-10751
-6381
-3489
671
3518
3089
3064
3981
4343
4420
4401
4488
5035
5293
3292
-675
-3908
-5672
-5960
-4868
-4823
-6788
-8318
-8157
-7547
-6798
-5074
-2821
-842
1090
2949
4294
5069
5178
5191
5604
6045
6563
6248
4271
1619
-313
-943
-1411
-2306
-4774
-8880
-10551
-10557
-10258
-6735
-3569
-3135
-1810
62
1245
2944
5752
7760
7743
8081
8582
7316
5663
4448
2787
1126
407
-588
-2768
-4251
-4153
-3646
-2838
-1447
-405
318
1682
3168
4126
5126
6564
7530
7598
7983
8095
7318
6917
6135
5097
4297
3147
2836
1594
201
1460
1915
2222
3542
3004
2084
1155
-3286
-12140
-17053
-13394
-9006
-5101
-2194
-6340
-12705
-13007
-8637
-4962
-1634
2435
3246
1936
2641
3653
3923
4528
4597
4396
4765
4087
1203
-2361
-4683
-5518
-5129
-4373
-5265
-7389
-8182
-7781
-7291
-5945
-3777
-1781
-148
1394
2777
3933
5015
5304
5257
5843
6261
6311
5448
3180
925
-300
-566
-971
-1950
-3802
-7670
-10437
-10310
-9962
-7152
-2753
-1822
-1585
-106
1055
2862
5358
7379
7920
7871
8154
7230
5361
4017
2891
1534
393
-614
-2372
-4002
-3946
-3335
-2944
-1716
-403
316
1406
2780
4094
5270
6252
7147
7453
7506
7710
7373
6763
5961
4849
4068
3531
2880
1858
1193
1452
1855
2350
2880
2947
2233
1282
-2643
-11872
-16993
-13788
-9719
-5337
-2243
-5910
-12162
-13074
-8920
-5181
-1555
2728
3575
2265
2676
3668
4078
4569
4742
4564
4893
4327
1287
-2314
-4638
-5666
-5268
-4480
-5301
-7275
-8110
-7809
-7400
-6106
-3798
-1632
38
1447
2692
3935
4896
5196
5366
5627
5909
6044
5130
2937
601
-605
-1043
-1614
-2413
-3561
-5965
-9534
-11134
-10565
-8831
-4268
-852
-996
-597
622
1998
4415
7040
8423
8328
8125
7505
5711
4119
3187
2144
637
-814
-1918
-3354
-4126
-3510
-3000
-2256
-616
569
1210
2377
3909
5110
6206
7401
8018
7897
7853
7804
6892
5878
5366
4677
4015
3469
2670
1799
1585
2270
2864
3512
3768
2724
471
-6924
-16520
-17323
-12178
-7750
-3017
-2692
-9303
-14450
-12317
-7231
-3625
619
4120
3435
2424
3511
4285
4629
4966
4923
5168
5247
3232
-675
-3899
-5614
-6158
-5274
-4936
-6705
-8357
-8442
-8070
-7408
-5501
-2792
-595
890
2116
3381
4713
5445
5622
6036
6352
6481
6296
4842
2383
178
-818
-1300
-2279
-3250
-4255
-5786
-8360
-10471
-9753
-8372
-6278
-2372
-802
-563
1473
3085
3986
5642
7523
8313
8090
7563
6094
4141
3022
2337
918
-888
-1906
-2722
-3771
-3884
-3189
-2504
-1232
330
1239
2240
3626
4978
6246
7260
8034
8050
7580
7391
6609
5832
5592
4928
4354
3216
2238
2763
2453
2356
3563
3277
2228
1826
-2250
-12554
-18786
-15265
-10795
-6440
-2295
-5699
-12840
-13954
-9377
-5184
-1280
3363
4452
3066
3489
4541
5036
5556
5376
4919
5296
4629
1387
-2348
-4744
-6138
-6242
-5363
-6072
-8031
-8620
-8302
-7964
-6702
-4195
-1563
282
1762
3080
4343
5544
5941
6120
6434
6346
6220
5363
3332
1187
-318
-1138
-2166
-3215
-3814
-4563
-5103
-6836
-9661
-9491
-8027
-6616
-2308
573
439
1785
3171
3564
4921
7225
8637
7930
6839
5752
3952
2694
2114
929
-867
-1781
-2159
-3371
-4107
-3373
-2349
-1192
347
1410
2207
3475
4880
5983
6843
7762
8267
7883
7382
7007
6181
5295
5037
4567
3429
3302
3807
2715
1784
2791
2930
1959
1731
-3194
-14261
-18948
-14768
-10834
-6070
-2317
-6691
-13345
-13232
-8462
-4798
-707
3896
4135
2870
3927
4816
5024
5407
5124
4740
5084
4003
444
-3097
-5301
-6465
-6143
-5366
-6314
-8080
-8618
-8356
-7878
-6215
-3344
-877
772
2107
3223
4562
5665
5984
6341
6584
6316
5985
4905
2754
794
-201
-886
-1870
-2817
-3694
-4357
-4836
-5769
-7050
-7832
-7203
-5966
-4181
-1132
877
1763
3044
3711
4191
5489
6896
7139
6216
5249
4370
3343
2135
947
-172
-1239
-1802
-2321
-3092
-3173
-2393
-1496
-536
707
1890
2895
3846
4918
6015
6803
7510
7758
7107
6459
6079
5481
4959
4658
4388
4347
4294
3578
2615
2478
2633
2319
2349
-670
-10506
-18182
-16461
-12493
-8251
-3154
-4923
-12058
-14289
-10212
-5760
-2061
2678
4536
3108
3557
5186
5687
5802
5556
5120
5357
4941
2140
-1620
-4438
-6100
-6334
-5543
-5953
-7844
-8834
-8710
-8419
-7272
-4672
-1834
-115
1240
2800
4162
5307
5953
6344
6699
6775
6683
5803
3729
1358
-67
-650
-1675
-2742
-3404
-4332
-5435
-6126
-6428
-7627
-7873
-6111
-5204
-2804
786
1533
1981
3050
3793
5088
6561
7503
6782
5296
4600
3821
2485
1307
492
-677
-1727
-2024
-2640
-3314
-2795
-1689
-893
223
1706
2597
3321
4607
5834
6629
7427
8114
7880
6859
6263
6005
5174
4404
4156
3934
3854
3814
3693
3447
2809
2324
2196
-207
-8676
-17213
-16590
-12454
-8983
-3876
-4346
-11355
-14607
-11029
-6157
-2629
1877
4593
3292
3076
4807
5714
5936
5661
5284
5518
5040
2557
-890
-3799
-5549
-5914
-5268
-5500
-7385
-8628
-8602
-8402
-7402
-5062
-2263
-400
639
1957
3459
4805
5550
6074
6719
6593
6473
6142
4182
1851
510
-167
-1163
-2291
-2972
-3893
-5131
-6074
-7155
-8663
-8183
-6248
-5145
-2287
415
443
1387
2757
3553
5282
7148
7781
6733
5426
4753
3941
2931
2031
933
-568
-1549
-2116
-3059
-3447
-2816
-1945
-1184
-191
965
1917
2917
4072
5257
6280
7185
7789
7447
6734
6319
6070
5516
4621
4217
3876
3693
4071
3927
3459
2994
2439
2345
553
-7350
-16498
-16920
-12955
-9520
-4218
-3938
-10807
-14750
-11682
-6752
-3217
1211
4215
3121
2858
4744
5967
6414
6185
5637
5712
5380
3061
-394
-3291
-5176
-5691
-5057
-5381
-7417
-8953
-9063
-8802
-7839
-5418
-2599
-748
362
1737
3411
4839
5702
6334
6867
6830
6916
6578
4548
2306
1092
361
-651
-1789
-2831
-3977
-5038
-6135
-7291
-8846
-9108
-7292
-5766
-2972
-27
351
1195
2400
3403
5513
7391
8074
7110
5603
4875
4043
3054
2227
1031
-396
-1429
-2239
-3223
-3743
-3121
-1992
-1114
-205
816
1754
2728
3971
5469
6525
7282
7765
7211
6681
6547
6058
5722
5260
4482
4109
3995
3703
3386
3419
3511
3010
2520
836
-7351
-17132
-17067
-12640
-9398
-4046
-3854
-11164
-15336
-11908
-6492
-3047
1329
4241
2675
2438
4446
5485
6152
6312
5861
5907
5558
3043
-594
-3219
-4754
-5242
-4652
-5025
-7314
-9130
-9314
-8888
-7760
-5402
-2677
-1077
-211
1108
2693
4405
5556
6151
6909
6990
6924
6602
4563
2229
1169
729
-155
-1382
-2752
-4329
-5528
-6518
-7492
-8623
-9014
-7530
-5674
-3163
-266
838
1390
2303
3611
5758
7639
8237
7287
5774
4840
4261
3566
2418
960
-419
-1609
-2509
-3226
-3543
-2942
-1913
-1078
-357
420
1377
2255
3382
5002
6287
7224
7680
7365
6888
6476
6242
5890
5266
4596
3890
3779
3718
3400
3739
3832
2924
2075
886
-5378
-14927
-16803
-12884
-10170
-5551
-3554
-9600
-14925
-12784
-7611
-3923
253
3728
2868
1993
3849
5335
6185
6655
6195
5993
5652
3502
301
-2326
-4106
-4923
-4597
-4806
-6934
-8866
-9228
-9040
-8071
-5869
-3239
-1444
-545
522
1961
3749
5175
5915
6859
7290
7136
6864
5252
3017
1838
1433
764
-651
-2426
-4317
-6098
-7457
-8271
-8134
-7416
-6348
-4595
-3104
-2103
-593
1012
2162
3724
5731
6948
7045
6482
5599
4721
4212
3705
2401
800
-270
-1112
-1947
-2448
-2648
-2506
-1886
-1200
-569
161
1132
2244
3060
3995
5326
6340
6876
7169
7058
6737
6419
5644
4748
4339
4050
4055
4268
4033
3775
3545
3213
2853
2725
1615
-5673
-15199
-16359
-13101
-9844
-4475
-3931
-10761
-15457
-12769
-7672
-4163
135
3083
1966
1616
3613
5091
5755
6061
6201
6448
5931
3736
560
-2076
-3678
-4250
-3825
-4375
-6895
-8933
-9359
-9110
-8131
-6006
-3595
-2179
-1281
50
1716
3398
4579
5645
6846
7288
7354
7025
5381
3486
2626
2283
1329
-564
-2852
-4733
-6027
-7184
-7875
-7844
-7448
-6428
-4689
-3082
-2058
-785
1018
2686
4325
6072
7120
6848
6015
5560
5224
4645
3769
2441
788
-430
-1091
-1897
-2553
-2671
-2392
-1828
-1266
-723
-8
1171
2286
3002
4239
5454
6113
6830
7050
6644
6241
5976
5810
5414
4832
4708
4783
4544
4784
5160
4676
3862
3160
880
-7028
-15943
-16222
-12613
-9724
-5033
-5344
-12621
-16629
-13191
-7788
-3982
359
3046
1723
1721
4224
5888
6782
7086
7003
7220
6489
3945
768
-1775
-3417
-4046
-3900
-4939
-7732
-9725
-10039
-9806
-8790
-6546
-4158
-2668
-1521
-65
1680
3532
4913
5998
7112
7745
8059
7694
5906
3984
3091
2517
1512
31
-1697
-3414
-4967
-6814
-9256
-10429
-9534
-8152
-5652
-3016
-2527
-1786
24
1754
4139
6528
8008
7961
6899
6526
6231
5615
5102
3794
1798
247
-894
-2162
-3132
-3233
-2750
-2064
-1442
-1112
-683
397
2067
3726
5045
6363
7158
7097
7054
6763
6574
6771
6010
5674
6058
5697
6026
6154
5438
4989
4008
2703
-3155
-13720
-17892
-15207
-11885
-7164
-5162
-10353
-16712
-16346
-10574
-5747
-1478
2614
2593
1376
3242
5930
7437
8093
8265
8263
7793
5883
2570
-651
-2920
-3942
-3877
-4654
-7363
-10139
-11199
-10981
-10190
-8299
-5664
-3918
-2813
-1129
987
3254
5099
6342
7565
8317
8634
8639
7303
5127
3557
2809
2061
522
-1313
-3056
-4999
-6868
-8415
-9274
-9163
-8639
-7688
-6031
-4294
-2476
-277
1559
2949
4746
6683
7772
7928
7668
7169
6331
5349
4214
2536
787
-474
-1620
-2616
-3091
-3302
-3436
-3029
-2079
-1156
50
1454
2400
3595
5087
6155
7017
7485
7527
7426
7205
6983
6279
5557
5718
5705
5488
5944
5824
4836
3754
2768
-174
-9188
-17411
-16183
-12683
-9605
-4973
-6651
-14070
-16878
-12348
-6592
-2965
1328
3614
1843
1909
4607
6524
7422
7628
7781
7879
6461
3500
300
-2296
-3830
-4080
-4061
-5764
-8829
-10601
-10660
-10141
-8742
-6225
-3823
-2707
-1873
-2
2332
4306
5609
6770
7783
7913
7980
7465
5439
3635
2854
2181
854
-797
-2187
-3847
-5264
-5769
-6256
-6561
-7036
-8618
-8855
-6855
-4305
-1077
1060
1170
1626
3137
5200
6733
7330
7378
6463
5413
4702
3758
2693
1562
476
-696
-1773
-2336
-2892
-3254
-2709
-1501
-317
555
1113
1569
2732
4619
6107
6829
7139
7118
6770
6435
6276
6266
6016
5640
5989
6003
5737
6252
5550
3488
2273
441
-6799
-15745
-16591
-13410
-11093
-6447
-6039
-12691
-16504
-13114
-7696
-3984
241
3172
2187
2041
4277
6310
7468
7653
7686
7721
6613
4184
1159
-1648
-3678
-4344
-4178
-5491
-8377
-10222
-10616
-10395
-9008
-6703
-4569
-3140
-1998
-354
1805
4065
5629
6733
7968
8364
8284
8040
6346
4124
2996
2308
1001
-487
-1773
-3345
-4921
-5953
-6596
-6836
-6335
-7013
-8871
-7650
-5243
-3430
788
2961
1630
2412
4517
5556
6444
7619
7607
5747
4515
4099
2659
1333
1019
17
-1874
-2573
-2474
-3302
-3675
-2452
-1329
-485
921
1603
1918
3521
5324
6235
7001
7902
7668
6730
6708
6352
5693
5941
6210
6147
5560
5150
5124
4060
2889
2675
-144
-9253
-16915
-15725
-12597
-9442
-4912
-6695
-13901
-16167
-11348
-6311
-3029
1307
3067
1504
2243
4935
6577
7207
7245
7276
7350
6166
3464
468
-2042
-3697
-4127
-4044
-5603
-8612
-10134
-10157
-9962
-8704
-6369
-4299
-3023
-1801
-28
2016
3813
5046
6210
7308
7851
8007
7230
5369
3541
2711
2497
1423
-244
-1864
-3815
-5452
-6741
-7924
-7981
-7325
-7080
-6272
-4621
-3319
-1811
23
1228
2417
4211
6101
6794
6298
6067
5762
5107
4726
4037
2642
1185
112
-1049
-2201
-2447
-2241
-2286
-2070
-1446
-922
-251
898
1882
2806
4338
5565
5886
6410
7056
6913
6785
6703
5815
5059
4966
5312
5741
5570
5336
4692
3286
2418
2414
600
-7451
-15797
-15644
-12948
-10212
-5226
-6046
-13140
-15989
-11789
-6875
-3744
469
2945
1738
2225
5018
6532
6867
6945
7081
7255
6260
3833
864
-1815
-3547
-4057
-3958
-5437
-8418
-10069
-10308
-10082
-8837
-6506
-4256
-3058
-1938
-193
1824
3810
5056
6213
7430
7782
7956
7501
5783
4160
3405
2963
1610
-317
-1887
-3613
-4820
-5439
-6354
-6700
-7674
-9209
-8231
-6479
-4445
-773
1025
922
1724
3452
5401
6699
7627
7622
6546
6000
5413
4222
3061
2055
827
-806
-1925
-2530
-3110
-3133
-2711
-2181
-1283
-93
734
1241
2535
4424
5613
6347
7240
7334
6620
6641
6556
5401
5067
5713
5929
5771
5490
4830
3916
3278
2868
2595
-1089
-10611
-16700
-14890
-12304
-8817
-4936
-7957
-14694
-15282
-10168
-6303
-3255
1151
2580
1525
3217
6046
6897
6943
7122
7363
7447
6303
3640
547
-1976
-3517
-3888
-4195
-6418
-9299
-10350
-10375
-10045
-8539
-6261
-4460
-3340
-1921
-21
2138
4164
5358
6484
7580
8002
8163
7450
5778
4419
3836
3178
1425
-704
-2573
-4569
-6340
-7624
-8410
-8499
-8088
-7354
-6085
-4504
-2875
-963
733
1922
3452
5295
6476
6929
7031
6618
5972
5472
4807
3657
2119
699
-570
-1778
-2447
-2591
-2542
-2552
-2482
-1999
-1308
-205
1074
1940
3053
4437
5451
6172
6562
6546
6303
6369
6622
6188
5692
5528
4738
4062
4188
4092
4012
4269
3606
2673
2203
-2426
-11820
-16421
-14127
-11234
-7098
-3921
-8511
-15271
-14734
-9694
-5837
-1743
2275
2463
1401
3043
5218
6154
6676
6927
7295
7317
5698
2799
-311
-2680
-3501
-3147
-3682
-6368
-9058
-9962
-9954
-9241
-7455
-5388
-3900
-2838
-1597
164
2277
3899
4988
6234
7166
7692
8050
7190
5368
4188
3678
2701
825
-1076
-2643
-4352
-5673
-6813
-8227
-8596
-8030
-7090
-5172
-3565
-2711
-1262
178
1531
3689
5753
6674
6485
6076
6042
5898
5560
4788
3219
1597
426
-553
-1520
-2229
-2413
-2418
-2345
-2015
-1685
-1099
111
1311
2299
3569
4820
5413
5596
6008
6551
6646
6389
6060
5216
4513
4825
5212
5055
4778
4651
4396
3734
3011
2687
-684
-10017
-16346
-14564
-12096
-8756
-4759
-7929
-14890
-15854
-10985
-6689
-3206
1252
2623
1623
3205
5698
6713
7212
7485
7890
8257
7046
4233
1075
-1537
-3031
-3292
-3598
-5866
-8877
-10134
-10324
-10061
-8574
-6485
-4861
-3722
-2257
-275
1754
3524
4718
5980
7362
8223
8844
8307
6538
5037
4033
3215
1704
-436
-2335
-4528
-6582
-7894
-8815
-8771
-7971
-7076
-5789
-4406
-3316
-1877
128
1867
3583
5671
6748
6627
6509
6487
6340
6015
5235
3698
1720
237
-584
-1365
-2067
-2441
-2859
-3157
-2817
-2228
-1626
-526
785
1734
2881
4273
4989
5307
6076
6838
6988
7101
6997
5926
4993
4717
4312
4348
4853
4829
4156
3296
2269
1333
1791
-296
-9118
-15887
-15071
-12910
-9289
-4690
-6912
-13802
-15315
-10709
-6486
-2833
1792
3113
1858
3067
5400
6442
6972
7226
7462
7812
6762
3787
381
-2273
-3710
-3630
-3533
-5684
-8592
-9811
-10088
-9691
-8012
-5938
-4416
-3355
-2133
-445
1677
3477
4453
5641
7104
8198
8805
7966
5879
4208
3681
3468
2214
179
-2078
-4503
-6273
-6985
-7208
-7640
-7628
-6888
-6155
-4515
-2477
-1373
-206
1231
2895
4988
6414
6654
6212
5871
5924
5777
5078
3824
2144
564
-411
-1046
-1797
-2378
-2655
-2883
-2979
-2468
-1364
-455
442
1607
2675
3894
4906
5380
5850
6522
7089
6866
6170
5587
5060
4943
5104
5118
4722
4170
4008
3763
3130
2758
2514
-2104
-11755
-16369
-14171
-11917
-8156
-5039
-9085
-15112
-14627
-9570
-5679
-2102
1939
2719
1926
3740
6159
7138
7475
7542
8108
8278
6284
3186
161
-2197
-3223
-3321
-3852
-6265
-9036
-10156
-10423
-9854
-8210
-6236
-4473
-3369
-2121
-25
2075
3449
4591
6395
8074
8916
9102
7717
5471
4335
4032
3494
2128
106
-1909
-3877
-5290
-6023
-7102
-8074
-8617
-9342
-8561
-5869
-3532
-1620
-105
430
1438
3628
5895
7062
7300
7303
6690
5882
5402
4605
3341
1973
691
-846
-2373
-3098
-3494
-3793
-3403
-2379
-1390
-758
-115
690
1840
3531
5037
5879
6443
6862
7010
6943
6676
6347
6030
5573
5485
5885
5775
4870
3974
3498
2710
2624
3077
-2823
-13470
-16810
-14327
-12121
-7463
-4906
-10340
-16112
-14241
-8743
-5040
-925
2924
2585
2010
4576
6882
7635
7753
7755
8271
8040
5963
2760
-525
-2812
-3675
-3510
-4246
-7239
-10008
-10822
-10736
-9711
-7678
-5811
-4731
-3914
-2293
200
2522
4002
5248
6862
8058
8775
9010
7602
5458
4432
4198
3362
1799
95
-2044
-4252
-5676
-6570
-7362
-7918
-8105
-8004
-7047
-5228
-3459
-1861
-433
867
2270
3802
5085
5690
6376
7023
6578
5691
4817
3644
2549
1626
575
-782
-2141
-3026
-3618
-3878
-3519
-2766
-1927
-1298
-640
480
1504
2456
3872
4985
5770
6611
6813
6730
6634
6455
6519
5914
5003
4592
4158
4294
4357
3303
2519
2178
1767
1940
-588
-8739
-15070
-14350
-11537
-7632
-3515
-5752
-12519
-14283
-9607
-4880
-1112
2874
3123
1091
2368
5060
6191
6709
6890
6923
6940
5802
3238
276
-1972
-2977
-2762
-2519
-4350
-7462
-9121
-9486
-9105
-7288
-5275
-4392
-3944
-2871
-942
1194
2758
3786
5081
6566
7533
7871
6960
5134
4120
4158
4102
2892
975
-913
-2896
-4126
-4700
-5344
-5724
-6446
-7070
-6572
-5975
-5176
-3524
-2173
-1209
380
1996
2739
3330
4415
5408
5848
5820
5254
4169
3189
2617
1824
661
-268
-1086
-2046
-2588
-2733
-2709
-2295
-1816
-1394
-708
408
1549
2056
2707
3946
4932
5736
6362
6556
6303
5809
5849
5644
4651
4261
4227
3626
3034
2764
2227
1597
1205
1230
1523
-2640
-11197
-14536
-12419
-9933
-5307
-2322
-6655
-12527
-11746
-6634
-3363
-332
2972
2204
629
2777
5149
5480
5270
5312
5707
5540
4262
2055
-808
-2926
-3430
-2742
-2630
-4834
-7405
-8401
-8592
-7781
-5795
-3989
-3320
-3055
-1869
192
2143
3246
3960
4912
5610
6399
7167
6350
4491
3337
3051
2612
1549
498
-807
-2572
-3554
-3913
-4497
-4783
-5048
-5661
-5439
-4253
-3282
-2775
-2148
-1252
-79
1891
3603
3567
3100
3405
3988
4598
4909
4409
3091
1858
1300
781
228
-122
-736
-1572
-1982
-1856
-1740
-1742
-1390
-598
404
1441
2113
2211
2595
3776
4913
5681
6180
5989
5164
4517
4525
4555
4178
3815
3227
2365
2117
2180
1818
1546
1487
2198
2631
-2486
-10829
-13427
-11285
-7933
-2875
-1098
-6312
-11996
-10979
-6292
-3071
359
2842
1439
282
2111
4229
4846
4542
4750
5378
5181
3921
1637
-1021
-2747
-2884
-1909
-2177
-4609
-6867
-7943
-8120
-6958
-4953
-3472
-3174
-3130
-2231
-540
1339
2583
3350
4251
4954
5583
5960
5132
3715
3154
3267
2710
1492
330
-1162
-2588
-3160
-3382
-3761
-4323
-4988
-5662
-5525
-4213
-3226
-2742
-1989
-1329
-202
1579
2593
2679
2887
3381
4020
4548
4347
3520
2550
1796
1494
1263
673
-194
-1089
-1740
-1881
-1647
-1481
-1467
-1364
-883
67
1035
1765
2324
2673
3211
4022
4683
5236
5478
5184
4756
4403
4020
3731
3535
3150
2838
2729
2461
1970
1474
1454
1799
2690
2354
-3356
-10105
-11034
-9328
-6789
-2699
-2472
-7664
-11184
-8936
-5354
-3154
-13
1846
427
267
2505
3860
3878
3784
4341
5101
4785
3372
1227
-1120
-2415
-2113
-1315
-2089
-4291
-5832
-6545
-6753
-5778
-4125
-3224
-3093
-2480
-1240
135
1401
2056
2693
3731
4664
5423
5267
4120
3213
2890
2858
2397
1259
-19
-1419
-2523
-2897
-2857
-2690
-3168
-4237
-4679
-4594
-4059
-2682
-1683
-1536
-1036
-44
802
1537
2301
2870
3102
3202
3382
3378
3001
2571
2116
1588
1249
934
224
-759
-1454
-1616
-1406
-1204
-1338
-1513
-1213
-488
275
953
1694
2232
2319
2561
3323
4061
4506
4843
4785
4253
3922
3697
3158
2783
2587
2487
2692
2414
1613
1330
1546
1736
2293
3363
1211
-5669
-10072
-9396
-7775
-4416
-1020
-3448
-9181
-10641
-7440
-4590
-2182
787
849
-779
186
2165
3011
3286
3497
4152
4599
3969
2568
616
-1105
-1646
-1009
-456
-1724
-3945
-5344
-6067
-5965
-4764
-3488
-3037
-3165
-2866
-1709
-301
551
940
1752
2804
3675
4451
4288
3197
2448
2445
2596
2271
1681
723
-740
-1716
-2061
-2039
-1901
-2526
-3328
-3613
-3789
-3328
-2339
-1892
-1714
-1103
-203
452
1054
1925
2283
2234
2693
3158
3164
3029
2715
2083
1360
1007
754
105
-533
-932
-1197
-1253
-1256
-1355
-1382
-976
-367
105
762
1403
1876
2405
2716
3163
3831
4100
4216
4328
4192
3944
3826
3624
2925
2399
2403
2326
2280
2235
1758
1293
1479
2026
2852
3061
-840
-7366
-9839
-8384
-6082
-2726
-1557
-5503
-9829
-9332
-6035
-3657
-1351
558
-197
-910
744
2317
2760
2904
3346
4310
4747
3968
2297
292
-1089
-1065
-85
-133
-2029
-4110
-5442
-6099
-5761
-4708
-3883
-3818
-3710
-2814
-1699
-765
-135
562
1838
3109
4234
4829
4037
2970
2795
3109
3301
2877
1849
460
-930
-1640
-1851
-2039
-2353
-3065
-3560
-3658
-3722
-2987
-2147
-2139
-1637
-587
133
863
1548
1839
2042
2735
3492
3385
2899
2381
1738
1491
1453
1254
685
-278
-919
-1245
-1401
-1080
-849
-925
-885
-597
-115
191
615
1426
2071
2624
2994
2956
2970
3199
3768
4274
4291
4108
3458
2627
2137
1908
2067
1985
1689
1698
1369
993
951
1150
1755
2690
3304
226
-5962
-8777
-7996
-6040
-2474
-957
-4421
-8887
-9530
-7035
-4465
-1715
353
-292
-1090
45
1487
2372
2708
2999
3756
4254
3881
2460
522
-910
-1158
-325
-252
-1802
-3674
-5282
-6156
-5718
-4483
-3408
-3182
-3304
-2883
-1963
-768
188
862
1932
3064
3943
4305
3693
2893
2674
2956
3136
2635
1719
577
-661
-1392
-1658
-1897
-2260
-2843
-3311
-3585
-3765
-3406
-2964
-2579
-1547
-498
173
734
1062
1561
2290
2963
3462
3335
2846
2396
1930
1758
1639
1212
660
-65
-674
-891
-957
-991
-1038
-933
-600
-285
72
484
932
1571
2215
2646
2769
2705
2845
3091
3332
3609
3603
3209
2631
2299
2192
2023
2092
1926
1318
1331
1674
1654
1562
1570
1828
2159
2758
2482
-1272
-5798
-7065
-6283
-4288
-1722
-1854
-5372
-8462
-7989
-5657
-3622
-1516
-668
-1650
-1771
-362
1024
1793
2096
2512
3169
3391
2875
1799
516
-400
-371
180
-184
-1695
-3326
-4575
-5124
-4660
-3718
-3261
-3409
-3411
-2950
-2060
-946
-185
439
1343
2234
2909
3198
2967
2506
2377
2654
2710
2367
1781
837
-99
-624
-1145
-1749
-2070
-2530
-3226
-3325
-3111
-3172
-2774
-1905
-1350
-751
96
592
856
1535
2447
2873
3016
3101
2687
2151
2057
2025
1716
1361
974
254
-445
-621
-564
-660
-807
-765
-578
-344
-22
220
421
868
1469
1990
2306
2370
2306
2257
2438
2823
3085
3157
2985
2496
2090
1933
1772
1754
1938
1949
1875
1858
1484
961
1038
1612
2060
2464
2370
-294
-4679
-6872
-6594
-5297
-2981
-1770
-3924
-7254
-8047
-6502
-4644
-2400
-531
-488
-861
-245
746
1540
2017
2565
3374
3726
3317
2365
1185
111
-382
34
121
-1082
-2630
-3886
-4728
-4799
-4114
-3410
-3402
-3504
-3071
-2369
-1515
-683
69
852
1566
2320
2814
2726
2434
2335
2541
2713
2567
2092
1207
152
-727
-1122
-1205
-1756
-2443
-2821
-3449
-3592
-2823
-2292
-1950
-1423
-971
-476
246
1179
1870
2224
2648
2880
2834
2779
2568
2232
1910
1631
1328
781
148
-311
-603
-612
-541
-687
-834
-827
-650
-319
132
640
985
1330
1758
2007
2268
2585
2795
3076
3389
3582
3478
3091
2751
2336
2009
2173
2251
1915
1377
683
263
318
739
1236
1212
994
1056
1343
1039
-1233
-3997
-5152
-5101
-3722
-1943
-2263
-4564
-6564
-6566
-5138
-3481
-1718
-1023
-1620
-1497
-479
543
1325
1591
1757
2014
2227
2176
1390
395
-279
-498
-239
-418
-1365
-2522
-3488
-3935
-3752
-3059
-2575
-2729
-2788
-2474
-1879
-1022
-380
145
799
1459
2173
2550
2409
2114
1994
2233
2470
2481
2021
870
-131
-632
-992
-1147
-1402
-2143
-2825
-2767
-2376
-2148
-1703
-1231
-1089
-665
221
863
1142
1658
2266
2479
2689
2922
2601
2016
1767
1587
1218
932
624
25
-618
-805
-668
-693
-654
-578
-714
-565
-72
403
812
1217
1641
1882
2024
2322
2512
2551
2699
2762
2651
2537
2310
2000
1765
1706
1721
1535
1409
1269
809
605
646
590
734
1071
1395
1481
1462
1145
-621
-3040
-4324
-4571
-3906
-2733
-2531
-3832
-5487
-5938
-5251
-4135
-2748
-1916
-1776
-1504
-971
-187
579
1037
1473
1944
2256
2174
1720
1157
518
194
334
206
-477
-1461
-2468
-3095
-3188
-2853
-2576
-2743
-2867
-2694
-2366
-1776
-1146
-574
30
666
1409
1942
2189
2356
2377
2463
2539
2221
1684
1142
601
146
-310
-924
-1547
-1942
-2092
-2084
-1920
-1732
-1717
-1632
-1194
-515
112
606
1013
1162
1297
1754
2030
1982
2018
1921
1608
1351
1103
829
525
256
104
-25
-100
-172
-354
-464
-334
-24
265
469
644
766
1012
1378
1671
1982
2223
2238
2183
2240
2344
2296
2286
2430
2361
2211
2165
1841
1479
1397
1326
1197
978
778
641
408
388
549
645
786
775
525
-403
-2166
-3527
-4111
-4130
-3418
-2856
-3234
-4373
-5339
-5286
-4623
-3541
-2315
-1769
-1588
-1388
-1035
-285
326
706
1180
1506
1636
1483
1093
722
315
192
256
-121
-789
-1533
-2209
-2521
-2524
-2311
-2173
-2209
-2103
-1889
-1475
-908
-524
-114
405
1018
1767
2156
2093
1875
1607
1530
1746
1893
1396
455
-223
-645
-718
-423
-434
-859
-1325
-1542
-1379
-1081
-720
-316
-98
88
365
567
679
729
887
1161
1283
1349
1259
913
732
723
703
697
687
666
555
463
482
454
496
658
754
816
886
989
1161
1313
1409
1442
1414
1348
1318
1472
1634
1645
1722
1759
1609
1517
1473
1391
1392
1443
1324
1057
894
780
719
840
817
539
414
488
414
312
339
-269
-1774
-3054
-3708
-4037
-3640
-2931
-3083
-4015
-4739
-4742
-4308
-3452
-2317
-1777
-1627
-1266
-902
-411
121
417
807
1259
1472
1444
1212
727
161
45
205
27
-366
-865
-1541
-2060
-2176
-1991
-1836
-1778
-1656
-1559
-1420
-1071
-596
-76
390
847
1243
1235
1107
1166
1195
1348
1481
1140
578
151
-41
-50
-18
-44
-399
-904
-1063
-1051
-921
-618
-500
-441
-257
-42
249
469
604
731
862
1112
1264
1256
1255
1192
1163
1239
1331
1329
1134
923
787
621
521
487
408
340
345
445
507
512
670
913
1174
1403
1517
1590
1537
1592
1915
2073
2083
1995
1747
1608
1518
1469
1468
1291
1055
871
707
585
455
309
107
-30
78
228
260
147
-151
-356
-324
-318
-764
-1747
-2732
-3383
-3495
-3070
-2844
-3119
-3628
-4092
-4127
-3784
-3291
-2761
-2394
-2114
-1795
-1428
-992
-707
-472
22
531
849
967
842
616
433
486
648
542
214
-244
-716
-1035
-1221
-1238
-1218
-1306
-1318
-1246
-1145
-1006
-832
-549
-241
-15
117
268
502
619
680
803
740
611
787
963
868
776
642
322
123
226
319
199
142
149
52
108
318
373
306
290
364
424
485
661
775
788
940
1136
1208
1185
1148
1114
1039
1013
1013
906
783
748
754
739
760
832
783
733
925
1186
1376
1477
1431
1332
1331
1512
1740
1743
1586
1389
1134
982
929
904
750
408
237
96
-99
-102
-196
-298
-243
-223
-77
-18
-167
-140
-112
-123
32
143
110
-202
-872
-1572
-2135
-2443
-2466
-2500
-2666
-3125
-3727
-3915
-3817
-3669
-3355
-3040
-2879
-2688
-2225
-1653
-1211
-794
-369
-29
276
634
907
1009
1082
1139
1138
1058
797
448
180
-75
-322
-502
-710
-997
-1243
-1345
-1345
-1285
-1127
-934
-853
-791
-591
-376
-251
-97
112
343
570
809
986
929
822
866
889
888
936
891
691
555
599
591
501
445
312
147
177
363
404
338
352
365
432
641
819
858
798
786
917
1075
1216
1295
1214
1127
1197
1352
1438
1404
1317
1219
1166
1243
1318
1332
1367
1357
1303
1201
1045
907
778
711
679
588
465
253
17
-107
-134
-117
-132
-119
-46
12
162
275
240
292
396
511
620
578
421
142
-58
-109
-265
-387
-599
-1001
-1328
-1758
-2252
-2654
-3096
-3313
-3189
-3054
-3097
-3256
-3321
-3268
-3077
-2551
-1984
-1709
-1442
-1115
-864
-547
-111
290
475
594
820
952
974
895
657
470
396
309
179
-31
-362
-693
-798
-727
-695
-684
-647
-662
-650
-577
-554
-530
-464
-367
-189
30
229
399
597
743
715
754
913
972
1027
1148
1197
1123
1028
997
917
807
771
683
522
397
303
268
282
312
382
391
333
325
372
434
552
712
774
787
854
843
812
929
1035
1074
1116
1047
885
806
825
863
884
865
729
571
550
546
525
520
427
338
312
297
306
320
321
299
337
423
411
371
315
201
140
155
239
248
148
110
19
-71
-10
11
-43
-167
-365
-503
-670
-745
-652
-716
-826
-957
-1312
-1618
-1821
-1982
-2020
-2080
-2101
-2169
-2389
-2418
-2380
-2389
-2178
-1926
-1732
-1495
-1244
-973
-783
-606
-312
-70
190
461
525
516
501
450
499
577
568
475
310
119
-132
-316
-359
-452
-531
-503
-466
-496
-592
-610
-518
-396
-183
108
253
171
152
313
434
553
817
971
872
807
866
850
760
782
857
780
698
706
598
459
430
441
455
403
363
367
286
261
362
429
428
394
397
417
444
572
658
614
586
597
621
674
763
826
843
863
872
906
998
1104
1164
1140
1101
1055
994
1005
1021
967
866
676
473
332
234
205
155
39
-110
-235
-235
-227
-223
-90
-52
-147
-153
-126
-97
-36
39
69
-70
-156
-84
-142
-270
-388
-610
-818
-942
-1125
-1506
-1939
-2203
-2386
-2431
-2298
-2279
-2441
-2524
-2470
-2393
-2235
-1929
-1640
-1477
-1246
-932
-733
-572
-345
-108
92
255
415
516
510
498
519
515
456
369
289
202
82
15
-9
-128
-266
-314
-381
-550
-681
-660
-642
-629
-474
-343
-324
-249
-66
97
194
400
666
780
900
1101
1160
1131
1190
1285
1268
1199
1163
1006
781
707
668
590
509
400
293
149
58
95
93
37
31
84
166
252
353
415
432
521
687
842
964
1058
1114
1159
1217
1288
1314
1255
1205
1185
1126
1044
934
792
647
549
510
443
319
199
88
-34
-113
-149
-205
-283
-341
-337
-305
-301
-277
-279
-282
-202
-144
-140
-143
-182
-219
-209
-205
-239
-323
-410
-485
-602
-667
-666
-746
-865
-973
-1208
-1499
-1668
-1729
-1760
-1757
-1713
-1729
-1814
-1811
-1717
-1654
-1558
-1404
-1237
-1027
-810
-611
-447
-368
-246
-40
132
266
339
319
267
250
280
293
267
211
89
-50
-138
-226
-279
-244
-186
-142
-89
-48
-37
-14
44
124
250
400
490
496
488
531
600
712
802
784
734
721
745
751
726
749
762
702
676
697
633
523
476
469
454
444
459
401
293
301
375
404
418
420
436
461
508
607
695
732
751
775
803
821
834
854
841
804
814
811
751
705
665
612
547
444
336
217
114
62
-1
-68
-131
-204
-245
-263
-287
-328
-382
-413
-401
-360
-341
-385
-445
-507
-506
-401
-351
-375
-409
-509
-590
-578
-561
-597
-680
-731
-777
-847
-852
-891
-1008
-1107
-1236
-1333
-1349
-1364
-1341
-1315
-1346
-1365
-1328
-1256
-1205
-1098
-912
-805
-690
-516
-443
-398
-279
-143
-18
94
175
190
173
219
281
319
344
315
251
205
165
122
119
126
80
13
-9
-20
-43
-14
14
-5
21
95
156
219
303
406
491
562
648
714
757
814
854
869
866
819
774
749
695
608
521
479
443
401
423
399
306
302
358
400
476
556
611
647
674
756
837
868
916
955
955
926
864
808
744
674
668
652
586
516
416
330
275
218
191
143
68
33
-14
-89
-160
-213
-227
-228
-177
-162
-277
-392
-465
-498
-456
-384
-362
-463
-544
-525
-525
-492
-426
-451
-502
-552
-584
-577
-606
-622
-638
-691
-715
-775
-856
-938
-1035
-1053
-1005
-966
-954
-1001
-1080
-1130
-1127
-1029
-889
-821
-765
-692
-643
-566
-457
-351
-259
-190
-110
-63
-62
-17
35
34
35
56
95
114
101
99
73
12
-21
-14
-5
7
74
142
119
75
104
152
182
267
379
406
386
425
490
518
557
631
666
631
607
605
557
509
510
523
502
473
461
429
413
414
427
458
468
488
526
547
575
618
643
669
684
692
708
684
654
628
592
574
544
502
484
489
476
437
419
376
305
282
258
195
147
129
93
14
-48
-83
-168
-235
-230
-241
-267
-277
-316
-387
-424
-384
-358
-362
-310
-307
-370
-363
-372
-446
-493
-510
-514
-522
-512
-505
-578
-647
-669
-700
-699
-693
-691
-661
-669
-664
-628
-640
-625
-588
-579
-566
-575
-570
-546
-548
-541
-543
-543
-520
-495
-443
-402
-396
-343
-279
-255
-209
-135
-62
-14
54
146
175
208
275
317
338
362
403
403
363
350
335
309
289
268
254
220
206
237
264
286
301
302
311
359
452
504
514
530
528
524
558
591
566
544
559
571
589
591
553
511
474
454
469
461
410
365
353
358
354
363
367
336
322
337
324
297
290
292
289
281
259
212
165
128
90
56
11
-27
-40
-33
-23
-34
-62
-108
-161
-198
-222
-234
-214
-218
-273
-310
-345
-385
-373
-352
-370
-409
-438
-455
-472
-478
-467
-483
-539
-578
-596
-604
-607
-622
-612
-616
-636
-604
-587
-607
-606
-591
-568
-546
-506
-446
-429
-409
-364
-356
-355
-349
-336
-309
-273
-207
-172
-175
-162
-154
-119
-64
-29
16
44
64
104
124
141
149
165
212
237
250
264
271
290
304
331
354
361
390
426
462
498
512
514
520
533
543
554
543
503
466
444
426
407
388
384
377
350
335
339
342
376
438
482
479
456
439
419
447
519
526
480
436
387
342
319
298
251
200
172
125
60
-5
-72
-118
-122
-98
-70
-64
-94
-130
-139
-118
-96
-90
-87
-116
-156
-162
-157
-161
-164
-181
-214
-271
-322
-307
-325
-387
-380
-369
-405
-440
-452
-471
-507
-480
-411
-415
-438
-435
-473
-504
-500
-483
-492
-533
-529
-518
-545
-551
-548
-542
-529
-514
-487
-466
-458
-422
-381
-340
-292
-274
-260
-249
-248
-228
-192
-153
-124
-95
-60
-48
-45
-43
-35
-21
2
46
71
76
100
143
191
242
278
312
338
368
415
445
473
506
525
550
581
604
607
567
521
508
501
527
551
520
478
443
429
434
442
455
458
430
415
415
392
373
358
361
375
374
372
331
272
257
266
266
272
287
276
234
198
193
193
168
158
136
86
49
32
13
-23
-60
-80
-102
-139
-168
-181
-201
-229
-212
-193
-222
