1
-1
6
5
9
6
-1
2
-3
-2
4
-4
-1
3
-3
5
6
2
14
10
8
13
8
6
11
11
4
-1
-5
-13
-4
8
2
3
-3
-6
-1
-6
-11
-11
-7
1
-1
-3
0
9
16
10
6
-1
-6
2
4
-4
-4
5
4
3
-3
-10
-7
-3
-8
-10
-6
-5
-8
-5
-2
-12
-9
-2
-5
-1
0
-6
-6
-5
-9
-7
-5
-4
2
4
10
10
1
4
-3
-7
4
1
-4
-2
6
10
2
5
3
-4
1
8
6
7
5
3
10
10
10
14
7
-4
-3
3
2
0
5
4
8
7
4
2
-7
-9
-9
-2
2
2
5
1
-5
-4
-3
-8
-9
-6
-6
-11
-8
-4
-10
-6
-4
-5
-3
0
0
-11
-13
-10
-5
-6
-7
1
-2
-5
-1
-8
-6
7
-1
3
13
10
14
11
5
14
14
9
10
9
6
11
11
7
8
5
10
9
2
11
11
7
13
14
18
25
19
20
17
12
12
6
9
6
4
2
-2
-1
5
5
0
2
4
1
1
-2
-3
-2
2
-1
4
4
-9
-9
-6
-10
-11
-9
-5
-13
-15
-15
-26
-24
-20
-20
-19
-15
-7
-15
-20
-13
-10
-5
-10
-18
-13
-5
-10
-7
2
-11
-12
-6
-8
-6
-10
-2
3
1
13
11
0
5
10
6
17
21
7
7
5
5
-2
-2
6
8
12
21
26
13
12
29
20
3
4
5
3
6
-2
-25
-24
-14
-25
-23
-7
-6
-11
2
4
-2
19
41
36
29
37
40
31
28
21
12
18
12
2
17
9
-10
0
-12
-21
-3
3
1
20
27
14
4
-9
-27
-19
0
-13
-44
-47
-15
-4
-10
13
16
1
3
6
-8
-20
-10
3
-16
-28
-11
-27
-51
-48
-32
-24
-30
-25
-37
-36
-8
3
11
21
31
46
30
18
22
-4
-2
15
-9
-14
0
-3
-19
-14
2
9
25
22
19
46
48
37
25
8
24
32
27
38
20
-5
9
26
21
16
29
27
12
26
26
15
12
6
20
31
22
28
28
13
5
8
5
-4
-11
-8
-19
-38
-34
-32
-38
-35
-37
-56
-72
-61
-53
-44
-28
-47
-46
-18
-23
-22
-35
-69
-51
-18
-15
-9
1
5
9
13
-20
-48
-22
-30
-33
14
1
-16
25
8
-33
-21
-10
-18
-17
15
31
20
21
3
6
43
30
28
22
9
61
88
70
54
33
49
49
19
36
49
59
59
31
34
9
-9
26
21
2
18
33
40
27
0
-29
-39
-4
4
8
28
-27
-22
39
-10
-23
2
7
75
107
70
43
49
38
22
49
13
-6
53
-2
-8
76
46
68
101
43
68
38
2
54
-10
-14
44
-8
0
58
77
124
192
198
259
34
-1314
-2527
-2277
-2070
-1462
313
413
-798
-669
-468
-760
132
1451
1588
1413
1654
1302
660
753
1016
869
600
644
600
-64
-282
-7
-325
-286
364
593
776
1132
1065
654
827
1635
2113
2508
3119
3227
2748
2305
1683
-1115
-4590
-4259
-2939
-3654
-2452
-1022
-3650
-5971
-4632
-3502
-3496
-1088
2002
1958
1149
1813
2243
2145
2449
3308
3975
3446
2138
1068
445
-670
-2238
-2280
-1941
-3219
-3669
-2650
-3031
-4432
-4085
-2309
-1360
-723
865
2004
1827
1472
1906
2856
3216
3225
3609
3296
1748
478
377
35
-1328
-1910
-1502
-2040
-3015
-2928
-2508
-2613
-2621
-1829
-679
-81
363
1329
1898
1611
1806
2825
3182
2618
2415
2538
1978
797
218
239
-1314
-3100
-2488
-3520
-6315
-5172
-3900
-5101
-2877
-101
-1219
-951
1270
1239
1478
3947
4932
4083
4130
4213
3219
2308
2076
1835
838
355
763
-117
-1004
-110
72
-520
186
956
804
1271
2508
2897
2859
3506
4172
4469
4397
4407
3944
-108
-5503
-6334
-4967
-4820
-3305
-1869
-4571
-8142
-7705
-5715
-4998
-2774
839
2149
1732
1886
2604
3212
3552
4082
5044
5372
3875
1838
1068
49
-2188
-3131
-2674
-3461
-4812
-4694
-4415
-5529
-6158
-4586
-2467
-1299
-298
1110
2132
2057
2005
3345
4795
4900
4757
4846
3719
1738
880
791
-117
-1480
-2089
-2294
-3173
-4205
-4220
-3656
-3435
-3198
-2144
-681
50
492
1626
2155
1518
2044
3453
2989
1904
1771
286
-1865
-1945
-1653
-1918
-1413
-1498
-2693
-3079
-2539
-1953
-1106
7
816
1310
1886
2311
2224
2319
3126
3617
3310
3249
3380
2812
2099
1990
2159
2099
1994
2224
1927
1081
1172
1317
948
1584
2266
2317
2609
2239
1145
751
578
-2695
-7614
-7412
-4754
-4760
-3577
-2095
-4718
-7330
-5660
-3120
-2440
-688
2268
2917
2225
2343
2589
2974
3314
3145
3613
3937
1981
-705
-1459
-1615
-3050
-3738
-3137
-3725
-4728
-4367
-3831
-4182
-4279
-2801
-748
462
1038
1690
2752
3046
2549
3253
4458
4446
3658
3106
2442
846
-331
-438
-893
-1743
-2321
-2464
-2676
-3301
-3343
-2217
-1162
-2195
-3263
-1592
-1249
-2490
-584
755
-813
71
2408
1732
826
2087
2210
1103
1626
2205
1368
918
978
398
-316
-17
441
-244
-226
997
1066
917
1768
2104
2246
3185
4040
4007
3943
4654
4770
4187
4431
4624
3977
3553
3722
3361
2433
2359
1612
-490
-1189
-893
-2896
-8540
-12612
-10709
-8056
-6553
-4015
-4048
-7054
-7535
-4221
-1453
-139
2554
4925
5129
4966
4727
4393
4368
3838
3364
3780
3048
-158
-3235
-4099
-4609
-5872
-6042
-5571
-6148
-6500
-5726
-4850
-4308
-3293
-1221
1089
2698
3278
3804
4894
4932
4367
4991
5755
5128
3490
2226
1140
-478
-1740
-2322
-2684
-3262
-3924
-4081
-4019
-5110
-7757
-7886
-5086
-4736
-3352
1469
1578
-1060
1353
3726
2541
3984
6900
5658
3857
4812
4242
1533
895
1405
222
-898
-791
-1551
-2911
-2207
-801
-765
185
1949
2078
2180
3807
4683
4404
5653
7064
6386
6028
6547
6095
5028
4627
4856
4217
3242
3277
2572
271
-1662
-2448
-2753
-4267
-9689
-14852
-13117
-9250
-7711
-5615
-4849
-7536
-8601
-4512
-363
654
2826
5578
5751
5540
6003
5848
5132
4403
3845
3786
3080
-334
-4312
-5351
-5272
-6625
-7403
-6785
-7161
-7820
-6777
-5259
-4508
-3545
-1252
1483
3271
4137
4967
6238
6461
5540
5900
6985
6278
4112
2694
1788
-215
-2092
-2796
-4558
-8675
-11065
-9188
-7680
-7243
-5119
-4446
-5781
-4559
-529
2639
4322
5991
6292
5540
6394
7331
6306
5031
4528
3435
1879
874
-623
-2557
-2905
-2023
-1868
-1885
-1140
-732
-541
702
2305
3125
4162
5651
6268
6745
7429
7368
6839
6371
6446
6514
6169
5485
3681
2383
2533
2621
2240
271
-2987
-5231
-5500
-6746
-12468
-15688
-12139
-9488
-7864
-5161
-5955
-8898
-7800
-2645
700
2328
5211
6002
5016
5760
6303
5724
5481
4597
3253
3030
1898
-2045
-5600
-6188
-6365
-7258
-7158
-7389
-8510
-8215
-6642
-5292
-3966
-1915
215
2025
3798
4620
5194
6308
6437
6147
6604
6935
5809
3559
1929
619
-851
-4858
-10849
-11563
-10052
-9291
-4684
-3940
-8721
-8314
-4169
-1887
584
4757
6723
5811
6984
8790
7533
6485
7151
6152
4038
3684
2481
-1254
-3185
-2704
-2873
-2523
-1438
-1990
-2349
-494
1405
1998
2842
4735
6021
6564
7548
7827
7052
6752
7292
7200
5947
5540
4794
2484
1981
2745
2932
3041
2212
1271
-432
-3461
-5839
-10649
-16189
-14464
-8945
-6743
-6626
-7502
-10159
-11609
-8353
-2946
292
2568
4832
4932
4390
4868
5046
5420
6017
5942
5760
4732
1498
-2741
-5045
-4994
-5021
-5724
-6419
-7708
-9014
-8809
-7727
-6533
-4650
-2347
-132
1770
2813
3450
4655
5915
6602
7294
7973
7648
5803
3814
2605
-743
-5587
-7032
-7247
-7744
-5640
-5567
-9032
-9698
-7543
-5141
-2179
646
1994
2523
4397
6499
6817
7020
7668
7257
6365
6028
4726
1949
197
-314
-1107
-1456
-1359
-1986
-2581
-2003
-676
395
1128
2285
3612
4625
5819
6875
6967
6814
7298
7570
7327
6857
5558
4162
3070
1625
638
526
1210
2293
2244
1179
-36
-3391
-9205
-13132
-13011
-9550
-4827
-3664
-7484
-12306
-13089
-8106
-1859
1130
1230
488
333
1457
3618
5144
4958
4458
4651
4663
3615
1279
-1764
-3906
-4139
-3333
-3312
-5214
-7838
-8987
-8215
-6528
-5331
-4730
-3548
-1693
181
1609
2646
3442
4192
5351
6402
6982
6790
5492
4068
2871
1315
-1978
-6285
-8307
-8630
-7616
-4844
-4807
-7596
-7947
-5800
-3445
-502
2397
3534
4232
6059
7403
7308
7161
7358
6808
5746
4879
3214
769
-528
-881
-1548
-1587
-1352
-1959
-1975
-851
614
1922
3027
4237
4817
5496
6785
7156
7388
7715
7580
7131
5799
5121
4564
3224
3216
3230
2948
3496
3646
3516
2754
1344
-40
-4510
-13357
-18283
-14512
-9645
-6737
-5429
-9456
-14893
-14245
-8739
-4342
-1580
1620
2905
2654
3914
5059
4883
5477
6543
6671
6872
5775
1553
-2500
-3866
-4119
-4491
-4988
-6575
-9141
-10091
-9440
-8992
-8027
-6110
-3928
-1728
255
1765
2898
4129
5232
6267
7516
8240
8087
6746
4980
3637
1448
-2308
-6732
-9000
-8766
-7851
-5929
-6185
-8883
-8690
-6181
-3508
-389
2612
4525
5238
6337
7550
7766
8102
8459
7607
6115
4832
3062
775
-636
-1078
-1401
-1419
-1347
-1861
-1797
-324
1287
2247
3211
4449
5387
6552
7743
7746
7555
7626
7144
6490
5818
5017
4424
4149
3970
3797
3961
3973
3871
3965
2388
106
-3846
-13322
-19690
-16182
-10712
-7159
-5855
-9670
-15829
-16609
-10560
-5168
-2226
1648
3498
2891
3984
5515
5621
6280
7575
8110
8042
6643
2415
-2385
-4309
-4472
-4732
-5271
-7285
-10339
-11626
-10783
-9792
-8708
-6687
-4445
-2166
329
2158
3628
5109
6207
7582
8824
9241
8957
7765
6056
4419
2654
-1803
-7968
-10727
-11140
-10131
-7084
-6816
-9534
-10093
-7601
-4301
-810
2978
5036
5595
7300
9103
9299
9298
9600
8646
6968
5987
4261
1265
-825
-1569
-2075
-2185
-2007
-2476
-2778
-1482
534
1853
3124
4867
6114
7075
8340
9007
8608
8345
8529
7725
6823
6774
6063
5159
4793
4455
4155
4189
4405
2981
-427
-7328
-17877
-21834
-16412
-10910
-7347
-7000
-12539
-17817
-16170
-9712
-4619
-897
3023
4172
4115
5741
6713
6612
7338
8539
9219
8946
6202
718
-3706
-4936
-5180
-5549
-6573
-9353
-12192
-12892
-12031
-10919
-9317
-6828
-4412
-2062
577
2706
4601
6233
7422
8981
10295
10889
10367
8560
6542
4656
2618
-2450
-8729
-10541
-11092
-10652
-7634
-8352
-11364
-10694
-7693
-4582
-829
3170
5057
5766
7797
9572
9869
10245
10510
9278
7655
6677
4569
1143
-793
-1179
-1685
-1653
-1803
-3120
-3468
-1904
300
2051
3466
5096
6103
6751
8009
8831
8739
8762
8783
7254
5969
6384
5599
5015
5681
5249
5203
5397
4016
1187
-4930
-15291
-21947
-18283
-11867
-8113
-6830
-11679
-18654
-18663
-11939
-5547
-1743
1716
3097
2796
4487
6611
7012
7449
8720
9641
9843
8071
3121
-1841
-3809
-4234
-4578
-5368
-8047
-11642
-13059
-12417
-11477
-10082
-8114
-6029
-3864
-1366
1157
3112
4869
6481
8277
10229
11227
11093
9564
7440
5719
4361
1743
-4206
-8977
-10612
-11733
-9995
-8241
-9934
-10963
-9713
-7190
-3940
16
3459
4922
6388
8419
9603
10327
10781
10167
8730
7691
6575
3993
1046
-467
-1236
-1665
-1449
-2056
-3158
-2764
-1030
917
2443
3740
4972
5873
6865
8022
8658
8712
8582
8181
7345
6591
6386
6403
6195
6096
6209
5795
4673
2878
-1892
-12361
-21689
-20787
-14881
-10095
-6942
-10195
-18020
-20561
-15298
-8208
-3110
1075
3151
2982
4208
6381
7589
8641
9620
10362
10923
9667
5187
-343
-3503
-4476
-4885
-5364
-7696
-11628
-13946
-14012
-13049
-11477
-9450
-7235
-5037
-2386
317
2623
4914
6452
7882
10031
11707
12283
11125
8768
6400
3928
947
-3460
-7675
-9575
-10101
-9575
-9367
-10818
-11584
-10271
-7563
-4064
-474
2518
4466
6056
7844
9443
10824
11429
10707
9339
7861
6269
4394
2248
594
-475
-1212
-1560
-2328
-2957
-2317
-798
976
2130
3146
4480
5513
6959
8494
9113
9004
8417
7654
6840
6704
7602
7776
7108
6778
5555
4572
4691
2878
-2040
-11784
-21413
-21204
-15269
-10164
-7354
-10624
-17789
-20578
-15590
-8222
-3287
647
2863
2893
4063
6284
7560
8176
8939
10061
10840
9688
5477
21
-3219
-4081
-4314
-4945
-7419
-11271
-13696
-13775
-12683
-11177
-9270
-7263
-5470
-3193
-508
1897
4105
5678
7241
9492
11290
11947
10841
8189
5782
4090
1331
-3303
-7398
-9633
-9863
-8171
-7631
-9098
-10352
-10163
-7684
-3910
-290
2586
4149
5231
6481
7932
9507
10280
9891
8821
7552
5972
3823
1813
357
-352
-71
27
-909
-1801
-1431
0
1511
2880
4096
4849
5814
7099
7837
8359
8267
7563
7503
7032
6390
6478
6037
5940
6913
8137
7606
4237
-984
-11073
-20941
-19756
-13554
-9727
-7224
-10229
-18282
-21442
-16259
-9442
-4655
-194
1883
1310
2640
5284
6802
8442
9939
10441
10754
9789
5995
1170
-1606
-2455
-2978
-3749
-6619
-11147
-13733
-13863
-12804
-11173
-9532
-8161
-6793
-4663
-2161
656
3734
5684
7336
9505
10952
11450
10652
8390
6679
5221
1021
-3436
-5828
-8626
-9063
-7026
-8471
-11060
-10585
-8893
-6829
-3608
-341
1255
2444
4944
7071
7920
9071
10017
9345
8493
8077
6383
4013
2672
1588
548
680
418
-1016
-1431
-686
642
2039
2734
3467
3972
5100
7643
8782
8392
8210
7714
6715
6452
7154
6879
6472
6846
6471
6375
5917
3583
-2854
-14604
-21231
-17839
-12758
-8522
-7550
-13617
-20418
-19938
-13374
-7301
-3060
272
834
1065
3571
6051
7748
8814
9169
9946
10456
8669
4352
134
-1766
-2442
-2799
-4099
-8023
-12209
-13884
-13373
-11991
-10453
-8810
-7655
-6528
-4385
-1491
2004
4817
6383
8132
9722
10806
11314
10159
7971
6826
6001
1446
-5047
-8352
-9937
-9328
-5803
-6127
-10541
-12064
-10345
-7543
-3080
1318
2880
2866
4165
6362
8056
9649
10391
9218
7696
7263
6305
3853
1970
1058
357
474
345
-1170
-2232
-1235
663
2068
2989
3770
4522
5382
6976
8438
8504
8480
8362
7155
6010
5818
6113
5889
5800
6259
5781
4708
3357
-403
-9395
-19075
-19674
-14410
-10231
-6622
-8185
-15824
-19619
-15362
-8663
-3589
482
2196
1475
2446
5054
6793
7933
8376
8576
9512
9169
5727
964
-2206
-3278
-3534
-3679
-5642
-9877
-12805
-13184
-12261
-10463
-8509
-7079
-6109
-4546
-2063
790
3671
5669
7044
8562
9637
9678
8988
7992
6999
5971
1615
-4949
-8098
-9579
-8578
-4850
-5997
-9996
-11194
-10159
-7152
-2924
905
2535
2779
4282
6160
7264
8574
9587
8978
7820
7303
6040
3510
1866
1397
867
974
917
-458
-1379
-542
1328
2657
3463
4186
4241
5231
7277
8132
8373
8308
7486
6296
5262
5768
6384
6565
7794
8200
7447
5527
1286
-6661
-16911
-19559
-14218
-10078
-7607
-8963
-16012
-20803
-17954
-11219
-5869
-1845
594
190
798
3711
5991
7639
8783
9064
9669
9780
7444
3147
-363
-1571
-2027
-2759
-4714
-8686
-11956
-12825
-12329
-11092
-9793
-8520
-7319
-6026
-3692
-734
2236
4568
6098
7882
9625
10885
10759
9258
7893
6173
5382
3306
-3492
-8329
-9711
-10871
-8554
-6211
-8720
-11467
-10767
-8255
-4933
-275
3322
3877
4193
6272
8439
9509
10104
9790
8182
7148
6821
4711
1773
672
122
-538
-541
-1175
-2205
-1646
378
1749
2714
4212
4977
5710
7031
8400
9187
8522
8188
7755
6698
7350
7665
6350
5553
5425
5620
5781
4742
421
-9436
-19552
-20407
-14973
-10224
-6650
-8668
-16401
-20260
-15971
-8719
-3721
36
2109
1447
2391
5284
7010
7776
8313
8962
9625
9024
5789
1007
-2171
-3124
-3175
-3448
-5707
-9879
-12990
-13237
-11876
-10170
-8489
-7413
-6555
-5082
-2470
823
3401
5014
6466
8248
9526
9901
9219
7491
6203
5831
5176
344
-6443
-8874
-10527
-10008
-5801
-6691
-10142
-10282
-9052
-6538
-2277
1829
3129
3264
4904
6714
7944
9040
9356
8190
7060
6830
5365
2531
838
338
-110
207
107
-1437
-1846
-329
1485
2755
3926
5038
5589
6742
8258
8537
8105
7624
7273
6684
6542
7402
6508
5519
6893
7667
7396
5295
-865
-11149
-19588
-17635
-11457
-8592
-7232
-10953
-18470
-20227
-14664
-8331
-4356
-838
810
478
2257
5214
6627
7665
8719
9466
10303
9320
5590
1388
-936
-1242
-1715
-3309
-6362
-10371
-12505
-12473
-11536
-10282
-9351
-8294
-7134
-5566
-2815
381
3116
4889
6589
8854
10111
10419
10049
8534
7471
6568
5415
3002
-3627
-8689
-9384
-11044
-9646
-6544
-8957
-11445
-10537
-8617
-5393
-1017
2662
3685
4124
6262
8146
8945
9583
9677
8644
7663
7021
4669
1562
448
32
-722
-803
-1399
-2741
-2816
-1185
545
1776
3576
4766
4840
6198
8192
8995
9105
8990
8682
7710
7210
7768
6587
5286
6074
6457
6185
5029
2086
-5249
-16629
-21033
-16728
-12209
-8137
-7166
-13385
-19747
-17927
-11105
-5697
-1170
2107
1997
2010
4261
6231
7637
8984
9475
9648
9244
6461
1879
-1575
-2873
-3423
-3935
-5513
-9240
-12692
-13392
-12202
-10628
-9052
-7671
-6847
-5560
-2944
138
3217
5596
7012
8330
9235
9605
9668
8820
7139
5579
3991
1303
-2231
-5541
-7757
-9281
-10125
-9356
-9040
-9344
-8203
-6968
-5427
-2429
748
3430
5501
6745
7427
8134
8738
8769
8451
7672
6196
4209
2067
411
-479
-952
-1216
-1483
-1919
-1728
-761
384
1870
3157
4211
5467
6324
7407
8669
9021
9145
9206
8549
7551
6558
5184
4394
5164
5946
6308
5862
3313
-562
-7594
-16925
-19612
-14972
-10487
-7341
-7242
-13278
-18840
-16309
-9304
-4088
-199
2477
1900
1303
3635
6290
7843
8922
9101
8531
7504
5008
1209
-1496
-2278
-2863
-3814
-5642
-9276
-12366
-12578
-11184
-9728
-8253
-7036
-6315
-5078
-2639
562
3698
5832
6863
7582
8389
9182
9400
8508
7045
5295
3148
1260
-1665
-6704
-9668
-9644
-10273
-9208
-7080
-8590
-9797
-7801
-5148
-1850
2068
4696
5104
5420
7262
8991
9677
9682
8832
6993
5256
4112
2237
420
19
-549
-1517
-1978
-2424
-2334
-1101
890
2293
2723
3867
4906
5497
7487
9383
9385
8646
8089
7048
6232
6839
7355
6510
5420
5140
4898
4601
4353
1893
-5699
-16562
-20729
-16272
-11357
-7105
-6400
-13014
-18954
-16757
-9965
-4831
-1094
1503
1425
2018
4658
6774
7723
7996
8220
8843
8748
6269
2095
-1334
-2957
-3451
-3680
-5197
-8950
-12181
-12690
-11760
-10311
-8705
-7397
-6257
-4705
-2058
1050
3567
5368
6592
7797
9111
9915
9760
8398
6235
4515
4006
2706
-1524
-6333
-9375
-11623
-11554
-8498
-7548
-8909
-8562
-7532
-5783
-1835
2284
4529
5341
6467
7958
9060
9851
9645
8250
6733
5663
4201
2054
480
-539
-1328
-1351
-1513
-2181
-2248
-1310
470
2307
3733
4926
5332
5636
7290
8838
9024
9037
8361
6890
6505
7076
7227
6396
5853
6159
6175
5866
4432
-1128
-12327
-20506
-17885
-12297
-8487
-6220
-10636
-18578
-19926
-13585
-7237
-3355
173
1171
764
2774
5645
7163
7958
8529
9020
9557
8304
4332
185
-1893
-2407
-2586
-3513
-6777
-11084
-13096
-12658
-11247
-9540
-8057
-7144
-6308
-4470
-1621
1383
4027
5893
7390
8830
9753
10018
9163
7635
6666
5969
3790
1123
-1099
-6623
-10383
-8976
-11109
-11582
-7372
-8614
-10405
-7419
-4882
-2912
962
4871
5596
5819
8327
9710
8960
8923
9179
7402
5474
5007
3006
72
-429
-780
-2320
-2272
-1796
-2394
-1853
89
1450
2575
4373
5067
5239
6600
7847
8795
8962
8337
7839
6449
6244
7526
7016
6585
7612
8065
7066
4882
-443
-11893
-20302
-17217
-11605
-8117
-6229
-11262
-19841
-21307
-14428
-7500
-3374
215
769
-137
2206
5390
7239
8820
9850
10411
10586
8926
4873
745
-1063
-1561
-1960
-3119
-6959
-11663
-13829
-13339
-11688
-10057
-8585
-7750
-7154
-5263
-2401
906
3937
5997
7917
9239
9732
9889
9155
8081
7217
6376
4176
648
-1594
-3942
-6749
-8650
-11180
-12550
-11635
-9473
-7510
-7574
-6621
-4063
-1677
2153
5786
7069
7618
8559
9009
8785
8868
8488
6766
5075
3855
2085
230
-1110
-2103
-2427
-1940
-1271
-1325
-1329
-247
1352
3190
4804
5767
6449
7298
8328
8727
8304
7515
6487
5699
5976
7079
7551
7180
7300
6942
4994
2719
-4128
-15724
-19628
-14706
-10180
-6856
-7111
-14561
-21265
-18298
-10469
-5287
-1430
906
-6
315
3684
6462
8057
9343
9712
9899
9870
7513
2992
-487
-1765
-2134
-2235
-4096
-8734
-12751
-13656
-12526
-10686
-8699
-7445
-6809
-5683
-3736
-903
2311
4831
6635
8144
9001
9211
9029
8169
6871
5900
4864
3267
1426
-2474
-6267
-7218
-10637
-12663
-9438
-9450
-9640
-6690
-6627
-6441
-2736
1314
3719
5507
7413
8091
7969
8590
9047
8031
6983
6523
4423
1617
698
-280
-2055
-1806
-1190
-1882
-1538
-666
-253
824
2967
4840
5153
5731
7057
7290
7311
7790
7567
6778
6528
6840
6577
6491
7402
7788
7963
7700
5202
-1286
-12216
-18805
-15886
-11062
-7328
-6321
-12595
-20461
-20235
-13301
-7289
-3330
-275
-25
-225
2416
5359
6964
8478
9756
10678
10698
8411
4315
501
-1070
-986
-1143
-2744
-7077
-11914
-13752
-13387
-11993
-9970
-8661
-8111
-7260
-5418
-2889
3
3105
5521
7433
9006
9561
9438
8769
7774
7399
7505
5832
2031
-841
-3615
-6531
-6541
-7680
-11335
-11738
-10507
-10010
-7482
-4654
-3917
-2750
384
3407
5429
7643
8996
8498
8366
9166
8757
7118
5656
3944
1773
670
112
-1757
-3211
-2816
-2270
-1885
-970
-131
284
1480
3530
4743
5519
6707
7374
7415
7651
7894
7516
6696
6261
6769
7346
7584
7509
6613
5603
4389
2373
-3571
-13662
-17688
-14429
-11406
-8229
-7839
-13914
-19202
-16878
-10603
-6192
-2526
390
285
705
3657
6255
7724
8666
9245
9733
9349
7020
3219
133
-1150
-1554
-1791
-3700
-8154
-11825
-12677
-11940
-10459
-8865
-8052
-7687
-6569
-4494
-1724
1452
3799
5373
7038
7997
8461
8815
8197
7219
6732
6249
4797
1989
-937
-3185
-6024
-8324
-8981
-10891
-11796
-9632
-8800
-8088
-5585
-3771
-2166
565
3696
5707
7125
8560
8677
8183
8256
8230
7285
5682
4159
2320
397
-634
-1491
-2342
-2066
-1522
-1487
-1213
-733
183
1391
2867
4729
5639
6322
7292
7360
7169
7317
7476
6875
5914
5755
5879
6403
6890
5988
5072
4650
3324
2225
-1696
-12110
-18428
-15039
-11276
-8177
-5609
-10242
-17860
-17572
-10507
-5479
-2324
1190
1260
260
2828
5820
6835
7459
7986
8356
8584
7066
3210
-290
-1572
-2128
-2384
-3158
-6838
-11008
-12385
-11964
-10741
-8905
-7269
-6606
-6105
-4493
-2190
442
2826
4505
6406
7970
8725
8980
8015
6728
6197
5984
4834
1917
-1352
-4179
-6050
-6491
-7149
-8746
-10273
-10352
-8939
-6749
-3949
-2238
-1682
-143
2151
4461
6840
8239
7911
7310
7492
7318
6323
5058
3499
1928
1033
545
-425
-1712
-2202
-1738
-1053
-208
487
754
1400
2508
3930
5423
6375
7154
7395
7134
7239
7085
6543
5812
5023
4775
5050
5824
6114
5405
4987
4193
3044
1306
-6383
-15977
-16612
-12741
-9824
-5872
-6754
-14379
-18585
-14503
-8620
-4830
-732
1413
312
1019
3896
5708
6760
7606
8087
8879
8596
5539
1457
-1157
-2144
-2186
-1978
-4224
-8848
-11704
-12236
-11600
-9798
-7945
-6944
-6423
-5360
-3473
-852
1940
3800
5458
7154
8101
8574
8206
7036
6106
5693
4956
3088
727
-2064
-5035
-6375
-6836
-7678
-7809
-8089
-9132
-8663
-6360
-3553
-1033
815
2253
3278
4802
7125
8163
7914
7922
7560
6508
5690
4522
2562
1212
695
97
-541
-1241
-1864
-1898
-1286
-108
907
1478
2079
2876
4110
5336
6390
7105
6860
6606
6625
6005
5222
4907
4590
4878
6011
6086
5128
4289
3854
3535
3222
356
-9442
-17486
-15593
-11859
-8425
-5037
-8586
-16164
-17530
-11716
-6479
-3289
334
1159
215
2094
4862
6204
6956
7313
7892
8523
7185
3695
116
-1905
-2556
-2332
-2756
-6131
-10232
-11817
-11578
-10309
-8396
-6903
-6188
-5545
-4099
-2022
577
3138
4537
6014
7703
8189
8176
7557
6197
5226
4995
4514
2173
-789
-3223
-5957
-6747
-5983
-7228
-8464
-8570
-9017
-7568
-4085
-1388
-288
542
2063
3466
5511
7870
8134
7224
6755
6534
5907
4750
3554
2108
1008
745
34
-1193
-1822
-1745
-1198
-233
661
993
1260
1984
3041
4460
5749
6278
6382
6253
6145
6402
6281
5664
5084
4278
3916
4274
4400
4485
4463
4304
3807
2846
1516
-5186
-15148
-16724
-12564
-9424
-5337
-5286
-12586
-17761
-14322
-7956
-4127
-560
1581
264
564
3314
5144
6405
7128
7320
7922
7484
4617
835
-1686
-2553
-2453
-2243
-4047
-8159
-11030
-11234
-10196
-8495
-6793
-5750
-5198
-4278
-2335
110
2340
3891
5294
6797
7496
7717
7265
5845
4857
4613
4365
3181
531
-2939
-5414
-5774
-5899
-6027
-5959
-7870
-9165
-7357
-5025
-2630
-77
1050
1269
2444
4574
6226
6972
7130
6727
6011
5577
4984
3338
1748
1239
805
48
-509
-1232
-2011
-1687
-494
465
1081
1656
2086
2428
3576
5296
6346
6782
6891
6379
5424
5131
5445
5080
4448
4297
4370
4376
4262
4170
4048
3735
3633
2827
-3542
-13219
-15629
-12524
-9714
-5361
-4564
-11117
-16532
-14490
-9102
-5276
-1583
893
-105
10
2599
4378
5438
6046
6432
7538
7698
5366
1686
-1120
-2193
-2148
-1526
-2693
-6621
-9736
-10534
-10108
-8639
-6793
-5594
-5273
-4708
-3001
-770
1469
3332
4769
6021
6854
7321
7102
5990
5030
4739
4494
3450
1551
-539
-2876
-5407
-6557
-6099
-6053
-6273
-6432
-7735
-7743
-4691
-1400
671
1912
2444
3009
4447
6212
7021
6885
6500
6067
5338
4224
3018
1771
789
347
-131
-937
-1591
-1958
-1995
-1222
74
1108
1594
1940
2684
3513
4395
5447
5962
5884
5943
5929
5143
4059
3471
3459
3485
3690
4557
4719
3840
3442
3766
3777
3606
3429
-2195
-12144
-14886
-11965
-9663
-5606
-4678
-11022
-16218
-14276
-9486
-6165
-2634
154
-205
192
2604
3991
4937
5851
6344
7418
7831
5849
2415
-327
-1718
-1971
-1218
-2267
-6047
-8890
-9830
-9621
-8155
-6560
-5471
-4766
-3963
-2737
-1265
717
2371
3644
5435
6589
7018
7156
6228
5002
4629
4699
3954
2091
-364
-2916
-4505
-4889
-4890
-5102
-5564
-6540
-7836
-7330
-5119
-3051
-573
1483
1705
1989
3517
4863
5615
6539
6844
5974
5223
4581
3221
2090
1758
1371
588
-107
-661
-1550
-2061
-1494
-756
115
1221
1463
1349
1944
2909
3996
5026
5638
5632
5432
5403
4985
4737
4639
4146
4404
4724
4716
5130
4436
3187
3094
2963
3179
2068
-5867
-14720
-15219
-11948
-8573
-4711
-6120
-13450
-17076
-12689
-7432
-4477
-885
845
3
1121
3775
4979
5353
6010
6837
7774
7668
4977
1155
-1218
-2032
-1645
-1130
-3316
-7401
-9804
-10167
-9393
-7786
-6341
-5732
-5378
-4324
-2706
-817
1214
2708
4164
5913
7276
8046
7578
6195
5233
5138
5252
4286
2314
82
-1942
-3341
-4610
-6164
-7281
-7018
-6524
-6755
-6366
-5710
-4696
-1865
902
2088
2983
3903
4539
5473
6878
7677
7301
6340
5139
3817
2691
1898
921
-403
-1147
-1431
-2177
-2704
-2540
-2220
-1308
72
859
1193
1977
3068
3564
4324
5602
5970
6330
6876
6350
5467
4760
4176
3717
3375
3482
3374
2752
2286
1798
1923
2528
2498
1920
-3417
-12566
-15245
-12314
-9346
-5286
-4108
-9401
-14683
-12932
-7667
-4572
-1352
1455
915
911
3017
4498
5141
5572
6308
7367
7414
5305
1649
-1133
-2275
-2310
-1538
-2482
-5853
-8585
-9501
-9245
-7939
-6213
-5021
-4453
-3770
-2560
-843
1296
3018
4398
6083
7160
7387
6935
5861
5097
4942
5008
4237
2143
-293
-2152
-3686
-5513
-6255
-5795
-5853
-5599
-4992
-5875
-6879
-5107
-2014
-122
1921
3789
3336
2881
4389
5589
5837
6425
6333
4688
3318
2910
1867
416
-41
-279
-1017
-1418
-1697
-2372
-2409
-1311
-220
295
1001
1703
1911
2660
3966
4751
5088
5498
5808
5532
5512
6113
5429
3752
3204
2885
2509
3389
3814
2707
1967
2204
2251
2252
291
-7650
-14843
-13678
-10246
-6984
-3185
-5433
-12392
-14193
-9527
-5199
-2599
569
1515
577
2054
4116
4550
4639
4797
5605
6443
5361
2431
-602
-2411
-2952
-2199
-1704
-3965
-7141
-8585
-8620
-7424
-5652
-4451
-3863
-3535
-2503
-589
1257
2631
3484
4562
5874
6594
6883
6192
4739
4050
4022
3688
2685
1044
-946
-2259
-2501
-3175
-4767
-5900
-6414
-6508
-5181
-3587
-3768
-4097
-2681
-704
1294
3523
4308
3550
3507
4576
5560
5958
5726
4513
2790
1902
1470
476
-384
-739
-1164
-1513
-1705
-2082
-2380
-2019
-954
194
1217
2121
2403
2544
3201
4062
5122
5790
5588
5396
5147
4753
4796
4488
3693
3115
2740
2623
2572
2305
1464
842
1226
1546
1810
-1251
-9297
-13614
-11771
-8895
-4772
-2433
-6387
-11956
-11972
-7516
-4052
-1173
1356
826
201
1888
3389
3963
4161
4454
5284
5721
4555
1851
-777
-2264
-2488
-1500
-1583
-4057
-6576
-7796
-7690
-6162
-4364
-3419
-3269
-3011
-2119
-705
1152
2465
3296
4523
5270
5577
5593
4610
3619
3430
3583
3274
2017
171
-1534
-2495
-2800
-3070
-4351
-6055
-6199
-5589
-5038
-3730
-2837
-2938
-2011
302
1941
2601
3328
3592
3447
4316
5572
5299
3971
2981
2128
1310
1025
685
-519
-1527
-1457
-1376
-1644
-1592
-1414
-1323
-524
738
1277
1730
2481
2810
3483
4528
4981
5070
5007
5052
5408
5525
4937
3749
2651
2022
2042
2510
2534
2046
1442
841
324
485
1420
2381
1840
-3379
-10064
-11434
-9516
-6586
-2662
-2675
-7657
-11047
-9179
-5825
-3462
-524
1091
195
294
1778
2607
2917
3181
3831
4689
4408
2463
-84
-1818
-2413
-1616
-368
-1336
-3881
-5611
-6339
-6025
-4890
-3624
-2701
-2482
-2208
-1437
-479
610
1490
2484
3631
4238
4413
3952
2969
2506
2795
3113
2679
1433
-67
-1084
-1574
-1894
-1985
-2842
-4713
-5502
-4883
-4009
-2619
-1414
-1965
-2801
-1460
582
1801
3207
3609
2620
2752
3723
3899
3645
3388
2809
1925
1462
1232
301
-594
-607
-562
-684
-531
-584
-998
-638
653
1479
1934
2377
2174
2264
3204
4013
4288
4187
4122
4186
4150
3859
3290
2691
2053
1820
2044
1757
1549
1841
1534
1330
2032
2407
2730
2740
-1580
-8522
-10696
-8907
-6665
-3056
-1791
-6427
-10998
-10037
-6812
-4504
-1643
408
-246
-348
1335
2407
2734
3020
3583
4757
5193
3899
1749
-356
-1708
-1434
-142
-496
-2892
-4913
-6096
-6502
-5427
-3912
-3337
-3320
-2931
-2348
-1454
-44
751
1274
2434
3502
4190
4242
3385
2477
2373
2882
2960
2267
1122
-265
-1148
-1271
-1311
-1885
-3474
-5136
-5322
-4530
-3491
-2352
-2077
-2578
-2166
-182
1654
2204
2605
2980
2940
3408
4261
4276
3551
3154
2940
2229
1442
808
-150
-919
-876
-684
-681
-783
-1212
-1548
-1062
30
806
1151
1378
1308
1520
2548
3469
3695
3801
4024
3981
3948
4496
4655
3612
2672
2322
1945
1985
2462
2459
1671
880
803
1195
1632
2394
2700
-866
-7200
-9914
-8695
-6448
-3051
-1505
-5089
-9562
-9524
-6645
-4314
-1990
-129
-415
-837
287
1376
1875
2352
3008
3989
4373
3230
1209
-570
-1484
-1072
87
-138
-2316
-4483
-5677
-5998
-5120
-3853
-3326
-3292
-3164
-2759
-1976
-871
139
1171
2490
3534
4045
4081
3422
2642
2692
3114
3045
2400
1218
-89
-1011
-1346
-1301
-1372
-1659
-2351
-3401
-4294
-4306
-2946
-1428
-347
461
-258
-1139
48
1499
2465
3893
4136
2854
2178
2248
2059
1940
2046
1487
537
95
-417
-1194
-1484
-1285
-1027
-801
-472
-400
-535
-55
762
1454
2066
2434
2665
2821
3167
3622
3758
3812
3682
3450
3325
3010
2646
2162
1703
1683
1638
1489
1247
598
109
350
984
1539
2124
2560
2756
2665
-168
-5373
-7908
-7175
-5241
-2414
-1417
-4717
-9055
-9497
-7005
-4936
-2679
-812
-1240
-1947
-1070
304
1035
1548
2679
3834
4180
3546
2114
519
-565
-250
854
563
-1210
-3077
-4521
-5190
-4700
-3651
-3132
-3135
-3095
-2928
-2361
-1371
-484
452
1577
2580
3353
3578
3076
2363
2276
2719
2880
2651
1834
582
-235
-664
-906
-851
-861
-1298
-1814
-2391
-3806
-4970
-4598
-3735
-2340
-239
472
-427
-792
-231
709
2362
3824
3630
2666
2326
2244
2098
2302
2453
1934
1257
793
-26
-953
-1175
-1045
-874
-329
222
133
-276
-199
346
1005
1861
2586
2632
2386
2649
3054
2971
3131
3605
3508
3360
3526
3127
2183
1756
1782
1505
1563
1854
1355
941
1057
913
954
1652
2339
2835
2489
-671
-5254
-7435
-7060
-5095
-2155
-1514
-4665
-7986
-8439
-7045
-5005
-2346
-857
-1235
-1221
-370
280
857
1571
2427
3221
3550
3076
1687
142
-723
-546
245
218
-1030
-2611
-4020
-4775
-4387
-3451
-2904
-2775
-2766
-2742
-2312
-1547
-840
76
1144
2076
2828
2919
2293
1786
1960
2484
2869
2857
2033
714
-184
-574
-667
-528
-599
-1439
-2984
-4223
-4225
-3196
-1756
-428
-229
-1261
-1717
-943
207
1798
3306
3434
2750
2472
2342
2147
2309
2538
2280
1733
1230
415
-629
-995
-705
-405
-247
-315
-730
-1107
-861
-183
501
1071
1399
1478
1488
1826
2383
2647
2728
2761
2705
2818
3050
2923
2464
2289
2372
2247
2085
1719
1009
626
657
927
1260
1309
1246
1280
1482
1978
2480
1691
-1345
-4809
-6363
-5847
-4133
-2598
-2821
-4987
-7090
-7104
-5545
-3930
-2586
-1610
-1312
-1155
-388
565
912
1082
1848
2706
2898
2356
1299
121
-632
-498
-83
-541
-1771
-3002
-3819
-4076
-3842
-3406
-3163
-3151
-3006
-2578
-1956
-1232
-462
379
1309
2165
2643
2656
2483
2470
2718
3026
3065
2582
1755
995
432
-59
-440
-589
-958
-1740
-2526
-3305
-3432
-2497
-1607
-1074
-823
-1070
-1063
-364
726
1770
2370
2588
2457
2225
2253
2305
2184
1852
1383
961
464
-63
-473
-762
-781
-719
-762
-854
-1068
-1072
-661
-41
691
1205
1437
1671
1914
2242
2635
2911
3040
3113
3196
3070
2816
2629
2357
2318
2478
2291
1893
1437
960
756
862
1026
1062
1041
1033
988
1059
1399
1793
2039
1585
-277
-2732
-4554
-5191
-4449
-3399
-3184
-4087
-5704
-6621
-6162
-4956
-3669
-2721
-2169
-1923
-1589
-849
-239
237
1086
1917
2270
2110
1471
636
70
56
173
-37
-527
-1413
-2435
-2974
-3065
-2989
-2822
-2637
-2599
-2532
-2109
-1574
-1030
-235
650
1398
1954
2319
2443
2299
2238
2351
2359
2222
1923
1379
721
219
-37
-147
-265
-737
-1563
-2192
-2670
-2935
-2163
-1220
-1270
-1138
-644
-722
-235
1155
1754
1693
2051
2156
1787
1906
2132
1738
1454
1676
1650
1123
646
240
-305
-398
30
80
-219
-189
-6
46
339
774
871
917
1210
1526
1840
2201
2376
2279
2207
2289
2288
2272
2346
2227
2129
2141
1827
1384
1214
1146
952
811
693
359
250
517
675
744
942
1097
1124
843
-205
-1645
-2971
-4202
-4395
-3499
-3227
-3711
-4177
-4891
-5464
-4873
-3555
-2760
-2270
-1458
-988
-847
-297
250
607
1108
1545
1686
1267
491
-61
-373
-477
-411
-484
-998
-1853
-2405
-2554
-2671
-2541
-2170
-1966
-1792
-1436
-1070
-816
-385
329
1036
1659
2069
2126
1958
1742
1727
1840
1840
1655
1204
670
260
-83
-313
-421
-484
-486
-637
-1496
-2703
-3036
-2512
-1379
337
1043
269
-368
-326
160
1229
2371
2544
1932
1643
1635
1463
1414
1343
921
615
628
421
-178
-705
-902
-812
-240
405
369
37
-31
83
533
1333
1887
1992
2049
2184
2280
2327
2366
2427
2462
2505
2568
2269
1630
1254
1117
976
1056
1105
653
207
157
54
47
464
756
732
876
963
823
961
666
-546
-1556
-2476
-3451
-3433
-3009
-3402
-4157
-4507
-4845
-5119
-4428
-3514
-3245
-2771
-2058
-1654
-1162
-492
44
509
1008
1299
1291
1186
870
548
529
422
161
-142
-764
-1436
-1770
-1940
-2027
-1953
-1843
-1875
-1744
-1379
-1186
-840
-178
356
867
1355
1583
1694
1820
1977
2061
1947
1676
1349
1039
746
558
442
190
-129
-554
-1173
-1725
-2213
-2306
-1587
-816
-434
-219
-447
-716
-254
553
1146
1511
1627
1468
1388
1546
1497
1299
1243
1093
950
856
537
65
-302
-315
-75
152
277
163
-49
-31
153
355
644
923
1066
1219
1379
1416
1414
1437
1466
1592
1795
1900
1849
1652
1391
1137
926
880
904
900
838
573
261
101
81
176
362
591
740
804
821
673
506
564
616
204
-653
-1441
-2258
-3122
-3197
-2943
-3283
-3567
-3579
-3922
-4159
-3606
-2872
-2613
-2134
-1381
-1143
-927
-346
62
349
752
1045
1005
752
561
421
284
166
-1
-288
-727
-1070
-1209
-1375
-1479
-1455
-1501
-1484
-1263
-1031
-871
-629
-308
-24
358
761
899
964
1072
1139
1259
1412
1502
1400
1184
996
727
472
190
-191
-433
-603
-647
-532
-498
-502
-537
-573
-544
-469
-220
96
347
553
580
564
703
870
1063
1186
1141
1074
925
766
702
621
595
602
571
491
379
357
316
286
402
460
423
377
283
251
340
557
867
1113
1283
1345
1215
1047
1043
1273
1589
1728
1622
1335
1026
927
1051
1202
1114
889
802
623
450
615
636
456
490
466
250
73
-19
-173
-491
-891
-1366
-1813
-2201
-2520
-2537
-2610
-2958
-2995
-2849
-2873
-2758
-2458
-2181
-1957
-1623
-1180
-887
-682
-465
-308
-238
-206
-30
124
62
28
-66
-352
-569
-649
-710
-807
-808
-798
-976
-999
-868
-873
-746
-434
-272
-191
47
225
223
405
647
630
733
998
1046
1054
1104
912
561
301
146
176
424
503
144
-368
-810
-1080
-878
-313
23
11
6
-21
-122
100
527
707
916
1227
1206
1087
1110
1064
1073
1233
1226
952
743
651
437
331
370
173
-30
14
-2
-104
-136
-208
-271
-78
276
482
585
737
881
1108
1425
1537
1390
1273
1322
1483
1678
1702
1436
1043
739
686
842
863
613
324
131
90
152
115
-83
-276
-238
-22
122
24
-240
-405
-378
-264
-288
-642
-1139
-1454
-1446
-1277
-1345
-1702
-2141
-2513
-2481
-2145
-1955
-1895
-1908
-1899
-1683
-1342
-990
-794
-767
-641
-448
-339
-293
-321
-399
-434
-347
-227
-337
-612
-787
-836
-760
-573
-448
-519
-633
-589
-508
-421
-275
-211
-159
35
209
245
274
314
332
501
756
852
821
647
334
169
242
381
520
613
530
296
193
256
256
317
512
535
440
488
526
480
554
685
711
664
635
541
404
430
489
452
449
418
306
262
300
281
259
368
480
474
459
444
389
408
518
659
714
658
710
854
965
1065
1060
894
684
642
808
934
959
879
658
499
458
479
474
335
203
177
247
311
232
118
39
19
124
217
135
-66
-189
-186
-227
-368
-685
-1153
-1458
-1570
-1573
-1514
-1690
-2002
-2118
-2052
-1883
-1678
-1530
-1520
-1528
-1328
-1110
-986
-874
-845
-772
-578
-369
-273
-377
-491
-561
-587
-437
-327
-373
-427
-481
-488
-428
-366
-299
-305
-282
-92
24
-27
-33
18
15
122
432
504
332
416
487
402
535
586
430
425
508
542
572
504
314
209
289
366
385
398
291
189
221
312
412
391
334
357
375
417
460
446
441
467
532
585
584
531
427
374
394
454
526
498
378
277
270
374
483
526
548
600
730
855
885
838
739
660
661
760
875
872
778
657
539
474
427
378
326
282
253
215
105
-80
-153
-66
-23
-38
-4
-39
-144
-204
-252
-316
-373
-398
-380
-386
-512
-726
-923
-1105
-1246
-1202
-1109
-1216
-1350
-1369
-1373
-1344
-1244
-1145
-1103
-1054
-904
-780
-721
-638
-559
-451
-332
-292
-267
-314
-466
-494
-416
-517
-754
-917
-1104
-1156
-750
-371
-396
-432
-455
-553
-398
-3
216
213
319
448
446
544
637
543
475
540
616
570
473
367
220
233
368
366
262
169
119
105
172
279
237
200
312
394
426
407
306
231
257
414
571
620
599
505
464
536
582
646
704
682
697
731
709
645
590
630
703
718
685
589
472
426
463
524
524
459
395
336
348
429
475
469
412
356
328
318
301
238
184
120
19
-6
-15
-110
-191
-265
-362
-393
-386
-400
-387
-355
-357
-354
-339
-358
-376
-346
-366
-453
-499
-501
-530
-598
-658
-704
-720
-677
-649
-672
-717
-794
-814
-760
-732
-718
-696
-704
-721
-716
-679
-628
-614
-593
-566
-563
-519
-441
-350
-293
-299
-258
-190
-186
-185
-191
-192
-179
-135
-36
-63
-164
-138
-67
-14
85
152
105
67
127
212
262
274
265
271
327
385
398
371
302
280
323
334
343
322
239
222
276
312
338
339
295
290
336
379
426
448
448
510
601
650
681
664
601
558
517
468
424
394
397
402
375
310
220
168
195
276
335
308
248
205
192
245
331
392
397
371
358
307
258
223
140
68
12
-82
-161
-193
-209
-234
-257
-310
-405
-448
-415
-356
-300
-245
-204
-225
-250
-229
-230
-242
-202
-182
-227
-253
-290
-402
-490
-506
-508
-494
-461
-504
-640
-752
-800
-787
-671
-541
-502
-511
-532
-504
-412
-288
-148
-64
-23
29
37
12
12
42
69
76
54
-24
-106
-144
-142
-108
-94
-122
-128
-124
-115
-89
-48
8
24
45
130
199
241
296
338
327
325
401
417
362
337
290
216
177
142
92
62
58
64
58
68
106
142
178
210
266
351
421
476
501
491
489
467
436
440
446
428
396
334
230
129
100
81
48
65
72
8
-21
22
38
54
102
121
130
149
162
169
189
222
255
248
162
72
47
29
-21
-48
-75
-161
-223
-239
-255
-271
-275
-250
-260
-302
-270
-224
-222
-193
-175
-227
-292
-303
-285
-281
-234
-188
-262
-351
-364
-391
-412
-364
-350
-373
-350
-292
-229
-158
-113
-112
-97
-68
-56
-31
-38
-76
-76
-56
-64
-89
-126
-193
-220
-149
-99
-128
-119
-105
-159
-138
-34
-37
-123
-106
-56
-63
29
151
123
65
63
47
73
166
222
235
251
236
212
250
293
265
248
242
191
148
134
100
64
69
95
148
197
187
157
156
176
251
376
437
410
370
355
376
407
415
369
266
188
179
158
118
77
-24
-71
-22
-18
-46
-63
-110
-127
-47
24
-11
-68
-92
-135
-138
-82
-58
-105
-160
-148
-142
-182
-183
-181
-213
-207
-149
-133
-202
-233
-206
-189
-118
-65
-123
-189
-221
-220
-186
-159
-127
-140
-154
-97
-88
-122
-106
-109
-118
-59
7
4
-11
4
-18
-7
63
61
35
32
6
-32
-70
-111
-146
-161
-143
-113
-123
-151
-144
-105
-54
19
62
50
36
50
83
109
116
97
55
36
58
73
63
50
15
-33
-24
12
19
39
52
34
51
99
121
134
160
174
190
224
228
209
227
219
180
165
152
104
60
57
20
-28
-24
-23
3
69
119
136
116
86
78
92
138
168
173
186
169
125
70
16
0
-6
2
-5
-63
-127
-162
-167
-150
-132
-124
-133
-132
-107
-98
-82
-75
-100
-86
-45
-39
-55
-38
-29
-47
-36
-36
-76
-95
-81
-64
-52
-57
-83
-106
-94
-75
-51
-21
-49
-82
-75
-70
-47
-6
52
92
79
52
8
-32
-23
5
24
7
-42
-78
-113
-134
-129
-120
-105
-91
-88
-82
-74
-59
1
72
101
95
93
106
115
141
173
140
94
81
43
12
18
9
-27
-65
-80
-89
-91
-78
-64
-26
21
53
60
33
8
11
43
97
119
120
121
94
81
91
76
29
0
2
-15
-20
2
-28
-37
21
43
49
67
81
96
109
139
135
100
106
117
102
95
97
83
57
46
43
1
-41
-44
-72
-84
-27
-12
-52
-69
-69
-53
-21
-1
-18
-53
-59
-36
-8
-15
-46
-52
-78
-96
-55
-50
-87
-100
-99
-113
-115
-92
-90
-96
-90
-89
-107
-145
-148
-105
-60
-20
17
41
40
39
59
73
83
120
131
104
89
77
30
-10
-19
-31
-32
-22
-46
-105
-147
-154
-158
-156
-140
-132
-109
-77
-50
-33
-35
-33
-10
26
54
46
39
33
15
41
73
56
24
-7
-30
-48
-30
-9
-26
-23
-7
9
28
26
13
-12
-31
5
44
51
49
37
15
6
51
109
128
146
153
133
119
129
147
159
171
169
138
86
34
0
-5
19
41
29
5
-11
-15
7
58
98
92
79
98
114
128
146
132
85
54
51
45
23
-7
-41
-68
-65
-61
-94
-128
-146
-164
-146
-99
-72
-73
-63
-22
-14
11
69
75
68
73
45
13
11
29
48
42
13
-37
-71
-93
-104
-76
-56
-61
-69
-71
-88
-101
-65
-30
-17
29
53
31
36
36
15
7
-4
-41
-66
-61
-82
-98
-98
-118
-150
-158
-158
-168
-148
-112
-95
-80
-71
-66
-51
-16
29
48
47
57
53
48
51
46
41
16
5
-2
-22
-28
-36
-32
