-3
3
-9
-7
7
2
-1
3
-3
-7
5
6
-4
-5
-15
-22
-11
-15
-22
-11
-5
-13
-12
-1
-2
-9
-11
-11
-14
-10
-12
-12
-7
-15
-16
-7
-5
-9
-7
-12
-23
-13
-7
-13
-8
-6
-7
-4
-3
-4
-5
-2
3
2
5
4
3
4
2
4
4
5
6
10
11
6
15
19
9
13
16
10
8
11
16
7
4
13
13
7
-1
4
13
5
6
12
3
5
7
0
2
5
-1
2
5
-4
-4
8
3
-7
0
-8
-9
3
-2
-1
-2
-3
0
-2
-3
-4
-8
-16
-23
-11
-10
-15
-8
-6
-7
-5
3
3
-3
-5
3
12
6
0
-7
-4
-1
-7
2
1
-4
7
5
1
9
13
9
9
15
17
9
6
11
12
9
12
1
-5
-6
-9
-2
-5
-4
-3
-7
-1
-1
-4
0
-4
-8
0
3
-3
1
6
2
-5
1
7
1
0
9
6
3
11
11
12
7
0
1
-1
-8
-9
-6
-4
-11
-7
1
-8
-12
-11
-9
-8
-11
-2
-7
-16
-3
-3
-11
-6
-3
-10
-13
-13
-6
1
-5
-3
2
-8
-3
3
2
8
6
3
2
-4
-3
3
-2
-1
4
-7
-8
-7
-12
-15
2
11
-4
-8
-2
-2
-3
2
-4
-9
-8
-9
-1
6
6
-3
-4
1
-7
1
14
8
6
10
12
14
14
18
18
14
26
32
20
19
4
-8
7
-6
-12
10
12
7
15
16
16
15
6
4
8
14
18
20
21
18
15
12
15
14
12
20
11
1
12
7
6
12
4
-9
-12
-12
-19
-28
-26
-30
-34
-33
-38
-33
-14
1
8
2
-3
-4
-10
-19
-15
-13
-35
-32
-10
-15
-16
-11
-10
-16
-38
-52
-35
-22
-27
-13
13
4
-2
23
3
-31
-19
-11
-18
-13
0
2
-5
-17
-16
25
50
38
38
8
-33
-22
5
0
13
46
29
6
2
6
16
25
36
22
4
15
14
9
29
24
-13
-24
1
18
1
1
32
30
-2
4
42
50
54
94
106
58
33
43
26
-10
4
36
38
27
-2
-10
-6
-27
-7
58
44
-20
-25
-20
-46
1
47
-13
-35
23
4
-56
-13
31
-10
-12
25
-3
-82
-113
-98
-100
-99
-100
-115
-103
-80
-77
-73
-58
-59
-67
-72
-80
-81
-101
-132
-138
-145
-168
-174
-171
-159
-144
-164
-165
-114
-97
-105
-90
-114
-109
-66
-67
-31
37
49
68
82
27
-14
10
29
26
27
38
52
46
42
75
102
96
101
144
190
196
213
294
353
373
425
475
506
541
553
563
587
610
670
691
601
506
426
315
257
273
315
417
510
525
528
537
558
601
636
710
809
844
763
499
-188
-1635
-3303
-3821
-3008
-2046
-1503
-1240
-1557
-2444
-2855
-2032
-482
788
1458
1730
1620
1253
1001
1092
1485
1772
1479
776
160
-419
-1208
-2019
-2317
-1960
-1581
-1597
-1669
-1651
-1726
-1652
-1049
3
1012
1550
1722
1795
1870
1886
1720
1699
1921
1744
1153
556
-23
-469
-1698
-3812
-3891
-2655
-3791
-4241
-1581
-927
-2238
-597
1665
1310
1188
2624
3455
3032
2662
3172
3093
1440
544
961
16
-1552
-1264
-1055
-2479
-2589
-875
-419
-540
976
2013
1235
1431
3036
3480
3178
3875
4309
3360
2619
2828
2735
2150
2034
2102
1542
739
237
-169
-457
-647
-2519
-6768
-9451
-7780
-4893
-3346
-1827
-868
-2601
-4930
-4019
-447
2528
3877
4477
4322
3103
1752
1321
1948
2886
2636
771
-937
-1572
-2578
-4469
-5480
-4567
-3221
-2914
-2963
-2644
-2626
-2827
-2039
-95
2101
3542
3645
3265
3444
3546
2849
2176
2371
2520
1413
-192
-1242
-2149
-3033
-3475
-3502
-2964
-2329
-2405
-2450
-1766
-680
324
97
-368
994
1004
-1487
-639
2546
1879
351
1620
1524
-805
-1231
207
632
-207
-503
192
-52
-1218
-755
490
143
3
1344
1469
476
1354
2688
2129
2002
3236
3182
2150
2523
3355
2670
1794
2428
2872
2108
2124
2858
2510
2105
2778
2894
1889
1325
1561
1656
1716
2145
132
-6440
-11774
-10470
-6640
-4375
-2298
-1374
-4143
-7953
-8033
-3925
921
3974
5247
4889
3385
2185
1783
2476
4304
4950
2982
645
-459
-1832
-4469
-6457
-5906
-4281
-3789
-4085
-4430
-4942
-5039
-4094
-2134
697
3265
3954
3371
3426
3978
3759
3385
4022
4574
3546
1457
-504
-1756
-2400
-3020
-3478
-3261
-2835
-3009
-3630
-3270
-2150
-3149
-5204
-3937
-954
151
1528
3991
3861
1392
577
1952
3220
3781
4191
3443
810
-1507
-1597
-832
-612
-266
-38
-993
-1854
-1127
-38
536
1701
3244
3723
3544
3803
3930
3421
3581
4615
4636
3803
3667
3442
2574
2530
3385
3781
3287
2394
1595
632
-72
611
1745
2194
1314
-3790
-11841
-14723
-10570
-5708
-2840
-1325
-2611
-6936
-10086
-7623
-1307
3592
5727
6144
4848
2757
1523
1892
3889
5719
4971
2269
-63
-1577
-3639
-6354
-7252
-5611
-4141
-4167
-4799
-5588
-6029
-5479
-3783
-889
2361
4295
4242
3499
3711
4340
4198
4302
5293
5215
3016
205
-1647
-2346
-2687
-3145
-3503
-3501
-3406
-4207
-4765
-3568
-4711
-8557
-7436
-2490
8
2681
5620
4010
547
99
2270
4944
6496
6804
5485
1375
-2096
-1455
-98
8
770
547
-1782
-3004
-1930
-717
-127
1366
3557
4101
3610
4065
4155
3470
4427
6381
6484
5561
5379
4543
2949
3026
4262
4593
4422
3808
1961
-186
-1220
-385
1177
278
-2036
-3095
-6639
-12281
-12572
-8333
-5446
-4153
-3280
-3842
-6234
-7506
-4561
198
3312
5069
5258
3747
2685
2273
2026
3064
4052
3000
830
-1333
-3054
-4615
-6397
-6599
-5048
-4348
-4522
-4561
-4960
-5017
-3693
-1579
576
2682
4195
4205
3462
3637
4288
4212
4155
4390
3470
1452
-329
-1529
-2246
-2546
-2702
-3128
-3281
-3446
-6555
-10277
-9140
-6369
-4415
307
4310
2767
-85
-39
1897
4079
6304
8453
8054
4098
996
668
135
-71
1199
860
-1456
-2903
-3214
-3127
-2270
-291
1849
2596
2865
3673
3485
2994
4494
6374
6656
6815
7126
5986
4350
3981
4223
3976
3705
3850
3304
1918
1228
667
-676
-998
-100
306
1312
3523
1193
-8915
-17344
-15953
-9655
-3907
842
1493
-4903
-12871
-13650
-6905
795
5707
7683
6152
2108
-879
-709
2318
5947
6831
4583
1722
-615
-3226
-6020
-7009
-5532
-3985
-3709
-3924
-5121
-7255
-7863
-5813
-2448
944
3568
4204
3129
2495
2761
3353
4761
6586
6860
4618
1642
-131
-1036
-1310
-1014
-3022
-7473
-8952
-7890
-8228
-6655
-3272
-3690
-4838
-2047
1264
2699
3760
5222
6064
5035
4537
6418
6835
4552
3048
1796
-601
-1408
-515
-810
-2107
-2797
-2593
-2084
-1177
750
2047
1915
2961
4835
4795
4637
6124
6723
6202
6626
7067
6136
4789
3920
3271
2845
2773
2746
2056
955
145
-1418
-1977
492
2389
2653
4075
5513
325
-12519
-19519
-13717
-5429
-464
2748
96
-10549
-18977
-15918
-5523
3132
6432
6140
3141
-1648
-3565
-586
4694
8743
8330
4756
1934
-355
-3265
-5186
-4850
-3086
-2119
-2930
-4487
-6761
-9262
-9253
-5967
-1894
971
2263
1754
497
499
1854
3905
6365
8160
7427
4171
1513
532
260
841
1300
778
-2668
-9022
-11482
-9997
-9245
-5755
-1022
-1350
-3630
-3822
-2484
526
4059
6665
8289
7310
5088
5152
5138
3799
3865
3602
1553
2
-1114
-2745
-3948
-3711
-2161
-914
-365
834
1466
867
1905
4155
4889
5554
7124
7237
6365
6569
6891
6609
5213
2405
441
94
1910
5311
5943
3507
229
-2432
-1487
2855
7552
9883
7895
2332
-5863
-15162
-19042
-13484
-5070
-1165
-2147
-7497
-15575
-19799
-15515
-5700
2787
5972
5426
2934
-527
-1191
2560
7885
11391
10967
7616
3533
-446
-3522
-4864
-4454
-3403
-3397
-5328
-8280
-10922
-12681
-11696
-7305
-2516
248
919
675
680
1494
3935
7362
9798
10557
9183
6031
3333
2110
1912
1800
1413
-498
-6779
-12529
-12796
-12711
-11329
-5943
-3056
-3956
-4447
-3501
-1343
1778
5734
9590
10773
8977
7739
7271
5585
4867
4982
3314
1033
-801
-2868
-4806
-5383
-4074
-2325
-1444
-473
713
703
1217
3977
5967
6271
7385
8162
7099
6481
6976
6825
6145
5605
4452
2581
1436
1639
1914
2066
2775
2974
2277
2377
3992
5390
5470
4396
-1372
-12473
-19278
-16329
-9310
-3716
-1724
-5451
-14151
-20411
-17273
-7746
778
5231
5750
3125
-161
-457
3185
8065
10837
10227
7416
4154
1016
-2168
-4500
-4895
-4366
-4713
-6234
-8182
-10478
-12548
-12093
-8414
-4048
-1223
405
1144
1092
1907
4225
7146
9712
10725
9437
6636
4407
3226
2492
2181
1339
-394
-4076
-10496
-15261
-15682
-13677
-9086
-3152
-623
-2458
-4904
-4414
-256
5333
10179
13121
12291
8498
5772
5218
5251
5600
5374
2940
-747
-3927
-5952
-6420
-5291
-3074
-1194
-449
41
597
931
2237
5254
7804
8745
9247
8964
7481
6450
6763
6895
6236
5558
4182
2083
470
79
1064
1943
2266
3022
3011
2365
3312
5196
6499
3929
-6597
-17604
-18568
-12737
-6217
-1000
-1618
-10135
-19844
-21168
-12674
-2292
3687
5653
4292
114
-2380
205
6111
10919
11180
8349
5480
2529
-759
-3176
-4049
-3912
-3958
-5159
-7095
-9287
-11950
-12987
-10331
-5995
-2574
-585
222
310
640
2319
5221
8300
10557
10358
7564
4950
3854
3162
2857
2730
1300
-1388
-5613
-10920
-13653
-13737
-12543
-8080
-3056
-2239
-3867
-4390
-2758
872
5378
9486
11743
10485
7613
6403
5807
5121
5430
4889
2306
-818
-3422
-5037
-5280
-4050
-2168
-1032
-498
335
890
1212
2969
5712
7421
8251
8770
8078
6685
6462
6950
6610
5978
5454
4164
2706
1865
1051
683
1318
2468
3805
4780
5222
5508
5705
3502
-5429
-16875
-19660
-13733
-7041
-2235
-1871
-9300
-19470
-22518
-15167
-3875
3405
5635
4521
752
-2228
-415
5695
11505
12525
9461
6035
2880
-476
-2844
-3712
-3671
-3880
-5371
-7532
-9757
-12298
-13506
-11147
-6789
-3422
-1388
-306
85
725
2463
5383
8469
10654
10832
8424
5653
4562
4038
3432
3062
1592
-1094
-4274
-8603
-12459
-14314
-14300
-11021
-5881
-2838
-2695
-3666
-3456
-995
3178
8047
11850
12358
9978
7628
5884
4742
5341
5772
3955
883
-2487
-5203
-6059
-5140
-3268
-1590
-790
-240
304
699
2068
4735
7030
8346
9177
8878
7579
7015
7301
7334
7021
6208
4684
3019
1588
1012
1827
2471
2263
2632
3279
3712
4845
6862
5893
-4363
-18308
-21891
-15476
-7923
-1381
473
-7629
-19912
-24106
-16335
-4040
4100
6725
5487
946
-2945
-1379
5032
11407
12820
9588
6017
2970
-694
-3488
-4144
-3676
-3664
-5118
-7275
-9375
-12272
-14019
-11359
-6409
-2928
-1039
-32
151
459
2162
5386
8771
10907
10896
8287
5258
4134
3871
3510
3139
1726
-1259
-4047
-6220
-10065
-14094
-15065
-13236
-8929
-3606
-855
-1496
-2913
-2519
514
5659
10815
13483
12566
9045
5714
4174
4304
5311
5053
2372
-1565
-4949
-6507
-6207
-4714
-2624
-817
-79
226
872
1581
3055
5793
8323
9575
9525
8550
7473
6829
6817
7223
7234
6549
5069
2596
700
852
1801
2733
3897
4618
4778
4929
5719
3811
-6910
-19665
-21096
-13860
-6876
-1514
-1075
-9851
-21272
-23284
-13936
-2092
4918
6637
4527
-79
-2893
-38
6814
12419
12634
8805
5166
2255
-998
-3358
-3815
-3388
-3686
-5572
-8106
-10345
-12787
-13761
-10645
-5634
-2607
-1382
-558
-245
383
2646
6193
9462
11120
10394
7416
4847
4336
4286
4064
3488
1528
-1767
-4588
-6489
-9883
-13142
-13329
-12072
-9134
-4723
-2533
-2705
-2542
-1012
1839
5817
9840
12051
11160
8280
6276
5494
5010
5162
4481
1562
-2009
-4492
-5425
-5135
-4200
-2742
-1248
-547
17
1198
2237
3754
6310
7913
8451
8960
8684
8110
7811
7187
6787
6355
5412
4762
3427
1583
1381
2142
3191
4598
5350
5340
5103
4407
-1612
-14377
-21980
-17943
-10574
-4930
-1456
-5277
-16584
-23799
-18890
-7275
2016
6060
6092
2532
-1999
-1922
4011
11030
13633
11126
7222
3770
279
-2366
-3203
-3119
-3329
-4615
-7179
-9811
-12025
-13802
-12474
-7650
-3788
-2381
-1307
-546
-206
1537
5117
8755
10889
11067
9000
5879
4460
4597
4539
4127
2659
-554
-4360
-6668
-8498
-11874
-13220
-11860
-10910
-8055
-4300
-3344
-2762
-1116
798
3849
7632
10595
11743
10250
7594
6424
5849
5153
4957
3149
-434
-3300
-5009
-5574
-4891
-3680
-2336
-1231
-689
59
1358
2778
5020
7598
8527
8519
8713
8263
7875
8151
7777
7020
6360
5282
4188
3110
2418
2622
2836
3451
4920
5637
5010
4720
2568
-7541
-19583
-20649
-13628
-7487
-3024
-2654
-10596
-21071
-22606
-13258
-1689
4686
5793
3769
-324
-2733
564
7829
13020
12406
8557
5196
2269
-590
-2354
-2800
-2644
-3248
-5635
-8596
-10920
-13036
-13639
-10467
-5569
-3020
-2456
-1818
-1370
-484
2457
6714
9948
10960
9618
6499
4294
4559
5270
5376
4719
1536
-2968
-6104
-9066
-11418
-11577
-11001
-9427
-6883
-5276
-4606
-4156
-2680
586
4228
7415
10081
10597
8652
6899
6276
6192
6512
5841
3365
-9
-3106
-4783
-4641
-3530
-2461
-1612
-1269
-1214
-459
795
2725
5462
7253
7730
7600
6960
6835
7486
7993
8162
7435
5890
4777
3764
2937
3196
3544
3620
3674
3796
4819
5296
5198
4423
-4187
-18023
-22073
-15914
-9270
-3658
-1782
-8882
-19910
-23802
-16233
-3781
4044
5911
4541
453
-2880
-444
6970
13162
13438
9861
6451
3173
-215
-2040
-2478
-2495
-2696
-4785
-8361
-11074
-13229
-14382
-11585
-6366
-3354
-2706
-2247
-1831
-1142
1723
6598
10284
11490
10597
7405
4728
4881
5652
5688
4436
1359
-2422
-6361
-9161
-10201
-10899
-10684
-9338
-7933
-6498
-5410
-4334
-1999
1107
3768
6528
9038
9528
8717
7844
7027
6689
6345
5173
2982
181
-2226
-3621
-4071
-3882
-3196
-2558
-2165
-1362
-575
305
2516
5013
6465
7575
7922
7250
7257
7895
8127
8134
7669
6602
5475
4415
3810
3923
3548
2778
3071
3813
4770
5539
5343
4157
-3744
-17396
-21926
-15603
-9164
-4180
-2054
-8131
-18910
-23681
-16589
-3792
4012
5394
4211
566
-3079
-1132
6286
12853
13362
9770
6375
3073
-342
-1964
-1813
-1343
-1720
-4202
-8092
-11063
-13082
-13835
-10968
-6100
-3469
-3153
-3185
-3063
-2031
1090
5853
9581
10598
9637
6926
4295
4490
5729
5900
5216
2826
-1104
-4921
-8050
-9992
-10430
-10059
-8932
-7128
-5809
-5346
-4840
-3161
-283
2743
5770
8455
9267
8168
6946
6497
6349
6206
5659
4062
1575
-1026
-2882
-3712
-3701
-2956
-1930
-1166
-849
-865
-545
992
3533
5701
6920
7417
7070
6575
6887
7556
7973
7900
7326
6446
4953
3366
2926
3272
3541
3958
4559
5072
4866
4134
3630
-2389
-15361
-21550
-16465
-9952
-4993
-2587
-7717
-18292
-23929
-17675
-5068
3040
4685
3717
352
-3149
-1128
6171
12467
13089
10102
7108
3656
212
-1254
-1247
-932
-1322
-3818
-7761
-10958
-13042
-13804
-11338
-6745
-4111
-3915
-3872
-3471
-2433
766
5773
9680
10912
9976
7554
5370
5294
6365
6797
6355
4267
-247
-4736
-6948
-8754
-10269
-9778
-9383
-9449
-7968
-6300
-5173
-3527
-1390
1391
4472
6971
8704
8898
7700
7174
7370
6899
6073
4835
2492
-127
-2079
-3242
-3590
-3367
-2692
-1806
-1520
-1488
-624
696
2303
4607
6422
6920
7051
7112
7070
7546
8212
8382
7677
6316
5265
4033
2857
2949
3566
4379
5231
5718
5217
3705
2981
-1820
-13488
-19865
-15945
-10527
-6268
-3401
-7157
-16872
-22625
-17122
-5606
1793
3767
3587
968
-2256
-921
5644
11789
12421
9727
7507
4439
616
-1013
-847
-668
-1192
-3371
-7066
-10486
-12723
-13603
-11541
-7219
-4742
-4766
-4680
-4033
-2879
136
4921
8650
9690
9299
7682
5693
5694
6474
6476
6214
4464
518
-3611
-6221
-7649
-8746
-8991
-8634
-9316
-9586
-7971
-6282
-4217
-1176
1235
3062
4873
6380
7574
8230
8351
8222
7333
5740
4456
3208
1376
-434
-1781
-2865
-3419
-3113
-2481
-2005
-1474
-569
597
1745
3258
4911
5711
6252
7121
7582
7684
7821
7906
7578
6950
6449
5410
3889
3069
3246
4298
5589
6126
5699
4497
3670
323
-10371
-19615
-17905
-12100
-7306
-3203
-5194
-14886
-22937
-20119
-9086
76
3391
3539
1228
-2345
-2090
3773
10632
12848
10644
8277
5800
2173
-148
-366
-87
-380
-2033
-5327
-9263
-12222
-13650
-12565
-8463
-5187
-5043
-5382
-4953
-3994
-1344
3360
7773
9519
9325
8263
6494
5970
6972
7395
7217
5978
2455
-1906
-4992
-6494
-7542
-8281
-8451
-9373
-10206
-8953
-6922
-4915
-2482
-412
1453
3633
5660
7264
8230
8393
8055
7458
6482
5232
3828
2180
423
-1236
-2483
-3131
-3294
-2976
-2391
-1875
-1091
159
1235
2330
3922
5121
5753
6617
7258
7310
7623
8075
7849
7233
6325
5005
3824
3398
4032
5023
5480
5689
5615
4483
3846
2138
-7015
-17774
-18624
-13181
-8095
-3915
-4497
-12658
-21525
-21133
-11159
-1011
3168
3395
1633
-1439
-1959
2885
9884
13022
11143
8451
6282
3076
390
-137
-5
-480
-1859
-4800
-8743
-11780
-13376
-12943
-9558
-5995
-5255
-5691
-5309
-4267
-1815
2558
6859
8982
9029
8092
6765
6292
7016
7376
7069
6101
3521
-654
-4693
-6811
-7693
-8355
-8595
-9369
-10639
-10530
-8746
-5563
-2031
-148
922
2635
4540
6480
8465
9693
9402
7986
6495
5408
4364
2993
1368
-506
-2263
-3339
-3776
-3575
-2899
-2440
-1906
-667
739
1943
3162
4382
5505
6383
6966
7542
7917
7884
7738
7284
6779
6450
5389
4000
3598
3769
4040
4917
5871
5624
4407
3403
-1503
-12689
-19379
-16008
-10274
-5609
-3007
-7030
-16654
-22278
-17207
-6437
1129
3325
2606
-5
-2589
-987
5288
11023
11872
9781
7695
4915
1748
175
59
168
-274
-2140
-5639
-9398
-11965
-12959
-11312
-7374
-4873
-5107
-5618
-5376
-4295
-1029
3771
7220
8447
8205
6844
5539
5952
7080
7412
7146
5569
2329
-1815
-5249
-6570
-6946
-6980
-6915
-7978
-9323
-9372
-7811
-4743
-1346
559
1465
2761
4155
5748
7543
8381
7998
6849
5474
4492
3720
2503
750
-909
-1910
-2451
-2688
-2395
-1930
-1720
-1096
267
1473
2368
3506
4497
5071
5863
6695
6975
7104
7250
6943
6345
5948
5126
3820
3475
3858
4388
5451
6485
6383
5000
4407
1252
-9574
-18455
-16610
-10954
-6503
-3256
-5692
-15055
-22546
-19418
-8463
100
2524
2341
447
-2419
-1655
4385
10869
12310
10138
8406
6056
2587
884
882
684
54
-1585
-4948
-8891
-11761
-13013
-11863
-8390
-5927
-6024
-6269
-5889
-4926
-1977
2709
6655
8218
8283
7460
6073
6227
7464
7716
7573
6332
3162
-234
-3452
-5803
-6721
-7892
-8723
-8911
-9649
-9354
-7646
-5617
-3394
-1676
-91
2329
4749
6411
7915
8725
8097
7291
6730
5823
4856
3606
1622
-378
-1876
-2914
-3106
-2713
-2422
-2147
-1902
-1356
69
1453
2559
4251
5496
5698
6138
6907
7256
7402
7479
7064
6484
5929
4967
4286
4281
4199
4432
5204
5769
5620
4702
3755
-1458
-12895
-19133
-15447
-9942
-5411
-3131
-7803
-17461
-22377
-16648
-5672
1405
2955
2014
-647
-2721
-305
6018
11355
11800
9324
7355
4914
1812
433
540
554
-12
-2050
-5768
-9472
-11929
-12788
-10891
-7073
-5136
-5719
-6174
-5893
-4693
-1327
3441
6967
8005
7708
6614
5473
6247
7539
7652
7397
6178
3093
-897
-3671
-4982
-6016
-6500
-6988
-8443
-9824
-9707
-7872
-4896
-2212
-998
-112
1327
3123
5497
7624
8444
7829
6548
5724
5357
4895
3842
2053
144
-1471
-2560
-2745
-2445
-2457
-2427
-1703
-728
210
1257
2256
3258
4464
5563
6067
6509
6926
6392
5855
6296
6612
5929
4609
3689
3658
4156
5225
6406
6555
5700
4807
4840
1920
-8230
-16783
-15716
-11055
-6796
-3446
-6164
-15408
-22331
-19435
-9499
-1192
1706
1336
-829
-2991
-1396
4395
10440
12259
10184
8353
6812
4117
2170
1798
1648
882
-903
-4150
-8148
-11262
-12867
-12036
-8703
-6401
-6694
-7122
-6838
-5949
-3058
1714
5705
7366
7597
6892
5892
6568
8183
8682
8613
7690
4847
1175
-1833
-3575
-4758
-6114
-6859
-7503
-8747
-9148
-8923
-8526
-6799
-4467
-1848
1385
3424
3943
4652
5810
6882
7793
8213
7854
6482
4198
2297
1279
423
-381
-1163
-1942
-2628
-3306
-3339
-2301
-1090
-66
1282
2345
2921
4020
4965
5375
6421
7258
6689
5891
6162
6539
5897
5293
5129
4604
4180
4708
5555
5712
5097
4134
4357
2549
-6910
-16414
-16459
-12048
-8232
-4552
-5241
-13473
-21521
-19705
-10011
-1836
1197
1678
562
-1546
-1114
3897
10013
11712
9678
8599
7723
4636
1961
1544
1277
276
-1173
-3902
-7697
-10920
-12573
-12080
-9314
-6696
-6547
-7103
-6651
-5664
-3130
1395
5381
7129
7490
7195
6608
7120
8488
8780
8164
7155
4753
1627
-723
-2766
-4255
-4907
-6184
-7617
-8560
-9875
-10383
-8624
-5658
-3091
-1130
405
1358
2091
3606
6149
7972
8177
7917
7177
5622
4199
3185
2233
1358
242
-1220
-2353
-3125
-3677
-3387
-2444
-1381
-315
332
895
2067
3277
4253
5394
6188
6312
6093
6020
6395
6495
6246
5771
4547
3823
4241
4696
5190
5591
5509
4808
4305
4735
168
-11331
-17751
-14751
-10183
-6017
-3367
-7812
-17514
-22278
-16605
-6278
189
1970
1821
-208
-2101
240
6421
11235
11421
10040
9338
6967
3519
1779
1232
886
452
-1338
-4927
-8947
-11857
-13109
-11696
-8142
-6351
-6886
-6980
-6556
-5439
-2098
2529
5798
7142
7678
7390
6921
7637
8410
8333
8070
6923
4368
1517
-841
-2947
-4477
-4932
-5791
-7369
-8103
-9098
-10095
-8660
-6502
-4879
-2509
-375
992
2310
3440
4775
6330
7237
7689
7720
6589
5045
3776
2504
1781
1194
-128
-1488
-2647
-3590
-3697
-3135
-2202
-923
32
564
1316
2035
2744
4046
5303
6073
6669
6692
6262
6185
6376
6247
5736
5409
5223
4677
4583
5126
5309
5153
5041
4945
748
-9981
-17577
-15879
-11189
-6788
-3696
-7023
-16261
-21853
-17361
-7525
-569
1909
2199
366
-1709
307
6087
10941
11815
10492
9370
7128
3725
1824
1440
993
260
-1338
-4616
-8548
-11558
-12868
-11582
-8329
-6275
-6528
-7023
-6844
-5785
-2593
2222
6046
7651
7890
7329
6468
6788
7880
8283
8299
7375
4818
1778
-708
-2275
-3432
-4620
-5145
-5522
-6984
-8365
-8505
-8016
-7167
-6071
-4258
-2057
-561
1242
3080
3666
4059
5084
6401
7393
7458
6473
4688
2885
1910
1633
1150
175
-1124
-2528
-3325
-3107
-2314
-1566
-782
26
372
841
2038
3237
3966
4610
5375
5848
5818
5904
6142
5906
5667
5456
4754
4424
4470
4631
5253
5438
4871
3764
3347
2352
-5103
-14511
-15912
-12567
-9211
-5150
-4579
-10842
-18020
-17931
-10403
-2666
996
2387
2041
5
0
3865
8684
10630
9620
8702
7590
4765
2214
1074
338
-203
-1052
-3316
-6696
-9724
-11544
-11571
-9175
-6569
-6393
-6780
-6164
-5293
-3053
923
4459
6201
6794
6830
6410
6710
7711
7939
7738
7200
5341
2740
401
-1454
-2696
-3274
-3701
-4731
-6127
-7098
-7807
-8126
-7276
-6249
-5547
-3816
-1593
-19
1295
2481
3315
4094
5255
6589
7250
6661
5276
3956
2981
2227
1539
897
-25
-1503
-2791
-3289
-3228
-2853
-2152
-1225
-445
144
735
1407
2371
3590
4551
5288
6062
6222
5960
6076
6237
6395
6337
5545
4545
3661
3218
3454
3738
3937
3695
2474
2027
1281
-5100
-13420
-14809
-11248
-7590
-4142
-3746
-9133
-15805
-15825
-8524
-1276
1619
2030
1200
-664
-807
2744
7384
9004
7774
6837
5779
3160
1032
461
42
-373
-841
-2667
-5733
-8489
-9970
-9654
-7418
-4960
-4466
-5193
-5386
-4918
-3124
347
3577
5291
5931
5737
5020
4955
5705
6246
6583
6467
5105
2887
562
-1251
-2102
-2204
-2204
-2476
-3622
-5740
-7119
-6785
-5519
-4419
-3899
-3631
-3555
-2617
-121
2254
3313
3305
3098
3463
4356
5354
5624
4709
3279
2150
1518
1212
857
17
-1009
-1624
-1823
-1803
-1762
-1727
-1408
-728
221
1341
2125
2274
2579
3581
4526
5046
5583
5823
5476
5104
4985
4962
4729
4154
3578
2958
2415
2389
2456
2682
2924
2820
3718
2783
-4606
-12641
-13522
-9790
-5489
-1577
-1964
-8932
-16111
-15502
-8192
-1513
1389
1740
-7
-2637
-2649
1457
6149
7670
7054
6515
5248
2723
1123
1087
1051
965
687
-1316
-4628
-7219
-8543
-8337
-6119
-4053
-4255
-5233
-5522
-5273
-3641
-199
2926
4251
4660
4501
3823
3911
4912
5652
6054
6103
4956
2759
615
-811
-1617
-1922
-1808
-2131
-3075
-4267
-5847
-6461
-5388
-4247
-3376
-2397
-2239
-2824
-2428
-716
1056
2535
3658
3937
3560
3215
3306
3673
3878
3659
3137
2262
865
-462
-1141
-1330
-1260
-1113
-1224
-1688
-2025
-1691
-761
470
1758
2470
2363
2278
2775
3478
4329
5421
5914
5455
4982
4634
4074
3753
3585
3295
3287
3576
3656
3283
2745
2468
2517
3411
4434
873
-7756
-13101
-11686
-7778
-3459
-1059
-4661
-12321
-16166
-12228
-4973
-251
1064
388
-1604
-2931
-923
3499
6435
6443
5880
5709
4293
2287
1474
1214
1105
1378
770
-1597
-4743
-7174
-8075
-6924
-4453
-3217
-3933
-5021
-5696
-5221
-2829
317
2488
3376
3392
2847
2642
3448
4364
4984
5551
5211
3876
2426
1033
-195
-779
-850
-1022
-1439
-2164
-3315
-4491
-4777
-4179
-3737
-3217
-2767
-3130
-3069
-1877
-209
1287
2031
2226
2232
2415
3085
3785
3936
3469
2789
2179
1682
1215
623
8
-565
-891
-913
-1021
-1145
-1085
-858
-367
419
1211
1502
1467
1717
2108
2706
3760
4391
4331
4415
4542
4361
4207
4122
3855
3468
3089
2831
2852
2795
2375
1852
1473
1616
2355
3779
3638
-2277
-10287
-12679
-9903
-5403
-929
-510
-6460
-13520
-14535
-9302
-3076
535
1428
123
-2227
-2724
-7
3707
5548
5614
5652
5072
3238
1842
1352
1048
1345
1749
561
-2179
-4875
-6741
-7301
-5873
-3894
-3642
-4615
-5397
-5675
-4774
-2275
580
2274
2789
2665
2340
2652
3604
4585
5326
5331
4477
3090
1561
447
-83
-244
-359
-726
-1487
-2639
-3844
-4463
-4242
-3890
-3961
-4137
-4098
-3580
-2255
-384
962
1238
1082
1234
2010
3136
3989
4186
3613
2689
2130
2003
1753
1239
608
-122
-705
-1045
-1260
-1246
-1013
-628
-35
497
676
798
1128
1676
2430
3063
3277
3240
3289
3519
3813
4027
4211
4170
3591
3046
2707
2318
2326
2466
2442
2509
2101
1351
1190
1570
2241
3431
4731
3051
-3356
-9276
-9908
-7091
-3276
-137
-1485
-7810
-13013
-12207
-7205
-2493
-120
20
-1752
-3695
-3138
-63
2969
4257
4526
4580
3667
2120
1312
1002
968
1586
1846
484
-2108
-4527
-6013
-6014
-4304
-2754
-2932
-3970
-4940
-5298
-4180
-1817
413
1759
2262
1983
1486
1694
2609
3553
4271
4537
3953
2806
1677
915
659
599
493
198
-555
-1547
-2298
-2576
-2629
-2801
-2813
-2673
-2872
-3139
-2964
-2512
-1783
-603
553
1153
1200
1139
1366
1907
2730
3440
3437
2874
2295
1791
1406
1352
1409
1142
600
26
-489
-751
-609
-174
291
432
316
316
458
819
1449
2006
2369
2608
2710
2847
3162
3506
3736
3873
3756
3391
3081
2678
2249
1964
1664
1507
1574
1536
1319
1421
1882
2674
3541
1571
-4111
-8665
-8894
-6290
-2855
-817
-2932
-8384
-11935
-10324
-5864
-2220
-584
-900
-2572
-3602
-2246
795
3204
3968
4080
3952
3057
2041
1634
1375
1432
2084
2083
454
-1903
-3895
-5223
-5160
-3682
-2784
-3462
-4533
-5216
-5175
-3814
-1568
173
920
1215
1228
1316
2080
3019
3684
4243
4402
3977
3229
2404
1658
1004
605
467
98
-584
-1489
-2587
-3362
-3839
-4307
-4499
-4192
-3238
-2060
-1343
-1009
-862
-662
242
1801
3132
3695
3491
2942
2730
2894
3023
2979
2465
1411
406
-218
-476
-497
-645
-971
-1180
-1234
-1155
-810
-325
123
639
1262
1806
2097
2172
2277
2533
2872
3316
3652
3550
3269
3102
3063
3155
3278
3193
2683
2058
1679
1397
1272
1274
1109
895
840
929
1041
1154
1492
1896
1283
-1250
-4655
-6678
-6352
-4390
-2300
-2067
-4627
-8028
-9189
-7424
-4424
-1959
-1055
-1777
-2944
-3083
-1746
247
1742
2340
2345
2012
1421
840
559
599
946
1357
1101
-181
-1817
-3078
-3669
-3256
-2319
-1988
-2441
-3110
-3512
-3358
-2466
-1130
-75
590
985
1045
1164
1605
2103
2614
3247
3545
3177
2526
1784
1109
901
1021
1069
729
-61
-859
-1668
-2626
-3122
-3059
-2841
-2511
-2245
-2213
-2159
-1712
-814
267
1099
1487
1732
1872
1871
2083
2405
2568
2612
2389
1847
1180
559
157
114
309
389
237
-121
-530
-542
-92
544
1157
1408
1272
1104
1026
1179
1694
2199
2466
2566
2406
2051
1830
2000
2386
2726
2899
2729
2274
1761
1487
1451
1300
1154
1179
1150
1050
990
885
667
610
966
1605
1927
891
-1575
-4178
-5683
-5476
-3899
-2508
-2855
-4930
-7115
-7679
-6475
-4530
-2697
-1833
-2139
-2570
-2345
-1474
-307
740
1438
1705
1650
1372
873
469
481
767
971
780
6
-1179
-2254
-2669
-2254
-1640
-1522
-1742
-2084
-2428
-2293
-1571
-643
163
637
857
958
1005
1176
1459
1818
2234
2402
2231
1910
1517
1205
1182
1190
721
-275
-1513
-2567
-2885
-2376
-1644
-1429
-1809
-2257
-2277
-1575
-319
734
1048
934
946
1277
1829
2321
2508
2318
1816
1355
1179
947
523
256
208
145
-32
-242
-378
-402
-211
301
772
883
855
872
1105
1563
1982
2371
2668
2598
2335
2186
2106
2033
2056
2135
2094
1901
1649
1372
1057
777
615
616
689
693
659
575
381
250
327
502
684
951
1224
1235
985
735
815
885
195
-908
-2133
-3641
-4452
-4078
-3606
-3792
-4411
-5148
-5767
-5684
-4716
-3620
-2950
-2547
-2225
-1913
-1341
-494
206
642
975
1202
1164
839
603
583
501
435
381
-46
-853
-1461
-1542
-1567
-1531
-1147
-1078
-1407
-1381
-1101
-961
-681
-45
433
506
628
813
768
807
1222
1672
1804
1631
1311
1034
869
497
-279
-1168
-1793
-1769
-991
-161
-26
-588
-1428
-1783
-1079
224
1305
1739
1459
882
606
881
1532
2029
1934
1493
1083
678
396
372
486
667
818
838
696
386
161
363
843
1200
1411
1452
1130
798
930
1280
1524
1675
1635
1386
1116
947
901
914
976
1110
1234
1219
1039
798
679
847
1131
1285
1332
1198
920
794
868
1046
1074
838
591
450
407
311
24
-250
-431
-561
-555
-470
-468
-772
-1424
-2035
-2572
-3157
-3259
-2938
-2986
-3288
-3410
-3499
-3634
-3548
-3103
-2624
-2260
-1854
-1495
-1327
-1258
-1085
-642
-80
285
358
94
-382
-574
-343
-109
-30
-66
-417
-994
-1261
-1146
-1078
-1045
-845
-786
-951
-947
-839
-758
-436
122
636
896
880
669
463
707
1255
1425
1257
985
482
45
118
456
573
492
283
-31
-163
-62
176
404
427
452
610
729
867
1013
969
903
1007
1174
1319
1390
1286
1076
929
878
883
893
894
913
775
587
589
538
394
409
493
465
431
532
593
530
581
796
944
1008
1122
1202
1134
1051
1041
1033
1023
1047
1123
1148
1015
777
556
493
494
434
391
317
129
-14
60
200
171
16
-134
-233
-234
-110
57
65
-150
-397
-461
-352
-303
-387
-518
-712
-950
-1203
-1491
-1759
-1935
-2004
-2078
-2260
-2514
-2733
-2807
-2781
-2740
-2684
-2607
-2446
-2156
-1814
-1581
-1474
-1264
-973
-748
-412
-31
75
51
173
309
354
400
380
214
67
46
1
-165
-328
-469
-646
-719
-587
-413
-368
-383
-333
-196
-43
148
390
430
368
546
797
889
874
858
952
1101
1195
1196
1044
802
710
843
1025
1145
1072
740
423
269
208
237
290
324
313
221
141
117
65
67
205
387
561
617
534
495
567
704
893
1024
979
897
861
853
948
1089
1143
1166
1182
1087
921
797
754
771
738
670
600
415
216
186
292
413
498
453
219
21
32
171
367
596
719
575
363
371
464
510
553
537
368
101
-69
-160
-315
-504
-590
-607
-780
-1043
-1232
-1392
-1432
-1284
-1224
-1458
-1768
-1977
-2307
-2725
-2886
-2838
-2625
-2034
-1408
-1294
-1534
-1727
-1600
-1005
-155
510
584
154
-215
-222
43
394
579
364
-155
-527
-597
-636
-698
-670
-589
-562
-582
-515
-491
-612
-509
-107
231
403
411
287
264
440
662
843
911
770
540
405
393
406
353
296
222
59
-81
-133
-134
-96
-36
29
56
67
97
166
338
540
669
751
825
867
937
1051
1088
1026
921
818
757
736
739
701
543
355
263
241
226
259
353
408
380
341
370
425
499
676
859
898
834
774
777
803
814
868
869
751
627
478
311
251
255
228
156
20
-117
-216
-293
-338
-307
-247
-246
-212
-183
-275
-365
-360
-277
-178
-83
-13
-64
-228
-323
-290
-290
-374
-452
-552
-697
-782
-753
-744
-864
-972
-966
-960
-983
-951
-874
-824
-799
-759
-746
-748
-686
-637
-587
-445
-396
-460
-489
-486
-421
-291
-164
-150
-248
-324
-348
-302
-177
-161
-310
-427
-466
-496
-454
-335
-294
-340
-376
-340
-255
-227
-201
-118
-76
-54
-52
-83
-57
37
147
239
311
304
221
199
245
296
360
429
474
435
370
349
329
307
318
389
421
361
316
343
396
491
664
781
789
783
766
743
821
964
1018
1001
935
789
644
574
573
598
627
629
531
369
236
109
84
239
386
410
388
314
187
158
270
329
302
307
281
144
19
-38
-49
13
129
217
181
40
-86
-120
-83
58
272
312
125
-40
-89
-106
-106
-101
-214
-415
-526
-548
-559
-595
-618
-598
-605
-627
-620
-636
-690
-691
-605
-538
-574
-667
-727
-692
-544
-441
-493
-626
-755
-739
-558
-411
-406
-469
-547
-604
-567
-454
-365
-369
-414
-435
-507
-594
-545
-450
-358
-223
-189
-262
-311
-359
-321
-167
-31
55
46
-37
-53
-15
35
131
225
267
303
339
349
357
352
371
390
373
367
292
150
87
85
62
72
110
59
-53
-91
12
205
411
564
617
576
519
591
752
908
1008
940
783
697
661
619
611
608
544
456
408
453
437
285
157
94
60
94
228
314
249
205
252
330
488
660
684
560
418
333
283
291
339
333
238
92
-83
-260
-379
-376
-295
-260
-267
-286
-362
-448
-449
-366
-280
-202
-104
-73
-169
-231
-166
-129
-172
-194
-248
-398
-550
-632
-666
-706
-752
-765
-774
-810
-861
-848
-765
-690
-620
-560
-524
-468
-397
-303
-143
-28
-22
-41
-37
-32
-16
54
118
103
53
13
-50
-127
-170
-182
-221
-238
-183
-152
-149
-152
-198
-234
-200
-75
105
236
243
188
180
250
363
444
439
376
308
264
266
240
158
83
28
12
6
-31
-67
-112
-151
-113
-16
66
121
171
212
227
267
346
400
432
499
563
544
499
476
451
445
458
481
476
392
282
235
237
239
257
251
185
100
35
9
21
36
34
4
-69
-132
-133
-83
-5
93
148
86
5
-10
31
122
216
238
145
16
-31
-33
-15
5
-48
-116
-109
-106
-170
-226
-234
-217
-184
-128
-138
-246
-341
-334
-271
-248
-273
-311
-398
-479
-451
-355
-291
-277
-304
-332
-311
-222
-122
-118
-171
-188
-166
-113
3
87
33
-37
-42
-74
-90
-33
5
-24
-56
-79
-161
-243
-220
-128
-49
1
43
42
-6
-28
13
56
65
64
102
146
120
59
-2
-66
-103
-29
95
116
84
21
-42
-9
71
112
109
65
-40
-144
-155
-110
-78
-44
-12
-17
-22
-8
16
84
149
181
211
218
223
284
337
330
301
290
303
318
327
306
225
150
186
266
274
231
133
1
-48
1
102
185
189
163
135
100
119
200
280
347
381
366
301
242
219
179
164
154
68
-65
-164
-204
-245
-253
-197
-188
-232
-251
-233
-177
-101
-32
36
77
42
-5
-8
-9
-5
22
15
-28
-109
-256
-390
-462
-490
-455
-383
-355
-393
-472
-527
-472
-321
-186
-149
-163
-168
-157
-104
26
170
186
128
128
132
102
83
54
15
-2
21
68
36
-84
-169
-208
-231
-196
-163
-178
-202
-202
-172
-148
-108
-44
-15
3
70
121
123
98
63
60
86
130
161
152
115
68
47
60
78
109
134
106
54
13
-12
-32
-13
74
144
154
151
118
68
75
158
241
260
235
207
180
158
206
281
295
292
271
194
107
71
83
101
126
128
54
-44
-75
-50
-32
3
40
15
-41
-48
-10
11
28
40
22
-21
-40
-18
-30
-68
-90
-86
-28
35
57
6
-103
-184
-204
-153
-78
-51
-86
-156
-200
-181
-140
-105
-64
-52
-73
-62
-31
-21
-5
30
33
7
-15
-47
-79
-73
-40
-49
-105
-148
-196
-227
-185
-123
-110
-129
-139
-118
-62
-17
4
39
77
105
135
134
70
9
-19
-17
16
9
-36
-93
-150
-166
-151
-145
-134
-130
-149
-119
-73
-67
-58
-33
-1
36
93
128
130
117
86
80
97
113
132
150
136
91
50
35
50
90
111
85
25
-21
-18
27
90
140
166
180
171
146
146
163
176
180
189
182
122
42
-29
-108
-167
-168
-140
-130
-137
-154
-165
-147
-112
-54
8
49
67
89
114
105
81
60
46
26
5
4
-37
-106
-142
-143
-141
-152
-135
-116
-116
-124
-131
-141
-159
-140
-64
1
-5
-37
-47
-49
-34
1
32
30
5
-8
-20
-24
-22
-29
-29
-9
-8
-21
6
44
64
96
111
95
77
75
70
66
82
99
113
115
99
80
41
37
84
113
137
158
129
65
27
50
95
123
110
53
-23
-81
-86
-59
-36
-30
-52
-94
-131
-148
-141
-111
-65
-34
-8
27
29
12
18
26
37
72
99
98
73
32
-8
-42
-54
-40
-41
-56
-60
-90
-109
-83
-62
-50
-24
5
23
29
21
37
52
49
57
60
43
4
-10
-4
-14
-11
11
0
-62
-105
-112
-116
-95
-70
-74
-110
-140
-148
-143
-112
-70
-30
-39
-84
-80
-60
-25
20
36
23
-12
-47
-50
-40
-41
-32
-18
-19
-20
-47
-79
-102
-117
-98
-76
-57
-30
-18
-19
10
76
128
169
199
177
134
113
126
154
165
146
98
35
-18
-28
-11
9
19
13
1
-10
9
42
58
80
107
118
123
158
201
214
220
232
203
144
124
140
137
103
59
-11
-107
-156
-145
-125
-125
-127
-142
-189
-218
-192
-124
-44
19
49
32
-4
-18
-2
39
91
90
47
18
-17
-32
-16
12
22
3
-26
-63
-95
-114
-102
-77
-82
-92
-93
-119
-172
-187
-157
-120
-82
-51
-59
-99
-111
-91
-59
-36
-22
-15
-20
-11
-8
-28
-49
-51
-35
-5
28
25
-11
-33
-19
27
44
15
-16
-21
-18
-8
15
7
-24
-17
26
64
74
69
50
53
101
137
135
110
80
57
66
91
90
55
-1
-35
-37
-20
5
17
20
15
29
66
96
109
97
77
77
105
129
125
120
94
57
36
39
51
35
5
-25
-63
-83
-67
-25
13
32
15
-19
-28
-12
29
71
79
60
23
-4
3
22
42
55
43
6
-31
-34
-24
-32
-43
-60
-87
-92
-84
-79
-93
-119
-128
-115
-89
-61
-52
-54
-53
-38
-3
31
46
35
20
20
7
-17
-42
-64
-69
-69
-55
-57
-84
-113
-121
-107
-78
-40
-29
-43
-64
-69
-54
-28
6
33
55
52
26
12
21
47
71
91
85
34
-19
-40
-46
-35
-4
-5
-31
-70
-110
-100
-48
6
61
96
83
52
31
30
64
111
139
129
94
59
32
20
22
19
-3
-8
-10
-30
-35
-23
-19
-8
37
68
71
77
78
79
86
110
136
134
116
92
66
48
44
47
47
35
20
8
-2
0
2
-18
-40
-46
-57
-73
-69
-49
-45
-59
-64
-57
-68
-85
-76
-67
-80
-81
-66
-56
-48
-50
-48
-46
-51
-38
-19
-17
-24
-30
-25
-29
-23
-10
-19
-19
-4
-3
-14
-17
-3
2
6
27
33
9
-4
14
34
36
35
35
33
35
44
45
34
10
4
9
15
29
29
14
5
15
31
31
27
12
9
32
63
78
52
32
26
28
40
43
36
12
-3
-11
-19
-20
-34
-50
-70
-67
-39
-26
-23
-23
-31
-40
-27
13
41
52
65
71
82
94
94
83
68
56
49
32
17
15
4
-3
-17
-42
-63
-69
-59
-51
-49
-52
-46
-32
-20
-10
-3
-6
-16
-4
25
41
29
2
-18
-16
-6
7
10
-5
-28
-37
-20
-10
-2
6
-19
-51
-75
-78
-90
-112
-116
-128
-128
-118
-113
-118
-111
-85
-68
-53
-40
-30
-24
-5
25
37
45
41
32
9
5
18
11
9
10
3
4
7
3
6
2
-2
15
30
44
51
48
44
48
64
78
92
97
91
91
84
70
52
41
48
54
42
29
10
-23
-30
-11
13
24
21
12
-1
1
22
47
70
87
85
69
56
46
51
58
55
31
-2
-18
-29
-21
-9
-10
-20
-37
-38
-41
-45
-28
-10
2
7
10
2
-5
-1
13
29
25
18
7
-9
-12
-9
-2
-4
-10
-21
-38
-50
-57
-63
-61
-54
-41
-35
-44
-49
-47
-38
-18
0
12
16
8
-3
-3
10
27
36
37
21
-9
-25
-37
-39
-41
-49
-61
-76
-82
-87
-79
-56
-41
-40
-39
-31
-27
-24
-8
3
10
11
