3
13
9
15
20
14
11
21
14
-3
-7
-12
-26
-27
-15
-20
-23
-12
-23
-29
-14
-9
-4
6
13
13
1
5
2
-25
-29
-25
-36
-37
-37
-52
-55
-41
-32
-30
-45
-55
-47
-46
-25
-3
-1
10
7
5
17
16
17
12
-8
-10
-18
-22
-8
0
11
18
16
2
-22
-25
-17
-5
14
24
18
9
20
29
27
25
37
33
22
33
34
26
15
8
0
-13
-9
-7
-2
24
43
42
45
45
28
28
31
30
42
34
26
17
3
5
13
21
37
43
29
12
1
11
44
53
57
56
37
28
35
37
27
40
61
66
82
88
55
25
20
17
5
5
12
-4
-17
-13
-21
-29
-19
-23
-51
-48
-35
-50
-44
-21
-27
-44
-51
-43
-48
-62
-56
-69
-80
-62
-62
-68
-70
-74
-74
-75
-71
-66
-70
-75
-63
-44
-54
-58
-47
-45
-22
25
34
-1
-19
4
13
8
21
-8
-62
-37
8
3
7
17
-23
-53
-21
6
-1
9
17
8
19
43
47
23
26
38
25
46
63
43
41
47
27
-18
-33
-5
3
12
26
4
-29
-48
-22
9
-1
-18
-5
0
-8
25
53
37
23
67
76
-9
-17
18
-5
56
131
41
-46
16
75
65
113
137
22
14
151
124
43
102
122
74
127
73
-546
-1194
-1132
-951
-729
-45
60
-551
-598
-313
-402
-379
-54
-74
-199
324
722
423
373
643
693
971
1485
1423
906
822
1091
1123
1238
1399
995
663
930
1091
916
801
669
362
338
605
453
43
-120
-251
-416
-512
-1106
-2342
-3097
-2841
-2210
-1503
-1061
-1401
-1968
-1840
-1115
-391
178
655
918
1073
1308
1289
903
562
518
802
1014
608
-273
-1149
-1717
-1847
-1658
-1472
-1614
-1853
-1767
-1596
-1524
-1228
-740
-309
253
977
1352
1210
961
932
1081
1348
1581
1278
512
-57
-356
-558
-623
-686
-876
-1102
-1175
-1060
-977
-827
-437
-91
216
593
678
515
570
862
1131
1299
1265
975
696
630
606
464
302
265
276
312
526
769
903
1122
1420
1612
1702
1811
1921
2034
2178
2154
1898
1570
1345
1299
1266
1257
1189
781
143
-1107
-3253
-4828
-4815
-4007
-3004
-2157
-2313
-3381
-3825
-2950
-1696
-492
858
1823
2155
2347
2476
2176
1682
1631
2060
2478
2092
644
-1002
-2185
-2798
-2719
-2290
-2243
-2743
-3171
-3155
-3025
-2667
-1800
-809
134
1130
1962
2250
1996
1844
2210
2866
3296
2967
2022
981
48
-557
-781
-964
-1458
-1992
-2076
-2173
-2426
-2184
-1586
-1068
-433
533
67
-2488
-3226
-1855
-894
1687
3806
1807
-145
47
64
402
1806
2392
1230
777
1353
412
-711
-409
-308
-95
1134
1632
391
-771
-229
919
1843
3197
3661
2609
2315
2947
2981
2946
3350
3077
2489
2825
2940
2257
1828
1468
625
-334
-1230
-3919
-7910
-8475
-6353
-5169
-3889
-3254
-4928
-6307
-4852
-1999
-253
1210
2924
3374
3464
4014
3922
3310
2809
2703
3167
3065
1166
-1553
-3349
-4078
-4284
-3984
-3773
-4413
-5114
-5076
-4522
-3573
-2375
-988
616
2008
2810
3353
3825
3607
3331
4194
5021
4532
3194
1677
311
-851
-1588
-1867
-2250
-2843
-3350
-3632
-3566
-3184
-2578
-1571
-331
485
767
574
-20
-717
-858
767
2452
2073
2117
2149
-88
-1070
93
244
149
902
703
-722
-1156
-495
-690
-852
269
962
721
818
1022
906
1363
2667
3646
3872
4105
3918
2968
2725
3241
3283
3343
3624
2994
1886
1595
1548
1255
1497
1786
1354
370
-689
-1415
-3968
-8274
-9122
-6601
-4669
-3142
-2646
-4646
-6783
-5787
-2401
30
1450
2815
3002
2826
3335
3357
2909
2644
2561
3106
3317
1425
-1724
-3915
-4348
-3912
-3494
-3249
-3824
-4953
-5265
-4600
-3415
-2057
-806
372
1550
2462
2865
3146
3186
3003
3689
4736
4539
2988
1181
-29
-856
-1237
-1250
-1680
-2306
-2894
-3416
-3300
-2747
-2618
-3057
-2877
-1729
-1642
-2235
-1109
-601
-1198
1506
4015
2008
1101
2394
1624
1057
2821
3178
1059
415
1028
-102
-890
-149
-533
-1466
-658
437
111
192
1462
2108
2403
3583
4202
3583
3993
5098
4887
4735
5028
4451
3910
3693
3095
2400
2080
2274
2274
1905
1339
-516
-2473
-3335
-6519
-10652
-10016
-7120
-5575
-4089
-3994
-6271
-7555
-5214
-1372
991
2709
3768
3357
3533
4386
4345
3959
3666
3332
3338
2722
23
-3197
-4705
-4897
-4723
-4511
-4762
-5666
-6483
-6448
-5465
-3621
-1714
-485
741
2127
2962
3505
4063
4236
4410
5086
5475
4746
2990
1102
-34
-611
-1238
-1933
-2422
-2958
-3839
-4405
-4055
-3923
-4697
-4662
-4209
-4834
-4002
-1255
577
1864
2903
2679
2287
2867
4018
4782
4761
4197
3137
2113
1517
769
-165
-735
-893
-1041
-1328
-1530
-1696
-1479
-130
1582
2520
2997
3560
4008
4258
4891
5719
5914
5830
5775
5198
4380
3962
3480
2595
2214
2575
2313
1463
1593
1115
-1501
-3674
-6855
-12288
-12865
-8079
-5222
-4717
-5112
-7429
-9316
-7151
-2474
439
2061
3625
3627
3629
4702
4662
4136
4407
4575
4536
3784
925
-2986
-5096
-4819
-4186
-4304
-4929
-6167
-7370
-7464
-6392
-4575
-2655
-1230
32
1701
2954
3326
3945
4657
5033
5876
6642
6066
4120
2020
834
250
-362
-1259
-2112
-3467
-5961
-6417
-4586
-5320
-7009
-6857
-7522
-6533
-1594
1666
1512
1427
2009
2738
4408
6732
7150
5474
4599
4184
2897
2034
1326
-267
-1321
-1041
-1099
-2199
-2938
-2838
-2245
-656
1406
2242
2194
2902
4058
4966
6223
7060
6754
6611
6641
6616
6762
5807
4245
3350
2683
2614
2741
1364
-996
-2070
-1775
-2086
-4244
-9247
-14036
-13169
-8706
-4982
-3259
-4979
-8198
-8517
-4823
-273
2115
3255
3686
3579
4708
5762
4851
3504
3073
3534
4029
2728
-713
-4209
-5799
-5575
-4912
-4686
-5403
-6951
-7759
-7024
-5391
-3437
-1785
-630
602
2299
3841
4434
4448
4445
4922
5999
6426
5305
3242
1451
402
-292
-832
-1565
-2651
-3603
-4801
-6533
-7888
-9019
-9314
-6817
-3457
-1577
-359
-354
-947
669
3912
6385
7355
7214
6349
5086
4326
4012
3148
2258
1808
874
-560
-1879
-2902
-3288
-2689
-1176
105
489
738
1004
1725
3571
5492
6549
6880
6832
6811
6839
6694
6334
5738
4925
4124
3500
2868
2030
1213
554
-3
256
1001
-614
-6995
-14945
-17366
-13877
-8426
-3036
-2553
-7327
-10501
-9475
-5613
-1021
2683
4776
4663
4636
5460
4984
4043
3865
4602
6100
5914
2495
-2272
-5748
-6693
-5672
-4422
-4457
-6097
-8123
-8983
-8243
-6210
-3846
-1905
-252
1272
2774
3899
4350
4469
4980
6537
7801
7404
5748
3418
1642
840
319
-174
-1101
-2440
-4614
-7836
-10135
-11127
-10880
-8182
-4926
-3104
-2106
-1900
-1708
160
3665
7019
8489
8409
7767
6724
5994
5695
4955
3936
2895
1255
-891
-2704
-3733
-3899
-3247
-2201
-1379
-896
-471
60
1102
2934
5012
6545
7211
7436
7678
7778
7505
7007
6594
5906
5062
4686
3572
1679
579
-26
177
1475
2380
986
-5834
-15543
-18869
-14296
-7780
-2646
-2181
-7914
-13355
-11897
-5925
-973
1988
3733
3819
3388
4331
5492
4848
3998
5395
7522
7253
3842
-926
-4570
-5642
-4398
-3147
-4056
-6573
-9004
-10118
-9464
-7675
-5510
-3580
-2153
-638
1070
2429
3375
3959
4931
6928
8550
8437
6848
4727
3131
2496
2238
1496
-224
-3670
-7918
-10471
-11582
-11162
-8540
-6777
-6530
-5508
-4049
-2532
-271
2842
5680
7361
8724
9203
8229
7514
7270
6568
5618
4449
2483
-207
-2459
-3425
-3523
-3108
-2412
-2281
-2509
-1890
-500
972
2550
4194
5558
6600
7198
7333
7442
7413
7334
7380
6688
5518
4530
3272
2570
3074
3322
2342
948
-343
-1174
-672
-3148
-11677
-17224
-15051
-10628
-5340
-2612
-7125
-12931
-12605
-7339
-2329
1060
3223
2472
1540
3718
5538
5270
4897
4849
5524
6320
4646
370
-3530
-5005
-4453
-3478
-3712
-5932
-8771
-9959
-9388
-7706
-5200
-3366
-2680
-1663
108
2024
3860
4857
4990
6176
8108
8474
7411
5726
3451
1461
1059
1373
-979
-5270
-8341
-11412
-12297
-8140
-5106
-5422
-5361
-5463
-4575
-1058
2704
5203
6171
6871
7915
7843
7529
7394
6320
5305
4751
3351
920
-1269
-2638
-3209
-2294
-927
-975
-1729
-1817
-715
1171
2962
4630
5442
5559
6461
7024
7012
7250
6839
6520
6237
5405
4910
4237
4053
4160
3165
2559
1862
443
400
-578
-7307
-15719
-17237
-13326
-8479
-3986
-5139
-11726
-14990
-11587
-5648
-1215
1768
2908
1936
2631
4893
5544
5454
5632
6188
7192
6583
3019
-1478
-4233
-4535
-3584
-3289
-4920
-8053
-10460
-10714
-9432
-7254
-5074
-3734
-2753
-1417
411
2324
3879
4854
5974
7903
9057
8485
6915
4789
2834
2014
2078
-112
-4968
-7968
-9288
-10076
-8178
-6513
-7603
-8138
-6445
-3866
-1296
1383
3409
4165
5635
8077
8900
8179
7645
7114
6269
5673
4623
2162
-194
-1103
-1448
-1667
-1652
-1723
-1984
-1828
-435
1044
1958
3503
4634
5171
6477
7383
7399
6964
6531
6982
7157
6742
6474
5517
4951
5668
5815
4890
3274
1480
-781
-7100
-15385
-17570
-14415
-10436
-6605
-7178
-12956
-16839
-14538
-8552
-3047
916
2921
2287
2185
4547
6609
7379
7869
8233
8659
7853
4334
49
-2688
-3636
-3366
-3584
-5600
-8805
-11609
-12647
-11856
-9693
-7052
-5250
-4242
-3035
-1134
1349
3717
5327
6919
9037
10307
10069
8805
6719
4755
3768
2973
1055
-1835
-5288
-9262
-11454
-10702
-9419
-8455
-7715
-7793
-7036
-4109
-777
1633
3959
6415
8026
8881
9492
9277
8308
7718
7197
5839
4080
2163
-57
-1793
-2370
-2433
-2656
-2765
-2647
-2176
-818
1142
2750
3874
5197
6400
7004
7896
8606
8187
7759
7460
6809
6682
7116
7297
6786
6003
5166
3405
1294
-2811
-11896
-19114
-17741
-12926
-8803
-6977
-10922
-17114
-17925
-12290
-5479
-966
1996
2763
2175
3871
6781
8200
8631
9096
9915
10032
7725
3144
-1297
-3558
-3843
-3527
-4542
-7721
-11331
-13520
-13724
-12037
-9334
-6983
-5569
-4285
-2332
193
2818
4923
6636
8799
10899
11592
10724
8839
6283
3972
3106
2176
-593
-3403
-6302
-10018
-11473
-10763
-10174
-9347
-8368
-7155
-5475
-3209
-246
1975
4066
7009
8923
9529
9632
9050
8116
7389
6886
5656
3497
1431
-601
-2506
-3169
-2834
-2820
-3057
-2744
-2093
-1026
804
2570
3905
5331
6743
7746
8139
8167
8311
8241
7878
7890
7814
7442
7611
7509
6557
5667
4257
1330
-4906
-14366
-19578
-17124
-12483
-8624
-8304
-13681
-18897
-17839
-11610
-5091
-560
2264
2531
2287
4703
7622
8947
9711
10516
11178
10583
7440
2734
-1089
-2876
-3151
-3536
-5657
-9233
-12637
-14592
-14497
-12611
-9995
-7746
-6258
-4900
-2747
99
2955
5434
7610
10073
12026
12201
11188
9272
6857
4992
3144
1014
-1117
-3691
-6783
-9850
-11752
-12168
-11383
-9679
-8529
-7499
-5432
-3375
-1032
2021
4915
7416
9079
9841
9898
9319
8819
8103
6846
5645
4117
1902
-377
-2106
-2979
-3102
-2800
-2599
-2562
-1824
-473
886
2551
4094
5265
6401
7046
7728
8478
8448
8101
7407
6924
7572
8642
9411
8980
7215
4846
1361
-5249
-14295
-18666
-16032
-11955
-8679
-9091
-15170
-20135
-18568
-12403
-5902
-1053
1986
2248
1975
4214
7206
9218
10597
11651
12184
11026
7641
3209
-386
-1976
-2231
-2992
-5488
-9350
-12972
-14955
-14984
-13183
-10450
-8213
-6787
-5569
-3720
-888
2277
5018
7403
9958
11843
12090
11152
9291
7477
6433
4879
3087
985
-3617
-8579
-11110
-12824
-12590
-9679
-8634
-9622
-9228
-7587
-4989
-1231
2795
5751
7150
8487
9604
9563
9680
9813
9045
7903
6474
4422
1727
-590
-1763
-2486
-2520
-2139
-2824
-3384
-2381
-897
741
2727
4297
5283
6199
7230
8008
8322
8635
8792
8127
7435
7701
7963
8062
8573
7581
4863
1075
-6918
-16419
-18974
-15325
-11052
-8053
-9476
-15961
-20405
-17414
-10649
-5013
-443
2311
2111
2449
5069
7390
8836
10251
11414
11859
10459
6669
2157
-957
-2112
-2300
-3266
-6176
-10227
-13429
-14625
-13978
-12127
-9837
-8078
-6960
-5383
-2831
178
3067
5411
7575
9913
11447
11583
10496
8434
6934
6109
3865
712
-2400
-5852
-8096
-9079
-10241
-10674
-10309
-9818
-8790
-7191
-4866
-2330
24
2888
5442
7111
8449
9017
9198
9511
9261
8198
6260
4077
2526
1230
163
-761
-1956
-2655
-2773
-2800
-2112
-802
484
1939
3366
4425
5575
6747
7341
7767
8264
8153
7637
7312
7198
7510
8057
8114
7248
5317
3057
-341
-7932
-16433
-18446
-15124
-11075
-8086
-9858
-16024
-19149
-15503
-8931
-3545
446
2295
1793
2632
5606
7986
9399
10306
10781
10824
9230
5409
1130
-1547
-2365
-2456
-3594
-6902
-11003
-13614
-14078
-12811
-10535
-8386
-7070
-6061
-4422
-1846
1365
4391
6383
7889
9613
10274
9376
8500
7739
6125
4524
2782
-808
-4164
-5310
-6773
-8539
-8964
-9179
-9148
-8141
-6512
-4988
-3656
-1355
1118
2939
5220
6952
7358
7655
8080
8268
7793
6665
5232
3434
2086
1509
466
-944
-1653
-1713
-1548
-1247
-626
89
780
2241
3855
4769
5813
6640
6744
6884
7344
7525
6664
6194
6990
7434
7893
8301
6722
4146
2537
-642
-8654
-16318
-17164
-14154
-10541
-7609
-9998
-16217
-18332
-14218
-8044
-2974
690
2109
1527
2511
5560
7830
8928
9508
9969
10048
8201
4582
824
-1726
-2437
-2541
-3856
-7096
-10939
-13168
-13468
-12196
-9783
-7682
-6479
-5542
-4096
-1524
1809
4644
6370
7860
9523
9974
9011
8145
7266
5830
4909
3702
-639
-6381
-9145
-10091
-10217
-7499
-6141
-8786
-10168
-8921
-6489
-2273
2067
4119
4345
5314
7180
7907
8437
9335
8934
7971
7172
5052
1889
-85
-354
-439
-779
-871
-1725
-3092
-2596
-633
1083
2802
4132
4518
5015
6271
7567
8208
8508
8485
7746
6887
6619
6809
7030
7316
7127
5302
2902
-376
-8094
-16656
-18186
-14459
-10323
-7312
-9382
-16083
-19273
-15160
-8063
-2498
1085
2369
1564
2207
5072
7465
8858
9738
10294
10280
8460
4674
510
-2142
-2685
-2445
-3386
-6578
-10851
-13668
-13967
-12366
-9838
-7536
-6179
-5310
-3950
-1497
1722
4655
6722
8417
9974
10660
10016
8426
6853
5669
4638
3340
-347
-6025
-9687
-10737
-9931
-7771
-7036
-8408
-9987
-9476
-5993
-1834
1548
3832
4578
5439
7275
8691
9005
8763
8501
8063
7093
5224
2511
119
-831
-701
-738
-1159
-1798
-2819
-2944
-1308
764
2564
4133
4904
5299
6398
7641
8216
8395
8069
7489
7378
7396
7461
7800
7955
7504
5987
3571
-771
-9362
-17593
-18480
-14541
-10175
-7391
-10298
-17214
-19904
-15299
-8114
-2636
1236
2696
1726
2540
5603
7755
8974
10023
10723
10544
8510
4615
301
-2414
-2879
-2511
-3423
-6749
-11103
-14000
-14408
-12689
-9969
-7513
-6160
-5545
-4244
-1662
1593
4557
6807
8766
10296
10728
9889
8248
7007
6389
5375
3211
-923
-6031
-9060
-9494
-9086
-8556
-8603
-9785
-10477
-9074
-6040
-2573
342
2500
4175
5583
7147
8391
8640
8670
8773
8267
7066
5164
2770
798
-204
-677
-1305
-1866
-2168
-2666
-2522
-1133
456
2033
3619
4752
5660
6803
7992
8472
8589
8513
7696
7343
7433
7481
8464
9172
8563
6700
3810
-625
-9313
-17489
-17709
-13882
-10046
-7397
-10727
-17889
-20313
-15388
-8085
-2788
971
2456
1540
2519
5802
8292
9744
10652
11163
10981
8901
4897
635
-2089
-2782
-2566
-3611
-7225
-11727
-14569
-15016
-13415
-10814
-8392
-6815
-5950
-4548
-2059
1144
4360
6695
8804
10781
11428
10956
9502
7580
6300
4997
2906
-193
-3707
-6216
-7969
-9346
-10268
-11131
-11000
-9685
-8175
-6182
-3905
-1944
123
2704
5478
7575
8756
9148
8781
8493
8464
7725
6213
4333
2337
677
-783
-2109
-2814
-3026
-3003
-2723
-2103
-882
749
2432
4001
5285
6461
7464
8014
8313
8368
8140
7982
8074
8554
9123
9140
8581
7274
5489
2184
-6306
-16423
-19242
-15701
-10927
-7232
-9508
-17329
-21621
-17866
-10564
-4538
-94
1963
1311
2037
5310
7955
9373
10544
11702
12344
10939
6984
2134
-1268
-2117
-1570
-2151
-5514
-10457
-14170
-15252
-14059
-11539
-8929
-7462
-6871
-5636
-3267
-37
3315
5846
8162
10491
11626
11372
9915
7855
6847
6959
6022
3221
-329
-5544
-10912
-11765
-10955
-10901
-8724
-8516
-11159
-10228
-6700
-3433
241
3736
5837
6363
7571
9235
8980
9126
10093
9169
7288
5384
2719
-235
-1843
-1795
-1931
-2266
-2340
-3316
-3695
-1904
382
2408
4373
5490
5994
6775
7604
8214
8558
8654
8963
9341
9497
9688
9733
8800
7094
5111
-866
-11818
-18666
-17367
-13637
-9693
-8324
-14007
-20935
-20337
-13850
-7520
-2619
920
1585
1513
4113
7423
9095
10238
11425
12355
12092
9268
4749
722
-1439
-1729
-1995
-4299
-8671
-12899
-15017
-15046
-13361
-10706
-8700
-7695
-6642
-4767
-1865
1610
4591
6937
9486
11600
11984
11029
9338
7204
6299
6860
5484
1842
-1412
-6396
-12513
-13943
-12378
-11473
-9324
-8070
-10075
-10556
-7172
-2871
1027
4970
7783
8267
8403
9472
9821
9807
10368
9872
7766
5193
2427
-655
-2808
-2879
-2407
-2714
-3265
-4182
-4529
-2773
2
2379
4130
5365
6522
7496
8295
9185
9501
9518
10087
10392
10110
9775
9255
8442
7138
5406
1039
-9056
-18493
-19409
-15537
-11204
-8441
-11918
-19100
-21297
-16184
-8896
-3476
622
2631
2311
3606
6870
9067
10206
11254
12262
12411
10190
5771
1037
-2109
-2860
-2642
-3920
-7626
-12275
-15337
-15849
-14409
-11669
-8932
-7311
-6295
-4754
-2135
1195
4468
7141
9503
11760
12723
12111
10391
7626
6096
6665
5877
2822
-557
-5305
-11295
-13714
-12335
-11629
-10316
-8253
-9601
-10866
-7700
-3456
-53
3777
7068
8036
8204
9450
9864
9379
10173
10385
8395
5896
3263
21
-2435
-2735
-2375
-2841
-3248
-3901
-4793
-3749
-979
1349
2947
4597
5923
6659
7838
8914
9064
9440
9863
9714
9687
9795
9626
9071
8252
6861
3940
-2665
-13199
-20003
-18248
-13696
-9885
-9015
-14600
-20928
-20075
-13485
-6798
-1762
2012
2778
2235
4450
7548
9200
10651
12055
12758
11953
8683
3744
-548
-2385
-2248
-2364
-4622
-9166
-13675
-15699
-15346
-13404
-10481
-8126
-6974
-5872
-3902
-1148
2202
5557
8154
10535
12492
12655
11162
8813
6976
6903
7056
5193
1491
-3223
-9196
-13435
-13061
-11931
-10752
-8279
-8997
-11155
-9649
-5959
-1645
2732
6368
8132
7846
8373
9255
9063
9962
10832
9409
6826
4014
921
-1818
-2745
-2294
-2322
-2629
-3228
-4403
-4281
-2170
462
2775
4696
5845
6319
7185
8263
8632
9051
9823
9942
9909
10265
9981
9234
8513
6976
4110
-2205
-12120
-18368
-17522
-13936
-10179
-9580
-14796
-20373
-19637
-13332
-6854
-2101
1446
2214
2230
4844
7727
9199
10543
11878
12781
12180
9086
4472
243
-1936
-2059
-2308
-4701
-9202
-13579
-15616
-15287
-13433
-10852
-8859
-7850
-6605
-4280
-1246
2029
5153
7783
10099
11953
12549
11611
9664
7692
6815
6540
4581
360
-4416
-8201
-10272
-10613
-9866
-9803
-11062
-11227
-9675
-7823
-4921
-1264
1181
2917
5388
7744
8630
8920
9359
9259
8969
8619
6972
4209
1855
223
-1034
-1767
-2283
-3034
-3681
-3839
-3286
-1804
128
1779
3129
4394
5707
7003
7709
7801
7997
8390
8679
8938
9310
9594
9330
8727
7860
5937
3582
-1095
-10834
-18189
-17379
-14036
-10540
-8571
-12983
-19413
-19697
-13958
-7584
-2802
1091
2213
1665
3802
6922
8510
9875
11137
11921
11691
8936
4332
314
-1751
-1942
-1916
-3974
-8420
-12789
-14775
-14583
-12973
-10514
-8540
-7497
-6334
-4396
-1773
1585
4890
7268
9477
11271
11673
10771
8965
7683
7436
6969
4901
940
-3407
-7658
-10140
-9836
-10315
-10455
-9128
-10016
-10390
-8056
-5497
-2449
972
3904
5659
6605
8096
8561
8250
9244
9683
8364
6420
4090
1521
-406
-1007
-1270
-1950
-2179
-2602
-3639
-3247
-1316
549
2381
4186
5128
5603
6625
7503
7752
8113
8254
8012
7896
8386
9541
10181
9774
7947
5124
666
-8465
-16297
-16229
-13546
-10202
-7382
-11317
-18550
-20515
-15794
-9060
-3763
544
1907
691
1906
5053
7565
9697
11183
12029
11775
9272
5414
1897
-433
-1091
-1048
-2719
-6875
-11456
-14117
-14597
-13514
-11152
-9023
-8167
-7308
-5783
-3560
-132
3399
6063
8577
10434
10993
10743
9470
8081
7835
7439
5481
2147
-1710
-5799
-8942
-9495
-9735
-10184
-8970
-9160
-10403
-8982
-6426
-3483
140
3054
4824
5580
6655
7895
8079
8760
9593
8680
6947
5085
2748
602
-410
-703
-1233
-1622
-2128
-3346
-3405
-1712
66
1928
3514
4050
4656
5625
6617
7445
7590
7816
8304
8427
8653
9030
9518
9991
9272
7471
3628
-5741
-15898
-17732
-14183
-10479
-7144
-9521
-17766
-22165
-18182
-10770
-5192
-957
1420
513
913
4134
6776
8854
10820
12307
12923
11064
6986
2867
52
-843
-389
-1168
-4947
-10115
-13834
-14971
-14082
-11877
-9573
-8515
-7998
-6775
-4682
-1592
2123
5262
7693
9943
11125
10571
9240
8337
7897
6915
5365
2434
-2210
-4994
-5628
-6671
-7438
-8311
-9586
-10107
-9583
-7373
-4880
-3121
-721
1242
2471
4484
6260
7019
7500
7966
8207
7750
6580
4991
3196
1872
1226
495
-438
-1200
-1978
-2553
-2156
-984
200
1336
2361
3109
3880
4890
5938
6339
6404
6908
7181
7468
7988
7860
7715
7919
8203
8259
7202
3143
-6273
-15559
-16828
-13266
-9139
-6193
-9510
-17203
-20447
-16380
-9777
-4689
-787
956
268
1235
4346
6595
8073
9737
11331
11922
10160
6263
2036
-714
-1046
-325
-1269
-5017
-9907
-13172
-14056
-13180
-11039
-8993
-8017
-7401
-6087
-3810
-955
2215
5111
7411
9529
10804
10301
8512
7142
6832
6025
4478
2133
-1936
-5128
-5930
-6869
-7912
-8149
-8525
-8725
-8044
-6641
-5036
-3314
-897
1507
3120
4684
6067
6547
6746
7327
7673
7106
5946
4408
2655
1539
1086
442
-424
-1029
-1503
-1934
-1638
-588
543
1724
2871
3628
4268
5248
6141
6253
6359
7067
7402
7333
7379
7250
7283
8101
8971
8370
6519
2547
-6400
-15254
-16471
-13112
-9211
-6334
-9279
-16725
-20307
-16611
-10019
-4808
-706
1243
335
703
3436
6064
8289
10129
11444
11682
9649
5971
2240
-222
-634
-109
-1125
-5019
-9972
-13182
-14135
-13211
-11002
-9076
-8170
-7507
-6374
-4455
-1313
2282
4998
7356
9396
10243
10093
9008
7822
7221
6807
6377
4394
418
-4713
-9408
-10736
-10278
-8932
-6271
-7158
-10037
-9765
-7722
-4132
503
3720
4759
4556
5671
7204
7573
8615
9355
8450
7139
5209
2407
37
-771
-515
-446
-683
-1574
-3129
-3522
-2071
178
2222
3616
4369
4292
4689
6210
7033
7654
8312
8068
8142
8004
7678
8166
8454
8772
8342
6313
1314
-8498
-16133
-16300
-13327
-9068
-6582
-10743
-17663
-19826
-15596
-9270
-4047
-73
1160
436
1506
4232
6594
8604
10411
11743
11724
9422
5617
1859
-461
-714
-303
-1694
-5687
-10166
-13077
-14083
-13059
-10948
-9262
-8213
-7304
-5980
-3758
-612
2515
5107
7598
9514
10519
10796
9931
8373
7332
6627
5173
3085
528
-3062
-7272
-10542
-11576
-11174
-9704
-7630
-7962
-9208
-7915
-5480
-2190
2060
4966
6088
6782
7684
8247
8564
9070
8738
7286
5501
3523
1213
-831
-1603
-1568
-1701
-1870
-2332
-3364
-3312
-1387
641
2340
3814
4456
5161
6168
7048
8007
8403
8007
7408
7033
7421
8309
8522
8196
7789
6483
4811
769
-8538
-16257
-16531
-13328
-9358
-7048
-10553
-17290
-19470
-14753
-8498
-3748
129
1221
298
1639
4960
7538
9151
10325
11179
11056
8881
5358
1842
-621
-1081
-881
-2421
-6297
-10749
-13304
-13798
-12895
-10818
-8929
-8041
-7349
-5859
-3196
138
3107
5325
7376
9328
10606
10903
10003
8260
7032
6590
5150
2498
-336
-3573
-6740
-9165
-10190
-10073
-10131
-9210
-8277
-8544
-6908
-4254
-2171
816
3704
5901
7308
7823
8349
8298
8228
8424
7285
5486
3843
2016
300
-993
-1610
-1988
-2440
-2382
-2435
-2615
-1319
686
2035
3348
4464
4957
5375
5989
6621
7115
7335
7144
7015
7242
7670
8104
8021
7959
7660
6477
3725
-4275
-14045
-16759
-14207
-10369
-6518
-7897
-14782
-19660
-17561
-11422
-6027
-1535
1031
383
566
3506
6276
7978
9561
11111
11919
10690
7420
3540
338
-892
-480
-1007
-4095
-8538
-12072
-13751
-13534
-11702
-9514
-8180
-7425
-6305
-4498
-1718
1509
3983
6301
8633
10068
10578
9816
8143
6760
6252
5639
2998
-547
-3643
-6420
-7445
-7246
-7363
-7797
-8584
-8833
-8263
-6702
-3813
-1370
325
2190
3790
5236
6350
6756
6861
6883
6905
6250
4727
3386
2162
963
278
-333
-1075
-1789
-2186
-2062
-1766
-835
566
1435
2228
3207
4118
4955
5608
6196
6353
6295
6227
5500
5276
6132
6933
7262
6873
6567
6475
5778
4913
733
-8600
-15400
-15040
-11650
-7780
-5922
-9980
-16903
-18713
-13755
-7687
-3390
-143
583
-58
1780
5010
6920
7904
9103
10449
10543
8421
4834
1276
-787
-850
-462
-2004
-5868
-10017
-12512
-12931
-11606
-9399
-7702
-6976
-6324
-4905
-2583
196
2715
4797
6834
8555
9138
8609
7416
6271
6111
5877
4202
1711
-1398
-4467
-6001
-6741
-7477
-7976
-8431
-8588
-8394
-7186
-4739
-2859
-1149
1308
3251
4750
6096
6774
6959
7107
7465
7271
6183
4893
3505
2095
893
9
-574
-1153
-1531
-1537
-1427
-1031
-18
1193
2054
2982
3887
4331
4916
5504
5852
6428
6712
6548
6494
6544
6895
7369
7324
7325
7369
6557
4821
-385
-9610
-15500
-14689
-11372
-7881
-7068
-11840
-17981
-18633
-13535
-7717
-3390
-366
201
-222
1566
4639
6778
8160
9478
10678
10481
7887
4182
1003
-731
-603
-257
-2125
-6258
-10367
-12596
-12812
-11428
-9261
-7709
-7238
-6823
-5446
-2971
106
2844
4918
6786
8240
8852
8540
7537
6925
7027
6719
5424
2681
-1579
-5091
-6648
-7174
-6791
-6435
-7125
-8370
-8994
-7633
-5270
-2904
-110
1731
2639
3996
5210
5945
6609
7448
7855
7118
5858
4199
2316
1209
774
385
-243
-965
-1680
-2465
-2507
-1552
-428
687
1599
2162
2883
3757
4545
5047
5356
5957
6429
6648
6851
6577
6186
5939
5806
5987
5815
5595
5736
5075
3934
2004
-4135
-12618
-16052
-14037
-10485
-6778
-6897
-12519
-17161
-15596
-9925
-4657
-940
1173
885
831
3097
5454
6803
7747
8578
9221
8429
5802
2526
-425
-1829
-1414
-1413
-3639
-7255
-10284
-11660
-11385
-9781
-7933
-6837
-6062
-4980
-3477
-1420
902
2763
4341
6234
7809
8467
8098
6895
5928
5378
5022
4036
1298
-1431
-3603
-5928
-6844
-7066
-7605
-7775
-7923
-7395
-6209
-4683
-2240
-386
787
2723
4645
5885
6646
7013
7077
6894
6718
6074
4584
3090
1859
743
75
-389
-873
-1431
-2093
-2177
-1507
-571
369
1392
2505
3303
4064
4616
4786
5511
6179
6502
6747
6249
5971
5976
5810
6291
6517
6287
6154
5252
4069
2770
-1925
-10313
-15577
-14711
-11481
-7777
-6428
-10798
-16706
-16981
-11624
-6188
-2323
699
1051
322
2186
5172
6808
7712
8840
9788
9328
7136
4094
941
-953
-798
-607
-2472
-6193
-9795
-11722
-11983
-10678
-8744
-7562
-6909
-6194
-4994
-2850
-122
2299
4288
6274
7887
8659
8523
7659
6723
6179
5873
4854
2527
-564
-3760
-6183
-7218
-7068
-6404
-6103
-6732
-7867
-7681
-5780
-3470
-807
1492
2623
3591
4714
5525
5919
6295
6772
6561
5747
4647
2965
1352
501
208
-22
-542
-1194
-1941
-2533
-2037
-822
-60
558
1244
1892
3004
4089
4566
4813
5203
5662
5613
5135
4933
5044
5148
5398
5659
5334
4928
4880
4819
4720
4535
3777
-658
-9422
-14961
-13992
-10830
-6984
-5179
-9341
-15470
-16310
-11686
-6666
-2544
993
1421
285
1793
4665
6270
7304
8633
9648
9271
7110
3812
494
-1304
-986
-634
-2556
-6188
-9492
-11422
-11670
-10294
-8340
-6944
-6202
-5547
-4431
-2479
129
2294
3934
5826
7378
8065
7852
6889
6127
5752
5297
4226
2426
384
-1712
-2989
-4177
-6295
-7159
-7509
-8546
-7590
-5760
-5085
-4046
-2608
-1267
472
2751
4786
5313
5412
6273
6560
6227
6063
5304
4060
3303
2601
1311
110
-522
-1043
-1470
-1565
-1400
-1120
-775
-82
730
1678
2972
3614
3826
4393
4822
5375
5919
5907
5851
5732
5650
5899
6104
6208
5977
5529
5013
4232
3252
-1121
-9670
-14805
-13957
-11265
-7484
-5962
-10522
-15964
-15895
-11213
-6319
-2512
334
705
399
2424
5022
6400
7392
8429
9239
8895
6760
3690
681
-1086
-845
-543
-2378
-5852
-9120
-10885
-11045
-9945
-8299
-7221
-6675
-5772
-4251
-2250
91
2233
3955
5694
7142
7911
7963
7152
6514
6556
6389
5548
3757
1373
-1050
-3141
-4750
-6442
-7533
-7821
-8025
-7507
-6810
-6132
-4860
-3637
-1687
803
2456
3835
4740
5172
5980
6742
7061
6598
5539
4577
3365
2049
998
-64
-818
-1308
-1864
-2343
-2732
-2675
-2141
-1401
-213
884
1587
2530
3492
4237
5098
5967
6386
6381
6276
5926
5488
5107
4721
4776
4878
4640
4140
3213
2613
2299
2446
2035
-3515
-11191
-13518
-12199
-9194
-4747
-4639
-10020
-14082
-12629
-8239
-4370
-789
1265
395
362
2539
4104
4749
5488
6681
7627
6820
4629
1938
-678
-1610
-878
-840
-2873
-5910
-8300
-9507
-9305
-7766
-6054
-5261
-4972
-4301
-3150
-1354
722
2166
3513
5088
6166
6661
6445
5805
5419
5264
5107
4151
2346
622
-923
-2394
-4066
-5371
-5282
-4944
-4725
-4606
-6021
-7450
-6842
-4570
-1133
1697
2741
2499
1693
2263
4380
6189
7103
6816
5634
4466
3379
2421
1709
1280
932
271
-740
-2035
-2943
-2794
-1901
-588
609
1059
1011
1115
1842
3114
4490
5464
5462
4945
4808
4951
5118
5104
5159
5766
6079
5789
5395
4757
4070
3884
4157
1141
-6991
-13014
-13624
-12061
-8170
-5223
-8348
-14228
-16141
-12715
-8057
-4031
-299
732
31
1317
3745
5247
6096
7372
8935
9108
7412
4721
1671
-471
-534
160
-850
-3811
-7078
-9459
-10382
-9513
-7695
-6442
-6065
-5775
-4996
-3419
-1137
896
2586
4647
6455
7399
7620
7114
6441
6197
6269
5966
4665
2745
615
-1455
-3010
-4072
-5207
-6848
-7875
-7855
-7669
-6364
-4859
-4625
-3518
-1566
105
2166
3765
4399
4754
5415
6433
6690
6325
5880
4708
3376
2551
1556
182
-855
-1437
-2143
-2652
-2657
-2787
-2816
-2231
-1326
-269
603
1083
1756
2851
4085
5003
5467
5811
5864
5812
5922
5634
5217
4899
4615
4578
4211
3577
2775
1823
1624
1907
1777
-1411
-8645
-13642
-13312
-10762
-6818
-4423
-7458
-12238
-12845
-9229
-4997
-1363
1540
1904
1037
2217
4365
5347
5835
6734
7644
7435
5765
3185
213
-1683
-1534
-956
-1918
-4533
-7352
-9103
-9464
-8390
-6565
-5269
-4753
-4259
-3316
-1783
338
2303
3750
5209
6352
6735
6607
6025
5319
5008
4970
4468
3000
1120
-677
-2358
-3357
-3551
-3846
-4896
-6101
-6443
-6114
-5168
-3706
-3421
-3774
-2631
-694
1316
3317
4268
4280
4237
4714
5482
5577
5171
4511
3246
2072
1384
420
-743
-1448
-1850
-2150
-2263
-2435
-2741
-2559
-1443
107
1391
2116
2381
2806
3733
4745
5547
5976
5821
5349
4971
4833
4759
4127
3386
3298
3054
2788
2653
1858
1343
1587
2300
978
-5658
-12198
-13075
-10940
-6799
-2818
-4416
-9968
-12811
-10402
-5954
-2127
1236
2314
1009
1230
3131
4151
4562
5279
6366
6929
5725
3261
285
-2136
-2213
-957
-1000
-2969
-5712
-7904
-8838
-8172
-6420
-4824
-3962
-3509
-2862
-1865
-389
1275
2529
4062
5825
6720
6679
5862
4822
4328
4358
4246
3224
1612
59
-1368
-2403
-3012
-3554
-4361
-5713
-6937
-7022
-6084
-4399
-2493
-1550
-1251
-499
699
2175
3626
4657
5281
5373
5217
5060
4417
3494
2788
2066
1325
681
-292
-1641
-2655
-2888
-2603
-2244
-1985
-1920
-1793
-1122
-129
904
1937
2658
3274
4012
4535
4887
5225
5413
5348
5046
4680
4089
3179
2448
1992
1795
1840
1546
1002
660
599
1176
2360
2192
-1991
-8008
-10643
-9597
-6412
-2405
-1885
-6007
-9918
-9765
-6687
-3437
-625
911
267
-266
970
2249
2631
3189
4329
5226
4939
3379
1168
-1028
-1899
-990
-280
-1231
-3221
-5116
-6288
-6356
-5139
-3867
-3589
-3534
-3093
-2224
-895
455
1376
2191
3384
4488
4874
4647
4148
3641
3490
3560
3115
2177
1047
-196
-1131
-1715
-2175
-2923
-3899
-4720
-5671
-5590
-4498
-4022
-2794
-1104
-543
303
1297
1743
2468
3530
4532
4682
4209
3884
3087
2167
1890
1569
805
-113
-1057
-1990
-2601
-2455
-2029
-1919
-1664
-1220
-792
-18
887
1713
2513
3120
3598
4007
4396
4710
4838
4785
4480
4189
3808
3351
3161
2511
1856
1881
1606
1372
1470
1514
1948
2500
3028
1799
-3402
-8658
-9764
-8014
-4621
-1633
-2911
-7752
-10892
-9419
-5820
-2680
-38
749
-497
-720
686
1817
2462
3455
4706
5209
4438
2770
533
-1234
-1020
406
714
-784
-3147
-5293
-6332
-5734
-4124
-3085
-3077
-3262
-3211
-2663
-1388
34
1038
1879
2809
3513
3710
3507
3209
3057
3141
3243
2897
2021
912
14
-506
-783
-1009
-1780
-3279
-4743
-5348
-4792
-3574
-2276
-1616
-2032
-2114
-1177
-44
1383
2695
3110
3064
3090
3225
3207
3132
3143
2756
2045
1430
584
-455
-1013
-1120
-1105
-951
-963
-1305
-1474
-1049
-217
523
1183
1751
1860
1922
2417
3044
3614
4187
4377
4035
3824
3685
3301
3055
2756
2348
2157
1886
1576
1438
1333
1469
1935
2410
2915
2720
-298
-5429
-8689
-8520
-6070
-2900
-1873
-4893
-9077
-10020
-7766
-4728
-1790
12
-174
-775
-38
1413
2309
2957
3992
4913
4951
3978
2273
357
-568
79
815
91
-1805
-3858
-5420
-5894
-5195
-4261
-3810
-3729
-3710
-3424
-2552
-1302
-241
684
1849
3084
3825
3822
3416
3073
3066
3374
3380
2626
1416
160
-830
-1401
-1579
-1632
-2241
-3425
-4310
-4378
-3797
-3339
-3475
-3663
-3302
-1858
296
1603
1671
1483
1826
2755
3914
4716
4423
3332
2528
2283
2078
1611
952
44
-771
-1020
-1186
-1706
-2159
-2108
-1546
-778
-149
102
163
660
1685
2655
3306
3776
4014
4101
4413
4773
4843
4599
3918
3149
2858
2762
2508
2245
1854
1328
1017
1021
1359
1954
2668
1910
-2150
-6792
-8463
-7405
-4446
-1615
-2114
-5580
-8486
-8258
-5817
-3114
-613
442
-268
-516
392
1322
1942
2623
3545
4077
3648
2582
972
-502
-500
441
650
-356
-2077
-3907
-5149
-5154
-4314
-3675
-3441
-3385
-3400
-3079
-2132
-1059
-283
646
1833
2781
3200
2993
2567
2397
2618
3019
2837
2004
1028
9
-691
-852
-828
-942
-1502
-2466
-3265
-3622
-3542
-3073
-2565
-2020
-1302
-755
-304
217
749
1583
2455
2872
3045
2943
2495
2118
1955
1831
1643
1155
294
-520
-972
-1040
-975
-1083
-1146
-991
-753
-423
-68
282
834
1573
2235
2669
2854
2858
2787
2878
3337
3791
3913
3719
3039
2248
1989
2095
2213
2184
1894
1496
1151
987
1216
1680
2082
2414
1698
-1193
-4722
-6719
-6650
-4735
-2603
-2457
-4693
-7311
-7742
-6060
-3779
-1603
-620
-935
-981
-329
496
1253
1913
2813
3565
3457
2681
1341
7
-263
235
507
-42
-1397
-2964
-4138
-4331
-3649
-3049
-2917
-2977
-2995
-2757
-2125
-1271
-392
498
1425
2291
2677
2532
2377
2346
2401
2608
2662
2228
1495
706
42
-226
-247
-257
-674
-1835
-2909
-3605
-3955
-3202
-2144
-1722
-1485
-1502
-1533
-1133
-353
774
1650
2106
2517
2544
2224
2120
2149
2175
2255
2073
1445
542
-250
-582
-629
-481
-304
-516
-805
-907
-868
-479
145
742
1191
1511
1843
2149
2355
2581
2882
3040
3140
3250
3092
2983
3012
2707
2290
1931
1522
1349
1443
1534
1473
1308
1209
1209
1313
1670
1691
167
-2201
-3902
-4865
-4495
-3032
-2553
-3562
-5064
-5968
-5773
-4799
-3248
-2010
-1799
-1656
-1125
-593
96
900
1682
2363
2536
2341
1773
737
213
405
582
406
-361
-1506
-2590
-3236
-3223
-2953
-2706
-2521
-2578
-2654
-2380
-1893
-1352
-631
220
981
1507
1661
1546
1351
1358
1781
2128
2075
1824
1270
548
77
-76
25
-167
-1056
-2088
-2942
-3229
-2562
-1702
-1196
-1006
-1147
-1220
-949
-316
541
1225
1758
2170
2276
2246
2254
2236
2264
2410
2325
1799
1082
398
-37
-139
-53
33
-139
-567
-934
-1075
-893
-352
177
538
890
1119
1341
1650
1876
2160
2459
2752
2990
2937
2782
2506
2138
2032
2086
2112
1974
1460
873
662
726
927
1151
1077
937
965
982
704
-545
-2195
-3317
-4037
-3603
-2573
-2760
-3675
-4627
-5392
-5140
-3954
-2620
-1837
-1612
-1327
-985
-513
419
1283
1826
2233
2244
1899
1311
666
360
298
249
-31
-698
-1624
-2517
-2924
-2962
-2860
-2625
-2593
-2625
-2458
-2176
-1740
-1277
-724
-85
428
931
1276
1308
1373
1594
1869
2069
2036
1840
1507
1082
834
419
-280
-620
-832
-1045
-1131
-1899
-2971
-3238
-2726
-1587
-398
-72
-513
-865
-441
612
1703
2473
2564
2129
1926
2015
2060
2034
1874
1579
1170
710
174
-559
-1043
-981
-706
-450
-400
-584
-811
-743
-89
755
1441
2023
2310
2345
2444
2602
2719
2908
3213
3294
2975
2512
2056
1770
1722
1687
1585
1301
962
842
687
604
835
1012
1178
1423
1374
584
-962
-2257
-2991
-3422
-2854
-2177
-2886
-4006
-4649
-5006
-4738
-3675
-2587
-2326
-2388
-1914
-1482
-1229
-446
383
755
1033
1187
904
327
96
318
395
313
115
-594
-1550
-2054
-2102
-2044
-1827
-1637
-1817
-2079
-2082
-1823
-1416
-912
-325
100
331
625
912
1117
1438
1868
2155
2223
2088
1773
1297
847
623
173
-316
-370
-788
-1276
-1257
-1654
-1981
-1541
-1145
-890
-573
-356
-267
-164
378
1048
1275
1438
1514
1238
1103
1264
1364
1229
1020
849
502
215
274
315
236
260
207
-78
-190
-28
86
296
616
781
893
1056
1317
1645
1887
2099
2148
2012
1979
2045
2062
1998
1910
1822
1634
1435
1315
1119
855
642
575
611
676
801
800
704
654
576
475
-210
-1353
-1899
-2370
-2977
-2941
-3043
-3621
-3887
-3881
-3875
-3875
-3490
-2754
-2427
-2126
-1463
-1103
-838
-224
424
836
973
991
858
496
435
629
432
103
-175
-722
-1269
-1479
-1524
-1601
-1665
-1653
-1735
-1863
-1659
-1293
-1082
-682
-109
185
393
653
795
1074
1497
1794
1923
1852
1623
1240
802
521
205
-53
-19
-256
-738
-959
-1275
-1526
-1189
-736
-435
-224
-150
-81
-22
255
760
1004
1130
1294
1198
988
939
1020
1052
1065
1130
908
547
467
433
388
448
401
227
96
110
201
258
333
461
600
765
1074
1406
1510
1565
1686
1689
1759
1973
2055
1965
1873
1855
1784
1700
1652
1362
1034
977
946
926
846
544
351
341
443
673
612
265
-194
-915
-1499
-1726
-1990
-2336
-2645
-3003
-3386
-3476
-3314
-3342
-3440
-3249
-2964
-2695
-2205
-1750
-1580
-1328
-885
-464
-185
-44
34
-16
-38
145
192
-59
-298
-467
-682
-837
-874
-940
-1112
-1234
-1221
-1207
-1187
-1022
-815
-629
-372
-66
170
294
502
864
1124
1228
1226
1011
707
520
485
555
584
491
268
-115
-419
-399
-278
-213
-131
-164
-306
-374
-309
-118
105
308
448
440
482
677
872
1062
1226
1299
1265
1162
1115
1059
984
964
838
668
579
475
412
378
335
325
288
298
365
472
751
1119
1398
1561
1596
1586
1659
1768
1850
1883
1774
1623
1546
1399
1231
1099
918
801
804
760
594
415
305
281
350
396
340
186
-72
-312
-601
-1102
-1447
-1531
-1773
-2011
-2170
-2574
-2967
-3044
-2876
-2720
-2701
-2570
-2478
-2442
-2071
-1622
-1331
-1103
-813
-421
-250
-123
163
128
59
287
262
20
-118
-285
-447
-487
-477
-592
-824
-923
-896
-842
-709
-588
-531
-453
-297
-84
77
176
259
291
352
472
511
391
221
179
153
91
96
-49
-337
-438
-363
-295
-224
-151
-201
-294
-196
9
150
327
472
481
518
623
692
702
718
756
753
763
806
740
597
518
502
529
600
611
503
437
425
444
566
717
868
1017
1169
1375
1511
1589
1671
1653
1630
1652
1652
1628
1493
1291
1166
1062
932
819
714
563
359
277
331
287
269
331
231
127
170
200
222
262
231
35
-374
-782
-1048
-1298
-1435
-1494
-1844
-2331
-2587
-2711
-2749
-2567
-2320
-2251
-2211
-1988
-1801
-1670
-1347
-978
-731
-516
-284
-191
-268
-247
-88
37
125
172
23
-219
-287
-264
-270
-298
-387
-517
-608
-612
-545
-499
-426
-274
-175
-130
-99
-136
-162
-77
95
188
208
278
265
201
238
250
227
289
345
282
183
135
90
119
218
237
191
110
43
71
127
201
291
316
311
310
282
262
288
358
442
506
570
559
481
479
527
605
695
697
673
691
770
910
1029
1139
1191
1198
1234
1186
1143
1136
1048
997
946
768
564
366
248
358
489
503
469
273
117
309
572
724
822
728
505
432
564
736
800
675
380
-24
-462
-786
-984
-1171
-1283
-1394
-1733
-2159
-2427
-2518
-2443
-2202
-1978
-1937
-1926
-1818
-1668
-1384
-952
-578
-358
-245
-156
-95
-41
122
278
283
229
120
-102
-296
-387
-453
-532
-591
-655
-792
-909
-928
-879
-768
-645
-537
-491
-453
-304
-165
-52
130
262
336
434
488
488
453
453
542
573
562
490
231
67
111
156
214
215
73
-96
-219
-214
-79
107
290
361
313
228
242
414
565
686
830
830
724
691
637
569
671
798
823
791
663
521
464
533
747
950
1023
970
817
634
542
612
752
875
895
752
538
407
449
610
766
779
658
561
481
465
586
622
547
528
435
235
125
83
-40
-174
-255
-394
-677
-972
-1138
-1261
-1331
-1292
-1366
-1592
-1761
-1817
-1759
-1632
-1513
-1418
-1339
-1233
-1068
-886
-713
-567
-485
-369
-223
-203
-220
-230
-319
-360
-317
-322
-394
-531
-649
-716
-790
-742
-660
-692
-671
-604
-554
-470
-385
-274
-192
-145
-12
59
73
203
290
336
416
430
412
353
326
358
337
362
404
346
273
255
242
207
238
271
204
201
252
234
256
321
365
416
475
523
554
592
666
729
750
748
730
689
635
629
663
679
694
694
705
754
790
844
861
772
685
613
551
544
532
467
378
331
364
398
387
372
342
337
435
557
604
541
420
358
313
269
271
209
75
-21
-116
-308
-530
-695
-833
-906
-924
-1049
-1242
-1352
-1389
-1341
-1192
-1097
-1138
-1220
-1240
-1162
-1039
-876
-744
-736
-727
-664
-632
-610
-547
-501
-493
-499
-546
-632
-693
-674
-618
-585
-555
-525
-551
-576
-513
-436
-379
-286
-211
-193
-168
-114
-76
-44
42
140
159
181
237
218
207
282
312
301
346
355
286
258
268
245
266
327
313
242
189
196
277
356
430
465
412
411
461
499
567
611
612
638
648
629
641
666
686
710
710
701
699
724
810
881
878
843
787
692
630
660
686
641
587
504
400
389
452
484
487
491
486
486
508
552
583
559
540
536
459
327
197
98
38
-12
-100
-291
-543
-713
-836
-929
-976
-1079
-1152
-1188
-1292
-1334
-1305
-1292
-1205
-1089
-1039
-1009
-971
-916
-847
-776
-703
-679
-705
-695
-675
-691
-733
-801
-836
-811
-769
-715
-702
-740
-716
-654
-627
-543
-445
-402
-334
-256
-229
-225
-212
-148
-43
39
108
131
75
33
107
195
205
233
240
185
194
265
305
285
265
255
243
277
331
366
384
387
438
479
476
512
535
548
624
682
682
678
655
633
632
651
690
689
681
692
668
657
714
762
753
745
727
672
648
674
682
641
600
564
513
493
506
497
474
454
427
429
455
459
427
369
314
272
247
238
197
117
40
-29
-65
-76
-102
-143
-233
-379
-491
-550
-603
-669
-742
-823
-924
-993
-1010
-1053
-1078
-1057
-1040
-1025
-1010
-990
-969
-927
-813
-718
-671
-616
-623
-662
-644
-626
-643
-662
-680
-699
-728
-715
-662
-665
-650
-567
-521
-480
-388
-306
-271
-220
-142
-116
-91
-10
36
63
117
146
166
183
212
261
266
265
266
224
218
264
288
304
301
275
266
291
347
399
439
501
558
600
643
679
712
731
767
824
845
836
818
824
822
806
809
764
678
611
530
464
444
431
431
405
337
297
304
330
370
405
423
407
382
396
417
411
415
396
338
287
240
147
40
-27
-91
-149
-222
-340
-441
-495
-508
-493
-473
-499
-543
-570
-616
-620
-581
-570
-576
-591
-593
-620
-669
-682
-699
-701
-674
-677
-704
-747
-779
-748
-716
-714
-709
-728
-741
-711
-684
-677
-669
-641
-592
-539
-492
-457
-446
-410
-314
-213
-140
-93
-80
-81
-48
9
66
98
92
85
64
53
78
85
109
147
165
185
181
175
231
301
356
412
429
407
393
411
464
503
537
585
581
577
618
645
677
719
730
724
743
755
764
770
738
720
697
656
666
660
606
564
508
443
423
427
419
391
358
314
248
203
191
172
135
143
160
126
69
10
-45
-58
14
48
-20
-92
-157
-209
-215
-237
-307
-426
-518
-532
-573
-598
-610
-691
-747
-759
-765
-755
-737
-725
-710
-693
-681
-673
-640
-584
-529
-467
-422
-417
-423
-436
-439
-419
-390
-370
-387
-442
-492
-485
-440
-374
-312
-301
-312
-304
-274
-207
-118
-59
-25
1
-8
-3
31
60
105
145
152
137
129
135
167
213
245
264
247
223
230
246
249
262
296
326
338
359
387
367
356
417
465
487
517
520
490
479
519
560
553
539
528
481
459
478
495
487
466
452
399
326
311
307
286
295
283
213
151
105
63
57
62
48
13
-35
-60
-66
-60
-37
-35
-30
-3
-7
-33
-67
-117
-167
-189
-203
-252
-320
-386
-440
-481
-500
-499
-514
-537
-550
-562
-560
-531
-472
-418
-375
-339
-331
-322
-310
-297
-277
-276
-268
-272
-292
-290
-299
-326
-331
-325
-324
-308
-301
-306
-300
-285
-241
-193
-161
-139
-112
-62
-25
10
39
33
52
98
146
171
160
148
141
151
194
229
220
218
216
221
246
239
238
249
243
257
272
277
290
295
313
340
359
383
392
386
395
405
401
392
396
390
377
376
353
330
315
285
248
216
207
201
185
174
154
127
112
99
80
37
-21
-64
-115
-160
-171
-180
-219
-255
-267
-275
-256
-223
-200
-191
-198
-201
-197
-189
-168
-158
-155
-182
-227
-264
-296
-287
-270
-272
-264
-291
-324
-305
-297
-293
-244
-214
-213
-202
-196
-193
-160
-88
-39
-18
10
7
-16
7
51
55
56
50
38
32
22
28
11
3
41
80
86
