12
7
7
15
4
1
10
3
6
10
4
6
2
-3
7
9
5
7
-1
-2
7
1
-1
4
0
-4
-1
0
-14
-17
-17
-21
-19
-23
-32
-32
-29
-24
-18
-19
-7
4
0
3
13
11
11
21
20
31
37
30
28
18
19
16
5
4
-9
-17
-24
-25
-27
-32
-19
-8
-9
1
11
2
3
12
9
9
17
15
11
16
15
4
-3
-4
0
-3
-10
-13
-8
-9
-6
2
-3
0
3
9
9
5
10
5
8
6
-1
0
-11
-16
-24
-26
-20
-27
-32
-27
-22
-20
-2
9
7
16
25
26
27
31
26
17
16
8
-10
-18
-24
-39
-48
-55
-59
-61
-67
-61
-48
-36
-24
-17
-9
-6
-3
6
8
1
5
8
6
3
-8
-16
-17
-26
-28
-19
-24
-17
-3
-5
1
10
16
27
31
37
52
62
62
55
59
65
49
44
48
28
21
17
11
18
14
14
9
5
17
18
26
45
31
29
48
48
49
51
48
57
44
26
36
18
-7
-12
-30
-45
-58
-61
-69
-86
-82
-92
-103
-88
-85
-67
-53
-41
-25
-27
-20
-3
0
-7
-6
-8
-17
-30
-44
-52
-68
-73
-68
-80
-87
-82
-85
-78
-59
-52
-37
-41
-43
-35
-48
-34
-26
-38
-41
-62
-78
-87
-95
-81
-77
-93
-71
-50
-48
-14
23
48
63
83
90
71
75
82
84
85
66
70
70
58
90
107
111
146
174
216
239
256
313
297
297
348
305
281
304
262
226
203
155
85
41
47
2
-28
-11
-39
-22
64
151
222
248
282
330
359
440
496
475
439
333
203
118
17
-61
-115
-322
-639
-854
-1035
-1183
-1144
-1068
-1065
-1040
-938
-798
-722
-562
-276
-104
93
365
490
554
608
602
617
619
524
344
143
-56
-260
-416
-505
-634
-805
-860
-837
-869
-822
-648
-509
-380
-217
-87
46
172
249
312
327
283
211
116
-12
-204
-378
-473
-569
-665
-723
-735
-716
-665
-538
-355
-123
135
351
521
643
769
910
1007
1098
1123
1079
1094
1085
1047
1018
935
882
807
694
669
686
750
828
887
1044
1226
1373
1514
1693
1919
2028
2089
2120
2041
2050
1846
1074
-159
-2022
-3753
-4135
-3775
-3495
-3322
-3504
-4014
-4288
-3701
-2503
-1566
-704
426
1305
1890
2478
2813
2823
2787
2672
2441
2105
1282
66
-917
-1613
-2232
-2744
-3207
-3734
-4153
-4045
-3332
-2497
-1810
-1144
-347
537
1361
2149
2868
3362
3642
3740
3515
2942
2144
1260
560
-18
-740
-1473
-2154
-2836
-3270
-3331
-3032
-2433
-1796
-1200
-512
252
950
1596
2266
2740
2993
3217
3151
2733
2120
1351
798
224
-486
-1525
-3671
-4926
-4786
-5237
-4124
-2174
-2521
-2437
-1222
-544
427
1681
3076
3686
3372
4013
4140
3019
2790
2469
1241
517
66
-907
-1948
-2288
-2250
-2195
-1545
-833
-749
-532
335
1462
2208
2871
3581
3471
3317
3628
3431
3050
2804
2573
2162
1460
1317
1022
266
294
179
-155
-75
-733
-2283
-4561
-6373
-5980
-4482
-3122
-2254
-2393
-3143
-3499
-2477
-795
155
842
1700
2261
2360
2264
2214
1979
1504
1119
884
427
-575
-1846
-2688
-2846
-2800
-2848
-2927
-3216
-3583
-3205
-1868
-536
116
495
1085
1747
2174
2448
2796
3073
2990
2663
2256
1397
156
-697
-1001
-1186
-1574
-2048
-2412
-2742
-2835
-2523
-1732
-739
-53
544
1066
1634
1281
-689
-962
-400
-1375
73
1679
-244
-1299
-1090
-1193
-818
-328
538
313
-388
969
1523
891
1689
2060
1530
1784
2213
1897
1335
1524
1767
1498
1688
1546
742
609
926
1344
1656
1720
1963
1578
1197
2073
2560
2508
2973
3199
3160
3151
3034
2827
2545
2525
2249
1041
-1575
-6264
-9945
-9244
-6894
-5540
-4586
-4859
-6630
-7189
-4839
-1779
-273
979
2833
3857
4202
4659
4634
4193
3791
3183
2545
1875
142
-2510
-4147
-4394
-4584
-4957
-5302
-5906
-6383
-5605
-3365
-1198
-214
396
1439
2701
3740
4349
4807
5260
5253
4656
3803
2550
760
-760
-1391
-1709
-2549
-3625
-4174
-4468
-4658
-4327
-3087
-1329
-440
173
394
-902
-1120
-384
146
2376
3252
1878
1513
619
-465
-189
280
727
93
-811
-434
-649
-838
179
560
488
1027
1605
1632
1506
1876
2199
2475
2984
2730
2005
1608
1447
1714
1927
1848
1465
771
688
629
554
1452
2375
3301
3645
2918
2618
2195
2572
4129
4272
4341
4498
2777
564
-2825
-8040
-10748
-8895
-6231
-5264
-5184
-6419
-8591
-8453
-5094
-1775
-235
1563
3576
3960
4158
5160
5428
5020
4670
3849
2758
1718
-149
-2704
-4528
-5252
-5613
-6085
-6653
-7396
-7594
-6048
-3633
-1932
-1085
-404
933
2739
4275
5341
5873
5926
5648
5027
3918
2551
1210
22
-779
-1776
-3157
-4311
-5038
-5234
-5161
-4425
-3951
-5096
-5161
-4096
-3241
-321
2347
2455
2570
3045
3516
4046
4451
4688
3675
2479
2508
1894
303
-597
-1130
-1855
-2021
-1616
-1603
-1843
-1242
-164
707
1766
2635
2960
3279
3940
4679
4817
4605
4323
3735
3371
3066
2415
1602
675
220
21
-81
320
347
297
-37
-932
204
2250
2987
4260
5444
4884
4082
3697
21
-7485
-10475
-7446
-5523
-4493
-3696
-6708
-10731
-10234
-6435
-4123
-2978
-319
1798
2316
3490
4540
4527
4685
4802
4655
4697
4181
2016
-1100
-3201
-4136
-4633
-4840
-5621
-7096
-7763
-6617
-4673
-3572
-3108
-2152
-344
2017
3929
4837
5151
5238
5512
5689
5230
4241
2798
1606
595
-834
-2262
-3471
-4320
-6398
-8928
-8588
-8092
-7544
-4405
-2966
-2937
-953
1142
2744
4106
5464
6901
7120
7052
6894
5207
3638
3173
2062
102
-1469
-2404
-3339
-3902
-3632
-3402
-2828
-1386
-158
683
1742
3185
4500
5364
6159
6227
5581
5466
5395
4757
3828
2814
2015
905
-290
-910
-1353
-1079
-514
-386
210
1235
2397
3472
4040
2937
815
1956
4964
4593
-160
-7048
-10794
-10028
-7112
-3292
-3342
-7789
-10036
-8426
-5957
-4053
-2019
321
1712
2803
4491
5160
4567
3908
3534
3902
4322
3532
1208
-2208
-4934
-5756
-5127
-4712
-5938
-7496
-7541
-6114
-4344
-3298
-2595
-1392
592
3175
4926
5103
4798
4879
5418
5607
4824
3626
2324
982
-271
-2199
-5129
-6967
-7528
-8955
-8962
-7132
-6752
-5588
-2847
-1357
-5
2354
4791
6122
6577
7726
8403
7762
7058
5648
3442
2052
1286
-182
-2278
-3719
-4212
-4284
-3749
-3011
-2542
-1431
481
2291
3603
4660
5778
6552
6892
7014
6418
5592
4954
3822
2629
1572
456
-297
-1221
-2089
-1759
-781
69
856
1336
1545
2323
3217
3332
4061
5318
5809
5050
-667
-9386
-12253
-10065
-7374
-4247
-4128
-8704
-12383
-10994
-7615
-5629
-2881
792
2367
3067
4401
4726
4326
4678
5579
6188
5926
4585
1587
-2086
-4246
-4981
-4825
-4725
-5974
-7600
-8245
-7414
-5859
-4653
-3308
-1322
1152
3297
4428
4826
4851
5410
6643
7101
6297
4645
2446
129
-2187
-4131
-5358
-6265
-6849
-7279
-7707
-7641
-6974
-5391
-3269
-1175
1305
3476
4818
5750
6235
6655
7270
7404
6532
4932
3199
1719
329
-1144
-2365
-3211
-3508
-3312
-3087
-2874
-2276
-871
1046
2948
4269
5052
5918
6339
6439
6748
6796
6540
5889
4713
3110
1567
653
-74
-836
-1135
-1167
-1239
-705
-142
-62
1001
2668
3970
4886
5305
5714
5471
2927
-3583
-10548
-11573
-9079
-6504
-3903
-5465
-10992
-13579
-11241
-7956
-5471
-2216
823
1746
2379
3642
3934
4187
5298
6241
6727
6092
3926
778
-2277
-3957
-4428
-4293
-4484
-6138
-8123
-8615
-7788
-6581
-5039
-3024
-818
1273
2868
3686
4118
4760
5945
7384
7547
6271
4777
2595
-65
-2053
-3559
-4875
-5870
-6634
-7555
-8265
-7885
-6433
-4656
-2838
-406
1951
3534
5062
6198
6672
7225
7820
7511
6156
4632
3049
1426
-17
-1276
-2409
-3441
-3762
-3480
-3183
-2641
-1664
-380
1120
2757
4223
5423
6357
6917
7233
7370
7342
6694
5448
4262
3114
2170
1297
263
-804
-1903
-1857
-611
167
974
2171
2282
2148
3226
4139
4626
5502
2681
-6134
-12541
-11617
-9005
-5862
-2560
-5327
-12013
-13572
-10072
-7520
-5224
-1042
1244
1228
2334
3440
3260
3786
5247
6095
6391
5972
3572
-79
-2808
-4102
-4317
-3797
-4327
-6525
-8368
-8703
-7935
-6593
-4851
-2731
-517
1395
2709
3491
4103
5021
6411
7543
7692
6869
5018
2072
-1242
-3679
-4917
-5639
-6078
-6865
-8301
-8563
-7434
-5978
-3711
-1188
969
3047
4710
5825
6390
7021
8010
8119
7278
6002
3948
1867
498
-756
-2059
-2930
-3129
-3123
-3288
-2925
-2011
-902
875
2712
4033
5282
6312
7127
7563
7601
7691
6955
5681
5057
4077
2479
1373
794
-24
-558
56
206
-54
845
1347
1280
2330
3527
4111
4399
376
-8899
-13649
-11020
-7813
-4286
-1860
-5995
-12535
-12962
-8878
-6404
-3856
256
1591
843
1721
2612
2298
3004
4703
5762
5992
4991
2110
-1503
-3593
-3913
-3511
-2877
-3618
-6116
-7973
-8168
-7478
-6164
-4139
-1913
-226
874
1623
2301
3215
4536
6163
7209
7105
5936
3796
1025
-2048
-4009
-4336
-4783
-5444
-6157
-7298
-7632
-6682
-4785
-2556
-489
1787
3508
4312
5154
6107
6960
7749
7946
6837
4865
3061
1661
429
-586
-1242
-1863
-2418
-2724
-2864
-2437
-1384
125
1825
3140
4257
5341
6067
6491
6945
7278
7256
7058
6318
4877
3360
2157
1514
1354
1186
1105
1319
1046
645
1184
1698
1772
2314
3174
109
-9112
-14819
-12612
-9607
-5460
-1170
-4193
-11387
-13149
-8917
-5514
-3035
1403
2965
1313
1803
2919
2862
3621
4755
5282
5452
4563
1725
-2049
-4374
-4866
-4560
-3771
-4015
-6269
-8275
-8326
-7321
-5986
-3867
-1353
460
1606
2375
3003
3852
4900
6235
7122
6913
5952
3800
692
-2222
-4141
-4515
-4326
-4806
-6168
-7821
-8348
-7468
-5501
-2720
-231
1507
2668
3428
4235
5359
6909
8249
8317
7285
5713
3733
1931
783
-105
-895
-1295
-1717
-2520
-3157
-3011
-2002
-482
1311
2975
3998
4790
5725
6337
6678
7230
7493
7175
6846
6077
4590
3335
2748
2268
1823
2139
2213
1512
1709
1989
1653
1880
2033
2270
26
-8444
-15415
-14294
-10858
-6967
-2663
-4147
-10820
-13698
-9861
-5872
-3511
841
3280
1824
1762
2906
2831
3344
4714
5499
5880
5422
2636
-1596
-4301
-4861
-4614
-3802
-3913
-6233
-8591
-9219
-8578
-7145
-4833
-2114
-50
1034
1529
2149
3365
4860
6364
7637
7846
6976
5600
2800
-1308
-4143
-4910
-4900
-4539
-4622
-6382
-8431
-8508
-6836
-4400
-1324
1575
2853
3153
3967
5110
6418
7884
8551
7703
6184
4912
3334
1612
543
-232
-916
-1365
-1981
-2876
-3182
-2188
-484
1124
2486
3556
4353
5171
6101
6679
6890
7437
7744
6953
5698
4472
3381
2851
3293
3311
1962
1669
2076
1736
2364
3043
2151
1311
1209
-3317
-12813
-16181
-12768
-10113
-5768
-2543
-7425
-14005
-13292
-8099
-4601
-938
3249
3066
1192
2159
3249
3581
4923
5801
5713
5465
3819
380
-3054
-4721
-4871
-4441
-3936
-5282
-8186
-9443
-8849
-7598
-5571
-3029
-793
604
1388
1925
2844
4409
5906
7189
7812
7192
6100
4523
1055
-3064
-4536
-4877
-5669
-5043
-5725
-8364
-8884
-7658
-5682
-2871
232
2703
3071
3351
4959
6218
7647
9131
8792
7242
5858
4240
2241
752
-18
-730
-1482
-1975
-2839
-3798
-3426
-1774
186
1814
3167
4217
4874
5795
6744
7341
7935
8299
7848
6420
5144
4498
4017
4360
4449
3112
2167
2051
1908
2115
2885
2976
1991
313
-6349
-16093
-17612
-12846
-9214
-4865
-3487
-9435
-15187
-13377
-7514
-3577
202
4222
3851
1860
2851
3929
4209
5596
6552
6531
5891
3438
-638
-4256
-5554
-5181
-4453
-4202
-6048
-9090
-10494
-9906
-8423
-6147
-3174
-646
777
1404
2012
3286
5064
6935
8403
8718
7807
6460
4548
1586
-1433
-3927
-5506
-6167
-7268
-7980
-8124
-9081
-8811
-6704
-4318
-1259
1715
3452
4188
4896
6658
8430
9187
9274
8426
6724
5000
3389
1586
50
-943
-1739
-2456
-3088
-3373
-3172
-2337
-890
672
2377
4101
5399
6331
6964
7371
7947
8516
8296
7454
6260
5128
4762
4306
3985
4073
3235
2428
2088
1574
1316
986
1606
-567
-10703
-18398
-16278
-12774
-8472
-2840
-4648
-12384
-15213
-10478
-5220
-1973
2661
4967
2895
2422
3751
4176
5012
5946
6285
6391
4905
1342
-2792
-5547
-6039
-5232
-4178
-4612
-7553
-10334
-10597
-9062
-6897
-4299
-1728
-42
966
1784
2937
4760
6299
7682
8816
8394
7282
5755
3766
1205
-3026
-5035
-4861
-7035
-7636
-6997
-9163
-10067
-8501
-6184
-3341
-362
2666
3537
3342
5168
7277
8530
9451
9330
7754
5768
4466
2915
918
-133
-678
-1643
-2467
-3008
-3514
-3455
-2255
-334
1173
2650
4644
5880
6400
7043
7926
8949
9058
8526
7556
5665
4592
4388
3851
3684
3509
3013
2644
2180
2012
1801
1720
513
-7126
-16407
-16832
-12814
-9419
-4608
-4202
-10828
-15271
-12105
-6437
-2914
757
3730
2786
1983
3659
4691
5054
5870
6453
6471
5656
3154
-999
-4483
-5593
-5296
-4604
-4798
-7320
-10463
-11467
-10375
-8309
-5681
-3166
-1541
-561
431
1727
3746
6088
7771
8747
8869
7964
6635
5024
3154
1509
-1004
-4371
-6301
-8292
-10155
-8891
-8227
-9285
-8219
-6175
-4127
-1540
1084
3159
4261
6207
8786
9497
9183
9027
8280
6906
5792
4527
2120
-50
-1030
-2135
-3155
-3273
-3416
-3705
-3040
-1526
79
1852
3688
4899
5724
6633
7403
8044
8460
8493
8064
6829
5737
5225
4138
3497
3772
3488
3527
3893
3293
2345
1115
687
-762
-9006
-17386
-16536
-12919
-9477
-4059
-4729
-12418
-16173
-12117
-6066
-2107
1807
4266
2660
1809
3558
4906
5972
6791
7039
7114
5721
2335
-1698
-4624
-5338
-4763
-4080
-4603
-7694
-11043
-11694
-10225
-7937
-5460
-3248
-1685
-742
327
2055
4300
6000
7228
8585
8590
7508
6303
4454
2976
538
-3003
-4286
-6183
-8998
-8213
-7585
-9020
-8617
-6869
-5147
-2879
180
2525
3129
4413
6808
8185
8735
8999
8361
6965
5845
4920
3023
726
-534
-1375
-2243
-2389
-2482
-2806
-2361
-958
720
1996
3522
5107
5498
6009
7313
8174
8333
7862
7098
5914
4905
5039
4772
3981
3572
3138
3498
4240
4038
3070
2034
-1531
-10957
-17790
-15136
-11111
-7704
-3972
-7150
-14896
-16650
-11232
-5561
-1901
1839
3210
1751
2076
3997
5122
6440
7731
7964
7695
6154
2642
-1306
-3738
-4060
-3449
-3195
-4969
-9089
-12218
-12525
-10936
-8413
-6126
-4465
-3318
-2349
-789
1510
4023
6204
8100
9313
9232
8413
7244
5371
3295
2006
184
-2800
-5091
-7691
-10064
-9666
-9045
-9190
-8214
-6597
-4738
-2578
-2
2305
3893
6190
8525
9309
9221
8930
8142
6922
5991
4896
2882
1015
-307
-1881
-3204
-3483
-3211
-2996
-2583
-1446
155
1557
3060
4638
5579
6438
7639
8464
8395
7834
7616
7223
6531
6266
5409
4179
3801
3447
3029
3384
3935
3230
2099
-584
-9918
-18617
-16790
-12236
-8900
-4289
-5859
-13935
-17277
-12405
-6297
-2420
1939
3993
1798
1455
3678
4865
6147
7687
8082
7863
6474
3034
-1215
-3952
-4182
-3424
-3092
-4460
-8311
-11831
-12460
-10951
-8544
-5945
-3897
-2893
-2237
-1051
908
3640
6030
7622
8862
9032
8238
7119
5436
3486
2192
1820
508
-2752
-6194
-9027
-10506
-9731
-8106
-6944
-6366
-5687
-4405
-2793
-175
3149
5643
7378
8393
8336
8050
8003
7727
6955
5860
4595
2861
811
-968
-2438
-3327
-3246
-2709
-2414
-2234
-1596
-414
956
2405
4187
5765
6635
7482
7874
7591
7535
7192
6571
6137
5754
5409
4581
3914
3241
1928
1928
2850
2816
2169
1653
-1449
-11054
-18607
-16076
-11805
-7622
-2225
-5075
-13911
-16563
-11844
-5933
-1313
3033
4225
1660
1228
2896
3811
5625
7343
7493
7206
5518
1906
-1982
-4094
-3943
-3403
-2960
-4007
-8061
-11358
-11586
-10237
-7725
-4930
-3117
-2360
-1923
-855
944
3283
5615
7193
8040
8053
7492
6572
5066
3573
2494
2330
810
-4311
-8185
-9957
-11550
-8835
-5440
-6428
-7056
-6055
-4940
-2439
1321
4647
6004
6812
8220
8447
8201
8610
8338
7064
5610
4326
2338
-232
-1678
-2371
-2701
-2091
-1900
-2533
-2630
-1850
-315
1728
3491
4719
5859
6553
6713
7300
7734
7536
7758
7622
6472
5475
4388
3190
2847
2998
3252
3230
2889
2375
1192
828
-1691
-11207
-18151
-15230
-11038
-7290
-3034
-6433
-14952
-16441
-10148
-4231
-649
2766
2891
204
836
3586
5064
6378
7124
6741
6164
4834
1903
-1764
-3811
-3678
-3186
-3056
-4599
-8602
-11531
-11208
-9285
-6852
-4557
-3223
-2705
-2138
-737
1405
3532
5218
6507
7417
7744
7497
6677
5168
3704
2672
1995
1283
-2318
-7526
-9408
-10073
-9855
-6288
-4919
-6670
-6518
-5204
-3374
-122
3564
5903
6342
6937
7813
7673
7480
7607
6963
5350
4123
3066
748
-1417
-2217
-2454
-2129
-1538
-1703
-2171
-1716
-296
1459
2892
3949
5043
5670
6087
7144
7727
7176
6942
7051
5924
4933
5276
4617
3400
3330
3361
3172
3139
3190
2378
1173
-484
-7580
-16051
-15818
-11593
-8572
-4445
-4840
-12195
-16393
-12169
-5990
-2363
1265
3295
1240
499
2824
4414
5727
7132
7196
6675
5583
2999
-373
-2774
-3315
-3075
-2915
-3860
-7267
-10659
-11165
-9826
-7844
-5565
-3969
-3410
-2804
-1498
183
2257
4266
5868
7223
7668
7424
6964
5739
4274
3110
1980
780
-1235
-4262
-6670
-7579
-7832
-7358
-6298
-6048
-6001
-5038
-3528
-1492
930
3346
5180
5883
6280
6686
6712
6848
6719
5761
4644
3526
1988
357
-771
-1328
-1497
-1428
-1553
-1918
-1737
-830
195
1345
2620
3409
3936
4756
5474
6040
6743
6978
6600
5994
5078
4813
5524
5553
4944
4089
2618
1868
2443
3619
3918
3089
1078
-7114
-17187
-17131
-12065
-8677
-3746
-3727
-12076
-17325
-13620
-7229
-2901
1243
3892
1916
395
2411
3962
5322
7503
8080
7614
6614
3563
-534
-3205
-3538
-2823
-2343
-3247
-6961
-10947
-11903
-10568
-8133
-5555
-3957
-3303
-2908
-2100
-463
2146
4615
6208
7469
7810
7226
6423
5386
4607
4050
3567
2723
-108
-4159
-7017
-8125
-7831
-6690
-5756
-6052
-6858
-6405
-4769
-2337
794
3294
4580
5126
5526
6130
6641
7202
7437
6652
5477
4043
2037
298
-460
-602
-668
-931
-1595
-2350
-2458
-1545
-116
1179
2248
2998
3736
4731
5437
5931
6513
6755
6554
6390
6413
6011
5101
4571
4097
3062
3049
4080
4120
3682
3073
2096
-565
-8779
-16311
-15082
-11439
-7915
-3289
-5550
-13848
-17063
-12504
-6240
-2009
1631
2719
30
-362
2516
4683
6536
7764
7433
6909
5754
3060
-98
-2194
-2707
-2482
-2389
-3868
-7611
-10716
-11062
-9745
-7723
-5674
-4442
-3878
-3272
-2029
237
2724
4328
5537
6524
6686
6574
6368
5597
4860
4436
3896
2668
-227
-3648
-5643
-6644
-6567
-5711
-6012
-6816
-6875
-6413
-4889
-2474
-62
1951
3355
4423
5184
5780
6570
7073
6999
6534
5741
4472
2784
1451
577
-140
-467
-828
-1561
-2139
-2148
-1524
-583
410
1391
2180
3107
4154
4721
5318
5988
6049
6070
6046
5708
5552
5218
4744
4394
4154
4411
4419
4360
4861
4049
2555
592
-6795
-15546
-15609
-11101
-8000
-4613
-5790
-13575
-18016
-13950
-7299
-2979
452
1987
-178
-629
2550
4931
6557
8108
8094
7654
6959
4372
851
-1521
-1954
-1459
-1600
-3266
-7094
-10885
-11695
-10448
-8424
-6208
-5043
-4715
-4446
-3594
-1332
1519
3544
5055
6318
6634
6612
6758
6303
5657
5601
5592
4482
1963
-1020
-3608
-5474
-6540
-6758
-6585
-6754
-6762
-6719
-6887
-5714
-3194
-581
1953
3718
4401
5008
5902
6576
6988
7398
7433
6538
4911
3318
1968
817
261
-119
-975
-1755
-2093
-2324
-2279
-1676
-598
686
1773
2689
3462
3959
4692
5817
6604
6791
6912
6628
5555
5317
5959
5773
5394
5185
4223
3388
3692
3648
2890
1000
-6441
-14967
-14852
-11264
-9005
-5157
-5966
-13538
-17278
-13051
-7255
-3944
-792
1166
-471
-453
2984
4995
5871
7097
7618
7861
7252
4772
1567
-630
-1066
-923
-1209
-2787
-6674
-10120
-10814
-10209
-8828
-7066
-6105
-5819
-5333
-4033
-1896
588
2547
4054
5707
6834
7420
7662
7080
6451
6269
6187
5555
3412
622
-1745
-4223
-6241
-7029
-7527
-7768
-7236
-7034
-7152
-6355
-4760
-2461
352
2570
3860
4666
5387
6145
6874
7655
7953
7031
5499
4130
2694
1422
714
-21
-1042
-1876
-2465
-2939
-3065
-2557
-1515
-239
1011
1783
2134
2762
3729
4834
6097
7010
6942
6317
5874
5607
5556
5605
5556
5447
4588
3471
2951
2191
1478
1070
1307
1237
-4905
-13687
-14940
-12341
-9648
-4306
-3656
-10878
-15688
-12918
-7459
-3384
349
2436
638
-114
2297
4042
5396
6663
6698
6811
6513
4470
1442
-1028
-1790
-1519
-1167
-2174
-5814
-9298
-10334
-9804
-8045
-6044
-5197
-5068
-4799
-3960
-2023
620
2733
4370
5834
6678
7149
7228
6650
5995
5704
5709
5228
3567
1269
-1256
-3703
-5515
-6759
-7228
-7065
-6862
-6649
-6708
-6504
-5071
-2785
-178
2047
3308
4042
4650
5472
6531
7347
7759
7395
6153
4656
3126
1778
870
87
-708
-1487
-2198
-2710
-3029
-2764
-1974
-1096
116
1220
1728
2232
2896
3531
4414
5705
6750
7094
6725
5608
4920
4994
4871
5176
5150
3590
2360
1885
1640
2012
1993
2191
733
-7155
-14993
-14781
-11683
-8173
-3490
-4627
-12099
-16030
-12375
-6730
-2895
788
2380
467
173
2440
4141
5573
6825
7377
7625
6784
4162
730
-1665
-2142
-1521
-1036
-2411
-6132
-9250
-9969
-9415
-7753
-5645
-4692
-4395
-3811
-2709
-888
1292
3275
4840
6143
7103
7375
6969
6127
5464
5517
5773
5079
3062
638
-1382
-3223
-5165
-6698
-7349
-7256
-6464
-5645
-5716
-6060
-5416
-3290
-501
1962
3804
4520
4527
4993
6010
7065
7550
7176
5962
4274
2902
1817
736
-65
-652
-1273
-1892
-2421
-2827
-2937
-2318
-1103
-105
658
1388
1825
2354
3287
4443
5588
6340
6482
5944
5311
5020
4853
4900
4624
4200
4093
3357
2554
2211
1510
799
978
843
-4375
-12831
-15130
-12521
-9870
-5026
-3173
-9366
-14884
-12876
-7467
-3224
324
2514
1229
233
2547
4624
5522
6449
6584
6525
6207
4293
1376
-1047
-1899
-1494
-1122
-2044
-5052
-8320
-9480
-8802
-7124
-5328
-4562
-4569
-4427
-3559
-1469
1302
3334
4441
5367
6082
6466
6668
6413
5717
5322
5294
4523
2649
626
-974
-2284
-3325
-4620
-6804
-8290
-8011
-7473
-6424
-4873
-4574
-4281
-2600
-430
1773
3729
4991
5387
5571
6460
7284
7078
6383
5501
4159
2744
1608
268
-1139
-1691
-1863
-2372
-2688
-3007
-3337
-2734
-1484
-188
1036
1827
2244
2855
4010
5223
6146
6757
6485
6016
6052
5614
5001
4788
4306
3903
3883
3418
2176
871
534
688
1207
1312
-4195
-12801
-14423
-11360
-8477
-3638
-2641
-9306
-14308
-11844
-6502
-2472
1135
2979
854
-373
1968
3886
4900
6058
6471
6627
6104
3933
969
-1344
-1782
-1033
-607
-1548
-4814
-8229
-9216
-8552
-6800
-4697
-3802
-3859
-3944
-3331
-1553
729
2642
4042
5120
5741
5772
5521
5075
4520
4488
4879
4322
2527
703
-732
-1773
-2388
-3296
-4755
-6414
-7601
-7533
-6486
-5042
-3727
-3044
-2447
-1373
236
2293
4024
4897
5327
5721
6000
5970
5582
4872
4023
3153
2072
739
-537
-1568
-2253
-2319
-2159
-2318
-2405
-2333
-1995
-986
180
1356
2423
2806
3197
4120
4941
5398
5868
6220
5609
4710
4525
4057
3430
3375
2947
2243
1804
1371
1028
715
643
627
587
933
-2009
-9044
-12108
-9812
-7274
-3536
-1259
-5815
-11655
-11341
-6727
-2767
137
2138
866
-1100
117
2084
3171
4187
4628
4738
4508
3156
910
-1330
-2209
-1481
-483
-492
-2494
-5456
-7007
-6880
-5665
-3924
-2941
-2939
-3197
-3088
-2013
-341
1161
2326
3208
3866
4232
4179
3751
3292
3199
3559
3736
2792
1182
-155
-1023
-1319
-1657
-2415
-3546
-4949
-5527
-5373
-5023
-3909
-2763
-2110
-1376
-564
430
1577
2667
3727
4487
4814
4880
4667
4192
3814
3520
2926
2082
1112
2
-889
-1272
-1433
-1592
-1601
-1539
-1389
-899
-217
502
1296
2010
2550
3147
3797
4127
4435
4930
5024
4980
4845
3968
3000
2547
2411
2355
2135
2036
1831
1375
1445
1504
1397
2208
3506
2769
-2862
-9687
-10938
-8541
-5189
-984
-1782
-8419
-12624
-10834
-6518
-2854
-47
711
-1373
-2161
-104
1647
2801
3857
4403
5018
4899
3193
778
-970
-889
399
1318
359
-2903
-5846
-6910
-6712
-5148
-3491
-3224
-3747
-4248
-4047
-2758
-975
509
1564
2497
3212
3638
3794
3484
3218
3693
4376
4134
2884
1413
265
-249
-331
-454
-1147
-2891
-4844
-5974
-6263
-5349
-3566
-2511
-2434
-2405
-2040
-921
857
2431
3586
4230
4341
4256
4134
4277
4438
4079
3385
2424
1250
191
-512
-851
-1072
-1081
-1076
-1474
-1789
-1617
-1088
-242
637
1246
1692
2113
2634
3213
3784
4421
4791
4927
5115
4821
4021
3421
3260
3297
3157
3093
2885
2020
1408
1314
1457
1952
2502
2638
-950
-8220
-11330
-9495
-7079
-2929
-823
-5644
-11392
-11634
-7823
-3789
-440
1519
-9
-2029
-743
1341
2583
3802
4508
4842
4752
3606
1617
-387
-1053
-335
579
487
-1691
-4596
-6250
-6624
-5609
-3962
-3254
-3411
-3778
-3828
-2999
-1477
77
1264
2295
3305
3889
3912
3578
3250
3403
3960
4204
3414
1797
288
-660
-1039
-1065
-1028
-1404
-2716
-4268
-5363
-5902
-5118
-3347
-1993
-1378
-1298
-1387
-1086
41
1968
3702
4511
4546
3862
3029
2903
3214
3326
3054
2233
875
-528
-1514
-1943
-1764
-1286
-1030
-1126
-1446
-1596
-1097
-300
598
1923
2958
3221
3256
3318
3572
4195
5087
5521
5107
4622
3968
3017
2638
2467
2140
2103
2055
1633
952
412
332
929
2017
2986
3191
-283
-7037
-9854
-7771
-4997
-1408
-187
-5188
-10930
-10934
-6916
-3432
-742
916
-716
-2727
-1512
384
1459
2886
3945
4271
4165
3203
1428
-379
-767
418
1501
1140
-1327
-4475
-6060
-6000
-4704
-3183
-2842
-3351
-3955
-4020
-3084
-1577
-71
989
1742
2529
2964
2963
2856
2717
2929
3663
3923
2970
1422
156
-437
-471
-206
-230
-1162
-2455
-3750
-4787
-4540
-3514
-2491
-1453
-1382
-1981
-1708
-833
169
1576
2804
3275
3218
2872
2625
2737
3006
3286
3193
2486
1575
601
-337
-729
-547
-232
-54
-258
-819
-1139
-854
-109
870
1721
2157
2192
2020
2079
2616
3318
3830
3960
3797
3712
3379
2543
2232
2418
1975
1855
2123
802
-538
41
645
969
1672
1400
468
528
1766
3014
1421
-3709
-7521
-7233
-5089
-1920
30
-3254
-8723
-10032
-7152
-4093
-2131
-953
-1951
-3715
-2586
-41
1018
1490
2170
2697
3129
3197
2344
819
28
588
1411
1387
-196
-2786
-4549
-4840
-4039
-2915
-2692
-3332
-4011
-4238
-3386
-1879
-765
-156
393
1206
1889
2220
2416
2308
2381
3059
3556
3333
2523
1539
904
634
452
378
-55
-1533
-3066
-3707
-3845
-3127
-1945
-1802
-2372
-2576
-2111
-1182
-93
1074
1753
1915
2327
2791
3026
3364
3644
3530
3194
2815
2143
1307
829
539
173
2
-247
-834
-1218
-1233
-1030
-590
-79
399
772
938
1147
1570
2095
2664
3139
3409
3500
3485
3407
3267
3154
3008
2739
2340
1863
1678
1808
1783
1471
1061
760
665
750
848
892
1262
1969
2577
1347
-3262
-7311
-7098
-5156
-2674
-436
-2679
-8095
-10087
-7746
-4908
-2532
-660
-1414
-3586
-3214
-1095
119
1055
2109
2559
2727
2754
2021
607
-208
293
1197
1404
158
-2146
-3996
-4804
-4395
-3188
-2655
-3038
-3656
-4088
-3735
-2471
-1079
-287
280
1074
1695
2179
2649
2802
2906
3370
3897
3826
3080
2152
1353
879
715
619
299
-544
-1762
-2957
-3738
-3712
-2971
-1967
-1346
-1590
-2111
-1999
-1251
-93
1339
2347
2533
2431
2488
2703
2934
3120
3145
2807
2227
1570
768
-48
-555
-626
-609
-752
-1002
-1429
-1700
-1508
-1065
-294
631
1185
1468
1767
2105
2519
3048
3561
3897
4061
4029
3757
3306
2893
2804
2836
2661
2098
1189
555
428
515
654
699
735
534
90
183
678
1124
2008
2889
1110
-3684
-6648
-5939
-4338
-1799
63
-2965
-8006
-9298
-7249
-4853
-2752
-1432
-2386
-4025
-3291
-1444
-448
530
1614
2379
2894
2721
1830
623
-23
734
1846
1881
546
-1594
-3404
-4133
-3578
-2597
-2454
-2968
-3555
-3888
-3417
-2294
-1282
-593
198
1210
1969
2337
2504
2545
2847
3602
4153
3899
2990
1980
1313
933
758
690
158
-637
-1279
-2092
-2665
-3032
-3412
-2969
-2235
-1721
-1048
-980
-1334
-974
40
1282
2281
2617
2445
2185
2176
2498
2886
2937
2546
1926
1169
458
92
-40
-126
-160
-309
-578
-838
-1060
-903
-262
492
1134
1381
1252
1300
1687
2187
2732
3192
3294
3105
2812
2448
2299
2334
2341
2367
2036
1504
1201
702
392
751
986
952
888
417
-165
-155
360
1062
1618
1847
1566
-649
-4297
-5896
-5069
-3608
-1703
-1295
-4319
-7767
-8100
-6267
-4277
-2391
-1558
-2619
-3713
-3021
-1460
-202
1066
2101
2333
2196
1905
1248
484
404
1263
1885
1333
-91
-1799
-3121
-3329
-2499
-1810
-1946
-2483
-3115
-3483
-2998
-1787
-683
-67
545
1155
1398
1723
2137
2294
2712
3308
3342
2885
2195
1447
1044
946
898
643
35
-582
-1337
-2184
-2505
-2612
-2429
-1638
-1201
-1295
-1335
-1251
-756
227
1233
1742
1681
1607
1784
2133
2592
2793
2513
1990
1494
1059
679
433
163
-194
-390
-492
-676
-817
-858
-742
-365
129
563
798
838
1084
1672
2164
2526
2828
2739
2555
2673
2690
2569
2498
2108
1617
1366
1036
842
890
813
752
696
507
255
38
127
479
839
1072
1171
1090
827
804
1042
1521
1383
-1092
-3930
-4728
-4853
-3981
-2010
-2521
-5594
-7218
-6601
-5704
-4510
-2767
-2469
-3538
-3190
-1701
-1040
-387
868
1596
1902
2283
2141
1301
667
1063
1895
2062
1366
45
-1549
-2574
-2354
-1675
-1664
-2019
-2460
-3080
-3098
-2258
-1432
-960
-316
469
894
1266
1734
1886
2104
2759
3219
3064
2532
1913
1401
1103
979
817
368
-226
-886
-1730
-2322
-2588
-2538
-1857
-1319
-1267
-1274
-1477
-1370
-501
636
1482
1698
1540
1419
1562
2074
2522
2531
2185
1699
1261
912
753
737
568
271
12
-250
-474
-562
-505
-398
-239
128
492
636
864
1253
1585
1915
2225
2298
2165
2059
1926
1732
1746
1828
1765
1649
1333
931
714
619
786
1028
893
556
305
153
196
571
909
773
536
420
274
390
719
977
993
798
477
-1036
-3350
-4204
-3993
-3613
-2547
-2344
-4252
-6156
-6200
-5151
-3931
-2439
-1607
-2340
-2937
-2152
-1126
-201
889
1486
1515
1515
1524
1330
983
970
1339
1434
990
145
-926
-1925
-2282
-1893
-1682
-1950
-2269
-2727
-2975
-2403
-1487
-896
-493
-69
231
558
1129
1678
1996
2297
2578
2548
2353
2197
1955
1702
1547
1396
1041
489
-94
-798
-1366
-1553
-1633
-1660
-1755
-1967
-2024
-1787
-1143
-447
-62
286
643
979
1504
2023
2237
2340
2548
2663
2578
2455
2198
1712
1290
1052
729
292
-64
-448
-865
-952
-787
-723
-662
-500
-376
-182
254
721
1018
1343
1748
2049
2347
2586
2504
2362
2353
2304
2218
2053
1651
1233
1100
958
674
459
72
-311
-289
-308
-536
-707
-715
-433
-60
179
232
-60
-221
210
641
897
993
75
-1630
-2802
-3084
-2796
-2167
-1904
-2861
-4389
-5030
-4698
-3976
-3100
-2594
-2687
-2855
-2738
-2308
-1636
-961
-346
257
565
469
241
97
227
748
1340
1407
941
300
-393
-720
-496
-289
-442
-785
-1148
-1522
-1581
-1162
-897
-802
-485
-233
-26
285
461
607
961
1394
1740
1890
1752
1551
1495
1557
1705
1777
1551
968
324
-161
-648
-801
-546
-561
-749
-921
-1221
-1266
-905
-360
120
376
551
619
695
1055
1415
1621
1740
1631
1401
1216
1048
846
634
555
460
269
141
-76
-260
-185
-99
-47
53
126
245
474
757
1020
1209
1366
1493
1562
1606
1652
1648
1491
1350
1370
1270
1037
867
568
255
360
651
610
371
219
16
-60
208
355
180
85
201
219
190
353
371
264
408
465
326
208
2
-408
-1075
-1713
-2412
-3243
-3324
-3073
-3420
-3641
-3737
-4235
-4290
-3610
-3103
-2920
-2469
-1895
-1654
-1261
-450
29
202
666
1030
1077
1207
1319
1153
905
810
668
323
-5
-326
-710
-994
-1085
-1057
-1108
-1135
-1041
-1030
-919
-497
-8
313
561
906
1099
1156
1476
1798
1880
1935
1877
1656
1480
1402
1326
1039
520
-19
-508
-854
-1008
-1105
-1265
-1465
-1488
-1443
-1448
-1175
-752
-362
116
504
700
855
1143
1527
1774
1900
1870
1605
1368
1244
1093
946
738
389
68
-69
-155
-298
-363
-385
-413
-300
-155
-108
36
313
562
814
1091
1289
1424
1569
1680
1754
1831
1861
1802
1663
1470
1302
1126
882
633
525
494
201
-184
-358
-507
-493
-182
-20
-134
-160
-73
-41
129
428
489
395
304
137
-19
-71
-177
-773
-1510
-1749
-2068
-2442
-2309
-2548
-3262
-3430
-3332
-3352
-3046
-2538
-2323
-2243
-1868
-1399
-1068
-615
-166
60
338
645
781
873
913
844
788
737
610
394
90
-224
-431
-544
-635
-679
-778
-949
-941
-803
-716
-582
-340
-147
-23
205
412
546
845
1084
1106
1197
1279
1187
1087
974
710
458
360
256
73
-174
-431
-607
-751
-743
-550
-448
-373
-205
-55
95
267
452
617
823
1099
1169
1106
1080
982
965
1053
1031
914
767
592
413
294
305
347
288
191
71
-82
-133
-39
136
285
395
499
517
529
669
834
960
1087
1185
1161
1028
896
807
792
831
792
684
519
285
165
207
189
146
154
126
176
272
238
98
-75
-146
-44
134
220
101
-64
-114
-188
-278
-267
-502
-1096
-1485
-1689
-1990
-2025
-1950
-2262
-2583
-2602
-2588
-2535
-2327
-2097
-1966
-1761
-1397
-1161
-1033
-775
-474
-175
158
335
281
140
133
332
535
597
512
279
-14
-198
-205
-243
-361
-387
-455
-568
-533
-467
-488
-476
-299
-81
91
320
437
400
507
751
985
1151
1074
795
607
530
562
749
786
503
190
-27
-235
-287
-106
48
69
80
39
-90
-96
94
286
458
642
692
625
603
646
689
752
867
875
714
591
548
527
548
546
497
390
264
245
244
232
320
384
383
420
450
495
608
725
774
745
730
738
764
878
984
982
925
829
679
524
501
574
621
610
401
9
-280
-299
-77
146
129
-132
-475
-599
-442
-204
-86
-210
-424
-558
-568
-459
-356
-358
-526
-850
-1136
-1348
-1505
-1477
-1449
-1600
-1784
-1973
-2112
-2116
-1974
-1707
-1521
-1460
-1416
-1407
-1307
-1076
-807
-557
-423
-321
-243
-257
-202
-71
67
190
237
217
140
88
118
152
202
185
69
-13
-57
-43
-12
-51
-42
21
61
160
245
243
267
342
493
609
510
404
407
406
493
610
513
291
182
194
262
353
375
289
206
203
251
300
348
402
411
425
476
457
421
453
496
557
589
528
467
445
465
542
586
596
580
531
516
525
570
604
565
538
531
529
531
524
543
555
578
594
510
426
403
389
429
480
474
427
350
258
178
237
431
558
597
548
376
242
231
243
265
294
233
21
-205
-335
-444
-476
-450
-513
-603
-691
-841
-941
-968
-990
-938
-972
-1306
-1628
-1736
-1765
-1531
-1102
-998
-1148
-1253
-1352
-1369
-1125
-776
-674
-673
-584
-674
-787
-663
-518
-422
-298
-213
-297
-493
-543
-441
-333
-132
49
-15
-165
-240
-249
-139
52
162
142
104
104
64
25
100
205
254
318
347
226
75
96
229
333
417
420
284
202
250
297
358
412
376
326
314
303
286
295
330
342
341
371
398
382
387
402
405
434
451
450
436
410
405
444
520
545
530
540
540
570
626
655
698
690
622
575
546
525
539
598
591
484
419
391
324
339
466
514
489
506
458
363
354
388
414
448
468
390
228
104
32
37
96
106
8
-187
-361
-470
-497
-397
-363
-464
-596
-716
-749
-703
-625
-567
-611
-686
-729
-780
-796
-781
-745
-697
-751
-832
-867
-980
-1040
-897
-730
-679
-710
-817
-982
-1017
-842
-653
-576
-556
-585
-624
-563
-399
-235
-121
-12
75
119
161
184
177
165
156
157
147
118
56
-16
-55
-102
-133
-151
-172
-153
-155
-163
-91
-54
-51
25
90
126
180
195
195
254
335
371
394
375
322
333
343
326
326
289
246
227
214
234
251
259
255
257
313
380
447
506
512
527
604
671
681
715
717
658
693
787
848
877
854
756
644
587
562
527
485
458
408
319
275
257
225
252
305
281
212
184
179
181
273
326
247
171
94
-18
-92
-90
-66
-125
-187
-224
-339
-431
-440
-481
-554
-589
-590
-624
-665
-653
-685
-754
-743
-731
-711
-623
-598
-612
-607
-631
-579
-484
-448
-400
-367
-384
-383
-354
-370
-448
-452
-425
-454
-435
-424
-457
-432
-353
-256
-190
-184
-174
-110
-24
38
41
42
9
-57
-37
-29
-100
-114
-88
-118
-134
-87
-77
-109
-80
-60
-79
14
113
85
88
146
142
153
219
215
186
237
272
255
241
238
217
201
220
243
259
294
334
361
388
434
477
509
545
554
529
548
629
695
742
753
681
607
597
600
595
570
533
517
500
472
416
342
302
305
323
290
208
112
56
103
190
223
200
107
-10
-29
22
69
91
24
-97
-144
-137
-112
-98
-150
-274
-386
-428
-488
-573
-582
-591
-616
-582
-568
-628
-707
-738
-720
-658
-542
-474
-512
-584
-626
-623
-579
-461
-338
-326
-356
-387
-446
-437
-304
-189
-150
-146
-199
-257
-250
-181
-92
-23
26
37
-6
-44
-49
-25
45
127
153
117
44
-7
1
36
60
39
-14
-46
-48
-46
-14
24
15
17
59
69
60
78
114
135
157
207
210
158
162
177
182
225
227
197
197
214
223
210
204
192
198
248
264
261
276
283
309
373
428
448
446
440
439
451
488
484
457
438
412
400
392
387
355
303
284
262
229
230
205
129
96
109
113
68
17
0
-48
-68
-66
-99
-139
-165
-119
-98
-130
-92
-65
-95
-98
-101
-125
-162
-191
-228
-298
-348
-393
-457
-500
-549
-574
-542
-531
-523
-509
-526
-522
-484
-449
-398
-362
-348
-313
-306
-288
-248
-242
-214
-187
-188
-180
-163
-145
-137
-118
-109
-140
-179
-203
-184
-156
-132
-86
-50
-50
-42
-9
21
75
149
187
202
223
226
218
226
238
226
219
198
151
123
107
108
101
59
37
12
-23
0
48
70
105
152
181
195
219
242
237
259
320
368
375
345
306
269
260
302
307
244
191
171
162
157
158
142
110
130
194
185
137
108
93
127
205
255
225
181
157
154
208
264
273
237
189
162
145
114
83
67
27
-8
-22
-62
-94
-104
-83
-80
-127
-156
-193
-240
-205
-121
-97
-90
-105
-177
-208
-172
-144
-147
-147
-165
-214
-253
-270
-289
-326
-330
-313
-345
-363
-345
-330
-339
-354
-348
-353
-317
-266
-275
-284
-272
-250
-203
-158
-143
-133
-112
-86
-48
-15
26
66
99
131
140
149
144
111
96
89
83
114
123
93
79
66
58
70
96
113
123
157
168
147
150
160
139
139
168
150
95
49
4
-18
26
77
80
62
17
-27
-28
7
62
92
80
60
54
71
106
136
148
146
134
125
117
98
100
112
127
128
103
90
83
57
48
68
75
76
96
104
87
69
70
74
77
115
129
88
69
78
87
112
136
126
74
23
-4
-39
-45
-24
-64
-113
-136
-176
-199
-201
-186
-181
-185
-178
-186
-207
-220
-197
-160
-155
-139
-124
-152
-163
-131
-101
-74
-62
-91
-134
-162
-160
-141
-100
-75
-115
-162
-193
-202
-159
-87
-30
-14
-4
2
-7
24
77
109
128
141
118
71
61
86
88
91
98
49
15
30
21
29
50
28
7
-4
-24
-17
18
48
62
46
29
19
7
24
49
45
34
31
17
-1
-19
-32
-30
-17
8
22
17
-7
-34
-35
-6
18
14
15
26
22
39
76
77
57
67
75
66
83
105
95
89
101
94
84
99
104
90
86
71
58
62
69
61
44
46
52
57
70
89
99
93
89
68
43
41
54
69
63
39
2
-46
-64
-50
-53
-57
-60
-80
-103
-119
-133
-134
-125
-116
-104
-101
-99
-106
-98
-73
-56
-48
-50
-53
-48
-34
-19
-1
10
-1
-24
-44
-63
-79
-79
-91
-115
-115
-108
-95
-69
-66
-70
-64
-51
-37
-24
-13
-21
-21
-7
-11
1
24
24
15
4
-15
-5
13
0
-24
-23
-17
-18
5
15
-2
-8
11
40
41
41
63
61
48
62
58
24
16
35
33
15
5
-18
-37
-4
40
47
33
21
10
0
13
32
26
24
26
18
17
27
26
16
34
66
84
94
74
39
39
70
101
116
101
70
33
16
37
70
91
96
74
45
41
44
62
83
96
99
88
67
38
25
29
29
26
10
-19
-48
-62
-60
-57
-53
-66
-105
-127
-127
-109
-71
-54
-60
-83
-115
-126
-106
-84
-75
-70
-56
-46
-46
-46
-52
-66
-50
-23
-15
-20
-51
-74
-90
-73
-24
-24
-33
-39
-72
-77
-40
0
34
70
83
68
44
50
62
70
104
115
96
77
60
49
36
28
32
28
27
32
17
-13
-24
-7
8
2
-10
-30
-54
-40
2
32
33
14
6
1
29
74
91
95
93
80
61
57
64
52
53
46
8
-22
-48
-72
-74
-62
-57
-54
-64
-90
-100
-83
-57
-37
-22
-15
-11
8
21
15
8
5
9
6
3
-6
-23
-25
-26
-51
-79
-95
-106
-105
-94
-103
-99
-84
-80
-46
-17
-15
-17
-14
-8
-1
26
41
23
18
19
29
46
52
46
34
27
36
41
43
44
42
35
29
33
31
29
30
33
40
41
38
29
33
55
76
75
49
27
21
20
34
41
24
-4
-30
-41
-41
-32
-22
-11
-5
-1
-5
-21
-33
-28
-7
19
41
