-9
-18
-18
-8
-6
-4
-10
-10
-1
-1
0
-2
-5
0
-5
-9
4
5
-6
-2
1
2
-1
1
4
5
8
1
2
4
8
12
3
3
0
-3
-3
-6
1
-3
-8
-1
-2
-8
-5
-2
-4
-3
-5
-4
0
-3
0
1
0
2
5
3
-3
-1
-3
-2
4
-1
-3
-2
-4
-4
-1
-5
-3
-2
-6
-4
-8
-8
-8
-10
-5
-1
-5
-4
-8
-16
-9
-5
-8
-2
4
4
-1
2
7
5
2
4
6
4
4
3
-2
7
13
11
14
17
14
14
12
10
13
9
9
9
-2
0
0
-5
-2
-7
-1
3
-4
-1
6
8
6
2
5
8
1
2
9
17
12
14
19
11
10
15
10
3
8
3
0
8
2
6
6
-3
1
0
-6
-11
3
6
-7
2
6
-6
-2
6
0
-6
-4
1
-4
-9
-4
-8
-12
-8
-6
-9
-3
-3
-5
0
2
4
9
7
7
6
2
1
6
8
5
10
11
12
11
5
4
4
9
7
5
10
5
-2
-1
2
-2
-7
-5
-5
-12
-17
-9
-1
-1
0
-7
-8
-5
-6
-15
-11
-5
-10
-7
-7
-17
-16
-5
-5
-3
-2
-9
-4
-8
-8
-1
-11
-11
-6
-3
-3
-3
3
-2
-5
-2
-3
-10
-14
-11
-12
-8
-4
-2
4
5
5
0
-5
-1
3
0
4
8
9
10
0
-1
1
-1
6
15
15
15
9
-5
-11
-3
5
6
17
19
14
6
-2
-2
-3
2
7
18
18
11
19
16
13
18
16
7
0
-3
-3
-3
0
-1
-11
-8
1
-5
-7
-3
2
3
17
25
19
20
17
10
11
17
12
7
11
9
5
4
2
-12
-18
-18
-26
-16
-9
-1
9
4
3
-5
-10
-12
-14
-10
-12
-21
-19
-22
-25
-25
-28
-13
-11
-10
-8
-25
-29
-25
-27
-34
-47
-56
-65
-62
-52
-39
-19
-8
0
12
9
-2
11
19
24
45
45
35
22
8
4
2
6
13
24
35
45
54
68
93
101
110
125
125
136
146
139
134
124
91
57
20
-18
-64
-106
-133
-170
-194
-212
-220
-207
-194
-154
-116
-73
-23
10
52
93
121
137
138
119
90
70
37
9
-7
-30
-53
-71
-92
-117
-133
-128
-108
-89
-75
-61
-54
-56
-61
-55
-50
-31
2
19
38
41
25
8
-14
-27
-32
-31
-29
-26
-26
-38
-45
-35
-12
37
102
159
204
235
259
283
322
372
413
438
442
403
340
267
192
132
78
12
-64
-159
-307
-554
-772
-819
-790
-696
-514
-374
-350
-366
-278
-97
67
243
453
567
544
496
463
367
229
153
111
4
-164
-314
-433
-541
-568
-499
-410
-340
-277
-198
-95
38
208
356
469
572
626
622
565
483
381
257
146
32
-93
-233
-372
-463
-496
-504
-461
-381
-303
-194
-62
91
248
348
410
457
479
478
449
399
330
231
106
-39
-188
-333
-452
-505
-503
-472
-436
-406
-349
-272
-174
-43
96
207
290
352
383
388
370
318
246
154
42
-61
-153
-238
-312
-354
-384
-416
-405
-351
-282
-204
-109
-9
75
150
219
284
325
339
349
346
302
217
104
-4
-73
-113
-136
-146
-168
-188
-185
-181
-163
-138
-87
18
140
233
292
300
255
222
217
225
234
231
204
108
-33
-183
-332
-406
-362
-264
-203
-160
-122
-122
-99
-14
54
69
113
192
201
137
86
12
-133
-216
-200
-208
-269
-293
-280
-315
-371
-347
-272
-227
-166
-43
62
127
210
291
321
339
407
486
539
550
470
296
120
37
12
34
94
108
80
63
76
115
191
299
409
501
576
656
678
607
542
533
525
454
362
312
257
160
113
101
-177
-872
-1546
-1815
-1819
-1649
-1244
-895
-1033
-1389
-1354
-970
-592
-191
353
758
800
744
814
801
601
514
602
543
249
-125
-445
-707
-886
-893
-790
-757
-814
-815
-699
-471
-166
185
567
838
909
882
820
747
682
632
565
381
119
-156
-473
-741
-870
-895
-864
-781
-672
-597
-564
-482
-323
-162
-11
151
307
435
497
520
566
614
605
531
391
182
-31
-119
-81
-32
7
70
86
102
288
578
890
1275
1609
1744
1735
1698
1724
1898
2127
2148
1953
1794
1678
1306
826
836
1133
1073
857
630
-892
-4316
-6784
-5947
-4063
-3128
-1982
-1036
-2246
-4079
-3245
-427
1150
1418
2544
3870
3295
1901
1849
2334
1692
677
744
891
-656
-3000
-3874
-3232
-2889
-3171
-2843
-2015
-2107
-2770
-2052
-91
1041
1174
1946
3204
3240
2256
2014
2529
2323
1335
809
610
-415
-1935
-2630
-2404
-2227
-2458
-2448
-1829
-1382
-1431
-957
326
1330
1652
2047
2786
3072
2537
2056
2058
1872
1261
665
273
-235
-1098
-1777
-1928
-2243
-2798
-2823
-2415
-1953
-1357
-743
-287
95
559
1071
1494
1846
1807
1085
349
112
96
175
152
-227
-890
-1565
-1655
-1141
-782
-553
-81
276
406
627
937
1221
1458
1706
1889
1861
1760
1547
1164
993
998
746
423
421
495
430
667
1273
1702
2011
2339
2441
2600
2954
2935
2568
2538
2929
3072
2667
2115
28
-5441
-10227
-9393
-6225
-4950
-3922
-2814
-4420
-7247
-6399
-1926
1191
1737
3109
5364
5390
3605
3072
4006
3893
2372
1703
1793
-8
-3669
-5909
-5274
-4227
-4714
-5085
-4052
-3468
-4239
-3869
-1014
1549
1938
2422
4296
5228
4127
3272
3969
4364
3074
1578
1027
137
-1944
-3782
-3856
-3132
-3460
-4202
-3686
-2561
-2251
-1975
-282
1854
2425
2203
3122
4080
3353
2264
1957
1039
-915
-2407
-2898
-3006
-2988
-2858
-2872
-3029
-2838
-2035
-965
205
1532
2474
2745
3053
3527
3397
2871
2803
2841
2139
1120
598
217
-364
-377
333
749
642
744
1067
1320
1918
2957
3825
4331
4601
4545
4470
4582
4357
3641
2933
2712
2622
1943
1122
-1664
-9229
-15543
-13450
-8272
-6128
-4564
-3312
-5540
-8683
-6795
-449
3758
4318
5588
7689
7275
4859
3687
4456
4253
2020
714
656
-1530
-6124
-9011
-7768
-5564
-5818
-6578
-5268
-3885
-4342
-3890
-162
3575
4075
3977
5806
7051
5548
3758
4379
5332
3697
1088
-131
-1039
-3300
-5797
-5878
-4110
-3932
-5001
-4294
-2482
-1831
-1637
259
3304
4533
4347
5454
6603
5904
3441
-793
-4061
-5125
-6373
-5419
-1985
-2198
-5137
-6127
-5553
-3615
-819
1527
3841
4792
4125
4316
4894
4870
4944
4562
3783
3183
1891
-33
-1156
-924
-233
190
613
974
969
800
1338
3218
4985
5780
6748
7258
6737
6357
5981
5512
5192
4343
3077
2079
913
-4359
-14862
-20355
-15444
-9905
-8125
-5821
-5184
-8917
-11285
-6616
1671
6143
6905
8743
10642
9349
6432
5559
6697
5958
2774
931
209
-3363
-9327
-12268
-10021
-7516
-8341
-9080
-7128
-5511
-6002
-4698
686
5224
5627
5884
8261
9306
7184
5355
6534
7371
4622
1035
-620
-2039
-5262
-8318
-7812
-5639
-6002
-7381
-6260
-3911
-3230
-2757
695
4745
5874
5989
4963
1219
-1835
-2940
-2155
1498
3016
-104
-3122
-4800
-5488
-4233
-2324
-65
1808
1311
639
1509
2030
2522
3834
4940
5394
4705
3059
2024
1851
2021
2733
3464
3271
2416
1310
641
1637
3075
3597
4586
5411
4767
4387
5083
6222
7067
6481
5347
4212
1650
-177
-66
-4554
-14704
-19480
-14848
-9721
-8322
-7195
-7036
-10037
-11405
-6195
1835
6078
6598
7481
9040
8741
6678
5843
6901
6455
3336
823
-256
-3295
-8706
-11729
-9888
-7351
-8120
-9589
-8163
-6088
-6073
-4949
97
5022
5759
5312
7248
9023
7781
6104
6920
7841
5449
1346
-770
-1532
-4208
-7522
-7419
-5033
-5143
-7409
-6847
-3969
-2936
-2626
-2132
-2520
-2216
-1397
773
5266
6232
3132
2256
2734
2477
2634
2177
1458
671
-1409
-2378
-1608
-1433
-1348
-1108
-876
270
961
461
913
2535
3677
4522
5597
6030
5549
4774
4717
5714
5960
5248
4910
3877
2466
2139
2026
2494
3511
3244
2841
3015
2663
2555
2591
2539
2456
1591
-128
-6370
-16242
-18185
-11188
-6108
-4781
-4505
-7014
-11163
-11523
-5785
1384
4498
4948
5911
6427
5481
4179
4253
5712
5634
3454
1767
288
-3236
-7857
-9466
-6985
-5014
-6341
-7973
-7297
-6293
-6528
-4718
317
3865
3841
3559
5089
6395
5573
4901
6446
7256
4939
1647
-64
-710
-3003
-5681
-4593
-2686
-4195
-6830
-9926
-12751
-12206
-9210
-3533
3235
4105
1107
773
1907
3756
6837
8780
9126
7752
4396
1965
1170
58
-869
-1310
-1741
-2040
-3221
-4621
-3923
-1589
774
2704
4042
4817
5001
5145
6688
8726
8916
8392
8054
6640
5496
5181
4205
3198
2462
1473
983
930
329
-961
-2987
-4385
-2434
1355
3918
5364
5226
3381
-1028
-9538
-15000
-10983
-4332
-1227
-816
-3851
-9929
-14220
-12563
-5839
60
1775
1873
1713
715
-119
643
3511
6187
5989
4313
2990
857
-2751
-5246
-4191
-1664
-1580
-4188
-6400
-6842
-7268
-7268
-4236
-102
1122
56
-89
1534
2749
3009
4730
7284
7412
4932
2719
2238
1387
-364
-2642
-6557
-9755
-11417
-11699
-7524
-3457
-4540
-5456
-3804
-1687
1386
4579
6805
8160
7656
6838
7684
7794
6263
4495
2433
761
-589
-2370
-3397
-3335
-3022
-2709
-2039
-830
393
1584
3067
5271
7307
7772
8176
8773
8520
8731
9095
8677
7802
6427
5001
3091
494
-1779
-3637
-4767
-4573
-3727
-3672
-4260
-3762
-2034
417
3569
4820
912
-4992
-6880
-4941
-1613
1918
2594
-1005
-5915
-8544
-8579
-7556
-5788
-3972
-3039
-2927
-3475
-4012
-3859
-2708
-591
1825
3658
3670
1890
110
-444
311
1367
1694
1077
-611
-2805
-4261
-4364
-3712
-3219
-2936
-2617
-2571
-2714
-2169
-924
573
2071
3129
3779
3565
2974
1782
-2585
-6279
-5620
-4877
-3153
261
-849
-4755
-5786
-4676
-2263
1024
3161
3831
3301
2587
3478
4512
4538
5117
5298
3926
2478
1049
-717
-1298
-309
798
1195
819
243
168
643
2278
4623
5671
5732
6014
5971
5863
6502
7036
7066
6911
6250
5479
4647
3695
2746
1092
120
440
120
-78
418
-450
-1646
1051
6968
10478
9025
478
-14630
-24014
-18983
-7618
36
829
-5751
-15678
-20357
-16077
-7529
-744
2507
3457
2932
1846
1444
2048
3805
6272
8458
9126
6649
1374
-4095
-6881
-5908
-3300
-2330
-4475
-8088
-10653
-11416
-9828
-5899
-2077
-388
52
799
2178
3790
5590
7801
9353
9560
8629
6162
3781
110
-7118
-10621
-8964
-8764
-7191
-4635
-7328
-10986
-10050
-6310
-1321
3788
6555
6947
6381
6388
8136
9386
9178
9106
7665
4538
2009
-273
-2590
-3380
-2624
-1904
-2105
-2765
-2954
-2213
-550
2211
5106
6237
6531
7340
7743
8510
10127
10601
10142
9807
8687
6657
4515
2610
903
-11
733
1505
747
-51
-261
-164
1504
3762
4260
3557
-1486
-13440
-21448
-17739
-9840
-3880
-1511
-5776
-14280
-18365
-14181
-6390
-190
2848
3442
2984
2288
2108
2898
4363
5597
6185
6420
4944
821
-3886
-6716
-6722
-5076
-4116
-5377
-8045
-9877
-10536
-9491
-5925
-2260
-381
524
1521
2923
4346
5832
7418
8375
8469
8001
6196
4097
1912
-4985
-11789
-11275
-10191
-9255
-4929
-4887
-9539
-10850
-8199
-3752
2006
6541
8204
8287
7717
7913
9006
9220
9410
9171
6838
4014
1197
-2040
-3871
-3391
-2111
-1710
-2264
-2876
-2761
-1660
586
3759
5936
6683
7563
8068
8437
9903
10890
10910
10967
10111
8840
7846
6174
4842
3331
632
-562
-445
-1082
-676
576
365
391
1349
1520
-1235
-10939
-21420
-20865
-12714
-5177
-693
-2926
-11278
-17377
-15066
-6844
898
4635
4648
3175
1949
1647
2460
3724
4629
4999
5018
3974
666
-4229
-8018
-8462
-6380
-4308
-4228
-6517
-8846
-9802
-9227
-5945
-1693
824
1705
1987
2850
4141
5258
6539
7574
7801
7386
5937
3499
1654
-2419
-10055
-13320
-12025
-11392
-8139
-4587
-6559
-9591
-8725
-4935
475
5918
9001
9710
8960
8043
8651
9475
9611
9497
7674
4375
1262
-1788
-4453
-5002
-3526
-2259
-2020
-2536
-3018
-2266
-578
2352
5871
7571
8326
8999
8879
9294
10589
11437
11588
11412
10667
8689
6047
4302
3135
1514
724
1224
1263
537
-26
66
601
1798
3186
-1561
-15078
-24935
-22008
-12699
-3981
299
-4188
-14450
-20029
-15753
-6306
1833
5700
5780
4261
2637
2014
2880
4344
5464
6291
6736
5027
112
-5839
-9485
-9400
-6769
-4389
-4770
-7447
-10270
-12032
-11010
-6392
-1397
1029
2200
3135
3569
4541
5999
7236
8369
9067
8733
7053
3667
-257
-2755
-6508
-11601
-12874
-12602
-12398
-8807
-6017
-7277
-7999
-5605
-1168
3916
8082
10223
10219
8866
8468
9759
10403
9795
8289
5246
1655
-1214
-3266
-4377
-4263
-3363
-2681
-2390
-2241
-1697
-445
1539
4792
7686
8822
9555
9841
9682
10262
11180
11665
11422
9834
7743
6386
4844
3636
3018
1958
1902
2442
2331
1990
1618
1743
1893
141
-8349
-21162
-25135
-18582
-9928
-3070
-2465
-10330
-19158
-19730
-12074
-2444
4331
6496
5604
3729
2490
3188
4889
6396
7267
7716
7130
3279
-2724
-7480
-9445
-8323
-5839
-5111
-7139
-10182
-12584
-12925
-9950
-5014
-854
1165
2095
3110
4153
5732
7557
8993
10047
10404
9214
5514
723
-2580
-4024
-6672
-10576
-11433
-12087
-12922
-8949
-6223
-7832
-7279
-3926
140
4629
8459
10156
9538
8468
8812
10116
10327
9213
7200
3842
652
-1039
-2213
-3171
-3411
-3121
-2702
-2246
-1610
-749
492
2397
4931
7295
8475
9063
9675
9860
10351
11629
12278
11418
9979
8462
6463
4807
4000
3401
3082
2858
2177
1741
2178
2417
1311
-4375
-17053
-27428
-25604
-16102
-6776
-2093
-6093
-16098
-21817
-17425
-6990
2620
7480
7809
6013
4151
3806
5119
7013
8246
8542
8323
5779
3
-6315
-10359
-10624
-8215
-6277
-6950
-10029
-13225
-14611
-13068
-8218
-2664
552
2152
3478
4335
5775
8093
10154
11759
12327
11285
8095
3008
-1621
-3771
-4451
-7058
-10334
-12155
-14493
-14038
-9711
-7667
-7450
-5210
-1747
1521
4900
7966
9488
9878
10306
11358
11930
10704
8602
5914
2791
599
-691
-1939
-3201
-3733
-3665
-3565
-2960
-2169
-1205
631
3083
5593
7312
8449
9432
9998
10698
11611
12688
12803
11295
10074
8750
6784
5303
3930
3061
3229
3210
2549
2318
1868
212
-3922
-14646
-26561
-27624
-19472
-10129
-3734
-4976
-13768
-20994
-18848
-9357
961
7518
9034
7389
4985
3997
5340
7607
9028
9016
8404
6303
1008
-5409
-9809
-11003
-9412
-7241
-7401
-10313
-13470
-15102
-14204
-9978
-4322
-370
1537
3021
4135
5218
7450
9953
11815
12852
12131
8889
4111
-27
-2692
-3603
-4335
-8062
-12640
-14718
-14820
-12320
-8436
-6832
-6247
-4097
-817
2989
6415
8546
9673
10251
10964
11877
11466
9285
6643
4184
2223
995
-363
-2236
-3800
-4529
-4260
-3247
-2284
-1357
-94
1659
3996
6056
7442
8743
9943
10968
11930
12589
12417
11531
10433
9339
8593
7269
5378
4055
2379
1353
1577
1333
1410
1292
36
-4834
-17421
-28422
-26445
-17098
-8176
-2607
-5141
-14520
-20562
-16765
-6595
2998
8129
9122
7481
4978
4028
5161
7303
8650
8487
7900
5256
-649
-6816
-10592
-10972
-8918
-7234
-7807
-10460
-13237
-14620
-13382
-8694
-3162
443
2490
3578
4163
5428
7806
10318
11977
12745
11671
7526
2375
-1223
-3453
-4096
-4833
-9114
-14131
-15978
-15108
-11448
-7166
-5670
-5239
-3320
-272
3430
7222
9484
10185
10586
11082
11663
11142
8758
5916
3389
1269
-63
-1195
-2800
-4241
-4679
-4169
-3082
-1931
-996
304
2245
4411
6576
8462
9619
10180
10797
11601
12308
12492
11849
10774
9371
7664
6162
4689
3235
2735
2783
1981
1459
1562
468
-1854
-8897
-21394
-27869
-22922
-13675
-5789
-3413
-9086
-17599
-19937
-13211
-2689
5324
8608
8086
5854
4300
4497
6249
8443
8899
8096
7037
3394
-2618
-7761
-10468
-10316
-8362
-7263
-8661
-11567
-13831
-14325
-11974
-6725
-1660
1094
2631
3750
4610
6084
8452
10807
12096
12322
11146
7485
2845
-1068
-3894
-4256
-4115
-7466
-12899
-16505
-16942
-13864
-8178
-3832
-2944
-3076
-1980
930
5379
9594
11920
12319
11738
11143
10292
8417
6174
4131
2059
463
-885
-2943
-5038
-5842
-5099
-3346
-1635
-550
277
1274
3154
5938
8378
10117
11376
11720
11452
11746
12208
11709
10745
9715
8124
5767
3621
2844
2370
1789
2081
2617
2829
2469
294
-7709
-21661
-29190
-23688
-13707
-5147
-1688
-7737
-17930
-21665
-15297
-4163
4547
8477
8575
6078
3494
3345
5307
7600
8694
8730
8041
4405
-1915
-7441
-10385
-10110
-7805
-6412
-7433
-10315
-13471
-15057
-13130
-7847
-2608
536
2468
3454
3770
5033
7621
10192
11722
12371
11575
8665
4628
-290
-3954
-4372
-4519
-5261
-8048
-14444
-18313
-17372
-13677
-6928
-1426
-318
-815
-568
1875
6332
10491
13176
14249
13291
11291
9192
6448
4026
2627
1504
484
-1179
-3749
-6022
-6553
-5061
-2839
-621
1075
2165
3448
4961
7196
9778
11185
12050
12643
12495
12437
12065
11085
9758
7240
4829
3896
3153
3077
3873
3751
3586
3716
2501
-1994
-13499
-26595
-28358
-19824
-9919
-2738
-3659
-13371
-22030
-20931
-10979
292
7044
8924
7346
4357
3169
4731
7350
9086
9230
8850
7092
2137
-3956
-8456
-10290
-9131
-7100
-6976
-9190
-12490
-15114
-15097
-11427
-5932
-1599
883
2177
2873
4089
6335
8961
11124
12288
12146
10406
7509
3991
-57
-3086
-3798
-4309
-6159
-8357
-12426
-17826
-18618
-14742
-9612
-2958
1471
859
-155
1050
4073
8795
13046
15046
14585
11658
8358
5984
3628
2334
2186
1079
-1096
-3731
-6337
-7666
-6825
-4167
-1178
988
2141
3034
4220
5725
8147
10646
12136
13070
13091
12466
11996
10959
9263
7749
6556
5248
3740
2616
2219
1794
1504
2773
3329
1270
-2176
-10836
-22921
-26151
-19415
-10846
-3913
-2712
-9637
-17987
-19064
-11740
-1860
5196
8327
7878
5011
2904
3311
5347
7090
7379
7578
6825
2481
-3327
-7660
-9859
-9388
-7281
-6065
-7408
-10450
-12887
-13368
-10893
-6033
-1714
945
2529
3026
3634
5466
7592
9197
10236
10609
9689
7148
3761
382
-1765
-2533
-3248
-4751
-7620
-10513
-12707
-14884
-14139
-10317
-6569
-2169
1526
2121
2135
3254
5411
8814
11942
13432
12748
9693
6197
3815
2266
1791
1570
111
-2140
-4454
-6122
-6385
-5318
-2880
60
2033
3191
4154
4996
6127
8064
10156
11551
12220
11829
10690
9611
8572
8146
8297
7598
5997
4098
2025
663
121
-213
841
2671
2625
1208
-3844
-16055
-26209
-24298
-15455
-6452
-537
-3040
-12558
-19565
-17407
-8098
1561
7575
9162
6905
3503
1727
2602
5210
7257
7923
7719
5171
-347
-5814
-9030
-9591
-7712
-5685
-5648
-7637
-10522
-12603
-12229
-8661
-3655
244
2576
3501
3394
3784
5536
7644
9126
9929
9386
7210
4719
2407
-105
-1975
-2725
-3895
-6367
-8548
-10047
-11671
-11336
-9180
-7959
-5881
-2777
-851
1721
4386
5258
6216
7709
9112
10518
10651
9051
6583
3708
1670
1053
284
-1051
-2465
-4138
-5196
-5005
-3989
-2306
-325
1400
2779
3987
5325
6904
8289
9420
10373
10746
10565
9867
9122
8690
7985
7407
6929
5583
3567
1644
491
290
926
1846
2813
3508
2352
317
-4481
-15489
-23182
-19840
-12411
-5589
-1661
-5574
-14497
-19314
-15559
-6478
1679
6006
6712
4491
1994
1732
3537
6152
7408
7356
7317
4705
-672
-5047
-7556
-8150
-6771
-5483
-6057
-8490
-11276
-12723
-11765
-8157
-3664
-310
1642
2342
2419
3307
5239
7208
8735
9794
9522
7306
4530
2081
244
-417
-1351
-3065
-5201
-8500
-10833
-10906
-10306
-9343
-7989
-5820
-3531
-1709
1436
4206
4768
5755
7687
9122
10118
10402
9086
6421
3965
2646
1825
836
-241
-1757
-3679
-4734
-4618
-3803
-2294
-484
1178
2510
3539
4663
5991
7269
8430
9475
10039
9875
9346
8678
8088
7871
7363
6210
5128
3840
2303
1209
179
-307
136
1290
3593
4479
2988
-318
-10006
-21422
-22532
-15526
-7523
-1147
-1714
-10052
-18325
-18867
-11177
-1764
4457
7165
5958
2631
1037
1965
4665
7212
7809
7939
6707
2105
-3058
-6514
-8030
-7222
-5438
-4817
-6553
-9570
-11718
-12076
-9673
-5281
-1635
672
1853
2033
2487
3850
5810
7624
8715
8971
7654
5150
2790
910
-5
-702
-2337
-3927
-5485
-7098
-7637
-8196
-8926
-8487
-8003
-6753
-3423
-534
1633
3817
4343
4516
5789
7165
8651
9242
8055
6144
3903
2154
1520
832
-86
-1031
-2521
-3765
-3974
-3432
-2284
-738
1049
2659
3599
4401
5472
6745
8029
8880
9581
9739
8795
8001
7409
6655
6352
5465
4264
3605
2194
1073
1044
561
645
1871
3310
4250
3469
2171
-2422
-13688
-21056
-17849
-11563
-5121
-999
-5096
-13986
-18997
-15733
-7023
306
4239
5507
3597
1072
889
2946
5763
7038
7344
7533
4770
-98
-3703
-5945
-6401
-4962
-3851
-4804
-7502
-10219
-11780
-11055
-7523
-3701
-1244
376
685
521
1707
3726
5690
7375
8378
8237
6791
4950
3297
1950
1443
1393
763
-1836
-5741
-8318
-10016
-10624
-8779
-6998
-5962
-4436
-3328
-2093
-171
1835
4294
6566
7937
8914
8841
7444
6210
5264
4199
3554
2652
874
-1221
-3040
-4013
-4154
-3511
-2321
-1327
-492
303
1268
2555
3740
5216
6782
7619
8232
8609
8200
7472
6861
6533
6474
6224
5793
5153
4141
3004
1441
158
355
1287
2412
3485
3799
2953
1861
382
-6585
-16675
-18934
-14285
-8981
-3708
-3013
-9693
-17097
-17957
-11715
-3592
1958
4732
4568
1957
459
1769
4662
7077
7729
8143
7373
3251
-1186
-3827
-5290
-5129
-4157
-4224
-6110
-8941
-11078
-11768
-10251
-6689
-3413
-1364
-94
11
380
2451
4898
7080
8971
9785
8969
6914
4914
3273
2231
2275
1883
-338
-3457
-5860
-7333
-8266
-8545
-8428
-7962
-6871
-5142
-3351
-2367
-1540
125
2641
5626
7873
8530
7866
6606
5742
5535
5532
5113
3715
1620
-427
-2003
-3018
-3470
-3384
-2930
-2310
-1656
-817
246
1469
3053
4806
6257
6958
7209
7783
8044
7758
7601
7471
7197
6374
5413
4895
3882
2927
2690
1949
1435
1867
2049
2908
4299
3867
3083
-261
-11018
-20375
-19437
-13664
-7268
-2171
-4160
-12546
-18697
-16806
-9216
-1607
3514
5709
4627
2332
1672
3339
6268
7989
8451
8959
6871
1827
-2442
-4948
-5972
-5339
-4380
-5205
-7956
-10603
-12118
-11971
-9392
-5746
-2815
-794
269
777
2004
4222
6688
8742
9943
10003
8552
6363
4586
3087
2314
2293
1382
-1430
-5452
-8927
-11019
-11365
-9624
-7355
-5789
-4727
-4237
-3496
-1691
513
3036
5857
7744
8552
8573
7471
6138
5377
4984
4595
3469
1505
-870
-3054
-4219
-4482
-4302
-3699
-2848
-2048
-1373
-570
743
2370
3661
4986
6539
7323
7478
7559
7427
7328
7183
6985
6713
5704
4427
3748
3461
3252
2789
2195
1940
1654
1463
1724
2165
2642
2844
2644
-1499
-11612
-18515
-16987
-12429
-6302
-1603
-4688
-12363
-16582
-14074
-7196
-745
3606
5553
4139
2003
2034
3533
5223
6157
7132
7957
5360
660
-2645
-5037
-6070
-5093
-4101
-4773
-7022
-9199
-10432
-10390
-8052
-4704
-1930
364
1388
1584
2483
3796
5312
7130
8601
8989
7812
5804
3890
2382
1915
1827
937
-1025
-4566
-8260
-9965
-10073
-8671
-6131
-4731
-5003
-5237
-4051
-1616
1165
3769
5543
6118
6226
6626
6907
6585
6195
5696
4535
3044
1466
-355
-2050
-3173
-3694
-3506
-2945
-2582
-2198
-1722
-1011
462
2151
3483
4624
5441
6024
6588
7068
7594
7894
7589
7009
6380
5651
4926
4237
3622
2910
1816
817
709
1284
1643
1548
1637
1805
1417
1939
1180
-6563
-15369
-16363
-13018
-8022
-2236
-2276
-8867
-14821
-14766
-9160
-2813
1513
3823
3388
1381
728
2194
4403
5530
6204
7444
6298
2314
-799
-2672
-4018
-3771
-2752
-3314
-5772
-8197
-9643
-9962
-8155
-5062
-2707
-1074
-91
40
720
2532
4601
6596
8225
8691
7429
5353
3817
2737
2371
2605
1764
-153
-2434
-5480
-8117
-9012
-8878
-7698
-5725
-4788
-4812
-4499
-3527
-1661
1001
3647
5285
5842
6088
6066
5813
5772
5569
4829
3740
2427
862
-945
-2454
-3311
-3737
-3575
-3011
-2598
-2162
-1611
-857
421
1919
3356
4480
5128
5799
6293
6438
6947
7484
7292
6585
5877
5181
4210
3441
3170
2573
1427
849
1297
1766
2087
2437
2458
2497
2648
3589
2694
-5371
-14362
-15415
-12257
-7579
-1964
-2205
-9206
-15234
-15005
-9558
-3571
668
3361
3218
1263
839
2366
4338
5430
6498
8127
6990
2956
-343
-2634
-3869
-3134
-2078
-2762
-5312
-7952
-9404
-9622
-7962
-5279
-3336
-1927
-1087
-741
277
1886
3626
5407
6965
7805
7075
5489
4197
2973
2462
2790
2365
973
-756
-3290
-6239
-7970
-8150
-7311
-5643
-4113
-3952
-4623
-4464
-3099
-871
2179
4927
6222
6423
5888
4971
4592
4778
4944
4883
4052
2175
-59
-1969
-3115
-3275
-2702
-1959
-1605
-1795
-2166
-2105
-1124
649
2490
3994
4927
5163
5268
5444
5858
6859
7412
7105
6644
5581
4207
3464
2963
2725
2500
1653
1312
1600
1509
1799
2753
3059
2719
3322
1718
-6560
-14612
-15006
-11630
-7045
-2108
-2634
-9464
-15274
-14561
-9050
-3428
661
3201
3067
1219
643
2106
3964
4899
6203
8053
6974
3200
136
-2059
-3323
-2780
-1822
-2576
-5077
-7429
-8867
-9273
-7881
-5805
-4348
-2941
-1680
-897
112
1489
2964
4687
6458
7518
7111
5712
4354
3255
3018
3408
2873
1327
-753
-2949
-4400
-5368
-5977
-5530
-4455
-4229
-5257
-6137
-6512
-6280
-3504
629
2903
3758
3940
3284
3156
4168
5626
6744
6558
5278
3663
1625
-31
-562
-862
-1160
-1339
-2111
-3215
-3693
-3280
-2081
-368
1234
2302
2803
2989
3567
4579
5630
6874
7593
7176
6568
6074
5356
4720
4364
4229
3739
2551
1804
1599
1367
1829
2679
3281
3415
3561
4023
-244
-9839
-14998
-13593
-10151
-4611
-1039
-4721
-11741
-15182
-12502
-6578
-1540
1938
3482
2368
879
1225
2876
4302
5336
7233
8155
5459
1579
-1169
-3082
-3212
-1853
-1470
-3259
-6038
-8097
-9164
-8702
-6609
-4752
-3451
-2202
-1585
-965
186
1447
3032
4916
6564
7091
6183
4929
3703
2872
3197
3402
2467
730
-1581
-3322
-4118
-4779
-5069
-4850
-4889
-5803
-6643
-6218
-5376
-3847
-859
1403
2098
2647
3017
3376
4312
5345
6088
6153
5365
4143
2573
1054
190
-340
-830
-1178
-1764
-2848
-3669
-3598
-2979
-2016
-837
243
1166
1819
2510
3526
4430
5311
6266
6699
6770
6720
6173
5655
5402
4857
4369
3918
3165
2232
1207
907
1411
1655
1349
1190
1586
1970
3020
2737
-3757
-11754
-13505
-11052
-6671
-1502
-1177
-6776
-12390
-13182
-9111
-3908
-52
2403
2388
656
92
1001
2374
3571
4977
6827
6540
3635
878
-1175
-2372
-1754
-726
-1341
-3456
-5706
-7403
-8240
-7437
-5618
-4316
-3248
-2250
-1772
-1166
-246
960
2730
4618
6044
6243
5259
4144
3262
3185
3758
3449
2127
397
-1432
-2751
-3437
-3577
-3751
-4580
-5209
-5451
-5783
-5364
-4274
-3174
-1489
566
1985
2565
2634
2749
3245
4059
4911
5232
4560
3218
2086
1267
399
-211
-722
-1526
-2217
-2641
-2830
-2630
-2139
-1403
-581
160
994
1946
2885
3826
4602
5013
5256
5280
5105
5208
5420
5412
5122
4499
3700
2688
1790
1420
1290
1158
1032
1122
1230
1129
1151
1376
2088
3310
5092
5791
541
-8665
-12942
-11333
-7404
-1933
456
-4327
-11420
-14237
-11560
-6398
-2052
864
1797
354
-927
-195
1511
2707
3999
6339
7046
4523
1581
-495
-1890
-1524
19
352
-1511
-4239
-6265
-7448
-7422
-5902
-4396
-3691
-3140
-2632
-2069
-1268
-180
1415
3249
4786
5507
5140
4133
3219
3087
3656
3989
3415
1771
-225
-1577
-2338
-2610
-2480
-2839
-3890
-4860
-4978
-4231
-3692
-3418
-2632
-1650
-281
1462
2261
2089
1871
2158
3282
4584
5047
4375
2973
1736
1112
863
635
112
-726
-1568
-1954
-1800
-1531
-1233
-738
-164
507
1247
1733
2132
2696
3329
4105
4756
4835
4511
4251
4297
4457
4435
4095
3409
2534
1653
995
780
832
743
544
781
1318
1407
1432
2128
3010
4192
5583
3292
-4055
-10047
-10812
-8380
-3900
-342
-2328
-8531
-13157
-12854
-8877
-4427
-1284
50
-453
-1536
-1375
318
1968
3188
5247
6870
5827
3455
1491
-64
-395
755
1487
199
-2441
-4972
-6850
-7376
-6168
-4699
-4015
-3694
-3578
-3407
-2712
-1591
-41
1876
3589
4559
4583
3981
3268
3035
3700
4434
4223
3108
1334
-463
-1547
-1886
-1724
-1749
-2592
-3819
-4735
-5109
-4841
-3921
-2718
-1650
-645
339
921
1077
1390
2067
2836
3724
4378
4170
3443
2707
1950
1346
1120
1002
555
-124
-774
-1373
-1675
-1524
-1099
-504
116
559
773
928
1257
1769
2442
3162
3618
3680
3507
3365
3434
3641
3828
3982
3875
3300
2633
2069
1657
1657
1646
1229
857
776
846
988
947
928
1803
3265
4635
5482
2726
-4330
-9670
-9898
-7145
-3078
-359
-2391
-8010
-12318
-12084
-8517
-4580
-1459
227
-219
-1535
-1807
-639
1106
2911
5122
6497
5341
2911
940
-262
-251
832
1466
338
-2061
-4368
-6014
-6609
-5894
-4688
-3899
-3643
-3644
-3600
-3261
-2254
-542
1346
2974
3913
3939
3505
3077
3094
3776
4433
4428
3581
1957
369
-579
-1115
-1455
-1957
-2923
-3882
-4344
-4309
-4046
-3869
-3673
-3062
-1914
-563
563
1217
1345
1390
1954
3037
4073
4494
4234
3540
2683
2015
1664
1376
891
314
-156
-679
-1190
-1348
-1296
-1102
-599
-151
6
148
413
932
1770
2610
3124
3343
3476
3642
3912
4160
4141
3974
3991
3923
3525
3146
2467
1408
922
945
1084
1323
1163
632
195
163
721
1671
2760
3631
3994
2815
-1506
-6726
-8654
-7444
-4740
-1706
-1685
-5639
-9744
-11035
-9278
-5762
-2532
-780
-741
-1721
-2255
-1489
195
1919
3580
4924
4760
3200
1588
352
-188
500
1353
911
-740
-2864
-4768
-5760
-5425
-4303
-3554
-3397
-3500
-3697
-3504
-2614
-1119
610
2094
3011
3126
2834
2657
2721
3336
4184
4399
3824
2638
1222
132
-576
-1150
-1801
-2656
-3476
-3884
-3849
-3560
-3323
-3228
-2841
-1841
-533
693
1608
1871
1795
2258
3150
3948
4432
4185
3287
2232
1356
951
772
411
-33
-530
-1070
-1376
-1392
-1269
-993
-482
71
502
855
1156
1493
2003
2641
3139
3375
3340
3118
2971
2974
3057
3144
3198
3182
3037
2762
2401
1988
1483
978
719
733
845
817
515
180
143
409
932
1755
2450
2768
2861
1559
-2075
-5746
-6912
-6008
-4097
-2279
-2850
-6133
-9234
-9896
-8109
-5213
-2873
-1787
-1895
-2652
-2694
-1341
388
1717
3016
3953
3654
2566
1593
817
496
974
1396
779
-646
-2347
-3899
-4647
-4346
-3658
-3338
-3330
-3434
-3587
-3278
-2316
-1023
351
1529
2358
2741
2753
2833
3188
3698
4154
4256
3826
2940
1878
1036
400
-282
-975
-1803
-2712
-3216
-3317
-3208
-3081
-3129
-2898
-2102
-1029
106
815
950
1092
1522
2348
3445
4049
3835
3171
2383
1725
1341
1219
1072
663
145
-398
-938
-1282
-1319
-1051
-569
-25
307
403
596
896
1330
2008
2540
2800
2915
2798
2724
2893
2979
2906
2818
2651
2408
2231
2126
1867
1374
952
814
721
517
358
104
-183
19
476
701
955
1351
1684
2149
2596
2062
48
-2877
-5219
-5677
-4607
-3252
-2795
-4079
-6610
-8488
-8269
-6534
-4518
-2716
-1886
-2161
-2380
-1951
-915
532
1885
2852
3133
2621
1868
1227
829
931
1259
1162
378
-875
-2189
-3199
-3505
-3125
-2694
-2503
-2540
-2811
-2920
-2561
-1707
-516
501
1199
1726
1985
2143
2460
2858
3246
3507
3421
2975
2340
1631
955
426
-166
-1037
-1866
-2458
-2990
-3274
-3223
-3212
-3092
-2522
-1716
-873
-177
201
569
1154
1853
2707
3489
3622
3181
2734
2327
2004
1955
1775
1242
572
-182
-749
-989
-1139
-1097
-866
-731
-569
-276
-9
340
934
1621
2195
2567
2738
2819
2883
2996
3211
3274
3052
2727
2393
2120
1903
1648
1325
924
547
245
159
273
159
-22
164
421
554
801
1060
1207
1420
1660
1909
1971
1081
-489
-1941
-3479
-4454
-4086
-3643
-4030
-4831
-5926
-6880
-6852
-5863
-4554
-3462
-2751
-2343
-2063
-1518
-685
299
1439
2197
2420
2478
2137
1579
1428
1423
1152
766
194
-739
-1668
-2308
-2837
-3112
-2933
-2772
-2816
-2690
-2417
-2067
-1487
-783
-53
669
1239
1617
1880
2100
2310
2577
2882
2794
2246
1695
1132
600
258
-302
-1054
-1587
-2050
-2384
-2302
-2178
-2233
-2058
-1557
-959
-267
341
661
941
1309
1759
2355
2832
2861
2506
2035
1696
1520
1341
1146
890
407
-88
-288
-272
-187
-96
-7
146
308
402
616
1046
1405
1644
1939
2142
2164
2186
2223
2201
2117
2035
2024
1966
1703
1259
865
693
627
558
565
592
504
403
399
455
528
655
941
1225
1313
1367
1336
1071
916
989
993
930
548
-654
-2137
-3196
-4002
-4452
-4291
-4052
-4178
-4554
-5034
-5430
-5352
-4579
-3389
-2319
-1634
-1250
-1025
-738
-226
518
1290
1662
1707
1663
1282
739
483
333
113
-96
-475
-1188
-1964
-2464
-2648
-2574
-2285
-2034
-2027
-2029
-1800
-1419
-884
-201
416
852
1231
1597
1750
1730
1838
2144
2429
2442
2159
1660
959
212
-410
-913
-1226
-1320
-1312
-1340
-1578
-1930
-2063
-1810
-1163
-272
525
1031
1162
987
988
1428
2037
2594
2870
2649
2056
1472
1208
1160
1165
1190
1012
566
111
-221
-392
-332
-114
125
228
133
28
9
156
571
1057
1435
1649
1651
1583
1551
1558
1714
1933
2013
1934
1739
1526
1345
1159
1026
918
803
693
549
453
414
337
296
290
294
364
395
370
326
190
46
-23
-19
1
-130
-582
-1268
-1932
-2481
-2774
-2703
-2662
-2954
-3282
-3449
-3567
-3489
-3091
-2684
-2395
-2091
-1759
-1420
-1132
-870
-567
-284
-74
83
156
39
-183
-194
-31
-48
-186
-279
-509
-778
-805
-787
-846
-784
-712
-739
-705
-634
-566
-332
-11
215
413
598
714
809
933
1102
1311
1386
932
235
-79
-254
-198
458
854
495
28
-355
-566
-239
350
772
933
751
498
554
787
1003
1173
1166
955
707
533
515
586
567
471
317
65
-149
-273
-347
-269
-63
58
87
88
57
141
425
784
1088
1272
1289
1209
1242
1446
1654
1800
1838
1648
1349
1167
1111
1057
968
876
741
529
299
172
166
169
190
313
410
384
343
377
532
718
832
887
756
492
323
234
123
23
-121
-400
-732
-1162
-1731
-2217
-2506
-2643
-2675
-2758
-3012
-3255
-3234
-2980
-2609
-2245
-2015
-1914
-1856
-1696
-1390
-1018
-636
-299
-139
-198
-249
-134
-52
-52
32
78
-21
-136
-228
-319
-394
-414
-318
-161
-123
-214
-279
-332
-331
-153
106
224
143
67
78
167
383
543
545
522
486
465
527
648
742
743
674
611
546
436
363
398
455
476
455
419
363
281
266
312
251
80
42
149
192
226
343
381
315
364
535
710
836
862
834
794
765
867
1023
1012
922
891
855
817
861
909
889
867
774
628
611
658
691
729
690
580
498
499
589
690
760
793
763
667
540
458
426
387
345
225
27
-103
-238
-406
-415
-411
-530
-615
-809
-1058
-1055
-958
-916
-914
-1144
-1543
-1757
-1743
-1641
-1495
-1439
-1529
-1608
-1665
-1691
-1538
-1323
-1195
-1054
-933
-972
-1019
-881
-674
-533
-403
-352
-459
-557
-570
-517
-358
-184
-139
-200
-331
-478
-464
-332
-183
1
74
-26
-123
-163
-166
-45
173
297
276
226
191
123
141
315
437
448
436
351
230
214
267
337
418
464
454
369
216
125
162
298
448
515
489
394
314
311
397
565
697
692
614
533
432
384
478
627
703
698
682
625
521
497
596
764
927
1018
1018
858
595
472
503
591
727
796
716
574
415
280
259
333
435
500
493
467
384
263
246
284
281
278
277
220
87
-68
-187
-303
-345
-290
-261
-292
-407
-509
-520
-562
-552
-499
-628
-779
-767
-751
-739
-704
-737
-802
-814
-788
-756
-758
-841
-976
-1049
-1010
-961
-914
-834
-843
-949
-980
-921
-842
-744
-631
-551
-519
-552
-602
-520
-379
-311
-248
-203
-236
-299
-309
-250
-181
-93
-20
-77
-179
-180
-144
-90
-8
-26
-82
-50
28
113
156
121
71
43
70
164
245
279
269
265
301
336
392
480
529
541
529
504
493
520
591
641
694
746
691
609
572
563
629
696
669
603
539
502
560
610
569
516
449
378
404
488
533
550
501
389
327
341
405
445
394
304
279
294
280
266
282
250
185
180
155
59
15
18
13
67
111
65
53
48
-31
-41
36
27
-36
-57
-94
-146
-157
-154
-172
-212
-276
-354
-419
-479
-554
-626
-677
-689
-703
-744
-772
-798
-889
-971
-965
-905
-818
-761
-674
-573
-595
-613
-464
-318
-261
-199
-183
-265
-354
-372
-353
-374
-431
-474
-517
-568
-582
-555
-524
-492
-449
-388
-300
-178
-68
-5
97
214
258
273
289
277
268
326
410
436
410
345
270
196
151
229
300
272
260
198
101
106
162
232
337
400
420
485
554
599
654
684
660
626
621
598
547
481
412
385
383
308
181
100
48
57
120
134
71
-23
-71
-17
96
164
189
199
172
153
213
292
316
348
404
390
303
217
144
82
59
131
212
161
79
52
25
17
39
44
-4
-92
-124
-82
-62
-103
-177
-274
-382
-446
-407
-363
-412
-452
-471
-497
-460
-361
-285
-290
-357
-435
-456
-417
-323
-194
-154
-234
-350
-415
-402
-329
-246
-223
-251
-286
-342
-383
-390
-419
-432
-370
-326
-322
-291
-263
-241
-200
-187
-190
-184
-163
-90
18
90
119
123
102
53
15
30
48
67
142
176
104
66
92
106
167
274
300
249
201
147
139
201
272
306
292
243
172
170
252
318
362
388
355
296
282
288
302
353
368
299
219
144
67
54
94
125
145
163
149
106
49
15
46
82
100
120
103
52
24
-11
-35
-12
-5
7
25
-10
-50
-71
-75
-32
17
-2
-24
0
-5
-4
15
-10
-36
-19
7
12
2
-49
-143
-212
-229
-206
-140
-111
-155
-186
-196
-170
-81
-4
-13
-24
-24
-72
-77
-41
-27
9
44
13
-38
-68
-109
-135
-132
-110
-101
-156
-222
-251
-269
-264
-202
-132
-150
-200
-184
-134
-94
-56
-12
-3
-29
-40
-23
-15
-12
-2
-7
-3
5
-19
-44
-56
-62
-63
-47
-2
47
91
123
137
116
83
119
209
246
226
204
165
139
177
241
280
261
201
165
163
172
180
187
167
123
94
94
90
74
78
64
26
10
-5
-17
-23
-63
-81
-34
10
8
-7
-35
-64
-34
18
33
32
36
30
10
-33
-88
-112
-98
-79
-84
-113
-143
-149
-158
-139
-104
-118
-135
-125
-90
-50
-34
6
38
4
9
70
94
113
129
99
41
-11
-21
-8
-13
-24
-50
-105
-186
-256
-249
-202
-172
-141
-165
-226
-253
-237
-159
-64
-5
6
-29
-55
-34
45
140
183
186
161
122
93
62
22
-7
-27
-49
-61
-82
-124
-191
-230
-210
-179
-138
-84
-48
-19
28
81
125
160
177
210
258
265
238
210
167
130
145
179
186
170
123
61
13
10
40
79
111
99
57
23
17
64
131
176
179
155
125
105
102
108
90
54
31
-15
-69
-91
-100
-78
-29
-28
-62
-82
-122
-156
-113
-53
-25
-17
-41
-72
-74
-50
-25
-4
5
3
1
-15
-30
-28
-11
6
21
12
-45
-82
-91
-104
-89
-50
-55
-71
-64
-68
-44
15
43
43
25
9
17
30
23
36
43
-12
-54
-54
-87
-128
-128
-133
-147
-148
-144
-162
-202
-201
-165
-129
-104
-100
-117
-117
-98
-115
-135
-121
-115
-115
-74
-32
-33
-24
-21
-43
-63
-57
-42
-30
-15
-14
-23
-26
-21
-23
-7
-6
-36
-16
3
-7
25
59
37
46
78
81
89
112
133
135
145
187
232
229
203
173
135
129
145
166
163
119
82
54
15
1
7
0
-7
9
17
-10
-23
0
25
57
95
112
118
124
138
177
182
148
122
103
61
22
7
-18
-39
-42
-40
-56
-99
-129
-118
-65
10
62
76
72
54
54
85
117
135
136
122
85
48
27
28
25
-1
-29
-54
-68
-67
-54
-47
-59
-69
-65
-62
-53
-48
-42
-32
-44
-62
-64
-80
-97
-100
-102
-113
-118
-103
-116
-168
-194
-190
-174
-133
-95
-90
-104
-127
-139
-130
-99
-41
0
-3
-20
-43
-62
-50
-12
0
-28
-52
-61
-73
-85
-67
-40
-26
-12
16
29
14
-1
-1
8
27
48
63
46
35
51
63
80
100
104
97
97
99
91
86
80
80
107
115
119
131
105
70
64
78
90
101
105
81
38
3
2
13
19
19
23
16
2
-11
-17
7
29
38
48
29
-23
-57
-63
-54
-22
5
1
-32
-70
-85
-57
-15
-7
-29
-36
-30
-11
42
65
30
-6
-34
-50
-41
-26
-25
-24
-21
-30
-25
-12
-18
-11
-2
-10
-16
-22
-27
-20
-22
-20
-3
-27
-67
-69
-62
-49
-20
6
1
-33
-54
-47
-23
4
19
7
-15
-35
-40
-13
13
25
36
26
3
-1
0
13
31
29
20
8
-12
-24
-26
-22
-2
12
-3
-18
-16
-18
-14
-7
6
25
48
64
57
49
43
62
96
105
95
74
60
50
53
68
71
62
45
32
19
17
37
41
22
16
23
31
52
62
53
40
19
13
33
39
29
11
-13
-37
-50
-56
-58
-55
-56
-65
-76
-92
-117
-115
-91
-90
-103
-103
-106
-114
-112
-95
-86
-96
-105
-108
-100
-87
