4
3
8
6
1
-5
2
9
6
5
-1
-3
0
-7
-16
-12
-9
-4
-9
-15
-8
-8
-13
-14
-14
-15
-17
-14
-7
-6
-16
-16
-12
-16
-12
-7
-2
1
-7
-3
-5
-16
-10
-8
-6
-6
-11
-2
-2
-5
2
3
-1
2
4
0
2
4
0
0
0
1
4
-1
-3
3
5
-3
0
6
5
9
6
6
7
5
3
-2
2
2
2
8
8
6
5
8
6
6
10
5
6
10
14
5
3
6
1
7
4
0
-4
-9
-2
-3
-7
-5
-7
-5
-7
-10
-11
-6
-3
-13
-12
-11
-16
-12
-10
-4
-8
-7
-3
-13
-5
-8
-15
-9
-13
-9
-7
0
2
-8
-2
-7
-3
8
-1
3
4
5
10
2
5
13
10
7
14
17
13
10
14
9
8
10
7
0
-5
-3
4
2
-4
0
4
-3
1
10
4
7
14
12
15
6
2
14
9
5
13
8
-2
5
6
4
8
7
3
5
5
1
3
1
-3
-4
0
2
1
4
9
11
8
2
5
3
5
0
-10
-12
-6
-3
-5
-8
-1
3
-6
-7
-7
-10
-5
-4
-6
-8
-7
-9
-7
-10
-17
-10
-9
-10
-6
-10
-10
-9
3
5
0
3
6
5
1
9
8
-1
4
5
-2
-11
-7
-8
-12
-16
-16
-15
-26
-26
-14
-7
-11
-5
1
-10
-11
-9
-4
-4
-6
1
1
-6
-9
-11
-7
-5
-6
-4
-5
-5
-11
-8
1
-4
0
6
2
5
4
4
8
12
15
14
25
20
24
31
29
37
47
42
38
36
24
17
23
24
17
12
12
10
3
-2
-2
-1
1
-7
-11
-12
-7
-6
-15
-14
-14
-17
-17
-16
-16
-5
-7
-11
-11
-24
-31
-25
-21
-25
-30
-18
-15
-18
-15
-19
-11
-3
-6
-4
-3
-4
1
4
6
6
2
1
9
8
15
25
21
30
34
28
35
33
28
30
36
37
30
32
31
27
29
24
30
32
28
23
20
19
12
16
12
13
13
1
4
-4
-5
6
-1
-1
3
0
-4
-4
-12
-18
-13
-7
-8
-13
-15
-14
-27
-32
-30
-34
-33
-42
-52
-53
-60
-68
-58
-58
-57
-52
-50
-47
-45
-37
-32
-23
-9
-14
-20
-20
-12
-16
-17
-15
-23
-15
-14
-22
-23
-24
-14
-9
-13
-12
-6
-6
-9
-10
-16
-11
-6
0
7
5
8
11
16
27
40
47
44
43
48
42
33
32
33
29
29
23
6
9
15
9
16
22
17
17
16
18
15
13
22
23
21
22
15
14
14
16
31
37
30
28
31
13
5
20
28
24
12
-2
-11
-7
-7
-5
7
8
1
-1
-8
-8
9
21
27
19
13
0
-29
-43
-44
-46
-42
-40
-38
-43
-55
-58
-68
-56
-20
1
3
-9
-26
-59
-80
-74
-80
-91
-109
-174
-293
-383
-398
-333
-226
-161
-141
-154
-136
-55
46
148
231
276
286
280
266
238
194
185
183
113
43
3
-57
-108
-113
-99
-61
7
51
66
92
99
130
257
346
342
351
341
273
255
272
199
126
134
83
3
21
6
-70
-56
16
13
24
96
105
105
169
213
239
256
215
187
167
104
91
91
19
-37
-55
-120
-168
-118
-52
-44
-17
21
6
33
70
27
13
44
-1
-95
-145
-243
-402
-482
-513
-599
-684
-733
-798
-851
-856
-832
-757
-622
-505
-447
-373
-290
-231
-157
-79
-9
15
-28
-89
-147
-217
-277
-292
-305
-361
-432
-480
-484
-455
-375
-228
-74
10
72
181
261
316
440
564
592
608
620
555
478
439
425
448
491
504
480
490
551
603
683
857
1053
1134
1109
1125
1129
1043
1038
1095
1024
912
826
646
442
408
508
572
689
916
1048
1076
1117
1105
1096
1164
1158
845
-328
-2373
-3904
-4036
-3498
-2956
-2521
-2662
-3389
-3630
-2926
-1961
-924
351
1334
1769
2015
2040
1903
2048
2288
2110
1657
1180
434
-629
-1670
-2482
-2799
-2519
-2162
-2172
-2433
-2648
-2600
-1989
-783
398
1114
1531
1903
2235
2369
2361
2399
2454
2391
2024
1237
214
-810
-1603
-1920
-1935
-2116
-2551
-2816
-2770
-2661
-2321
-1559
-690
130
869
1278
1432
1679
2006
2157
2152
2069
1697
1100
537
-62
-689
-1080
-1197
-1255
-1331
-1386
-1416
-1293
-844
-132
527
981
1364
1703
1899
2083
2339
2445
2428
2413
2229
1799
1332
1031
839
697
601
444
209
-51
-155
-17
230
667
1094
1270
1580
1861
1749
1809
2167
2208
1920
1507
-157
-3866
-6712
-6134
-4425
-3589
-3083
-3549
-5202
-5703
-4126
-2345
-915
981
2442
2741
2842
2813
2438
2712
3479
3304
2341
1560
493
-1241
-2843
-3935
-4339
-3647
-2714
-2851
-3767
-4336
-4172
-3137
-1071
987
1793
1890
2358
3033
3286
3173
3146
3347
3525
3180
2031
484
-937
-1941
-2263
-1996
-1874
-2401
-3128
-3983
-5402
-6037
-4493
-1851
784
2590
2254
706
480
1800
3062
3952
4588
3981
2368
1230
407
-680
-1185
-825
-713
-1339
-2030
-2535
-2955
-2568
-1148
207
1152
2187
2817
2455
2015
2423
3258
4015
4493
4148
2910
1777
1459
1481
1386
1337
1173
675
303
203
-88
-276
378
1337
1794
2197
2416
1835
1427
1988
2570
2578
1918
-1133
-6490
-9168
-7163
-4756
-3845
-3410
-4568
-6822
-6734
-4341
-2493
-802
1722
3171
3188
3330
3196
2689
3168
3968
3540
2594
1902
387
-2081
-4132
-5266
-5194
-3828
-2938
-3733
-4968
-5417
-4929
-3259
-679
1278
1926
2357
3180
3810
3822
3505
3498
3969
4303
3643
1925
45
-1452
-2399
-2521
-2164
-2267
-3138
-4181
-5492
-6855
-6322
-4026
-1555
1222
2629
1342
682
2169
3325
3910
5115
5472
3985
2563
1849
369
-1113
-1025
-680
-1364
-2115
-2509
-3314
-3724
-2408
-634
370
1545
2863
3044
2548
2823
3532
3960
4650
5048
4100
2741
1988
1597
1338
1250
1310
1183
856
696
332
-213
32
974
1625
1886
2062
1829
1400
1671
2438
2760
2670
2281
-534
-6563
-10490
-8786
-5580
-3827
-3073
-4393
-7208
-7888
-5475
-2744
-734
1756
3614
3652
3386
3084
2404
2912
4275
4307
3176
2010
290
-2344
-4757
-5996
-5816
-4334
-3099
-3701
-5250
-6015
-5644
-3972
-979
1585
2359
2455
3048
3864
4140
3761
3695
4319
4687
4039
2283
69
-1721
-2749
-2866
-2324
-2289
-4439
-7847
-8799
-7611
-6586
-3500
1091
2143
669
1082
2310
2719
4641
7451
7303
5283
4382
3218
1003
-32
91
-752
-2039
-2062
-2279
-3905
-4523
-3244
-1703
133
2250
3128
2782
2825
3604
4300
5050
5927
5724
4450
3529
2970
1987
1252
1449
1497
898
852
1096
309
-304
505
909
613
1544
2427
1806
1461
1897
2122
2289
2664
2592
-147
-6415
-11334
-10341
-6429
-4085
-3599
-4833
-7735
-9028
-6521
-3261
-1178
1319
3597
3928
3445
3192
2778
3134
4575
4953
3644
2175
546
-1942
-4492
-6101
-6297
-4903
-3349
-3808
-5704
-6663
-6122
-4372
-1383
1406
2303
2211
2926
4184
4701
4338
4071
4608
5262
4832
2965
477
-1346
-2378
-2661
-2189
-3537
-7394
-9414
-8703
-7812
-5739
-2552
-881
-185
1107
2142
2570
4051
6580
7714
7003
6024
4811
2991
1623
988
-172
-1796
-2421
-2462
-3276
-4217
-4261
-3406
-1436
1046
2185
1996
2403
3611
4521
5217
5822
5733
5083
4652
4427
3589
2326
1747
1709
1542
1430
1171
529
333
656
579
310
545
1025
1342
1633
1839
1725
2108
3386
3851
2138
-2488
-9222
-12404
-9069
-4674
-3303
-3873
-6479
-10753
-11593
-6529
-1187
1185
3439
4764
2960
1374
2587
4367
5319
6174
5999
3787
1331
-607
-3262
-5652
-6173
-5372
-4325
-4037
-5436
-7847
-8796
-6891
-3340
239
2477
2552
2024
2809
4262
5019
5375
6076
6446
5768
4397
2343
-156
-1947
-2368
-2037
-2864
-5882
-8872
-9625
-8906
-7481
-5032
-2535
-1362
-602
1205
2887
3676
5336
7471
7780
6832
6109
5034
3261
1909
979
-676
-2218
-2482
-2841
-3988
-4513
-3887
-2722
-1175
559
1547
1885
2889
4332
5247
5678
5643
5277
5072
5046
4551
3230
1994
1489
1207
860
536
382
183
-83
267
514
168
726
1727
2029
2684
3718
3972
4085
4872
4459
2147
51
-3964
-10965
-13270
-9068
-6129
-6069
-6433
-8859
-12074
-10535
-5168
-1759
357
3371
4384
3620
4114
4839
5094
6367
7433
6213
3996
2130
-620
-3760
-5469
-6250
-6300
-5339
-5392
-7527
-9360
-8842
-6648
-3619
-294
1619
1957
2700
4283
5640
6169
6267
6742
7260
6826
4943
2190
-58
-1424
-2023
-2625
-4821
-7667
-9504
-10200
-8838
-6420
-5262
-4165
-2182
-581
1064
3476
5536
6601
7416
7906
7204
6035
5371
4337
2386
522
-822
-2098
-3032
-3495
-4249
-4930
-4320
-2640
-977
242
1077
1879
3216
4872
5826
5832
5581
5537
5561
5282
4656
3592
2395
2000
1998
1361
564
375
322
-44
124
770
698
701
1625
2362
2286
1438
1248
3188
4890
4976
4680
1952
-5381
-12634
-12869
-8335
-5473
-3874
-4041
-8685
-12757
-10788
-5937
-2348
667
3374
3789
2895
2906
3058
3609
5358
6337
5846
4763
2578
-907
-4169
-5849
-6074
-4846
-3246
-4095
-7065
-8996
-8695
-6605
-3316
-183
1326
1559
2272
3560
4353
4689
5104
6123
7064
6604
4903
2540
224
-1071
-1785
-3469
-6087
-7984
-8720
-8544
-7341
-6164
-5731
-4398
-1548
822
2337
4014
5461
6346
6977
7226
6738
5942
5291
3972
1806
-136
-1457
-2352
-2987
-3527
-4006
-4117
-3211
-1654
-526
275
1342
2986
4761
5604
5630
5285
5088
5704
6068
5373
4214
2863
1871
1493
1274
1015
749
1098
1338
595
211
81
157
361
-503
246
2808
4192
5831
7212
5384
2048
200
-3128
-10018
-12168
-7553
-5490
-6012
-5871
-9166
-13605
-11808
-5854
-2485
-879
1878
2641
1486
2471
3941
4821
6826
7843
6352
4253
2458
13
-2474
-3548
-4525
-5450
-4904
-5288
-7751
-9672
-9501
-7311
-4235
-1350
279
326
912
2598
4312
5702
6343
6871
7371
6844
5353
3331
1505
308
-944
-2854
-5276
-7488
-8572
-8389
-7863
-7560
-6952
-5346
-2957
-625
1415
3190
4609
5984
7298
7751
7303
6881
6380
5059
3209
1322
-437
-1701
-2551
-3338
-4035
-4272
-3614
-2534
-1567
-532
590
2097
3873
5095
5634
5704
5729
5961
6020
5742
4948
3853
3159
2483
1553
863
368
100
31
115
233
131
718
1558
1779
2817
4202
4631
4887
4798
3382
1908
2436
825
-6993
-12990
-12049
-10238
-8128
-4950
-6650
-12210
-13167
-8511
-4627
-2249
1467
3495
3188
4016
4734
4714
6024
7310
6604
5011
3575
1222
-1779
-3984
-6162
-7684
-6675
-5519
-6773
-8886
-9784
-8824
-6059
-2293
365
946
1486
3234
5167
6287
6520
6692
7149
7227
6379
4414
1949
-53
-1085
-1654
-3633
-7074
-9644
-10441
-9750
-7832
-5790
-4738
-4024
-2434
-354
1866
4450
6720
7829
7826
7405
6905
6391
5847
4715
2637
253
-1415
-2409
-3292
-4055
-4611
-4418
-3099
-1523
-545
-51
857
2632
4610
6119
6604
6156
5770
5812
5983
5570
4482
3758
3130
2196
1646
1050
98
-150
425
523
191
690
1294
1227
1918
3187
3752
4352
5158
5347
4397
2921
628
-5884
-12918
-12927
-9443
-7165
-5440
-6530
-11414
-14427
-11048
-5537
-2294
804
3297
3042
2694
3676
4680
6028
7587
7744
6256
4464
2310
-923
-3688
-5222
-6101
-5713
-5177
-6746
-9437
-10668
-9490
-6556
-3117
-594
274
731
2139
4025
5639
6485
7001
7789
7829
6660
4712
2545
961
10
-588
-1645
-4274
-8056
-10564
-10633
-9751
-7695
-4716
-3808
-4263
-3075
-622
1879
4927
7792
8236
7055
6833
7021
6198
5253
4460
2557
178
-1108
-2254
-4125
-5065
-4584
-3841
-2781
-1495
-942
-550
936
3017
4688
5875
6474
6288
5873
5954
6109
5508
4683
4221
3439
2401
1860
1226
453
294
159
43
535
995
1207
1644
2195
2552
3319
4527
5070
5276
4979
3175
-1132
-8734
-13937
-12073
-8219
-5750
-4977
-8091
-13187
-14212
-9502
-4443
-1616
1475
3354
2735
2629
3551
4647
6334
7734
7571
5946
3811
1158
-2065
-4308
-5351
-5669
-4877
-4885
-7334
-10108
-10709
-8822
-5563
-2274
-273
163
873
2566
4185
5460
6294
7155
8067
7884
6390
4029
1967
827
102
-504
-1739
-4139
-7779
-10650
-10882
-10290
-8295
-4738
-3534
-4033
-3014
-656
1985
4981
7801
8399
7430
7434
7583
6452
5119
4180
2580
452
-822
-1973
-3996
-5138
-4745
-4087
-2974
-1549
-820
-158
1236
2998
4588
5739
6403
6525
6252
6130
6183
5747
4895
4224
3614
2803
1936
1314
972
291
-324
156
758
711
821
1405
1859
2246
3671
4953
5185
5313
4261
1104
-5532
-12891
-13193
-8795
-5919
-4334
-5990
-11527
-14988
-12102
-6303
-2595
227
2744
2470
1733
2736
4001
5657
7400
7663
6499
4812
2630
-563
-3355
-4661
-5235
-4603
-3953
-5989
-9329
-10880
-9638
-6509
-3294
-1164
-548
-171
1361
3105
4523
5546
6350
7607
7942
6683
4773
2702
1349
710
201
-741
-2368
-4423
-7810
-10690
-10620
-9712
-7527
-3860
-3121
-4111
-2836
-209
2532
5367
7570
7906
7117
7367
7372
5707
4391
3710
2276
515
-973
-2578
-4315
-4884
-4126
-3491
-2597
-1305
-581
343
1778
3270
4831
6036
6650
6548
6035
6026
6294
6052
5305
4381
3316
2201
1860
1984
1034
-132
-247
-261
-95
849
1484
1547
2064
3005
3577
4140
5131
5125
3231
-1717
-9890
-14213
-11069
-6775
-4406
-4333
-8588
-13910
-13829
-8628
-4232
-1520
1449
2466
1591
1876
3070
4406
6254
7382
6836
5462
3797
1161
-1970
-3861
-4703
-4633
-3590
-4358
-7721
-10325
-10099
-7731
-4737
-2326
-1220
-964
187
2240
3751
4632
5458
6740
7759
7315
5721
3709
2195
1458
908
135
-1360
-3929
-6981
-8881
-9918
-10321
-7853
-4995
-4864
-4334
-2633
-1336
1302
5098
6970
6842
7263
8228
7664
6354
5708
4422
2522
1432
205
-2242
-4177
-4287
-4109
-4000
-2956
-2061
-1559
-155
1602
2801
3911
5402
6501
6530
6473
6529
6096
5902
5912
5287
3965
2813
2604
2030
953
718
217
-404
338
900
458
709
1891
2764
3270
4268
4969
4337
2683
-2604
-11165
-14228
-10104
-5909
-3607
-4064
-9319
-14606
-13292
-7579
-3610
-910
1775
1913
1060
1934
3131
4533
6603
7374
6411
5092
3323
383
-2440
-3904
-4542
-4105
-3336
-4899
-8450
-10641
-9791
-6984
-3871
-1780
-1313
-1145
228
2206
3755
4855
5802
6886
7553
6912
5155
3223
2029
1461
807
-246
-1814
-4346
-7315
-8506
-8872
-9896
-8223
-5155
-5404
-5181
-2037
-492
679
4357
6730
6336
6897
8674
8024
5716
5193
4720
2729
1537
690
-1847
-4190
-3997
-3317
-3745
-3190
-1910
-1539
-264
2052
3173
3823
5234
6384
6408
6278
6632
6400
5850
5803
5427
4235
2940
2531
2170
1028
886
1171
282
-110
150
117
679
2086
3302
3369
3526
4521
4168
419
-7235
-13672
-12740
-7855
-3961
-2435
-5957
-12465
-14531
-10220
-4869
-1639
919
2055
1075
946
2335
3819
5493
6554
6201
5351
4260
2147
-929
-3356
-4293
-4092
-2952
-3232
-6507
-9719
-10231
-8200
-5041
-2554
-1549
-1497
-737
1125
2773
3929
4872
5926
7052
7161
6013
4350
2848
1896
1308
737
-775
-3321
-5227
-6941
-8983
-8747
-7033
-6651
-5897
-4451
-4028
-2673
583
3221
4183
5193
6774
7262
7070
7084
6057
4508
3886
3237
1194
-1335
-2604
-3244
-3771
-3191
-2605
-2819
-2276
-789
553
1722
3158
4496
5223
5770
6281
6178
5882
5958
5892
5287
4605
4360
3658
2185
1482
1248
829
993
1041
360
-231
265
1620
2638
3713
4711
4561
4191
2152
-5336
-13509
-13796
-8979
-5114
-2606
-4136
-10994
-15660
-12426
-6409
-2646
518
2365
1176
306
1632
3474
5476
7145
6993
5750
4749
2962
-70
-2519
-3708
-3986
-3100
-2928
-5775
-9585
-10825
-9231
-6280
-3372
-1952
-1825
-1377
127
2033
3614
4891
6096
7224
7449
6322
4852
3616
2500
1680
1037
29
-1607
-4260
-7727
-10203
-10553
-9211
-6838
-4681
-4450
-5022
-3470
-653
1728
4348
6472
7269
7711
7972
7168
5666
5040
5019
4001
2115
-43
-2495
-4243
-4298
-3466
-2823
-2194
-1427
-952
-279
1138
2714
4256
5764
6621
6619
6363
6302
6221
6009
5881
5618
4695
3435
2380
1297
672
1106
1553
1220
623
468
1100
2046
2714
3051
2864
2871
3184
-799
-9733
-14430
-12054
-8246
-4061
-1926
-6648
-13456
-13858
-8932
-4437
-640
2605
2505
867
1153
2460
4114
6055
6522
5538
4714
3631
1053
-1912
-3671
-4582
-4274
-2972
-4010
-7752
-10250
-9787
-7413
-4405
-2097
-1271
-1145
-265
1357
2970
4403
5606
6714
7158
6364
5106
3896
2842
2000
1098
173
-817
-2520
-5824
-9641
-11119
-10011
-7690
-4495
-2725
-4049
-4643
-2210
555
3010
5915
7656
7551
7211
7057
5961
4828
5008
4746
2789
585
-1292
-3318
-4586
-4238
-3384
-2572
-1269
-456
-552
-54
1497
3439
5366
6772
7002
6299
6043
6403
6168
5539
5206
4764
4111
3351
2510
1656
725
422
683
779
963
1193
1594
2182
2927
4169
4987
4181
-1212
-10758
-15113
-11670
-7069
-3288
-2525
-8032
-14621
-14558
-9054
-4494
-1420
1305
1395
343
1093
2541
4144
6037
6748
6293
5759
4429
1515
-1481
-2994
-3537
-3120
-2300
-4156
-8240
-10572
-9973
-7516
-4745
-2987
-2495
-2351
-1115
824
2531
4152
5479
6653
7480
7005
5816
4719
3602
2724
1962
971
-104
-2150
-5514
-8315
-9492
-9369
-8212
-6434
-5492
-5938
-4820
-1730
323
2010
4437
6126
6848
7532
7776
6742
5760
5727
4920
3028
1393
-159
-1906
-2986
-3362
-3642
-3518
-2577
-1525
-904
184
1765
2816
3876
5148
5847
6434
7230
7605
7029
6112
5758
5257
4532
3855
2845
2384
1981
1175
1082
785
617
1873
2720
2517
2368
2757
2969
-1594
-10653
-14981
-12555
-8243
-3359
-1647
-7075
-14184
-14424
-8819
-3946
-228
2603
2060
559
1100
2616
4374
6062
6445
5581
4880
3823
1063
-1813
-3407
-4250
-3647
-2545
-4204
-8063
-10385
-9708
-7275
-4424
-2290
-1835
-1876
-774
877
2507
4171
5518
6671
7187
6560
5541
4587
3688
2742
1842
1043
-345
-2693
-5817
-8497
-9218
-8335
-6584
-5114
-5353
-6009
-4858
-2007
943
3100
4595
5458
5972
6593
6847
6357
5820
5465
4499
2854
1196
-368
-1756
-2583
-2850
-2821
-2506
-2136
-2013
-1500
-254
1301
2889
3935
4401
4803
5252
5997
6553
6298
5847
5763
5778
5143
3981
3004
2163
1735
1865
1694
1145
990
1322
1713
2145
2909
3198
3166
2672
-3651
-13350
-14975
-10522
-6755
-2817
-2765
-9413
-14887
-12904
-7477
-3654
-131
2294
1382
699
1746
2811
4693
6302
6028
5544
5397
3836
545
-2079
-3154
-3593
-2673
-2234
-5213
-8890
-9947
-8777
-6524
-4300
-2931
-2398
-1846
-592
794
2304
4091
5612
6948
7372
6501
5577
4860
3885
2810
2109
1452
308
-1477
-4724
-8265
-9522
-8859
-7323
-5329
-4641
-5513
-5328
-3147
-511
2048
4614
6256
6462
6264
6352
6253
6161
6075
5028
3121
1509
313
-1232
-2591
-3094
-3215
-2773
-1951
-1747
-1766
-954
724
2479
3729
4480
4915
5365
6008
6402
6284
6107
6143
5868
5062
4250
3290
2451
2249
1715
1265
1659
1994
2178
2071
2085
2584
2767
3010
-298
-9589
-15436
-12945
-8658
-4715
-2318
-6058
-12946
-14407
-9567
-4877
-1580
1613
1958
689
1158
2465
3974
5620
6060
5505
5244
4458
1777
-1332
-3034
-3703
-3285
-2376
-3773
-7421
-9840
-9441
-7417
-5032
-3167
-2425
-1920
-857
417
1921
3469
4718
5899
6760
6707
6028
5334
4458
3184
2097
1544
1062
-606
-4191
-7367
-8833
-9370
-7594
-5248
-5399
-5797
-4908
-3358
-1091
1668
4364
5859
6359
6859
6643
6133
6472
6534
5402
3663
2097
671
-1074
-2229
-2591
-2915
-2594
-1946
-1828
-1713
-963
534
2183
3545
4455
4703
4998
5585
5895
5984
6142
6520
6218
4845
3731
2885
2446
2944
2845
1952
1169
530
441
1117
2637
3362
2901
2870
-2270
-12939
-16289
-11655
-7769
-3618
-1404
-7010
-14230
-13574
-7861
-3932
-377
2760
2018
842
1822
2646
4016
5799
5711
5106
5216
3938
554
-2299
-3527
-4229
-3456
-2346
-4528
-8386
-9934
-8943
-6845
-4507
-2897
-2281
-1485
-138
1195
2694
4031
4950
6072
6755
6314
5540
4837
3798
2522
1735
1420
432
-2423
-5994
-8326
-9535
-8606
-6039
-5191
-5415
-4943
-3880
-1855
687
3032
4902
6144
6909
6976
6432
6118
6120
5643
4418
2827
1198
-549
-1988
-2693
-3027
-2667
-1927
-1763
-1666
-1137
-133
1334
2964
4313
4850
5199
5949
6081
5638
5662
6044
6205
5832
4969
3602
2302
2024
2184
2110
1969
1563
956
794
1455
2559
3192
3560
2277
-5357
-14428
-14564
-10020
-6544
-2472
-2844
-10057
-14850
-11809
-6645
-3300
435
2489
1005
598
1978
2867
4520
5950
5597
5317
5126
3092
-323
-2582
-3302
-3464
-2645
-2898
-6125
-9213
-9719
-8388
-6250
-4291
-3150
-2534
-1518
-14
1306
2840
4378
5457
6564
6912
6327
5637
4717
3540
2518
1952
1353
209
-2926
-7749
-9646
-8921
-8179
-5519
-3654
-5532
-6316
-3912
-1451
801
4063
6370
6181
6022
6790
6441
5973
6402
5831
3968
2419
1381
-512
-2499
-2825
-2583
-2353
-1560
-1411
-2021
-1577
197
1935
3132
4303
4861
4861
5589
6167
5973
5751
5851
6204
5423
4072
3460
2680
2014
1801
1837
1951
1689
1888
2064
1928
2619
2912
3025
908
-8042
-15444
-13391
-9193
-5649
-2201
-4923
-12462
-15060
-10342
-5236
-2009
1535
2168
295
1041
2889
4115
5771
6030
5132
5245
5095
2624
-878
-2851
-3764
-3705
-2589
-3815
-7508
-9870
-9745
-8194
-6241
-4528
-3383
-2508
-1314
103
1760
3593
4957
6131
7096
6968
6379
5948
5055
3635
2582
2159
1059
-763
-3067
-6767
-9642
-9638
-8654
-7312
-5317
-4614
-5236
-4462
-1919
782
3615
6453
7412
6608
6452
7028
7115
6893
6224
4398
2136
826
-208
-2006
-3168
-3045
-2852
-2591
-1992
-1570
-1115
82
1876
3286
4217
5081
5612
5964
6159
6150
6412
6338
5823
5296
3995
2913
3059
2927
2297
1996
1729
1250
1199
1834
2117
1728
1354
1877
505
-6905
-13482
-12646
-10011
-7023
-3044
-4548
-11166
-13835
-9955
-5417
-2370
991
1934
465
1082
2832
4117
5576
5610
4778
4857
4551
2553
-285
-2334
-3544
-3806
-2989
-3843
-6895
-8923
-8942
-7788
-6118
-4545
-3288
-2469
-1488
-50
1608
3504
4832
5748
6578
6525
6178
5859
4981
3611
2490
2167
1459
-351
-2274
-4435
-7736
-9853
-8717
-7557
-6627
-4084
-3708
-5177
-3737
-580
1931
4706
7147
7115
5885
6151
6767
6331
5990
5510
3799
1839
594
-873
-2739
-3301
-2563
-2416
-2435
-1731
-1463
-1207
230
1849
2834
3889
5034
5307
5205
5490
5806
6066
5855
5677
5445
3990
3336
3370
1974
1182
1364
1263
1295
1556
1923
1683
1539
1895
2134
1431
-4755
-12815
-13106
-9577
-6731
-2712
-3065
-9830
-13939
-10783
-5771
-2609
414
1721
261
554
2556
3527
4740
5332
4638
4745
4850
3135
135
-2022
-2923
-3369
-2628
-2781
-5712
-8337
-8952
-8068
-6175
-4307
-3055
-2578
-1900
-499
996
2824
4225
4947
5980
6416
6106
5907
5170
3745
2592
2223
1693
79
-1542
-3989
-8531
-10161
-8053
-7481
-5739
-2855
-4435
-6010
-3478
-615
1644
4866
7267
6570
5544
6477
6616
5822
5898
5481
3815
2018
805
-895
-3130
-3270
-2149
-1953
-1618
-1336
-1636
-1186
346
2043
3225
4171
4992
5191
5168
5507
5929
5916
5647
5826
5227
3611
3260
2770
1334
1271
1633
1656
1925
2040
1727
1347
1645
1469
1745
953
-6958
-14359
-12816
-9705
-6678
-2309
-3867
-10955
-13849
-9763
-5144
-2113
1475
2194
551
1429
2841
3535
4990
5329
4690
5041
4936
2460
-834
-2597
-3457
-3597
-2565
-3266
-6497
-8859
-9034
-7783
-5774
-3795
-2462
-1816
-999
236
1624
3321
4672
5604
6456
6605
6217
5499
4227
2889
2039
1647
1115
-232
-2133
-4340
-7759
-9850
-8481
-7581
-6185
-2971
-3369
-5264
-3804
-1134
1397
4497
7080
6932
5537
5902
6470
6119
6052
5454
3569
1603
424
-1003
-2908
-3089
-2126
-2140
-1887
-1333
-1599
-1315
176
1953
3296
4384
5244
5112
4763
5192
5831
6230
6166
5973
5442
3818
2944
2865
1716
1472
2258
1880
1228
1208
1331
1313
1862
2371
2367
2381
-2912
-12310
-14290
-10423
-7266
-2813
-1328
-7817
-14258
-12536
-7024
-3412
147
2531
1066
251
1731
2590
3813
5226
5038
4933
5280
3566
1
-2333
-3081
-3448
-2562
-2267
-5143
-8361
-9133
-8206
-6511
-4418
-2910
-2478
-1916
-815
319
1963
3637
4658
5724
6310
5808
5154
4461
3266
2254
2048
1741
530
-1085
-2669
-5155
-8299
-8979
-7761
-7081
-4865
-2618
-3704
-4524
-2441
181
2684
5709
7273
6231
5335
5962
6244
5897
5776
5017
3062
1012
-379
-1777
-2919
-2412
-1440
-1482
-1494
-1354
-1260
-319
1298
2875
3964
4752
5347
4963
4638
5419
5839
5795
5995
5733
4564
3269
2816
2184
1415
2122
2505
1742
1356
716
435
1366
2266
2594
2883
1806
-5059
-13144
-12894
-9155
-6563
-2390
-2662
-9857
-14147
-11089
-6339
-3163
215
1920
407
160
1575
2230
3803
5150
4903
5209
5078
2756
-400
-2265
-2759
-2810
-1932
-2178
-5569
-8607
-8861
-7510
-5511
-3892
-3082
-2674
-2116
-902
537
2044
3343
4420
5746
6086
5483
4932
4012
3102
2701
2659
2147
586
-1229
-3230
-4971
-5620
-6807
-8067
-6988
-5665
-4954
-3213
-2688
-3280
-1423
1945
4109
5424
6325
5845
5002
5497
6002
5432
4780
3790
1997
224
-1063
-1757
-2129
-2188
-1786
-1649
-1494
-910
-513
133
1431
2692
3718
4551
4830
4811
4949
5086
5455
5868
5264
4524
4627
3619
1962
2181
2260
1220
1549
1855
1014
1352
2187
1692
1434
2171
2005
2249
1514
-5977
-12910
-11271
-8239
-5698
-2154
-4234
-11087
-13342
-9343
-5296
-2631
487
960
-677
310
2101
3050
4526
4813
4321
4858
4753
2541
-407
-1967
-2549
-2452
-1510
-2685
-6062
-7820
-7519
-6509
-5173
-4125
-3700
-3359
-2253
-834
529
2190
3174
3904
4950
5119
5081
5042
4272
3272
2668
2612
1791
279
-1276
-3432
-4654
-5919
-7848
-7127
-6052
-5939
-3990
-3211
-4098
-2683
238
2687
4553
5784
5853
5099
5398
6207
5863
5405
4852
3178
1256
-51
-900
-1711
-1896
-1320
-1512
-1878
-1399
-1117
-713
668
2167
2984
3575
4168
4234
4358
5014
5270
5343
5496
5139
4718
4083
2981
2051
1697
2195
2708
2345
1419
349
-239
102
1139
2354
2820
2641
2207
-2445
-10508
-12481
-9242
-6745
-3047
-1739
-7362
-13000
-12007
-7596
-4252
-781
1563
183
-842
382
1501
3258
4931
4826
4899
5138
3492
690
-1157
-1724
-1841
-1037
-760
-3435
-6695
-7734
-7149
-5806
-4288
-3361
-3046
-2725
-2111
-1022
779
2387
3397
4708
5451
5037
4777
4495
3711
3172
3321
3186
1743
-379
-2939
-5155
-5724
-5734
-5498
-4723
-4790
-5412
-5375
-4540
-2765
-340
2067
3532
3824
4036
4543
5251
5955
6109
5650
4650
3453
2210
798
-89
-435
-850
-1168
-1667
-2359
-2424
-1843
-829
418
1356
1819
2115
2565
3092
3749
4557
4869
4877
5176
5097
4641
4516
4308
3752
3198
2709
2098
1352
918
806
786
687
748
1451
2181
2496
2563
2888
843
-6589
-12054
-10382
-7562
-4691
-1665
-4424
-11369
-13536
-9508
-5193
-2330
161
163
-1299
-525
1187
2631
4189
4484
4445
5178
4780
2472
61
-1130
-1578
-1176
-457
-1966
-5287
-7339
-7509
-6650
-5227
-4160
-3842
-3642
-3159
-2294
-602
1281
2282
3323
4379
4651
4938
5049
4485
3773
3419
3303
2552
1129
-372
-1549
-3209
-6229
-7754
-7137
-6950
-5221
-3001
-4357
-5634
-3633
-914
1492
4195
5815
5144
4734
5948
6415
6093
6056
5321
3782
2516
1629
92
-1641
-2011
-1970
-2117
-1460
-1178
-1857
-1775
-378
1166
2114
3033
3738
3684
4024
4871
5106
5044
5255
5559
5228
4619
4350
3162
2126
2579
2609
2034
1428
587
-104
-39
1209
2023
1936
2175
2247
2289
-278
-7577
-12120
-10385
-7441
-3784
-1392
-5270
-11752
-12890
-8475
-4200
-1256
795
-168
-1581
-347
1509
3131
4394
4361
4392
4958
4199
1728
-524
-1388
-1645
-1093
-559
-2568
-5715
-7264
-7244
-6214
-4741
-3679
-3445
-3485
-3030
-1906
-92
1594
2505
3511
4513
4838
4937
4660
3788
3074
3191
3477
2584
993
-629
-2768
-3958
-4065
-6002
-7481
-6304
-6538
-6347
-3404
-2755
-3145
-687
1596
2246
3784
5802
5644
4963
5952
6169
5160
4767
3974
2076
575
162
-534
-1920
-2313
-2204
-2544
-1927
-965
-887
-410
927
2025
2481
3089
3932
4187
4484
5086
5145
5180
5329
5187
4755
4059
3666
3043
2371
2466
2180
1833
1483
379
1
515
1352
2113
2039
1829
1974
2634
443
-7146
-11884
-9938
-7245
-3605
-736
-4902
-11717
-12589
-8280
-4465
-1676
616
-265
-1811
-471
1211
2403
3676
3843
4029
4742
4077
1693
-631
-1544
-1611
-800
34
-1943
-5204
-6694
-6840
-6096
-4830
-3940
-3711
-3631
-2952
-1929
-689
635
1592
2818
4118
4703
4807
4354
3544
3097
3370
3730
2984
1410
-126
-1474
-2854
-3720
-4254
-6283
-7370
-5820
-5375
-4682
-2113
-1437
-1516
385
2320
3205
4287
5518
5449
4890
5560
5856
4721
3676
2656
1195
179
-221
-935
-2090
-2288
-1623
-1366
-1019
-530
-417
144
1558
2895
3283
3411
3677
3592
4142
5029
4987
4872
4701
4291
3976
3395
3135
2682
1787
1877
1923
1285
828
210
78
685
1303
1871
1982
1847
2283
2557
-1017
-8012
-10658
-8405
-6156
-3007
-1714
-6552
-11710
-11063
-7399
-4564
-2081
-375
-1089
-1685
-106
1424
2525
3446
3359
3705
4360
3414
1478
-26
-918
-1261
-708
-679
-2839
-5307
-6310
-6404
-5743
-4650
-3973
-3694
-3399
-2835
-1757
-238
925
1756
3017
3873
4042
4265
4055
3370
3028
3244
3175
2180
957
-125
-1449
-2676
-3437
-4387
-5108
-4484
-3704
-3758
-3551
-2899
-2336
-1189
729
2272
3036
3687
4157
4087
4207
4635
4590
4105
3388
2378
1299
586
181
-387
-764
-661
-717
-957
-963
-687
-108
699
1719
2585
2844
2918
3021
3160
3496
3890
4243
4116
3597
3492
3544
3521
3418
2642
1826
1581
1339
1436
1623
931
11
-222
158
817
1686
2129
1815
1715
2100
3040
2388
-3113
-8891
-9548
-7595
-4706
-1904
-3513
-8940
-11754
-9448
-5744
-3149
-1335
-1293
-2280
-1519
197
1365
2250
2450
2724
3900
4269
2772
728
-528
-958
-424
403
-751
-3510
-5440
-6020
-5496
-4435
-3763
-3685
-3893
-3776
-2968
-1535
-150
549
1414
2703
3374
3672
3868
3456
3013
3301
3930
3807
2639
1189
-205
-1301
-1659
-1784
-2579
-3787
-4677
-5503
-5812
-4480
-2798
-1902
-788
164
426
1285
2864
3905
4303
4746
4940
4384
3772
3421
2695
1888
1523
1030
162
-487
-816
-1125
-998
-309
55
20
329
862
1390
2078
2604
2606
2347
2496
3028
3315
3496
3725
3690
3483
3392
3363
3069
2784
2666
2168
1747
1775
1493
1009
755
515
427
689
1143
1641
2146
2646
3268
2886
-1520
-7980
-9864
-7483
-4588
-1536
-1433
-6684
-11626
-10877
-7124
-4229
-1980
-1136
-2383
-2624
-988
472
1669
2409
2661
3540
4126
3091
1192
-137
-544
-288
482
-20
-2609
-4859
-5784
-5854
-4903
-3864
-3627
-3798
-3725
-3148
-2099
-577
617
1309
2459
3429
3598
3607
3319
2813
2948
3763
4008
2940
1502
262
-589
-857
-1618
-2612
-3110
-4466
-5423
-4555
-4445
-4468
-2513
-1213
-1149
209
1717
1805
2332
3911
4668
4775
5348
5106
3848
3191
2930
2275
1506
971
197
-962
-1424
-1373
-1541
-1194
-493
-265
-22
712
1453
1823
2198
2725
3038
3252
3526
3763
3900
3879
4032
4103
3583
3126
2954
2499
2096
1924
1460
1218
1266
766
180
-3
188
735
1184
1370
1425
1529
2153
2849
637
-4965
-8393
-7675
-5889
-3405
-1951
-5078
-9936
-10850
-8168
-5414
-3154
-1570
-1951
-2637
-1654
-259
783
1598
1888
2500
3465
3198
1756
531
-124
-263
273
577
-778
-3047
-4347
-4757
-4571
-3632
-3030
-3196
-3429
-3359
-2740
-1521
-362
256
1081
2200
2831
3120
3109
2796
2848
3439
3934
3618
2643
1744
1044
485
210
-474
-2276
-3973
-4619
-4877
-4245
-2683
-2008
-2192
-1856
-1018
-61
1292
2750
3436
3684
4193
4504
4333
4190
4013
3405
2705
2066
1044
-100
-683
-974
-1216
-1058
-946
-1226
-1361
-1012
-235
514
1081
1558
1697
1897
2456
2899
3264
3529
3521
3577
3483
3215
3262
3340
3210
2926
2277
1351
660
551
659
659
594
145
-489
-576
-370
-122
430
865
953
1208
1626
1998
2414
1229
-2972
-6702
-6899
-5577
-3779
-2052
-3691
-8095
-10152
-8688
-6425
-4297
-2451
-2278
-3024
-2315
-689
510
1411
1904
2461
3454
3655
2655
1387
377
-54
469
1002
-92
-2127
-3472
-4237
-4405
-3795
-3364
-3444
-3467
-3221
-2698
-1819
-909
-322
526
1833
2834
3513
3875
3499
3155
3534
3926
3838
3298
2351
1417
709
-347
-1811
-2748
-3261
-3739
-3437
-3055
-3499
-3484
-2637
-1830
-782
738
1791
1956
2300
3123
3560
3842
4112
3704
3014
2599
2177
1466
660
135
-291
-656
-695
-819
-1106
-1044
-610
-66
484
1085
1468
1535
1897
2469
2843
3074
2892
2554
2538
2595
2780
2953
2579
2215
2252
2027
1728
1784
1648
1310
1204
1007
577
328
407
673
786
592
309
118
217
532
909
1442
1814
1903
2106
2198
672
-3072
-6212
-6667
-5718
-4077
-2744
-4293
-7977
-9804
-8574
-6340
-4314
-2751
-2416
-2801
-2304
-831
624
1494
1864
2292
2784
2751
2138
1254
317
-195
72
462
-190
-1812
-3159
-3737
-3694
-3062
-2491
-2537
-2773
-2720
-2274
-1426
-528
74
803
1790
2492
2929
3143
2885
2648
2870
3277
3427
2947
2000
1134
210
-919
-1361
-1323
-2004
-2781
-3205
-4080
-4526
-3434
-2060
-1389
-671
64
316
969
2262
3087
3406
3883
4139
3788
3413
3145
2471
1722
1409
1076
361
-334
-840
-1319
-1416
-972
-598
-390
-9
387
764
1247
1713
2094
2437
2789
3031
2987
2858
2943
3054
2975
2869
2682
2357
2209
2260
2128
1636
1066
552
96
85
407
306
-104
-227
-181
55
527
658
438
378
665
1308
1908
2128
1890
490
-2131
-4633
-5859
-5621
-4613
-3860
-4350
-6235
-7910
-7987
-6778
-5055
-3531
-2702
-2501
-2361
-1518
-108
1004
1764
2433
2811
2813
2499
1827
994
600
671
565
3
-1081
-2451
-3383
-3507
-3152
-2812
-2593
-2464
-2527
-2338
-1542
-693
13
832
1569
2076
2485
2785
2800
2747
2953
3181
3180
2800
2066
1421
785
-74
-755
-1326
-2152
-2869
-3040
-2963
-2987
-2608
-1870
-1616
-1223
-105
786
1276
1996
2698
2909
3072
3409
3304
2859
2630
2348
1754
1133
556
-8
-408
-490
-424
-538
-673
-698
-621
-245
393
1072
1492
1640
1758
1781
1901
2283
2539
2596
2469
2112
1765
1473
1374
1380
1233
1236
1232
1000
876
698
358
227
392
613
665
539
287
51
156
465
608
690
765
772
730
612
482
330
464
904
1111
899
-411
-2860
-4907
-5663
-5158
-3995
-3308
-3985
-5815
-6977
-6517
-5269
-3647
-2170
-1624
-1659
-1566
-992
-87
713
1401
1938
2174
2070
1598
1032
511
203
423
607
116
-748
-1600
-2196
-2389
-2241
-1931
-1903
-2073
-1998
-1746
-1357
-878
-346
195
629
1217
1782
2038
2179
2215
2348
2592
2577
2398
2085
1469
670
-124
-796
-1384
-1757
-1740
-1802
-2046
-1938
-1690
-1490
-971
-258
329
771
1225
1645
1840
2178
2724
2897
2816
2728
2361
1875
1649
1514
1229
984
769
298
-168
-305
-311
-319
-257
-141
-105
-69
167
408
561
867
1185
1341
1424
1494
1564
1610
1722
1926
2056
2077
2045
1894
1678
1569
1515
1422
1302
1029
442
-144
-380
-500
-465
-233
-292
-638
-837
-703
-446
-163
260
420
343
542
723
724
768
716
784
823
9
-1453
-3052
-4364
-4485
-3682
-3224
-3651
-4702
-5689
-5855
-4868
-3484
-2731
-2445
-2317
-2192
-1495
-523
28
373
810
1162
1307
1346
1153
702
530
696
755
552
-12
-787
-1408
-1604
-1415
-1232
-1199
-1341
-1512
-1343
-1019
-723
-262
159
375
734
1137
1257
1403
1773
2042
2220
2438
2131
1200
489
155
-87
45
325
16
-617
-891
-986
-1014
-633
-131
78
272
596
735
688
891
1274
1486
1676
1773
1456
1016
836
836
885
982
969
607
203
157
228
340
552
530
341
336
509
661
804
1046
1185
1234
1399
1466
1371
1311
1283
1256
1316
1473
1519
1372
1260
1188
1087
1071
996
751
410
125
75
109
191
318
167
-263
-584
-533
-252
25
339
400
45
-40
215
379
571
575
226
-153
-426
-491
-275
-136
-804
-2038
-2993
-3878
-4339
-3786
-3441
-3814
-3991
-4090
-4363
-4161
-3410
-2732
-2215
-1555
-1048
-885
-616
-243
181
751
1122
1271
1211
804
469
500
593
454
255
56
-440
-798
-700
-737
-838
-756
-803
-863
-700
-397
-187
-55
251
576
852
1205
1392
1454
1385
965
728
805
660
582
570
-20
-586
-356
-41
-83
-50
-146
-550
-538
24
303
278
393
398
352
663
994
926
883
1121
1221
1283
1487
1367
1037
1097
1321
1264
1173
1122
836
593
677
751
617
500
444
390
432
565
634
551
527
711
881
972
1111
1173
1095
1164
1436
1488
1316
1276
1182
967
931
823
423
72
-53
-95
-165
-218
-353
-621
-677
-492
-342
-197
-17
-41
-248
-310
-201
-58
78
148
50
-179
-293
-296
-343
-366
-380
-561
-765
-822
-1121
-1745
-2221
-2503
-2810
-2886
-2603
-2624
-3063
-3105
-2882
-2878
-2627
-2094
-1771
-1537
-1081
-576
-328
-173
117
408
679
923
1026
943
582
267
355
434
311
238
-9
-543
-818
-701
-667
-674
-488
-391
-450
-323
-113
-40
146
439
584
759
868
391
-53
130
196
353
969
912
248
141
331
304
512
902
716
306
466
617
448
513
586
385
334
524
549
386
368
412
407
607
873
855
725
683
707
835
1075
1199
1018
807
746
660
599
610
542
420
363
330
228
140
180
242
288
419
536
519
454
453
526
642
833
950
827
665
642
664
673
709
650
380
110
43
36
7
14
-19
-152
-238
-228
-289
-380
-332
-183
17
235
274
41
-175
-104
84
289
368
-312
-1425
-1928
-1840
-1271
-352
-131
-1071
-2307
-2864
-2665
-2021
-1251
-1141
-1741
-2122
-2030
-1744
-1417
-1201
-1000
-740
-511
-340
-392
-626
-643
-220
361
544
299
-118
-586
-641
-127
290
202
-128
-380
-467
-309
58
185
-4
-40
104
259
394
376
263
192
288
571
718
561
360
299
252
276
526
583
298
243
336
179
117
220
151
77
173
253
206
171
190
202
329
555
641
592
535
450
418
570
764
798
740
748
697
587
626
644
536
498
527
495
442
437
356
206
217
364
465
497
511
501
520
717
970
999
913
823
656
611
740
757
607
458
298
99
56
138
34
-161
-167
-155
-147
10
57
-90
-188
-127
-13
77
185
150
15
60
169
239
282
134
-111
-277
-370
-384
-379
-385
-407
-442
-489
-665
-902
-1016
-992
-795
-514
-463
-803
-1338
-1643
-1576
-1312
-1036
-1014
-1365
-1776
-1843
-1536
-1180
-962
-856
-922
-994
-866
-647
-453
-341
-205
-33
-7
-37
-44
-152
-228
-86
66
-13
-183
-258
-295
-285
-90
55
-86
-242
-216
-151
-110
-9
91
39
-13
91
105
49
167
239
200
289
339
219
181
299
384
450
570
537
378
393
470
473
554
627
606
636
734
787
758
720
690
617
615
687
673
606
614
651
641
631
619
555
538
656
762
734
642
615
648
676
748
780
686
623
619
591
547
490
405
325
293
269
235
267
326
294
228
183
110
116
268
376
299
139
-2
-106
-104
-21
34
-25
-197
-285
-336
-415
-344
-288
-307
-252
-250
-308
-310
-260
-160
-48
10
-65
-247
-324
-298
-294
-268
-345
-603
-803
-803
-744
-817
-984
-1195
-1420
-1443
-1318
-1278
-1290
-1297
-1252
-1111
-982
-900
-831
-792
-759
-623
-400
-339
-407
-381
-398
-431
-325
-283
-367
-419
-402
-361
-319
-263
-260
-285
-235
-184
-166
-161
-225
-265
-185
-47
43
34
-36
-90
-33
189
379
398
396
377
372
513
652
683
690
670
617
595
618
612
591
594
566
535
493
391
304
276
315
410
473
491
484
456
504
576
670
816
894
895
880
840
739
669
694
684
658
686
623
449
349
328
286
269
309
293
190
119
92
70
142
276
342
317
208
143
192
273
368
388
258
82
-63
-160
-200
-199
-186
-222
-302
-404
-526
-551
-482
-410
-334
-307
-343
-326
-220
-97
-9
10
-83
-179
-111
8
77
156
127
5
13
71
19
-88
-213
-334
-436
-485
-546
-730
-844
-823
-842
-831
-855
-993
-1075
-1033
-902
-751
-641
-558
-577
-637
-580
-514
-431
-288
-252
-283
-324
-423
-473
-421
-338
-290
-281
-324
-457
-530
-463
-381
-278
-206
-227
-267
-301
-264
-118
54
207
288
253
183
168
220
300
386
444
427
366
310
251
222
240
307
381
384
351
308
257
272
351
415
467
507
468
395
394
439
458
516
563
496
443
469
473
450
474
487
485
568
654
623
549
518
497
513
579
594
496
397
353
294
250
242
204
183
195
177
145
133
166
227
272
311
304
253
212
199
204
188
183
184
109
3
-63
-111
-145
-157
-132
-145
-211
-218
-199
-185
-114
-58
-38
17
83
170
244
157
-32
-150
-203
-168
-22
22
-146
-394
-597
-693
-678
-615
-615
-717
-808
-841
-874
-899
-920
-934
-876
-758
-673
-657
-664
-643
-583
-470
-312
-308
-453
-490
-471
-486
-420
-302
-321
-414
-385
-350
-401
-399
-368
-399
-405
-303
-214
-238
-252
-194
-162
-101
-8
-10
-32
11
59
82
99
122
126
124
151
146
125
139
157
203
262
271
246
210
206
264
341
419
437
363
280
249
281
339
413
473
459
429
465
489
491
567
655
701
725
739
697
607
612
677
673
648
622
527
451
449
416
369
371
389
397
394
385
344
310
333
366
407
447
418
357
328
318
310
296
276
225
130
67
60
50
30
24
-37
-191
-306
-324
-320
-280
-196
-180
-242
-253
-219
-209
-187
-123
-130
-209
-232
-268
-367
-434
-461
-499
-539
-563
-617
-717
-780
-794
-796
-778
-726
-676
-669
-659
-625
-601
-551
-479
-426
-386
-347
-330
-364
-414
-409
-375
-343
-317
-345
-387
-390
-395
-380
-337
-300
-255
-221
-193
-188
-212
-191
-162
-148
-111
-116
-151
-142
-82
-16
22
36
20
14
40
92
160
194
186
192
208
226
288
327
304
284
289
309
338
376
384
367
387
415
410
409
409
407
440
507
538
516
491
484
512
589
657
657
619
581
529
496
541
565
552
592
588
515
495
479
417
413
438
416
374
321
248
170
184
262
249
205
155
32
-59
-10
92
110
84
41
-59
-128
-122
-82
-77
-126
-159
-201
-251
-212
-156
-191
-259
-312
-354
-373
-381
-412
-474
-508
-476
-471
-517
-563
-635
-622
-529
-458
-405
-417
-496
-529
-476
-399
-343
-329
-360
-399
-408
-390
-359
-327
-308
-281
-248
-275
-337
-363
-333
-242
-166
-163
-221
-296
-318
-248
-141
-111
-149
-185
-206
-183
-132
-89
-66
-54
-12
48
65
20
-32
-23
37
113
194
240
212
173
164
162
169
205
262
294
293
289
253
203
200
210
232
270
271
242
232
223
233
273
267
248
261
254
247
264
259
238
260
292
271
259
265
244
239
277
303
281
255
238
218
227
242
235
229
222
219
237
242
233
227
215
195
174
180
198
186
160
150
99
53
72
79
54
4
-63
-131
-178
-170
-163
-193
-225
-252
-275
-259
-228
-210
-210
-210
-176
-144
-133
-103
-93
-100
-74
-52
-74
-129
-131
-91
-79
-56
-73
-146
-181
-149
-112
-117
-157
-214
-273
-293
-239
-182
-176
-157
-171
-224
-210
-155
-128
-104
-97
-142
-195
-191
-180
-183
-152
-134
-165
-180
-156
-144
-152
-134
-99
-87
-75
-66
-99
-142
-142
-127
-119
-101
-88
-94
-109
-111
-83
-35
17
57
71
73
66
85
129
145
148
141
111
87
85
103
92
45
5
-17
-30
-18
-1
-5
-12
3
37
62
85
117
133
154
206
249
249
233
219
192
192
211
207
174
134
118
106
103
102
74
51
53
65
76
102
110
91
91
101
101
117
149
176
170
143
128
100
72
78
81
46
-10
-68
-105
-108
-88
-54
-53
-87
-98
-85
-77
