-5
-17
-16
-13
-13
-14
-19
-20
-21
-16
-9
-15
-22
-7
1
-8
-8
-5
-2
-1
-6
3
1
-8
2
1
-8
-7
-3
0
5
0
0
4
0
-3
-4
-5
0
-3
1
5
4
5
4
-4
-10
-2
2
-3
2
3
-9
-3
5
-2
0
3
-2
-3
-1
4
1
-1
1
-7
-7
-3
-3
-2
7
6
2
-1
-11
-6
-4
-4
-2
-9
-15
-12
-12
-13
-5
-3
1
-1
-5
0
5
14
9
9
14
16
14
17
25
18
22
24
16
13
9
9
7
10
16
18
14
12
15
12
7
8
0
1
12
18
17
16
14
12
14
19
31
27
17
8
-5
0
-3
-12
-4
-9
-19
-15
-23
-33
-32
-27
-22
-18
-12
-10
-15
-21
-25
-18
-23
-27
-23
-32
-33
-33
-41
-41
-29
-21
-20
-10
-4
1
10
4
-2
-1
-2
3
10
5
4
6
4
12
17
20
24
25
27
23
18
23
30
31
25
23
17
12
17
16
2
-6
-10
-9
-2
-4
6
10
1
-1
3
10
10
3
-4
-3
17
28
33
29
7
-5
-12
-8
9
11
-2
-10
-15
-22
-12
-4
1
3
4
-1
-19
-29
-31
-39
-33
-22
-18
-15
-20
-23
-18
-20
-12
0
-6
-11
-18
-21
-16
-17
-25
-34
-44
-59
-70
-76
-72
-63
-64
-67
-56
-48
-37
-16
-8
-9
-16
-16
-5
5
9
13
21
19
22
30
32
24
20
17
16
35
42
30
25
27
36
56
70
64
59
53
52
64
84
87
81
73
63
75
91
99
102
90
77
61
53
55
43
45
50
31
15
9
-13
-25
-11
-3
5
10
-1
-5
-8
-6
-7
-3
4
-10
-25
-40
-58
-68
-67
-63
-62
-49
-48
-52
-53
-61
-70
-79
-78
-75
-70
-61
-71
-82
-93
-113
-119
-111
-106
-102
-103
-118
-132
-138
-121
-80
-38
-14
-10
-7
-1
11
25
16
8
9
3
-6
-9
-15
-33
-49
-59
-53
-34
-25
-6
29
52
67
82
90
120
164
197
222
243
242
217
200
196
186
183
190
189
197
202
188
181
173
175
208
226
220
224
215
174
129
113
121
119
106
94
55
41
110
147
150
174
128
90
155
213
152
-64
-395
-712
-856
-817
-755
-782
-911
-1082
-1156
-1015
-754
-505
-305
-187
-98
44
225
383
489
559
618
648
618
483
257
54
-98
-215
-313
-446
-607
-758
-840
-844
-775
-649
-554
-462
-330
-181
-69
-22
48
239
499
669
664
486
250
149
202
253
212
72
-162
-380
-424
-365
-338
-291
-186
-115
-46
72
141
170
311
557
766
894
935
868
810
860
964
1022
1014
978
936
924
971
1003
940
813
702
687
661
577
606
671
718
860
934
760
547
504
604
780
658
-496
-2489
-3758
-3481
-2411
-1455
-1319
-2245
-3287
-3312
-2373
-1112
109
866
880
760
1047
1369
1509
1667
1767
1752
1674
1229
191
-918
-1494
-1587
-1457
-1369
-1656
-2238
-2650
-2631
-2187
-1402
-576
-49
195
420
809
1307
1690
1876
2020
2178
2154
1792
1197
578
112
-167
-377
-650
-1029
-1463
-1837
-1956
-1716
-1269
-856
-566
-358
-104
257
697
1171
1546
1752
1830
1747
1419
946
579
314
7
-352
-836
-1397
-1733
-1829
-1920
-1939
-1691
-1341
-1058
-647
-110
277
579
960
1302
1584
1865
1915
1623
1303
1116
892
584
294
-33
-415
-673
-764
-807
-751
-542
-350
-219
-15
294
611
884
1168
1388
1493
1585
1611
1473
1297
1206
1143
1007
803
605
334
52
-46
-121
-272
-257
-109
-87
-81
85
212
215
282
472
691
949
1006
232
-1145
-2074
-2226
-1916
-1429
-1299
-1927
-2807
-3189
-2997
-2430
-1644
-1097
-960
-710
-253
24
197
532
910
1228
1522
1505
1006
382
-61
-270
-260
-282
-634
-1154
-1545
-1819
-1934
-1726
-1345
-988
-632
-363
-160
175
582
895
1272
1797
2085
1972
1768
1458
933
553
352
-41
-607
-1323
-2170
-2666
-2604
-2430
-2280
-1942
-1529
-1084
-421
263
763
1241
1737
2230
2698
2862
2574
2144
1800
1452
1109
787
313
-269
-694
-912
-947
-772
-478
-97
430
1038
1662
2225
2596
2928
3318
3631
3942
4119
3885
3410
3147
3252
3215
2806
2309
1454
608
775
1155
948
-72
-4249
-10584
-12399
-8281
-3743
-1902
-2944
-6302
-8591
-6668
-2632
342
2724
4161
3180
2211
3186
3755
3337
3576
3957
3799
3154
940
-2699
-5015
-4699
-3645
-3311
-3675
-5030
-6627
-6678
-5334
-3622
-1561
244
1097
1631
2372
3130
3784
4278
4626
5089
5440
4734
2778
693
-537
-855
-781
-1205
-2389
-3678
-4547
-4753
-4195
-3117
-1954
-1035
-406
142
825
1683
2594
3375
3941
4175
3797
2672
1187
20
-770
-1527
-2128
-2603
-3316
-3733
-3262
-2828
-2911
-2321
-1037
-121
748
1843
2344
2409
2829
3204
3139
3161
3082
2242
1260
798
354
-96
-88
-1
-164
-195
188
747
1243
1949
2685
2956
3341
4038
4200
4168
4544
4614
4188
3950
3840
3078
1886
1521
1713
1624
692
-4129
-12091
-15013
-10687
-5440
-2860
-3715
-7758
-10777
-8838
-3893
253
3366
5119
4042
2936
4253
5245
5017
5224
5321
4983
4282
1692
-2598
-5556
-5623
-4554
-4118
-4683
-6507
-8492
-8694
-7300
-5217
-2506
-170
773
1235
2257
3630
4890
5712
6132
6651
7089
6431
4282
1667
12
-391
-488
-1244
-2754
-4530
-5879
-6227
-5661
-4601
-3267
-2082
-2258
-3570
-3013
-1117
-1046
-35
2783
2749
2279
4232
3778
1490
2091
3355
2474
1766
2014
625
-1351
-1038
-559
-1351
-985
-125
-967
-1708
-550
535
543
1434
2770
2785
3077
4169
4096
3778
4769
5601
5347
5195
5394
4649
3340
3184
3492
3185
3067
2997
2254
1390
1053
798
-202
-737
-1134
-6169
-13527
-14166
-9076
-4672
-2523
-4047
-8442
-10216
-6927
-2095
1238
3890
4966
3278
2685
4406
5036
4813
4956
4564
3966
2981
95
-3914
-6023
-5356
-4271
-4153
-5011
-7063
-8615
-7887
-6030
-3946
-1340
546
921
1257
2411
3830
5050
5727
5860
6050
6149
5122
2911
826
-246
-473
-522
-1348
-3156
-4886
-5575
-5403
-4887
-4133
-4392
-6809
-8747
-7079
-2750
1366
3302
2896
1627
1472
3540
6188
6958
6280
5239
3785
2634
2104
1292
151
-609
-1058
-1747
-2543
-3112
-3549
-3214
-1335
909
1992
2148
2128
2542
3957
5812
6933
7052
6777
6476
5950
5585
5672
5210
4012
3088
2683
2445
2000
1600
1554
1352
1471
1347
-778
-3067
-5565
-11070
-14462
-10841
-5738
-3647
-4239
-7763
-11217
-9235
-2996
1398
3021
4144
3423
1773
3051
5349
5614
5554
5489
4139
2530
772
-2329
-5129
-5194
-3984
-4044
-5206
-7150
-9361
-9354
-6866
-4353
-2326
-459
426
714
1639
3301
5018
6073
6384
6438
6354
5743
4196
2089
660
207
-86
-698
-2325
-4456
-5989
-8712
-11648
-10808
-8113
-5547
-2580
-2523
-4358
-2876
634
3588
6481
8231
7552
6137
5898
5984
5516
5365
4911
2966
759
-736
-2338
-3971
-4179
-3129
-2476
-2152
-1806
-1848
-1127
1133
3485
4807
5501
5995
6284
6651
7283
7900
7839
6972
6151
5164
3828
3238
2822
1929
1658
1719
800
-318
196
1745
2315
1086
-1633
-5689
-11455
-15026
-11760
-5902
-3072
-3989
-8201
-12029
-11051
-5781
-403
2180
3094
2874
1463
1820
3886
4993
5653
5983
5245
3932
1713
-1469
-4101
-4498
-3271
-3011
-4360
-6678
-9113
-9641
-7904
-5500
-3316
-1543
-634
-493
290
2119
4028
5498
6364
6861
6980
6570
5484
3682
2356
1773
1475
883
-1190
-4701
-9968
-13910
-12984
-10964
-7358
-2505
-4347
-8107
-5933
-1996
2348
7565
10232
9145
7072
7586
8537
7563
7594
7453
4849
2288
387
-2398
-5027
-4928
-3449
-3171
-2445
-1968
-3185
-2800
-57
2965
5293
6620
7143
6885
7208
8369
8865
8763
7887
6764
5572
3842
3424
3232
2094
1993
1956
1436
1494
2278
2858
1105
-2317
-8152
-16234
-17629
-10701
-4939
-3825
-6748
-12432
-15214
-11461
-4418
471
2493
3287
2202
1460
3530
5630
6506
7384
7607
6681
4905
1688
-2589
-4934
-4105
-2969
-3584
-5789
-9105
-11697
-11421
-8931
-6235
-3681
-1860
-1521
-1107
553
2929
5139
6585
7703
8483
8448
7701
5956
3939
2967
2641
1951
-1087
-6341
-9260
-10052
-11437
-10429
-8578
-9390
-8288
-5300
-4162
-1809
2063
4405
5986
7855
9522
9716
8893
8706
7805
6217
5554
3836
491
-1865
-2874
-3838
-4494
-4103
-3702
-3668
-2699
-1347
-347
1389
3734
5346
6314
7764
9014
9041
8977
8767
7779
6975
6023
4783
3969
3153
2496
1827
1163
1390
1656
2223
3637
3466
-127
-8334
-17976
-19293
-11160
-3306
-1659
-6821
-14710
-18021
-14547
-6391
1685
4807
4356
2416
294
1617
5309
7959
9178
9054
8253
5769
913
-3071
-4569
-3904
-2185
-2700
-6005
-9848
-12680
-12962
-10452
-6590
-3137
-1806
-2203
-2137
-488
2576
5753
7491
8335
9193
9156
8091
6491
4529
3604
3140
1612
-908
-5773
-10272
-11694
-13395
-12352
-7908
-6965
-7190
-6202
-5564
-2605
2108
6279
8609
8790
9425
9662
8628
8625
8347
6892
5548
3473
485
-2245
-3776
-4250
-4434
-3597
-2404
-2326
-2336
-1585
-84
2297
5157
6928
7178
7499
7936
8579
9424
9159
8078
5698
3202
3553
4697
4949
4461
2081
228
1334
3843
4730
1743
-2882
-8023
-14011
-15811
-12715
-8707
-5563
-6408
-10193
-12818
-12485
-7928
-2462
881
2883
3084
2533
2689
3466
5349
7258
7858
7225
5041
1914
-1157
-3552
-4045
-3441
-3687
-5304
-8094
-10578
-11162
-9785
-7280
-4846
-2969
-1611
-764
195
1885
4128
6163
7571
8338
8189
7460
6325
4747
3147
1400
576
-711
-4802
-7909
-10149
-13020
-11730
-8636
-7248
-5128
-3913
-3759
-2190
863
4986
7785
8893
9649
8873
7894
7920
7148
5756
4506
2995
691
-1879
-3281
-4137
-4459
-3185
-1853
-1305
-799
-173
929
2834
5369
7349
7689
7119
6804
7442
8637
9357
8840
6427
4162
3406
2850
3532
4285
3524
3284
3104
2957
3044
1787
-3509
-14373
-20745
-16167
-8995
-3758
-3725
-11374
-18043
-16473
-9104
-2079
1622
3002
1842
339
2394
5461
6975
8100
8180
7616
7207
4794
79
-3876
-4630
-3307
-2742
-4267
-7982
-11926
-13108
-11362
-8606
-5694
-3355
-2914
-2914
-1155
1663
4624
6820
7740
8494
9215
9377
8268
5960
3940
2346
1565
114
-3830
-7402
-10733
-13330
-12284
-10359
-7911
-5608
-6078
-5589
-3190
129
4818
7809
8787
9199
9171
9591
9276
8024
7034
5573
3740
1631
-1031
-3178
-4285
-4247
-3508
-2704
-1861
-1700
-1516
-59
2169
4895
7187
7908
7872
8156
8910
9407
8886
7856
6924
5762
4664
4351
3995
3567
4126
4332
3876
3816
3159
152
-8862
-20147
-21822
-14697
-6893
-2468
-6135
-15254
-20105
-15894
-6634
482
4141
4562
1854
1024
3783
6649
8542
9321
8772
7993
6401
2558
-2480
-5535
-5022
-3617
-3874
-6210
-10482
-14010
-14117
-11519
-7849
-4270
-2433
-2523
-2250
-236
3180
6507
8217
8871
9288
9542
9225
7413
4278
1861
1752
2044
543
-3965
-11443
-16780
-17158
-13587
-7018
-3439
-5468
-8136
-7989
-3593
3325
9140
11569
10311
9045
9589
10039
9892
9071
7460
5427
3214
643
-2816
-5502
-5570
-4529
-3377
-2145
-2158
-2718
-1863
790
4495
7626
9160
8949
8285
9091
10467
10965
10203
8232
6366
5363
5345
5783
5667
5098
4425
3777
2872
1685
-2843
-14287
-23778
-21743
-13422
-6001
-3722
-9737
-18760
-20620
-12813
-3137
2711
5543
4671
2139
3194
6601
9003
10345
10357
9224
7945
5670
1046
-4320
-6736
-6002
-5083
-5610
-8680
-13450
-16148
-15108
-11569
-7147
-3646
-2343
-2315
-1271
1676
5680
9002
10490
10862
11055
11054
9918
6923
3684
2318
2401
2122
-1088
-8473
-15539
-18207
-16902
-11782
-6892
-6928
-9140
-9869
-7262
-1002
6002
10600
11161
9874
10031
10983
11475
11301
10049
7967
5616
2892
-674
-4161
-5687
-5435
-4705
-3885
-3557
-3940
-3936
-2188
1399
5173
7782
8711
8429
8681
9947
11441
11748
10290
8489
6774
5843
6334
7028
7389
6842
5604
4242
2576
-1486
-12754
-24293
-23910
-16019
-8274
-4524
-9887
-19755
-23197
-16290
-5330
2144
5690
5270
2265
2581
6582
10085
11965
12110
10816
9414
7220
2799
-2597
-5889
-6140
-5707
-6418
-9166
-13811
-17270
-17104
-13866
-9394
-5417
-3300
-3052
-2175
789
4960
8797
10877
11805
12347
12432
11358
8292
5463
4466
3837
2912
653
-5607
-14138
-18451
-18187
-15479
-9722
-6505
-8649
-10612
-9230
-3961
3099
9101
12381
11623
10461
11510
12076
11723
11484
10209
7276
4080
1105
-2552
-5406
-5636
-5000
-4632
-3762
-3611
-4261
-3306
-204
3635
6806
8687
9132
8921
9710
11418
12046
11065
9901
8270
6714
7231
7868
7135
6376
5752
5032
3462
-3012
-16814
-27411
-24689
-15227
-6828
-4239
-11690
-22102
-23955
-15422
-4267
3212
6871
6085
3039
3620
7268
10222
12197
12697
11662
10268
7200
1496
-4292
-6991
-6640
-6132
-7021
-10159
-15295
-18705
-18088
-14461
-9423
-5072
-3198
-3041
-1880
1311
5703
9465
11285
12392
13173
13215
11634
7809
5099
4444
3879
3001
-14
-6855
-15369
-19313
-18099
-15377
-9754
-6368
-9111
-10524
-8208
-3321
3300
8735
11814
11695
11041
12249
12111
10778
10515
9502
6845
4128
1337
-2468
-5620
-6013
-5314
-4644
-3254
-3006
-3793
-2712
473
4043
6698
8716
9572
9471
10496
11478
11419
10640
9110
8346
7708
7243
8077
8049
7422
6931
5318
2015
-7504
-21505
-26682
-20620
-11944
-5393
-6452
-15804
-23468
-21545
-11579
-1633
3890
6074
4689
2922
4849
8251
11058
12760
12480
11538
10000
5860
85
-4501
-6238
-5840
-5944
-7751
-11519
-16187
-18292
-16890
-13227
-8529
-5131
-3687
-2918
-1193
2466
6594
9412
10889
11962
12793
12501
10293
6939
4859
4066
3364
2061
-1601
-7296
-14017
-18628
-17865
-15184
-11056
-6609
-7588
-9278
-6968
-3097
2734
8626
11851
12599
11712
11463
11495
10888
10740
9847
7047
3413
40
-2906
-5066
-5324
-4483
-4024
-3451
-3091
-3202
-1789
1314
4387
7101
9167
9948
9912
10402
11181
10942
10505
10103
9069
8217
8026
8223
7864
7275
7021
5261
-1977
-16531
-27459
-25284
-16829
-8360
-5049
-11854
-21667
-24066
-16730
-6142
1380
5628
6180
4346
4565
7218
9929
11893
12779
12830
11933
8323
2445
-3124
-6225
-6370
-6044
-7163
-10223
-14743
-18028
-18298
-15595
-11055
-6701
-3951
-2674
-1428
1022
4917
8567
10763
12591
13767
13535
11504
8124
6165
5340
3769
2091
-1656
-8594
-14109
-16362
-17217
-15297
-11250
-9239
-8943
-8110
-6170
-2584
2151
6883
10227
11661
12464
12681
11510
10208
9899
9142
7150
4581
1090
-2656
-4676
-4905
-4612
-4036
-3237
-3115
-3054
-1489
1263
3870
6052
8135
9258
9966
11219
11570
11443
11092
10293
9915
8751
8057
8571
8299
7819
6757
4061
-4546
-19732
-27709
-23291
-15259
-7755
-6497
-14881
-23698
-23578
-14493
-3963
2513
5924
6123
4476
5453
8339
10776
12442
13070
13378
12052
7406
1177
-4174
-6489
-6177
-6201
-8026
-11775
-16314
-18906
-17880
-14574
-10649
-6699
-3941
-2343
-626
2221
6058
8980
11226
13713
14958
13891
10729
7674
6453
5762
4709
2142
-4122
-11513
-15437
-17110
-17211
-14071
-11122
-10324
-9623
-8320
-5416
-988
3867
8304
10744
11830
12693
12405
11273
10617
10247
9040
6736
3674
-203
-3673
-5060
-5253
-5023
-4000
-3381
-3453
-2917
-1258
1440
4116
6462
8688
9759
10544
11626
11429
10554
10346
10431
10018
9498
9265
8679
8417
8338
6528
-867
-15704
-26901
-25396
-17411
-9038
-5915
-12752
-22725
-25527
-18360
-7369
737
5139
5845
4425
4853
7616
10571
12406
13124
13847
13573
9887
3815
-1999
-5424
-5949
-5891
-6954
-9917
-14561
-18297
-19063
-16744
-12714
-8560
-5209
-3284
-1887
564
4036
7243
10002
12910
15101
15044
12482
9498
7581
6173
5331
3436
-1267
-6991
-12027
-15648
-17340
-16621
-13805
-11383
-10088
-8781
-7085
-4036
535
5339
9218
11716
13023
12986
12082
11513
11033
9893
8014
5418
2229
-1182
-3824
-5280
-5898
-5288
-4011
-3399
-3212
-2498
-736
1813
4807
7569
9024
9903
10564
10609
10789
10664
10523
10792
10309
9916
9787
9273
9005
8194
4234
-7403
-22275
-26702
-20859
-13162
-7092
-9083
-19026
-25784
-22730
-12844
-3400
2471
5329
4899
4167
6184
9219
11654
13204
14024
14478
12599
7433
1433
-3127
-5002
-5230
-6201
-8622
-12618
-16908
-18946
-18223
-15559
-11581
-7702
-5056
-3159
-1237
1640
5147
8007
11184
14396
15698
14692
11506
8462
7018
5780
4512
1413
-4196
-9036
-12343
-14449
-15034
-14599
-13001
-11320
-9936
-7643
-5177
-2309
1646
5402
8577
10934
12040
11949
10939
10313
9979
8813
6962
4448
1573
-967
-2983
-4375
-5075
-4829
-4046
-3556
-2896
-1473
395
2404
4620
6751
8180
9455
10502
10433
10510
10765
10138
9455
8735
8274
8378
8674
8923
7621
4893
-2457
-16665
-25429
-22117
-14945
-8228
-6544
-13674
-22360
-23556
-15855
-6081
474
4617
5365
3781
4355
6974
9903
12216
12937
13203
12402
8592
3288
-1561
-4283
-4553
-4941
-6572
-9775
-14242
-17294
-17583
-15602
-12058
-8210
-5178
-3376
-2236
-40
3331
6194
9000
12129
13978
13691
11747
9694
7880
6553
6067
3991
-252
-5385
-10173
-13579
-16179
-15810
-13046
-11539
-10070
-8828
-7924
-5262
-1312
3490
7569
9876
11500
11818
11070
10840
10781
10064
8698
6379
3150
-21
-2322
-3905
-5136
-5080
-4325
-4287
-3841
-2651
-918
1403
3651
5980
7704
8844
10139
10484
10133
10097
9983
9400
8695
8247
7611
7174
7545
7853
7577
4688
-6047
-20624
-25340
-19872
-12281
-5464
-6418
-16095
-23418
-21450
-12484
-3745
1958
5199
4375
2851
4507
7246
9610
11396
12528
13335
11734
6893
1417
-2744
-4342
-4026
-4391
-6380
-10221
-14597
-16724
-16312
-13995
-10210
-6600
-4450
-3528
-2299
285
3496
6467
9449
12159
13007
12024
10422
8544
7174
6704
5716
3249
183
-4566
-10456
-13350
-14700
-14730
-11492
-10154
-10926
-9943
-8015
-4954
-898
3358
6935
8763
10041
10842
10520
10126
10301
10031
8389
6168
3419
-149
-2802
-3878
-4496
-4560
-4006
-3897
-4035
-3141
-988
1443
3589
5741
7276
8040
9261
10489
10871
10900
10713
10066
8796
7793
7368
6395
5904
6699
7028
6170
1877
-9906
-22428
-24015
-17497
-9836
-4517
-7681
-17090
-22505
-18712
-9399
-1539
3530
5544
3873
2697
4269
7003
9764
11460
12220
12038
9142
4164
-468
-3450
-4222
-4151
-4967
-7365
-11324
-14630
-15543
-14496
-11853
-8410
-5552
-3930
-2978
-1384
1415
4636
7384
9755
11321
11332
10551
9244
7678
6881
6159
4363
1629
-1309
-5304
-10195
-12831
-14048
-14374
-11288
-8679
-8806
-8129
-6699
-4518
-500
3996
7551
9055
9236
9445
9138
9065
9753
9248
7030
4356
1606
-1270
-3257
-3674
-3744
-3846
-3363
-3154
-3285
-2296
-117
2150
4162
5939
6988
7732
8836
9659
10274
10504
9894
8980
7323
6028
6023
5854
6204
6996
6898
6051
3596
-3238
-14729
-21696
-18428
-11989
-6490
-4956
-11227
-18848
-19747
-13582
-5440
306
3263
2933
1190
2149
5181
8004
9936
10354
10206
9482
6589
2646
-665
-2542
-3024
-3722
-5146
-7696
-11140
-13369
-13838
-12780
-10252
-7292
-5070
-3920
-2721
-513
2201
4530
6505
8600
9999
10224
9722
8534
7210
6184
4850
2492
-393
-3217
-6117
-8247
-9724
-11025
-11143
-10392
-9395
-7948
-5787
-3270
-1484
444
3073
5265
7250
8850
9243
8954
8530
7630
5987
4209
2859
1627
286
-1095
-2636
-3787
-3869
-3217
-2278
-1328
-292
858
1903
3376
5003
6272
7526
8137
8133
8324
8377
8250
8080
7199
5739
4904
4754
5000
5830
6511
6322
5014
2515
-4250
-15182
-19648
-15458
-10180
-5047
-4529
-11825
-18959
-19123
-12597
-5033
-41
2975
2697
913
1645
4022
6595
8866
10035
10541
9247
5380
1484
-1141
-2327
-2270
-2704
-4307
-7229
-10949
-13298
-13367
-11648
-8774
-5899
-4243
-3915
-3337
-1185
1746
4292
6813
9046
9584
9074
8379
7193
6218
5461
3944
1472
-1151
-3562
-6141
-8050
-9069
-9837
-9602
-8343
-7685
-7392
-5625
-3425
-1610
1173
4043
6073
7286
7554
7351
6682
6448
6909
6274
4741
3214
1234
-599
-1516
-1809
-1774
-1665
-1498
-1319
-936
91
1343
2688
4210
5285
5799
6012
6003
6189
6904
7819
8305
8042
6924
5298
4239
4296
5270
6599
7291
6514
4345
2078
-2462
-11400
-16928
-14983
-11441
-7761
-6221
-10833
-17092
-18215
-13166
-6658
-2044
1196
1905
849
1572
4070
6727
8728
9553
9804
9054
6353
3021
262
-1438
-2044
-2964
-4657
-7032
-10038
-12096
-12438
-11710
-10006
-7651
-5614
-4255
-2988
-1030
1461
3517
5305
7249
8420
8656
8466
7680
6588
5549
4350
2546
55
-2562
-4948
-6879
-8041
-8534
-8796
-8707
-8276
-7735
-5861
-3038
-991
929
2730
3930
5427
6986
7874
7949
7424
6752
5794
4534
3286
1992
681
-454
-1263
-1638
-1649
-1537
-1557
-1416
-582
496
1453
2704
3814
4394
5000
5669
6039
6296
6939
7524
7563
7266
6371
5347
4447
3895
4782
5861
6357
6649
5291
3026
-952
-9906
-17533
-16741
-12092
-7632
-5188
-8870
-16082
-19065
-14771
-7490
-2212
1228
2542
1355
1306
3497
5989
8029
9058
9624
9468
7043
3568
412
-1822
-2426
-2686
-3631
-5641
-8899
-11606
-12564
-11984
-9965
-7406
-5236
-3973
-3515
-2209
228
2431
4444
6538
8051
8643
8564
7915
6796
5754
5053
3930
1680
-409
-2514
-6565
-9751
-10407
-10888
-9218
-6154
-6168
-6640
-5450
-4064
-1451
2191
5472
7372
7558
7525
7339
6819
7030
7325
6388
4545
2900
1059
-1170
-1920
-1485
-1506
-1263
-901
-1209
-1139
-189
1067
2375
3731
4973
5711
6027
6522
6976
6927
7082
7509
7237
6596
6024
5142
4749
5278
6018
6555
5995
4706
507
-9968
-18141
-17096
-12937
-7895
-4387
-8346
-15929
-19112
-15259
-8306
-2839
1259
2640
1102
1138
3311
5549
7577
8828
9784
9985
7650
4062
704
-1535
-1916
-2112
-2984
-4941
-8397
-11349
-12691
-12604
-10811
-8079
-5760
-4616
-4252
-3112
-885
1315
3862
6931
8934
9572
9161
7686
6282
5872
5878
4708
2337
-271
-3571
-6419
-7749
-8422
-8063
-7417
-7566
-7667
-7436
-6141
-3423
-631
1852
3994
5281
5959
6354
6667
7115
7263
6860
5875
4275
2631
1205
-70
-869
-1031
-962
-1161
-1548
-1787
-1410
-290
1061
2288
3129
3863
4568
4734
5189
6231
6875
7283
7225
6110
5009
4545
4275
4332
4730
5328
5417
4544
4164
3880
3420
1961
-5650
-14671
-15913
-13137
-9144
-4734
-6319
-12899
-16859
-14564
-8880
-4225
-344
1921
985
782
2944
5109
6807
7754
8464
9001
7508
4791
2071
-582
-1966
-2421
-3214
-4988
-7824
-10275
-11666
-11962
-10634
-8309
-6090
-4618
-3779
-2545
-374
1876
3642
5733
7739
8664
8600
7711
6579
5420
4449
3551
1781
-192
-2178
-4750
-6928
-7894
-7784
-6950
-6001
-6162
-6716
-5460
-3145
-854
1665
3510
4355
4950
5607
6136
6329
6399
6222
5325
4023
2792
1462
278
-296
-526
-598
-519
-640
-1007
-884
97
996
1701
2819
3744
4316
4760
4924
5170
5538
5669
5629
5406
4890
4664
4465
3958
4216
4703
4916
5221
5123
4679
4108
3005
-2799
-12722
-16368
-13425
-9935
-5639
-5162
-11358
-17006
-16333
-10864
-5504
-1382
1579
1267
203
1816
4350
6318
7598
8224
8716
7812
5251
2515
-87
-1613
-2052
-2822
-4347
-6841
-9317
-10636
-10942
-10264
-8638
-6463
-4833
-4030
-2882
-952
1119
2830
4824
6907
7942
8226
7700
6406
5458
4985
4234
2638
843
-907
-2956
-4797
-6652
-7760
-7374
-6718
-5900
-5424
-5468
-4451
-2667
-516
2115
3935
4822
5318
5274
5505
6193
6428
6038
4906
3656
2790
1670
821
376
-241
-503
-496
-655
-796
-559
117
633
1111
2065
3014
3658
4088
4441
5022
5471
5588
5793
5599
4899
4564
4329
4126
4509
5126
5520
5438
5116
4398
3567
1745
-5564
-13996
-14776
-12000
-8916
-5038
-6367
-12709
-16502
-14261
-8854
-4616
-1111
1236
508
243
2344
4496
6084
6918
7573
8312
7179
4568
1980
-388
-1641
-1856
-2273
-3801
-6497
-8991
-10455
-10823
-9709
-7672
-5731
-4425
-3808
-2880
-1095
683
2264
4309
6326
7432
7581
6826
5725
5088
4964
4544
3099
1285
-741
-3028
-4554
-5807
-6712
-6153
-5550
-5870
-5892
-5328
-4654
-3182
-559
1602
2860
4067
4634
4681
5221
5954
6138
5581
4838
4147
3016
1785
961
350
-12
-187
-607
-1209
-1473
-1181
-643
43
1081
2055
2767
3565
4106
4252
4769
5591
5810
5693
5675
5078
4220
3681
3338
3690
4406
4833
4732
4081
3922
3673
3308
1806
-5460
-13143
-13304
-10861
-8010
-4380
-6192
-12575
-15955
-13590
-8562
-4694
-1466
480
-343
-117
2146
3900
5299
6145
6999
8018
6905
4516
2380
267
-877
-1197
-1689
-2995
-5538
-8081
-9636
-10129
-9142
-7256
-5654
-4721
-4180
-3235
-1615
-83
1367
3542
5871
7133
7505
7294
6349
5541
5417
5134
4127
2372
278
-1681
-3424
-4490
-5366
-6582
-6866
-6431
-5675
-4158
-3700
-3998
-2785
-566
1956
4052
4732
4617
4529
5067
5956
6049
5432
4544
3353
2231
1321
559
-9
-530
-955
-1203
-1341
-1355
-1164
-713
1
942
1833
2365
2772
3395
3852
4109
4948
5498
5247
5345
4728
3685
3945
4006
4141
4920
4744
4327
3814
3297
3336
3413
3108
-2306
-11503
-14539
-12901
-10351
-5412
-4809
-10748
-15264
-14560
-10276
-5793
-1957
971
853
387
2030
3581
4957
6327
7333
8422
7775
5279
2921
616
-985
-1174
-1381
-2768
-5190
-7593
-9223
-9897
-9322
-7923
-6452
-5222
-4445
-3544
-1881
-219
1186
3278
5636
7173
7953
7837
6657
5599
5487
5664
5198
3616
1311
-1184
-3462
-4523
-4821
-5766
-6648
-6899
-6902
-5866
-4336
-3586
-2849
-1702
31
2268
3737
4622
5128
5129
5746
6362
6108
5620
4645
3278
2133
1179
461
-185
-800
-1219
-1673
-2099
-2168
-1885
-1356
-388
852
1533
1756
2304
3083
3854
5060
6300
6344
5815
5548
4797
4311
4913
5335
5364
5213
4563
3760
2740
2286
2301
2022
1620
-3489
-12297
-15298
-13616
-10778
-5852
-4898
-10020
-14234
-13359
-9083
-4925
-1136
1807
1781
1448
2891
4175
5416
6609
7319
8167
7466
4838
2141
-422
-2081
-2186
-2229
-3453
-5808
-8243
-9782
-10267
-9480
-7628
-5746
-4377
-3455
-2667
-1232
733
2458
4473
6648
7781
7911
7303
6279
5530
5323
5261
4445
2884
767
-1542
-3168
-4417
-5169
-5256
-5524
-6151
-6830
-6490
-5135
-3818
-1928
-232
325
1248
2625
3775
4962
5883
6058
5600
5189
4911
4126
3066
2122
1016
-35
-680
-1185
-1732
-2122
-2106
-1822
-1539
-1094
-531
165
1054
1742
2433
3290
3993
4466
4692
5025
5408
5402
5393
5320
4809
4414
4138
3595
3211
3110
3010
2686
2171
1717
1309
1940
1173
-5856
-13243
-14036
-12045
-8059
-3095
-4083
-9980
-13537
-11619
-6906
-2695
1271
3039
1627
1237
2515
3845
5147
5716
6400
6904
5308
2805
488
-1583
-2357
-2119
-2161
-3403
-5657
-7636
-8744
-8643
-7264
-5472
-4014
-3208
-2671
-1626
-84
1207
2313
4046
5751
6615
6811
6048
4882
4265
4140
4047
3175
1779
220
-1635
-2862
-3667
-4366
-4526
-5060
-5689
-5553
-5265
-4647
-3477
-2280
-942
425
1430
2274
3140
4074
5106
5762
5674
5172
4447
3504
2664
2109
1630
908
-13
-947
-1822
-2311
-2275
-1964
-1638
-1327
-920
-417
196
1037
2224
3397
4148
4736
5007
4943
5545
6366
6057
5309
4746
3816
3072
3056
3225
3192
2867
2327
1679
1186
1204
1981
1094
-5159
-11828
-12396
-10294
-7118
-3074
-4173
-9771
-12607
-10455
-6446
-3201
-389
846
-30
366
2174
3327
4198
4802
5611
6518
5542
3285
1274
-545
-1526
-1484
-1637
-2900
-4871
-6419
-7340
-7516
-6543
-5238
-4301
-3677
-3099
-1805
-50
1145
2071
3434
4820
5719
6229
6067
5230
4579
4318
3884
3026
1884
535
-982
-2376
-3337
-3921
-4337
-4696
-5154
-5246
-4715
-4390
-3802
-2319
-858
560
1901
2322
2226
2567
3546
4576
5108
4991
3997
2642
1734
1246
976
684
71
-796
-1594
-2010
-2064
-1970
-1643
-971
-231
376
822
1120
1524
2070
2851
3826
4496
4851
4913
4642
4497
4669
4665
4274
3918
3162
2279
2336
2197
1634
1730
1723
1686
2185
2447
2895
1699
-4665
-11084
-11592
-9218
-5443
-1562
-3214
-9287
-12551
-10302
-6117
-2890
34
1136
-194
-213
1294
2274
3230
4097
4952
5626
4635
2668
890
-571
-876
-223
2
-1196
-3439
-5185
-6197
-6436
-5333
-4102
-3599
-3352
-3160
-2533
-1488
-606
301
1643
3124
4203
4684
4399
3726
3458
3706
3963
3575
2602
1495
322
-733
-1502
-2063
-2742
-3653
-4175
-4255
-4437
-4362
-3929
-3616
-2937
-1603
-297
518
1072
1671
2090
2709
3767
4302
4209
3855
3152
2563
2342
2071
1454
601
-176
-811
-1230
-1249
-1163
-1159
-1013
-677
-227
236
664
985
1275
1817
2638
3482
3956
4160
4192
3970
4119
4398
4175
3835
3235
2481
2021
1907
2342
2442
1942
1620
1352
1751
2764
3796
3423
-2334
-9710
-11080
-8966
-5636
-1410
-2229
-8208
-12227
-10976
-7024
-3646
-783
586
-542
-787
584
1590
2692
3693
4665
5859
5342
3287
1501
83
-643
-243
153
-943
-3121
-4887
-5988
-6324
-5517
-4438
-3978
-3800
-3463
-2866
-1857
-829
-64
1256
2938
3983
4481
4267
3477
3121
3309
3563
3436
2642
1436
136
-1000
-1590
-1829
-2077
-2325
-2774
-3010
-2980
-2876
-2519
-3478
-4347
-2915
-1812
-188
2450
2068
803
1400
2080
3233
4687
4851
3735
2453
2310
2361
1753
1517
1033
-59
-766
-1298
-2005
-2488
-2103
-1295
-878
-399
-79
-142
339
1464
2552
3196
3727
4114
4035
4278
4832
5021
4826
4387
4260
3786
2654
2147
1588
1078
1793
2286
1781
1238
1091
1433
2588
2097
-3450
-9186
-9642
-7560
-4066
-521
-2299
-8064
-11006
-9109
-5674
-2799
-258
249
-1048
-796
584
1548
2498
3314
4380
5170
4390
2892
1382
83
-154
376
436
-872
-3131
-5067
-6194
-6309
-5427
-4490
-4135
-4040
-3746
-3109
-2172
-1197
-252
1137
2701
3650
3980
3750
3084
2775
3147
3457
3237
2530
1394
281
-503
-915
-1031
-1191
-1580
-2229
-2721
-3104
-3775
-3796
-2988
-2260
-1377
-550
-499
-500
211
1271
2158
2701
2828
2451
2087
2189
2295
2134
1760
1204
667
231
-128
-583
-1054
-1086
-846
-683
-458
-310
-406
-292
303
992
1541
1991
2178
2258
2535
2900
3369
3695
3646
3663
3677
3494
3385
3115
2620
2209
1945
1844
1603
1302
1329
1294
1296
1589
1705
1810
2539
2877
-144
-5519
-8124
-7446
-5187
-1707
-787
-4648
-8898
-9382
-6941
-4280
-2076
-715
-1312
-2084
-1011
399
1103
1792
2746
3720
3825
2936
1778
490
-187
289
736
99
-1416
-3177
-4537
-4939
-4466
-3732
-3348
-3421
-3396
-2945
-2110
-1148
-441
338
1377
2282
2966
3183
2943
2711
2723
3042
3118
2708
2183
1395
480
-112
-554
-967
-1230
-1598
-2115
-2526
-3000
-3477
-3473
-2901
-2132
-1447
-821
-580
-571
152
1249
2020
2583
2766
2504
2211
2327
2690
2726
2415
1835
1052
542
250
-148
-457
-738
-947
-854
-902
-975
-779
-632
-268
367
906
1327
1562
1838
2213
2613
3323
3882
3860
3732
3657
3494
3423
3232
2582
1879
1341
1180
1461
1384
1032
764
320
280
1083
2151
2935
3177
1489
-2986
-6832
-7202
-5483
-2727
-785
-2650
-6682
-8776
-7881
-5446
-2975
-1163
-789
-1520
-1422
-596
118
1222
2400
3465
4165
3570
2279
1094
195
201
797
797
-278
-1940
-3463
-4495
-4718
-4227
-3785
-3576
-3401
-3310
-3014
-2351
-1726
-1061
98
1353
2183
2546
2458
2300
2373
2624
2990
2995
2454
1705
880
181
-260
-475
-600
-1065
-1602
-1827
-2280
-2899
-3015
-2680
-2236
-1549
-747
-583
-751
-309
454
1241
2260
2931
2730
2198
1895
1949
2193
2264
2076
1586
889
340
-102
-453
-640
-827
-846
-717
-795
-1001
-1155
-1021
-496
271
1193
1825
1967
2129
2466
2875
3315
3700
4020
4167
4176
4039
3661
3270
2778
2317
2233
1928
1457
1195
650
363
621
650
739
1204
1676
2117
2160
291
-3527
-6129
-5983
-4334
-2006
-1059
-3273
-6538
-7823
-6635
-4415
-2359
-1195
-1482
-2197
-2029
-1325
-494
331
1064
1930
2260
1730
949
47
-505
-235
309
321
-487
-1764
-3094
-3929
-3828
-3261
-2861
-2672
-2612
-2643
-2392
-1764
-1198
-465
613
1521
2271
2696
2544
2357
2405
2694
3041
2969
2468
1650
771
253
-50
-252
-313
-592
-1125
-1558
-1870
-2206
-2514
-2264
-1505
-996
-437
44
-263
-416
162
892
1533
1928
2066
1855
1431
1402
1561
1502
1394
1113
651
316
53
-295
-519
-429
-329
-300
-57
125
86
238
568
831
1208
1697
1983
2116
2269
2410
2486
2435
2431
2497
2452
2550
2642
2367
2127
1924
1572
1402
1284
1060
798
465
380
489
609
942
1283
1453
1584
1844
1600
-204
-2676
-4443
-5173
-4280
-2669
-2483
-4086
-6157
-7011
-6312
-4849
-3148
-2221
-2339
-2248
-1581
-780
49
783
1502
2077
2216
2168
1813
1014
470
342
217
-9
-573
-1502
-2442
-3073
-3110
-2897
-2795
-2590
-2361
-2066
-1528
-1075
-726
-242
377
1116
1764
2194
2351
2216
2183
2245
2099
1925
1695
1335
1027
677
284
-15
-407
-977
-1444
-1771
-2140
-2119
-1695
-1564
-1452
-1110
-969
-709
-39
608
1053
1385
1484
1425
1593
1920
2081
2118
1985
1536
1036
785
676
473
247
89
-206
-546
-630
-527
-366
-201
-74
-31
10
344
843
1205
1548
1895
2163
2321
2408
2540
2602
2601
2594
2525
2486
2328
1956
1543
1115
852
855
675
194
-112
-214
-206
194
672
754
743
927
1140
1476
1821
1125
-604
-2137
-3250
-3650
-3042
-2718
-3376
-4322
-5160
-5640
-5342
-4378
-3452
-2893
-2405
-1987
-1680
-1199
-598
70
810
1308
1531
1496
1132
812
695
583
399
61
-411
-900
-1287
-1575
-1893
-2165
-2327
-2330
-2022
-1539
-1164
-916
-659
-299
223
864
1387
1602
1670
1753
1781
1810
1930
1909
1684
1455
1198
859
564
403
54
-605
-1085
-1434
-1762
-1683
-1492
-1445
-1292
-1133
-986
-620
-21
485
776
1123
1398
1472
1698
1947
1912
1729
1521
1344
1113
823
596
242
-133
-245
-307
-390
-389
-280
-52
187
440
654
704
808
1058
1329
1624
1895
2010
1941
1859
1870
1981
2036
1796
1482
1247
1008
955
1011
928
792
669
534
433
406
406
413
484
608
777
886
884
918
933
977
1076
568
-643
-1812
-2866
-3511
-3258
-2994
-3372
-3906
-4406
-4728
-4563
-3947
-3228
-2751
-2223
-1564
-1224
-845
-252
205
744
1236
1315
1178
938
696
551
420
302
82
-291
-715
-1087
-1239
-1279
-1322
-1266
-1242
-1263
-1121
-954
-884
-750
-509
-229
71
379
612
743
851
920
1003
1142
1157
1122
1214
1248
1175
1083
742
219
-198
-551
-765
-723
-754
-1023
-1226
-1261
-1163
-751
-161
179
363
627
807
940
1182
1404
1560
1685
1603
1238
842
573
494
630
737
650
405
122
13
123
344
569
632
517
412
408
500
612
669
712
681
629
726
808
834
964
1049
999
981
1083
1271
1488
1611
1497
1263
1139
1149
1303
1439
1191
760
504
310
250
379
362
242
122
-92
-186
-213
-330
-330
-300
-478
-925
-1466
-1896
-2374
-2571
-2318
-2416
-2646
-2523
-2629
-2818
-2676
-2440
-2118
-1699
-1268
-966
-920
-837
-684
-546
-256
-16
1
-148
-464
-659
-659
-719
-585
-396
-577
-691
-731
-964
-929
-613
-354
-139
72
210
117
40
289
570
858
1183
1140
897
778
679
645
657
694
709
559
430
107
-445
-666
-730
-663
-303
-225
-438
-518
-438
-162
332
842
998
881
895
941
978
1159
1285
1157
938
812
630
417
380
309
150
103
63
-47
-110
-112
-100
-28
116
226
238
242
311
410
525
689
853
931
1042
1243
1383
1518
1640
1556
1375
1228
1154
1275
1486
1494
1267
922
549
409
565
639
469
202
-23
-128
-79
107
221
238
304
247
180
240
201
151
164
91
-10
-221
-729
-1313
-1725
-1898
-1845
-1932
-2334
-2740
-2953
-2891
-2674
-2460
-2287
-2254
-2021
-1520
-1219
-922
-613
-662
-607
-256
-88
-97
-117
-192
-337
-385
-244
-277
-457
-460
-533
-684
-676
-654
-631
-533
-430
-344
-251
-131
-81
-3
252
433
522
654
656
582
511
375
324
383
480
646
656
462
325
222
183
333
506
603
588
439
343
337
399
548
606
543
417
223
119
128
207
367
450
426
374
301
275
319
399
496
573
657
749
760
737
728
695
711
766
729
645
608
621
671
767
874
879
789
685
555
487
534
551
510
477
436
413
461
555
632
671
733
828
893
960
1034
1027
927
790
649
512
362
245
108
-84
-260
-428
-529
-639
-830
-961
-1152
-1474
-1701
-1752
-1732
-1723
-1667
-1648
-1849
-1978
-1851
-1741
-1587
-1299
-1183
-1208
-1126
-1049
-1005
-892
-758
-692
-698
-724
-748
-778
-725
-555
-488
-509
-471
-510
-549
-444
-328
-221
-110
-91
-144
-194
-176
-89
21
184
292
292
322
311
236
268
370
434
513
543
419
284
264
300
337
376
421
414
374
389
348
287
357
420
462
509
402
293
313
369
479
535
463
364
299
343
392
395
449
469
488
517
513
567
607
653
749
735
705
744
784
889
990
1056
1094
1020
915
794
694
742
868
883
641
195
-188
-369
-246
133
319
239
188
85
-40
28
116
127
192
273
293
186
-27
-200
-253
-203
-146
-153
-296
-502
-506
-338
-207
-124
-160
-310
-391
-378
-343
-313
-348
-451
-521
-577
-640
-688
-740
-753
-760
-773
-779
-891
-986
-935
-891
-852
-807
-880
-965
-984
-896
-724
-670
-639
-566
-607
-578
-443
-432
-429
-386
-388
-353
-240
-117
-93
-79
-69
-210
-298
-244
-226
-206
-132
-112
-191
-200
-132
-102
-9
102
124
134
161
202
322
447
482
499
519
482
439
438
427
401
434
475
444
376
318
301
336
400
458
481
490
525
583
653
714
758
769
731
702
707
718
752
776
769
795
834
771
657
589
535
509
490
416
288
154
106
118
133
177
145
16
-20
14
73
196
278
299
297
265
260
288
332
380
346
224
95
-14
-81
-147
-236
-301
-405
-583
-690
-720
-748
-739
-705
-700
-646
-548
-495
-473
-495
-489
-395
-310
-290
-311
-370
-488
-607
-665
-699
-690
-628
-620
-690
-769
-853
-903
-871
-784
-663
-514
-401
-389
-437
-461
-451
-363
-209
-106
-70
-85
-161
-246
-291
-254
-152
-51
9
-2
-50
-110
-114
-2
108
171
240
260
239
259
260
227
259
355
416
425
401
313
244
311
469
602
643
579
474
434
502
625
720
762
754
715
691
662
617
598
613
638
633
606
549
464
447
509
536
535
521
449
419
432
398
384
370
328
321
263
174
130
42
-37
-63
-71
-19
13
-13
-30
-89
-147
-119
-74
-46
-51
-122
-225
-298
-308
-257
-241
-318
-427
-482
-473
-432
-392
-401
-377
-307
-290
-265
-295
-409
-392
-327
-306
-281
-367
-518
-593
-587
-511
-463
-467
-496
-578
-581
-497
-438
-352
-299
-314
-343
-403
-398
-363
-395
-392
-395
-449
-461
-483
-513
-494
-447
-391
-368
-353
-275
-168
-74
17
53
6
-9
22
65
163
267
308
293
293
315
299
307
329
286
249
238
225
244
258
269
299
308
318
332
342
375
419
486
539
546
544
549
558
584
591
563
566
563
540
528
470
378
335
349
371
340
282
231
176
174
231
251
224
207
209
199
223
294
325
302
319
334
302
302
309
266
194
128
71
9
-32
-80
-152
-211
-253
-273
-263
-270
-296
-285
-309
-380
-388
-345
-318
-281
-231
-235
-243
-220
-230
-251
-230
-184
-146
-117
-109
-144
-192
-261
-336
-341
-339
-364
-387
-483
-603
-593
-536
-538
-504
-468
-515
-510
-419
-389
-394
-324
-264
-260
-221
-180
-211
-209
-150
-152
-197
-246
-332
-415
-414
-363
-302
-251
-231
-254
-266
-175
-45
81
199
252
255
255
267
292
326
378
423
388
304
219
132
111
160
229
294
291
231
187
164
176
221
266
321
351
364
416
425
406
436
453
466
478
456
437
388
343
351
339
306
261
186
139
109
89
132
167
152
136
114
94
110
162
206
192
184
212
216
212
189
133
111
89
67
67
31
-9
-28
-69
-101
-113
-126
-129
-144
-127
-84
-59
-10
-3
-50
-60
-95
-114
-81
-120
-202
-268
-323
-314
-272
-288
-344
-404
-449
-438
-401
-384
-385
-371
-346
-299
-263
-270
-273
-269
-242
-190
-162
-174
-195
-216
-222
-205
-190
-183
-170
-174
-186
-172
-166
-175
-181
-200
-209
-209
-184
-148
-167
-179
-160
-133
-75
2
52
75
90
118
142
147
183
226
253
281
272
232
189
160
157
189
213
185
143
118
104
129
179
185
174
193
207
211
233
275
293
293
303
290
269
251
229
255
297
283
243
184
110
89
131
142
112
85
63
49
39
44
51
41
57
81
62
41
69
103
132
165
150
90
51
83
115
101
104
88
17
10
67
82
78
47
-17
-75
-84
-46
-50
-48
-43
-105
-165
-184
-202
-185
-142
-141
-198
-269
-310
-292
-229
-164
-128
-129
-163
-181
-165
-165
-168
-169
-163
-141
-157
-201
-240
-285
-301
-269
-238
-237
-249
-230
-207
-186
-110
-62
-74
-74
-77
-79
-61
-49
-36
-2
13
16
-16
-103
-139
-96
-10
73
79
35
-18
-31
32
110
160
175
154
137
159
167
172
211
237
248
265
255
179
116
112
101
96
132
140
103
104
100
76
70
72
73
81
110
113
79
62
68
64
78
98
82
78
83
79
83
82
92
104
96
88
82
61
52
48
42
57
41
37
37
-7
-28
-34
-36
-4
16
-4
-40
-57
-44
-27
-31
-47
-93
-111
-77
-57
-39
-28
-44
-61
-62
-64
-71
-61
-57
-73
-78
-83
-101
-104
-107
-113
-121
-128
-135
-145
-148
-164
-158
-138
-139
-141
-145
-153
-143
-106
-71
-39
-26
-42
-45
-32
-15
-3
3
-15
-39
-21
-16
-23
-9
-20
-46
-70
-92
-104
-117
-94
-39
-10
18
52
48
51
83
115
144
162
184
190
170
159
153
145
119
89
72
49
36
31
7
-6
-8
-7
-5
-9
12
44
46
64
103
126
148
168
156
148
156
167
162
128
85
25
-57
-98
-108
-127
-118
-113
-134
-144
-140
-127
-108
-78
-34
-10
0
10
2
7
34
51
55
44
25
-10
-29
-15
2
16
16
7
-12
-28
-22
-17
-14
-20
-46
-72
-94
-113
-105
-99
-121
-133
-131
-123
-106
-100
-90
-70
-64
-55
-50
-60
-61
-53
-58
-70
-60
-61
-74
-83
-87
-89
-69
-42
-48
-42
-31
-33
-11
17
17
2
5
11
23
60
91
74
29
19
22
23
57
85
74
50
32
16
6
19
53
81
88
84
62
33
40
65
90
127
142
115
90
82
93
122
168
179
136
102
78
70
86
91
87
64
39
21
1
-11
-9
2
18
21
19
16
-1
-1
16
33
61
77
58
31
-2
-30
-36
-32
-23
-24
-40
-66
-93
-117
-119
-102
-92
-81
-76
-84
-104
-105
-88
-76
-50
-36
-41
-40
-31
-14
0
3
-4
-18
-34
-31
-23
-31
-38
-42
-40
-24
-28
-45
-59
-74
-66
-48
-29
-30
-44
-31
-18
3
39
40
22
17
33
71
114
121
112
89
57
53
44
29
18
-1
-4
-4
-19
-32
-40
-31
-15
-17
-31
-56
-59
-17
16
38
61
55
47
48
38
43
55
63
57
23
-2
-12
-11
-10
-19
-41
-63
-56
-24
-6
-9
-13
-2
7
47
101
106
103
104
85
76
85
68
53
56
43
18
-4
-30
-54
-51
-28
-21
-20
-25
-38
-43
-35
-24
-14
-11
-30
-53
-51
-58
-78
-68
-62
-85
-107
-118
-131
-125
-94
-71
-68
-70
-62
-63
-56
-34
-31
-37
-36
-34
-35
-31
-32
-29
-21
-28
-28
-26
-39
-34
-18
-5
13
19
20
14
6
18
43
55
55
64
56
55
64
68
75
82
85
95
98
85
78
68
60
66
49
26
16
13
27
42
44
40
26
34
55
73
97
94
71
48
32
33
42
47
54
50
38
25
-2
-28
-31
-19
-5
3
5
-14
-37
-34
-27
-28
-12
10
5
6
14
2
-9
3
16
23
21
13
12
8
3
2
-15
-35
-37
-25
-14
-10
-13
-35
-51
-46
-41
-30
-24
-37
-49
-39
-19
-11
-8
-4
-17
-29
-27
-40
-51
-52
-57
-49
-40
-54
-74
-96
-108
-113
-113
-102
-100
-104
-90
-82
-86
-65
-30
-12
-5
7
19
14
18
34
31
24
28
5
-24
-37
-34
-23
-21
-22
-23
-30
-24
-9
5
22
30
41
53
60
70
79
86
92
98
101
102
91
75
58
47
44
36
31
27
9
-3
-3
-3
11
29
28
32
52
70
83
84
70
66
77
94
95
70
45
25
25
47
55
36
16
-6
-16
2
0
-11
-13
-15
-20
-25
-33
-60
-72
-60
-56
-57
-52
-60
-73
-55
-29
-13
-2
-3
-21
-28
-13
4
16
16
5
-6
-20
-22
-21
-22
-16
-4
-1
-8
-15
-20
-16
-3
2
2
-1
-2
-1
-5
-5
-10
-21
-21
-22
-32
-41
-44
-42
-37
-25
-19
-18
-17
-16
-5
5
2
0
9
15
21
23
15
1
-9
-2
-1
0
-5
-19
-27
-22
-22
-20
-18
-32
-40
